TITLE = "Temporal Signal for receiver number 03379"
VARIABLES = "Time","xx","yy","zz","xy","yz","xz","u","v","w"
# x1       3.500946160000e+05
# x2       4.733184950000e+06
# x3       -4.000000000000e+03
  0.000000000000000e+00  0.000000000000000e+00  0.000000000000000e+00  0.000000000000000e+00  0.000000000000000e+00  0.000000000000000e+00  0.000000000000000e+00  0.000000000000000e+00  0.000000000000000e+00  0.000000000000000e+00
  1.000000000000000e-01  0.000000000000000e+00  0.000000000000000e+00  0.000000000000000e+00  0.000000000000000e+00  0.000000000000000e+00  0.000000000000000e+00  0.000000000000000e+00  0.000000000000000e+00  0.000000000000000e+00
  2.000000000000000e-01  0.000000000000000e+00  0.000000000000000e+00  0.000000000000000e+00  0.000000000000000e+00  0.000000000000000e+00  0.000000000000000e+00  0.000000000000000e+00  0.000000000000000e+00  0.000000000000000e+00
  3.000000000000000e-01  2.124322083535120e-08  4.512953663937237e-08  1.026046402376214e-08  -1.990917665805571e-08  -9.581410856967964e-09  4.990240009257182e-10  2.673121438032423e-15  -6.171277412708836e-15  1.527506290508311e-15
  4.000000000000000e-01  9.082864742854340e-05  1.678003932875580e-04  6.008244838042191e-05  -5.161827083066377e-05  -4.789779728866209e-06  1.638087898128233e-06  1.111608220607329e-11  -2.021560543756490e-11  2.420016052997757e-12
  5.000000000000000e-01  -2.073756482682719e-04  3.663005855039070e-04  -3.407034048565894e-04  -6.629088318796663e-04  -5.541485018814476e-04  -8.008144894550182e-05  1.508771253018820e-11  -7.421925400119465e-11  3.580274022185051e-11
  6.000000000000000e-01  -7.922652736717998e-03  -3.781784603713550e-03  -4.814341399723695e-03  -9.344096683129023e-04  -5.023996675799299e-05  -2.393220827412750e-03  -8.876917785152391e-10  1.547745013609496e-10  -4.316305618489378e-10
  7.000000000000000e-01  -4.090919039668925e-02  -2.254766592571578e-02  -1.930976482898931e-02  -4.235809420304508e-03  1.245476121125290e-02  -1.662374387187202e-02  -3.140677020497165e-09  9.444469317566481e-10  -3.766668033465759e-09
  7.999999999999999e-01  7.124531164088552e-02  8.988252917014834e-02  9.022246384202418e-02  -7.917121062433934e-02  -8.118636465463441e-04  -3.533718410032821e-02  1.553124109684112e-08  -7.390322615672463e-09  -4.805458233206486e-10
  8.999999999999999e-01  -2.798519269092016e-01  -8.623412468774218e-01  -1.932880335582784e-01  2.586265365485930e-01  -3.648509883113057e-01  3.428069418358510e-01  -4.103503468131271e-08  1.133473018727054e-07  3.760556357971422e-08
  9.999999999999999e-01  -4.709486919335055e-01  -1.943435344088138e+00  -2.509019996843893e+00  5.899804720448270e-01  -1.566757133421379e+00  7.604259879524798e-01  -5.483991072461336e-08  1.033499359028789e-07  2.268725182520619e-07
  1.100000000000000e+00  1.587823015176850e+01  2.362675709546683e+01  1.715328067924409e+01  -7.756450500038842e+00  5.761371698215801e+00  -3.288035896113048e+00  1.189559059142217e-06  -1.938994318524880e-06  -1.011985320256274e-06
  1.200000000000000e+00  6.512777276087705e+01  4.283940365392134e+01  4.684923238397725e+01  -2.940315831760751e+01  2.236653519662564e+01  -2.981065945208811e+01  6.447616075029405e-06  -3.955242702822904e-06  -4.745472595371591e-06
  1.300000000000000e+00  3.692543106435522e+01  -3.562117864211977e+02  -8.962805329964814e+01  -7.108571077749088e-01  -6.358078639682107e+01  -4.893207503593857e+01  9.255580909087198e-06  2.827301945335664e-05  5.833832493490653e-06
  1.400000000000000e+00  1.550092780284816e+02  -8.394161430896569e+02  -3.656747768142895e+01  -2.473787525579136e+01  -1.997959145619669e+02  -1.016866779705875e+02  2.255345975614159e-05  6.430007437563548e-05  8.270213930644840e-06
  1.500000000000000e+00  4.582083729671122e+02  -1.178695353823586e+03  2.607449017981325e+02  -1.720206057508196e+02  -3.948401295013388e+02  -1.163616576450344e+02  5.227409185542890e-05  8.206191289002057e-05  1.850268394938368e-05
  1.600000000000000e+00  5.348770401789805e+02  -1.473434065958837e+03  5.882682826170283e+02  -3.720617651522907e+02  -6.408470860862011e+02  -1.103623040187838e+02  5.265716050660366e-05  8.108138278620955e-05  3.688901321553874e-05
  1.700000000000000e+00  5.238616500563742e+02  -3.116708479682738e+03  1.355304329881277e+03  -1.527439056836906e+02  -7.419423769802206e+02  -5.151316285717952e+02  6.291416909935996e-05  2.151828321724120e-04  -4.995040380640069e-05
  1.800000000000000e+00  4.814492637067705e+02  -4.730072168932668e+03  2.188993086868802e+03  -6.958304770551385e+01  -1.193969051056110e+03  -3.312691087017405e+02  5.681109107022819e-05  3.061049309974788e-04  -2.782388174382017e-05
  1.900000000000001e+00  -1.033605385002859e+03  -4.279863128502858e+03  2.146093375111582e+03  7.478682946095789e+01  -1.938185118816749e+03  8.197655627659169e+02  -1.618228360252905e-04  1.740783790372357e-04  1.645544473320339e-04
  2.000000000000000e+00  -2.545202289694238e+03  -6.736260181887199e+03  1.140343302097004e+03  1.290638540720173e+03  -2.849449799814307e+03  1.255600670483577e+03  -3.785882093318023e-04  3.419323868483677e-04  2.587406482604933e-04
  2.100000000000001e+00  -3.167472655524816e+03  -2.231917848590785e+04  -3.220291691454458e+03  3.288632710970673e+03  -7.329879220362690e+03  1.348699150709265e+03  -2.655220879467322e-04  1.627486880126208e-03  7.738176850786017e-04
  2.200000000000001e+00  -2.032369174877904e+03  -5.346919374193932e+04  -1.110748930251484e+03  4.957442662533433e+03  -1.501114555302555e+04  -2.223720569678339e+03  -1.777157999753834e-04  3.940723461871461e-03  2.855278155546125e-04
  2.300000000000001e+00  2.388949755908924e+04  -9.526112284541543e+04  -8.818027991150055e+03  -7.853372825805942e+03  -4.864324021313722e+04  -7.923426718899274e+02  3.343531155341101e-03  6.802848229191969e-03  4.873749405374089e-03
  2.400000000000001e+00  6.989491351994795e+04  -2.510422238843838e+04  8.843664647646222e+04  -4.627949759236710e+04  -5.695872155098346e+04  1.027772019637170e+04  2.913335638832363e-03  -3.297677533660394e-04  -6.744643097321899e-04
  2.500000000000001e+00  9.041139635652711e+04  -2.938934011936577e+02  1.750800084008629e+05  -1.738487997677452e+05  -1.039519040337006e+05  -1.058612941187461e+05  1.834692778163515e-02  -2.904282867361097e-03  -1.024040081208840e-02
  2.600000000000001e+00  1.015999821011981e+06  5.934576340238365e+05  -9.501454521132409e+04  -7.809586271702704e+05  -4.247309650935314e+05  9.023622782972327e+04  1.138253227838116e-01  -5.999005013553702e-02  7.870871053950090e-02
  2.700000000000001e+00  3.065952985350052e+05  1.603917284811012e+06  9.766888909822962e+05  -6.397997313308374e+05  8.114194903452728e+05  -2.285209208109610e+05  -1.622930957232960e-02  -1.631941601565452e-01  -1.221297050330255e-01
  2.800000000000001e+00  -2.303755587287549e+06  1.847483194685156e+06  3.912291286368178e+06  6.109742249649349e+05  2.990187113963805e+06  -1.581102513683668e+06  -3.025130695882152e-01  -1.797555593678997e-01  -5.922888411018241e-01
  2.900000000000001e+00  -4.353794142327932e+06  1.334222813607921e+06  5.372912594313459e+06  7.089986851373247e+05  3.790903323661889e+06  -2.022699951838708e+06  -4.623447274888358e-01  -1.911606368502810e-01  -7.712088860870481e-01
  3.000000000000001e+00  -3.502809401591558e+06  1.250708638762667e+06  3.429443145843127e+06  1.949908373626750e+05  3.675422799687856e+06  -1.425554384329658e+06  -3.128381280274514e-01  -1.717894378136519e-01  -4.748726674604762e-01
  3.100000000000001e+00  -1.760195306789227e+06  1.708842217587963e+06  1.231379313499439e+06  7.831515835302423e+05  3.738995435474763e+06  -1.415972102474959e+06  -7.872467618446208e-02  -7.446580228149230e-02  -2.061053599063187e-01
  3.200000000000002e+00  -1.233676678595021e+06  1.889911568465008e+06  4.697710817515925e+05  1.293414807893239e+06  3.975048571007203e+06  -1.322823891492440e+06  -8.338848734840386e-03  -1.978281297196511e-02  -1.195096534456716e-01
  3.300000000000002e+00  -1.430889303919225e+06  1.565719026247245e+06  1.558801472131402e+05  1.350628117390595e+06  4.009306896701475e+06  -1.247859133208562e+06  -2.779248814639443e-04  1.371092767935380e-02  -7.787616653685667e-02
  3.400000000000002e+00  -1.670930479816936e+06  1.252618964456157e+06  6.225773866288868e+04  1.367439212715378e+06  3.957320802565409e+06  -1.267890928403241e+06  -6.494251890663931e-03  4.409318379940557e-02  -5.727585910517095e-02
  3.500000000000002e+00  -1.606211812039398e+06  1.168272285829657e+06  -2.836847550742627e+05  1.431320589674051e+06  3.790745207150597e+06  -1.492877040661321e+06  9.370796451843475e-03  8.129711862356757e-02  -3.450176988153526e-02
  3.600000000000002e+00  -1.348925597374761e+06  1.168191498349770e+06  -6.303637840138406e+05  1.424052957662574e+06  3.753845774054124e+06  -1.695832005616479e+06  2.293329463392041e-02  8.763058091188122e-02  -4.492300619990456e-02
  3.700000000000002e+00  -1.230270067399022e+06  1.172365848186214e+06  -8.701588478113472e+05  1.304562306623969e+06  3.886984173191919e+06  -1.829738139037049e+06  4.263144425797993e-02  5.536388564251551e-02  -4.662993381433971e-02
  3.800000000000002e+00  -1.193551227643253e+06  1.157942756071531e+06  -9.351390925993478e+05  1.092004540873985e+06  3.919028407830894e+06  -1.896844985646028e+06  5.640409220726444e-02  3.830099503004571e-02  -5.322483867297467e-02
  3.900000000000002e+00  -1.003765880940690e+06  1.197843502325608e+06  -1.220580824118864e+06  9.989547456019475e+05  3.837845624652448e+06  -1.823476521549463e+06  4.507051205685404e-02  2.490184352650354e-02  -5.135705365795545e-02
  4.000000000000002e+00  -7.422049340698338e+05  1.244116283454382e+06  -1.703134232987382e+06  1.260012260777468e+06  3.990686389673059e+06  -1.526454399502111e+06  7.249685853761462e-03  -1.690536013148007e-02  -9.678220397947430e-03
  4.100000000000001e+00  -6.345057490546303e+05  1.321761550926495e+06  -1.985181459298461e+06  1.583249626120310e+06  4.133848481213633e+06  -1.080801348782714e+06  -5.147354221698092e-02  -3.113138672275789e-02  1.996536417351448e-02
  4.200000000000001e+00  -7.853239220542153e+05  1.340425341420172e+06  -1.905387596432191e+06  1.671391093848944e+06  4.211882607361462e+06  -9.433221120516942e+05  -6.741261016072785e-02  -2.159178532807190e-02  1.750646424032860e-02
  4.300000000000001e+00  -1.064974170685355e+06  1.217798552681066e+06  -1.643055738291908e+06  1.630510124097340e+06  4.205943458686998e+06  -1.154987495347379e+06  -3.524344857523905e-02  -8.504468946416346e-03  8.948012551009678e-04
  4.400000000000000e+00  -1.233913154248855e+06  1.106535289104916e+06  -1.458080135643150e+06  1.594944106207917e+06  4.119075544623370e+06  -1.327102904605240e+06  -2.147162431038836e-02  3.662545834748647e-03  -8.804466587793968e-03
  4.500000000000000e+00  -1.336203679359800e+06  1.080585313650086e+06  -1.389419375949684e+06  1.545940959885924e+06  4.123275212344791e+06  -1.378662898427568e+06  -3.245156177719894e-02  4.828451298319479e-03  -1.402367696890875e-02
  4.600000000000000e+00  -1.448953065117922e+06  1.096700586037866e+06  -1.388284702182085e+06  1.527321758831581e+06  4.166448745520511e+06  -1.451525856819490e+06  -3.306278590472048e-02  5.841784271514210e-03  -2.356026443453335e-02
  4.699999999999999e+00  -1.494987482301319e+06  1.062000356629576e+06  -1.429851753597337e+06  1.571956565881187e+06  4.206903081168054e+06  -1.548405845299176e+06  -2.246456009594520e-02  7.679757963105021e-03  -3.450363543282909e-02
  4.799999999999999e+00  -1.490908637700207e+06  9.956873525009142e+05  -1.544767014963135e+06  1.602336169162993e+06  4.246424903398053e+06  -1.617737175263038e+06  -2.542173884519124e-02  1.477820996782493e-02  -5.025015629777679e-02
  4.899999999999999e+00  -1.554618835515227e+06  9.535345489867510e+05  -1.695021682663233e+06  1.601716743787709e+06  4.285951800638386e+06  -1.700600305900422e+06  -3.675394673772073e-02  2.578828010321791e-02  -6.556920257124574e-02
  4.999999999999998e+00  -1.692094681275101e+06  8.950223518481991e+05  -1.914301929133884e+06  1.642245433586812e+06  4.344951761775994e+06  -1.805421186877321e+06  -4.100849229407012e-02  3.135769456158943e-02  -8.245606436457463e-02
  5.099999999999998e+00  -1.729954070974394e+06  8.603350497632398e+05  -2.142457331181605e+06  1.725678251327517e+06  4.438782047965887e+06  -1.884407676196124e+06  -4.157232617991535e-02  2.704414083770439e-02  -1.005606271871556e-01
  5.199999999999998e+00  -1.677659577079525e+06  9.399526701324945e+05  -2.294554251904634e+06  1.758751622889353e+06  4.488408809263208e+06  -1.950832061125688e+06  -4.149681005973684e-02  2.817381803766194e-02  -1.011049959088398e-01
  5.299999999999997e+00  -1.649507134232351e+06  1.048701241186846e+06  -2.423244294799322e+06  1.718842884758147e+06  4.512558500486257e+06  -1.962683381894195e+06  -3.684272917114127e-02  3.125896301063309e-02  -1.018669076283384e-01
  5.399999999999997e+00  -1.623730558004787e+06  1.096990845953238e+06  -2.557930891831491e+06  1.670619566859389e+06  4.579346753096430e+06  -1.915087752677031e+06  -2.269928377319837e-02  2.173103417127102e-02  -1.102352802416281e-01
  5.499999999999996e+00  -1.551923880003222e+06  1.161197720925532e+06  -2.650864093896488e+06  1.665250620924581e+06  4.627972456862566e+06  -1.857473815813994e+06  -6.681420819321055e-03  7.542759539168185e-03  -1.093073808514911e-01
  5.599999999999996e+00  -1.462939938262446e+06  1.182654310547211e+06  -2.657171338893417e+06  1.724081820735808e+06  4.638313617998615e+06  -1.857491871538561e+06  -1.862140084635419e-03  4.539746726068842e-03  -1.144794048938303e-01
  5.699999999999996e+00  -1.394803650399993e+06  1.135366875044352e+06  -2.644673963656652e+06  1.745899245118818e+06  4.630362347909020e+06  -1.883933847222696e+06  3.415029493146666e-03  -2.611530314900969e-03  -1.193171261925161e-01
  5.799999999999995e+00  -1.290568454416385e+06  1.184020736474823e+06  -2.685561442255854e+06  1.669334047165633e+06  4.593125587470334e+06  -1.806020636686708e+06  2.667538368532030e-02  -2.247200948695778e-02  -9.587558551901608e-02
  5.899999999999995e+00  -1.112564689330318e+06  1.312317445121257e+06  -2.667672263397419e+06  1.600110450168763e+06  4.555878570554828e+06  -1.621894424002528e+06  6.747655240653257e-02  -3.180384067100433e-02  -6.037742428943043e-02
  5.999999999999995e+00  -9.632551252004449e+05  1.352461972930030e+06  -2.498880703247037e+06  1.583771196854610e+06  4.563735278504780e+06  -1.422475048872381e+06  9.829567791670928e-02  -2.718078356004171e-02  -4.029159292147091e-02
  6.099999999999994e+00  -9.247560405520945e+05  1.289415176339703e+06  -2.234213678900790e+06  1.587926776761507e+06  4.575213725060780e+06  -1.325603293730900e+06  1.002761396516077e-01  -2.184556431974244e-02  -3.127104208848271e-02
  6.199999999999994e+00  -1.015096765724797e+06  1.163518052130164e+06  -1.953913970882521e+06  1.586857355048880e+06  4.532039132317760e+06  -1.348153061848302e+06  8.056925801232749e-02  -2.083739954397390e-02  -1.643351134078750e-02
  6.299999999999994e+00  -1.138520138990203e+06  1.024708559850221e+06  -1.651505328380316e+06  1.569660098685346e+06  4.456692914826564e+06  -1.400490691705105e+06  6.210807531597717e-02  -2.461873403795634e-02  3.020771420933643e-03
  6.399999999999993e+00  -1.217479004840476e+06  9.399579848448099e+05  -1.362424410220186e+06  1.536596528582306e+06  4.404781023766471e+06  -1.462081358834688e+06  5.440889523802326e-02  -3.267017484105370e-02  1.032269958479664e-02
  6.499999999999993e+00  -1.290593175248753e+06  9.532302702387525e+05  -1.148443393036239e+06  1.492437325618255e+06  4.376398629101154e+06  -1.557730066911427e+06  4.317213994220095e-02  -4.021218078737211e-02  7.750955768173235e-03
  6.599999999999993e+00  -1.373425176665594e+06  1.029389677173503e+06  -9.527137189407804e+05  1.427927388134524e+06  4.327530904228951e+06  -1.659624385669460e+06  1.745410465903494e-02  -4.190834265291497e-02  1.828223828133525e-02
  6.699999999999992e+00  -1.435872046951944e+06  1.089408584039592e+06  -6.984151223637407e+05  1.351806815868112e+06  4.228279966452101e+06  -1.701380471850868e+06  -1.086804059134424e-02  -4.041375432989423e-02  4.776144993393355e-02
  6.799999999999992e+00  -1.499363985801552e+06  1.102614237220613e+06  -3.927321605887107e+05  1.310721619010744e+06  4.089633385325565e+06  -1.646804100391444e+06  -2.174787362613920e-02  -4.258937728410006e-02  7.735517339529539e-02
  6.899999999999991e+00  -1.583197148087072e+06  1.100086455322660e+06  -8.840925171502102e+04  1.309126136815240e+06  3.958664316478999e+06  -1.534080312985330e+06  -7.826628191857385e-03  -4.800717249318708e-02  9.511553315629477e-02
  6.999999999999991e+00  -1.664276081113001e+06  1.119838702087393e+06  1.512671807890805e+05  1.299093581702439e+06  3.872174953156631e+06  -1.443503287402057e+06  1.839275154035794e-02  -4.858840695450584e-02  1.033070180730544e-01
  7.099999999999991e+00  -1.718176498182524e+06  1.163100250200702e+06  2.832434999864112e+05  1.270920787902204e+06  3.833135621601869e+06  -1.411161304942367e+06  3.348010282527930e-02  -4.225656707670222e-02  1.024249903621138e-01
  7.199999999999990e+00  -1.724779497904744e+06  1.202954782233623e+06  2.918262532095026e+05  1.258510471690920e+06  3.824518383691590e+06  -1.407186330807561e+06  2.580549908047054e-02  -3.424971605557859e-02  9.321326579546310e-02
  7.299999999999990e+00  -1.694245590852329e+06  1.207694709047279e+06  1.849375762270660e+05  1.279036149128794e+06  3.838882280665688e+06  -1.414903072662143e+06  7.272017739592846e-03  -2.380602744481395e-02  7.891256065220893e-02
  7.399999999999990e+00  -1.689012064690388e+06  1.179967000846414e+06  3.998856778578002e+04  1.316055178601612e+06  3.893027957491243e+06  -1.443107228208861e+06  -6.013375224887107e-03  -6.673253047834321e-03  6.222519337187962e-02
  7.499999999999989e+00  -1.733702416079393e+06  1.167482306950733e+06  -5.777492911461846e+04  1.331990600594944e+06  3.989542107218958e+06  -1.476136433928063e+06  -8.209810691271472e-03  1.381356487908111e-02  4.946239869700111e-02
  7.599999999999989e+00  -1.765138414151948e+06  1.195415940079374e+06  -1.235744660292264e+05  1.312398471150832e+06  4.080583491508618e+06  -1.485975130424024e+06  -8.551267807322305e-04  3.135592486470319e-02  4.595699880650205e-02
  7.699999999999989e+00  -1.721860040006627e+06  1.232449034984859e+06  -1.994731760602723e+05  1.304103641397802e+06  4.113835563547019e+06  -1.463155319439652e+06  1.094216039080589e-02  4.191618162865027e-02  4.821059223798417e-02
  7.799999999999988e+00  -1.633703413301422e+06  1.223892627130730e+06  -2.823048775914060e+05  1.350953917169717e+06  4.080707836771850e+06  -1.424972195759622e+06  2.006886481573490e-02  4.262943963012877e-02  4.833270424828238e-02
  7.899999999999988e+00  -1.558708075236307e+06  1.177598014524761e+06  -3.531038984390777e+05  1.422150079276830e+06  4.004459084577586e+06  -1.402871887913775e+06  2.194317361151916e-02  3.328521433054375e-02  4.335253665159877e-02
  7.999999999999988e+00  -1.500224943246101e+06  1.157922613282623e+06  -4.190087933849394e+05  1.462348543247347e+06  3.921237909042536e+06  -1.414993288686252e+06  1.810609850359401e-02  2.061893261631148e-02  3.805185186610452e-02
  8.099999999999987e+00  -1.446504627890855e+06  1.175986777993218e+06  -4.997147475942830e+05  1.468745250592178e+06  3.862174854478880e+06  -1.449021783167329e+06  1.230819271230549e-02  1.469328884974155e-02  3.674836958549060e-02
  8.199999999999987e+00  -1.420524583810443e+06  1.182337528334140e+06  -5.718746448506932e+05  1.476517962989142e+06  3.839208850253668e+06  -1.485132488162971e+06  6.428745084224360e-03  1.857884718406260e-02  3.788305168236333e-02
  8.299999999999986e+00  -1.452971446629450e+06  1.151849673637824e+06  -5.993435813456512e+05  1.503264270607207e+06  3.843948926154603e+06  -1.525773875396872e+06  5.073636958354886e-04  2.707211624892478e-02  3.956841154535826e-02
  8.399999999999986e+00  -1.529817673256902e+06  1.113432590459940e+06  -6.037115904433369e+05  1.541088554022362e+06  3.849110696024168e+06  -1.581368160219722e+06  -7.813693638486049e-03  3.354626909983342e-02  4.169538869560550e-02
  8.499999999999986e+00  -1.601526324405525e+06  1.107545837527151e+06  -6.328624913767548e+05  1.577889143325183e+06  3.832674104632734e+06  -1.651110369763583e+06  -2.161617909443083e-02  3.381905743199962e-02  4.220616980322221e-02
  8.599999999999985e+00  -1.643101760033858e+06  1.138106746343936e+06  -6.870658432414143e+05  1.607493559186066e+06  3.809414775038538e+06  -1.729069533862557e+06  -3.932995865750652e-02  2.795168763741557e-02  3.790392994494599e-02
  8.699999999999985e+00  -1.664652815663196e+06  1.171181984582139e+06  -7.213341488580682e+05  1.628183686247806e+06  3.813554154797571e+06  -1.802188677710394e+06  -5.295228854565821e-02  2.053455945796272e-02  3.007948169854868e-02
  8.799999999999985e+00  -1.670806266225120e+06  1.179661718826281e+06  -7.076274049622508e+05  1.634454119047101e+06  3.852858540659173e+06  -1.848250604513661e+06  -5.494132873771430e-02  1.629506049551026e-02  2.413921882176150e-02
  8.899999999999984e+00  -1.661737905684425e+06  1.172663146862743e+06  -6.696353980533718e+05  1.621251616349032e+06  3.898931232168341e+06  -1.853047154586436e+06  -4.686594283134328e-02  1.558483546199465e-02  2.295581270588704e-02
  8.999999999999984e+00  -1.650973601004438e+06  1.175872348648667e+06  -6.383281794407897e+05  1.592765840528155e+06  3.918049960322985e+06  -1.823730214097393e+06  -3.647427702125096e-02  1.463536407338323e-02  2.409765702073692e-02
  9.099999999999984e+00  -1.654310350447529e+06  1.192947447962103e+06  -6.170541841455480e+05  1.556047105496594e+06  3.903885516747930e+06  -1.786041587456932e+06  -2.899928279938371e-02  1.048000626247272e-02  2.370995966433012e-02
  9.199999999999983e+00  -1.669035772053363e+06  1.208507942567933e+06  -6.180674217470363e+05  1.516542983946411e+06  3.881611597733136e+06  -1.768606542630697e+06  -2.478083938648699e-02  4.577391444241745e-03  2.089600889446717e-02
  9.299999999999983e+00  -1.674393374415468e+06  1.222003751415326e+06  -6.674300846683162e+05  1.483450118423918e+06  3.880263919658013e+06  -1.775153585773999e+06  -2.217594922612005e-02  3.477996447175965e-04  1.729330707471489e-02
  9.399999999999983e+00  -1.659672001869134e+06  1.242931148035220e+06  -7.509312701110260e+05  1.465048758766914e+06  3.906060396337711e+06  -1.780563742672977e+06  -2.057588810108172e-02  -1.601550200204659e-03  1.257868711657296e-02
  9.499999999999982e+00  -1.643843089072624e+06  1.266844541260232e+06  -8.179545522556725e+05  1.463470447601924e+06  3.944346269100869e+06  -1.767439045867533e+06  -2.035245071232915e-02  -3.295828453452508e-03  4.289531431371787e-03
  9.599999999999982e+00  -1.652443879950925e+06  1.279984302965317e+06  -8.485148646752374e+05  1.480214532541223e+06  3.981290230352146e+06  -1.750580429435177e+06  -2.015916974563527e-02  -5.436382301650717e-03  -6.368504692880303e-03
  9.699999999999982e+00  -1.678328285427971e+06  1.278420042936954e+06  -8.681496958746281e+05  1.511847591608114e+06  4.012974951321561e+06  -1.756724623846104e+06  -1.689927557015414e-02  -6.504781190342586e-03  -1.438590373178148e-02
  9.799999999999981e+00  -1.686971702034106e+06  1.270340012313436e+06  -9.062653893347456e+05  1.539429197228526e+06  4.038607624888914e+06  -1.792527965635397e+06  -1.009709460232359e-02  -5.943882089630364e-03  -1.715204454039979e-02
  9.899999999999981e+00  -1.656740049072587e+06  1.264431794279421e+06  -9.645641310440571e+05  1.542293219564100e+06  4.061676012811174e+06  -1.837263008565422e+06  -3.318593340116659e-03  -4.813634377455371e-03  -1.656375568822524e-02
  9.999999999999980e+00  -1.598925489854942e+06  1.261969166967508e+06  -1.015484430512609e+06  1.522422025660124e+06  4.093685590894959e+06  -1.861268622087721e+06  5.855922408138809e-05  -3.165656191810351e-03  -1.647360404488837e-02
  1.009999999999998e+01  -1.542739518682946e+06  1.258823033310829e+06  -1.033501018437729e+06  1.503260702029602e+06  4.141049610236294e+06  -1.849845184238105e+06  -4.956010711439056e-05  -4.252073216613039e-04  -1.956954945287612e-02
  1.019999999999998e+01  -1.509720505363382e+06  1.252052090834388e+06  -1.031716989113942e+06  1.500904290993108e+06  4.191065973003473e+06  -1.812032350600138e+06  -1.563150649797545e-03  1.942104787013335e-03  -2.493562156041041e-02
  1.029999999999998e+01  -1.494107928318587e+06  1.248532335020588e+06  -1.041555831117100e+06  1.504791464214147e+06  4.221016175141722e+06  -1.769817736506718e+06  -1.733612556858404e-03  1.967548729860443e-03  -2.857332717311221e-02
  1.039999999999998e+01  -1.480175607304220e+06  1.250986688317467e+06  -1.066395920053882e+06  1.491308030307137e+06  4.219781789442491e+06  -1.740017853878686e+06  1.095547681367557e-03  -4.500680365729746e-04  -2.702005692290120e-02
  1.049999999999998e+01  -1.471434507759776e+06  1.248740594591710e+06  -1.077260443934443e+06  1.455165107663777e+06  4.194474354174461e+06  -1.726369156434871e+06  6.080845375343923e-03  -4.071602172088174e-03  -2.080350562197560e-02
  1.059999999999998e+01  -1.483537115366401e+06  1.237541288192821e+06  -1.050051517704440e+06  1.416965900680343e+06  4.160840708751796e+06  -1.724094087346061e+06  1.093062117082124e-02  -7.372856655817844e-03  -1.338630935681615e-02
  1.069999999999998e+01  -1.516724950706857e+06  1.229776276940009e+06  -9.933060012903647e+05  1.396612722718406e+06  4.131387169489521e+06  -1.726344298670030e+06  1.424083035018024e-02  -9.299683300274387e-03  -7.686933033364426e-03
  1.079999999999998e+01  -1.551460018677062e+06  1.236716835739257e+06  -9.387266612340881e+05  1.391742484148509e+06  4.112453843446624e+06  -1.726997442947049e+06  1.611013374948616e-02  -9.907449467626143e-03  -4.799108160133800e-03
  1.089999999999998e+01  -1.571619636231616e+06  1.251985143369719e+06  -9.089071433322744e+05  1.388699375369348e+06  4.107476814144082e+06  -1.721152403969534e+06  1.662143763967875e-02  -9.925749879726083e-03  -4.344620196288243e-03
  1.099999999999998e+01  -1.580838397823740e+06  1.258990317079372e+06  -8.984181831029445e+05  1.384488017858309e+06  4.116561228244293e+06  -1.706550778607827e+06  1.502151553081298e-02  -9.706305529088133e-03  -4.861159375603958e-03
  1.109999999999998e+01  -1.590004771224099e+06  1.248864365661390e+06  -8.865510020622766e+05  1.387838169498688e+06  4.132822711763341e+06  -1.687555963023839e+06  1.134673206705145e-02  -9.120654494391946e-03  -4.526732127281140e-03
  1.119999999999998e+01  -1.597644094997369e+06  1.227691920442179e+06  -8.619771067414492e+05  1.403302476147926e+06  4.143810666365539e+06  -1.673119801955319e+06  7.685933257929159e-03  -8.158865465767086e-03  -2.462464431285300e-03
  1.129999999999998e+01  -1.593407905323508e+06  1.209245095903762e+06  -8.319237646575089e+05  1.422990304878323e+06  4.139995608488235e+06  -1.667479947780821e+06  6.639737962263182e-03  -7.114831597634063e-03  5.639325754982552e-04
  1.139999999999998e+01  -1.577086012720357e+06  1.204568791521689e+06  -8.087925014357744e+05  1.435160591536971e+06  4.122757780051820e+06  -1.665220531621429e+06  8.563922905236127e-03  -6.157713469677402e-03  3.107456220808637e-03
  1.149999999999998e+01  -1.563181649247663e+06  1.215152464299494e+06  -7.957041468215281e+05  1.436746825554941e+06  4.102605691006081e+06  -1.657488568107316e+06  1.092916531373154e-02  -4.886803814207759e-03  4.453561394989152e-03
  1.159999999999997e+01  -1.566360366044657e+06  1.230830768552692e+06  -7.872416844205228e+05  1.434233866280012e+06  4.088879813807899e+06  -1.642040914003757e+06  1.054919628236912e-02  -2.592179927904108e-03  4.741015553978760e-03
  1.169999999999997e+01  -1.588916229618453e+06  1.236760965408210e+06  -7.748070619145400e+05  1.433426395807766e+06  4.083161134120688e+06  -1.625809032326945e+06  6.362748016863009e-03  5.317311195560179e-04  4.165816966984860e-03
  1.179999999999997e+01  -1.622325862126099e+06  1.227483302044989e+06  -7.524946087845563e+05  1.432447705178021e+06  4.081986462018558e+06  -1.617653290160049e+06  1.617250509970299e-04  2.736921529148798e-03  2.832376077293706e-03
  1.189999999999997e+01  -1.654754875268970e+06  1.212731459277360e+06  -7.266629109057750e+05  1.426898006820434e+06  4.082012036855358e+06  -1.619801403878362e+06  -4.889996770475482e-03  2.302867448412758e-03  1.523058322021337e-03
  1.199999999999997e+01  -1.676004725464398e+06  1.207192131240220e+06  -7.147401303586154e+05  1.418115133208248e+06  4.081115930302078e+06  -1.627198090281466e+06  -6.454899008260612e-03  -3.035697095755806e-04  1.547603021875929e-03
  1.209999999999997e+01  -1.682178378528317e+06  1.216512654472700e+06  -7.266699889046595e+05  1.412358308452856e+06  4.077203879179572e+06  -1.634275425973145e+06  -4.573775954267936e-03  -2.694601353182243e-03  3.237432322263977e-03
  1.219999999999997e+01  -1.679773315088278e+06  1.234019327569670e+06  -7.520065865035845e+05  1.413573354279005e+06  4.068949939554873e+06  -1.640019507892352e+06  -1.494098143610598e-03  -2.945096056614084e-03  5.172464209995849e-03
  1.229999999999997e+01  -1.680187533013656e+06  1.247867309843942e+06  -7.691384274235239e+05  1.419742839096815e+06  4.057778711855352e+06  -1.645574337605610e+06  2.049847442231362e-04  -1.041269534341170e-03  5.192491988257207e-03
  1.239999999999997e+01  -1.687834872185124e+06  1.249419177200799e+06  -7.648951887143448e+05  1.425180327915694e+06  4.047548731677992e+06  -1.650126883555744e+06  -3.622972394367433e-04  1.611611175366498e-03  2.337340849955054e-03
  1.249999999999997e+01  -1.696714893881836e+06  1.238336823942133e+06  -7.442948219258200e+05  1.425614043479950e+06  4.041355475760834e+06  -1.652684293137986e+06  -2.162730831299736e-03  3.338437394456127e-03  -2.001308135248464e-03
  1.259999999999997e+01  -1.698176253797038e+06  1.223034175025329e+06  -7.235795175201822e+05  1.422953985578088e+06  4.038781795574886e+06  -1.656536162563874e+06  -3.749489528269213e-03  3.380919612071270e-03  -5.065044428815426e-03
  1.269999999999997e+01  -1.690019104319060e+06  1.213579042913955e+06  -7.159279211215952e+05  1.424346254238595e+06  4.037026370557611e+06  -1.667481146251590e+06  -4.410427965156227e-03  2.547872939774011e-03  -5.039680460685435e-03
  1.279999999999997e+01  -1.678847426807636e+06  1.212207908485266e+06  -7.225917752501342e+05  1.434130790772197e+06  4.035028694196816e+06  -1.685936101634791e+06  -4.121634900752733e-03  2.419953189234670e-03  -2.440918225318300e-03
  1.289999999999997e+01  -1.673049316640032e+06  1.213686747214320e+06  -7.338825019619360e+05  1.447667022210750e+06  4.035056386935204e+06  -1.703906094629626e+06  -3.044750005991210e-03  3.641215173110084e-03  5.485361079913011e-04
  1.299999999999997e+01  -1.673787013714781e+06  1.214417167853751e+06  -7.382742507321441e+05  1.454802164859352e+06  4.038981919959542e+06  -1.712124548606690e+06  -1.398378312472457e-03  5.155954252478689e-03  1.898297930482127e-03
  1.309999999999997e+01  -1.675923578599269e+06  1.215863612180028e+06  -7.321438564441171e+05  1.449416420511096e+06  4.044188482277057e+06  -1.708799459536914e+06  2.008204892258198e-04  5.418177050291430e-03  9.682580956301107e-04
  1.319999999999997e+01  -1.676410099741348e+06  1.219050689108894e+06  -7.215196350668693e+05  1.435230059022144e+06  4.045862029787103e+06  -1.700422430953387e+06  8.680634138789015e-04  4.259176601573354e-03  -1.388441077485402e-03
  1.329999999999997e+01  -1.677049025127748e+06  1.219888917543230e+06  -7.154313351293658e+05  1.422407266591233e+06  4.044124079412199e+06  -1.695538152296892e+06  3.311261866629469e-04  3.191560785901120e-03  -3.533435472069580e-03
  1.339999999999997e+01  -1.678847232438645e+06  1.211554720500424e+06  -7.190578289150746e+05  1.418775336709814e+06  4.045986048891841e+06  -1.698491394802310e+06  -6.235386850800186e-04  3.841982788782805e-03  -4.351018229963476e-03
  1.349999999999997e+01  -1.677752130016827e+06  1.192050762283063e+06  -7.328807789929520e+05  1.423808305175644e+06  4.057321215774809e+06  -1.707430710298943e+06  -9.217438668642137e-04  6.204627008265717e-03  -4.232765644273896e-03
  1.359999999999997e+01  -1.668958866732760e+06  1.169739385870986e+06  -7.555856581331966e+05  1.429932855474423e+06  4.074534499217741e+06  -1.716357763152962e+06  -4.029783022851171e-04  8.399003628788348e-03  -4.563439655382940e-03
  1.369999999999997e+01  -1.653505665903346e+06  1.159103321947520e+06  -7.856830926516113e+05  1.429729700368706e+06  4.087502391004882e+06  -1.719344203428016e+06  4.615254599171748e-05  8.201494614942486e-03  -5.968131645456978e-03
  1.379999999999997e+01  -1.638070391728499e+06  1.166926733708799e+06  -8.209938816420184e+05  1.422609838048956e+06  4.090381531559898e+06  -1.714791827296379e+06  -4.140534899345423e-04  5.032624788746901e-03  -7.356573384451389e-03
  1.389999999999997e+01  -1.628619992950003e+06  1.183469988272818e+06  -8.566745243850150e+05  1.414586717806824e+06  4.086487799629771e+06  -1.706541237401516e+06  -1.690525620665935e-03  5.686492945815088e-04  -7.217663212897758e-03
  1.399999999999997e+01  -1.625694083114111e+06  1.191975687509623e+06  -8.857751715450895e+05  1.412030410646981e+06  4.082463347460949e+06  -1.700255931606360e+06  -3.002111436016702e-03  -2.717086783922876e-03  -5.595346723612758e-03
  1.409999999999997e+01  -1.625518365733386e+06  1.186968535786541e+06  -9.034727771445250e+05  1.416358816015793e+06  4.080938750333652e+06  -1.698638739166618e+06  -3.666058661879276e-03  -3.624604182676260e-03  -4.181693402258227e-03
  1.419999999999997e+01  -1.624919715332489e+06  1.178894344476871e+06  -9.103878197645620e+05  1.424657515229357e+06  4.080365752757307e+06  -1.700018430388847e+06  -3.545423671563180e-03  -2.836580661923227e-03  -4.415473196468001e-03
  1.429999999999997e+01  -1.624287657587097e+06  1.180664620199830e+06  -9.110682490818870e+05  1.434185863054598e+06  4.079436670781465e+06  -1.701000926521187e+06  -2.887678571710000e-03  -1.821873069134812e-03  -5.984523931862836e-03
  1.439999999999996e+01  -1.625724395463892e+06  1.193443726974341e+06  -9.097980025143379e+05  1.444897337028980e+06  4.078874855223703e+06  -1.699891583842336e+06  -1.933189042874831e-03  -1.475067212224045e-03  -7.477233334574454e-03
  1.449999999999996e+01  -1.629769374092145e+06  1.206625125751275e+06  -9.088020574303593e+05  1.457338272395073e+06  4.079572427743816e+06  -1.697335615906434e+06  -7.446377072713507e-04  -1.752174256800387e-03  -8.148634803406288e-03
  1.459999999999996e+01  -1.634100156029414e+06  1.209470003706095e+06  -9.102052931792714e+05  1.469169158688778e+06  4.080984092425039e+06  -1.694363194047275e+06  7.190470139759453e-04  -2.161250831317782e-03  -8.602129013519018e-03
  1.469999999999996e+01  -1.634174541709423e+06  1.200996016205519e+06  -9.175453810969539e+05  1.475428236023848e+06  4.081564620419353e+06  -1.690816882389309e+06  2.462830720304307e-03  -2.255322348610043e-03  -9.707964473909600e-03
  1.479999999999996e+01  -1.626028201320278e+06  1.189103456515665e+06  -9.336300046985762e+05  1.472969957572778e+06  4.080092437333853e+06  -1.685943936915740e+06  4.321276038983568e-03  -1.849750173962119e-03  -1.117665922398786e-02
  1.489999999999996e+01  -1.610093947715959e+06  1.182511859370241e+06  -9.560855123680120e+05  1.464056327417789e+06  4.076363925791849e+06  -1.679999566049087e+06  5.823372856637537e-03  -1.098171101803104e-03  -1.154792951641744e-02
  1.499999999999996e+01  -1.592514997451952e+06  1.184482332583696e+06  -9.764238302456826e+05  1.454932969124759e+06  4.071438626417179e+06  -1.674741026483461e+06  6.282354951731169e-03  -3.948940634788835e-04  -9.643955743394514e-03
  1.509999999999996e+01  -1.582078202985579e+06  1.192287275431412e+06  -9.855476161867360e+05  1.450911571026616e+06  4.067721296130532e+06  -1.672131696627248e+06  5.274226188948535e-03  -1.385005677522307e-04  -5.859992177937325e-03
  1.519999999999996e+01  -1.584637123929583e+06  1.200397906801550e+06  -9.807132705989401e+05  1.452866158739566e+06  4.067834249355399e+06  -1.672118121413016e+06  3.161307671225027e-03  -5.246113064885108e-04  -1.916355757576624e-03
  1.529999999999996e+01  -1.599076687173489e+06  1.204678542760721e+06  -9.663337920289318e+05  1.457705306684813e+06  4.071900335313369e+06  -1.671863582606410e+06  1.088813433874199e-03  -1.458945160306076e-03  5.262586169855851e-04
  1.539999999999996e+01  -1.618153147663539e+06  1.205020125503628e+06  -9.491096218928040e+05  1.461488041434251e+06  4.076285338482996e+06  -1.667582672689078e+06  2.513398979005081e-04  -2.577024748614301e-03  1.070371848480509e-03
  1.549999999999996e+01  -1.633916814093021e+06  1.203992365075624e+06  -9.323023147801855e+05  1.462152114963704e+06  4.076488920579647e+06  -1.658006527129116e+06  9.369053149071897e-04  -3.352594570851411e-03  6.160794572726067e-04
  1.559999999999996e+01  -1.642717583284212e+06  1.203230146194721e+06  -9.149024387854781e+05  1.460168262529343e+06  4.071763410284884e+06  -1.646170929112687e+06  2.272129003819790e-03  -3.390116888952252e-03  4.694408388531552e-04
  1.569999999999996e+01  -1.646521918624030e+06  1.201866838665981e+06  -8.950861930212866e+05  1.457428357519852e+06  4.065804443157397e+06  -1.637394474166665e+06  2.822948289217481e-03  -2.761772728193712e-03  1.315727702094168e-03
  1.579999999999996e+01  -1.649824014510430e+06  1.198469735430123e+06  -8.735692347519676e+05  1.455526206490860e+06  4.062768518657942e+06  -1.635478862780520e+06  1.694215741772471e-03  -2.018875492791520e-03  2.859806668864988e-03
  1.589999999999996e+01  -1.654745775555654e+06  1.193699109009930e+06  -8.538088883180307e+05  1.454639268458917e+06  4.063360944468482e+06  -1.640453741457874e+06  -6.549144855933907e-04  -1.788728956506369e-03  4.299358070848199e-03
  1.599999999999996e+01  -1.659084346600081e+06  1.190693653478034e+06  -8.396333154912442e+05  1.453720251026722e+06  4.064972734188850e+06  -1.648854318917280e+06  -2.675282517348666e-03  -2.243304315434246e-03  5.108987998028756e-03
  1.609999999999996e+01  -1.658839036003139e+06  1.193030896365784e+06  -8.330150180293075e+05  1.451597213807618e+06  4.064690634297249e+06  -1.656179665304106e+06  -2.934416278833574e-03  -2.928036102543118e-03  5.443076799039675e-03
  1.619999999999996e+01  -1.652443426927071e+06  1.201893031509168e+06  -8.332977899708026e+05  1.448124400896615e+06  4.061577321160418e+06  -1.659859008921427e+06  -1.255542050910998e-03  -3.166726104070608e-03  5.846645202805255e-03
  1.629999999999996e+01  -1.642239055814087e+06  1.214338191772100e+06  -8.369667601769430e+05  1.444700177190366e+06  4.056659417365778e+06  -1.660700922265938e+06  1.179187847203998e-03  -2.648634123983628e-03  6.663588402880259e-03
  1.639999999999996e+01  -1.632203957171609e+06  1.224528509999843e+06  -8.385933880351664e+05  1.443450674777880e+06  4.051792028702750e+06  -1.661589099692455e+06  2.800635964684846e-03  -1.666323108046981e-03  7.767604388675065e-03
  1.649999999999996e+01  -1.625398605801024e+06  1.227488636008139e+06  -8.338383376981932e+05  1.445141862181185e+06  4.048817537675933e+06  -1.664210444338416e+06  2.737505413515189e-03  -8.536490600282472e-04  8.729565637057828e-03
  1.659999999999997e+01  -1.623208088244474e+06  1.222443159088704e+06  -8.227744515783959e+05  1.447843272894707e+06  4.049048295035665e+06  -1.667347897447199e+06  1.181406188261315e-03  -6.855636128269772e-04  9.108473068879235e-03
  1.669999999999997e+01  -1.625563071564628e+06  1.213269077845493e+06  -8.099078592404744e+05  1.448356174853655e+06  4.052693145007158e+06  -1.668782286658900e+06  -9.747308735620068e-04  -1.163695675785027e-03  8.577989258503824e-03
  1.679999999999997e+01  -1.631267642614646e+06  1.205844284597404e+06  -8.008076470293137e+05  1.445454055307246e+06  4.058555613893962e+06  -1.668400367665813e+06  -2.801890150516017e-03  -1.854429534039616e-03  6.979034393595334e-03
  1.689999999999997e+01  -1.638293497791603e+06  1.204312071522119e+06  -7.983792325331068e+05  1.441356707873048e+06  4.064547343275242e+06  -1.668836133470753e+06  -3.810131896506768e-03  -2.167426881231638e-03  4.486283656197212e-03
  1.699999999999997e+01  -1.644772384865591e+06  1.208271269224446e+06  -8.018309790616181e+05  1.439338829070123e+06  4.068972563364018e+06  -1.672776676805778e+06  -4.030757812796144e-03  -1.689325092241789e-03  1.698990278323638e-03
  1.709999999999997e+01  -1.649593361251614e+06  1.212639332564584e+06  -8.079518234225323e+05  1.439976528827003e+06  4.071298346114228e+06  -1.680241807834422e+06  -3.798079322382791e-03  -3.999875222847249e-04  -5.615765300408965e-04
  1.719999999999997e+01  -1.652376700362245e+06  1.210917367966471e+06  -8.132363560687171e+05  1.440467472948302e+06  4.071857605566143e+06  -1.688641632017284e+06  -3.448931917414904e-03  1.277088242756365e-03  -1.664695181604007e-03
  1.729999999999998e+01  -1.652898756609598e+06  1.200126288803725e+06  -8.152449046525805e+05  1.437806356532053e+06  4.071152887267965e+06  -1.695431603640982e+06  -3.109872356696006e-03  2.671754370576666e-03  -1.464314566440419e-03
  1.739999999999998e+01  -1.651319805047457e+06  1.183687577032973e+06  -8.128760047994675e+05  1.432365800405918e+06  4.069612686280264e+06  -1.700106808853440e+06  -2.713502381532945e-03  3.271091538708088e-03  -3.077612294325771e-04
  1.749999999999998e+01  -1.648880556996309e+06  1.169682496815397e+06  -8.061850099588173e+05  1.427999025497278e+06  4.067699145365633e+06  -1.703741586493233e+06  -2.151873363652637e-03  3.073106771589524e-03  1.139398663406595e-03
  1.759999999999998e+01  -1.647851232135233e+06  1.165776286250449e+06  -7.964250798932683e+05  1.428477283926836e+06  4.065815150420710e+06  -1.707232247443540e+06  -1.399641761549158e-03  2.531352147239837e-03  2.130291142883882e-03
  1.769999999999998e+01  -1.650213617250773e+06  1.174592235670891e+06  -7.865100150619592e+05  1.434019031179781e+06  4.064158102583575e+06  -1.710174992568758e+06  -5.457591500944524e-04  2.111559845042498e-03  2.141232540782828e-03
  1.779999999999998e+01  -1.655533639626408e+06  1.192557414999535e+06  -7.803554330163401e+05  1.441114325484787e+06  4.062981044066074e+06  -1.711411345144670e+06  2.878216828820143e-04  1.939749491167514e-03  1.155992583109279e-03
  1.789999999999998e+01  -1.660096206091610e+06  1.212432419304067e+06  -7.806585956597986e+05  1.445392277469680e+06  4.062913789527098e+06  -1.710346725536047e+06  9.919942355824526e-04  1.841419348150414e-03  -2.928806296774756e-04
  1.799999999999999e+01  -1.658948741272460e+06  1.227123844661667e+06  -7.869624438966732e+05  1.444587302689091e+06  4.064476090934080e+06  -1.707634609885591e+06  1.412760754408584e-03  1.620309151945534e-03  -1.474374690939826e-03
  1.809999999999999e+01  -1.649538599331995e+06  1.232565314101766e+06  -7.956686488445495e+05  1.439134945184256e+06  4.067121785133923e+06  -1.704855478712312e+06  1.341132469731074e-03  1.258400291133262e-03  -2.000160233015323e-03
  1.819999999999999e+01  -1.633985734163708e+06  1.228633946651988e+06  -8.023645874965722e+05  1.431092047857728e+06  4.069112523349105e+06  -1.703382362910875e+06  6.208636914384719e-04  8.880717145572101e-04  -2.059655179655366e-03
  1.829999999999999e+01  -1.617947148252713e+06  1.218382501547405e+06  -8.046586991022554e+05  1.423053217507204e+06  4.068794521264463e+06  -1.703251136766630e+06  -6.369294766240476e-04  6.614317502631601e-04  -2.122773417098857e-03
  1.839999999999999e+01  -1.607082797212570e+06  1.206647912580314e+06  -8.029905072888897e+05  1.417393997399376e+06  4.066345083391276e+06  -1.703292697948899e+06  -1.949292875692345e-03  6.366744248433835e-04  -2.478165102775380e-03
  1.849999999999999e+01  -1.604077719081242e+06  1.198465103484205e+06  -7.997320438636520e+05  1.415555460341975e+06  4.064019461472050e+06  -1.702272053366852e+06  -2.684701435936839e-03  7.557354120988013e-04  -3.033360306099303e-03
  1.859999999999999e+01  -1.608149398977096e+06  1.197280443965740e+06  -7.977762822272495e+05  1.417363430732275e+06  4.064396990449872e+06  -1.700043319845703e+06  -2.456508424313351e-03  9.236026502777295e-04  -3.482799617999689e-03
  1.870000000000000e+01  -1.616278838882144e+06  1.203448546877713e+06  -7.991976199397497e+05  1.421194116285908e+06  4.068255849066387e+06  -1.697621277040845e+06  -1.391801076810077e-03  1.085349977167172e-03  -3.602017650703468e-03
  1.880000000000000e+01  -1.624872205964500e+06  1.213593228318121e+06  -8.047600499773964e+05  1.425274791576889e+06  4.073862403507374e+06  -1.696201645429564e+06  -2.566462145153379e-05  1.214319443355955e-03  -3.361785918766797e-03
  1.890000000000000e+01  -1.631091593966987e+06  1.222076365425861e+06  -8.136291694384848e+05  1.428970669974524e+06  4.078392878018658e+06  -1.696177372194344e+06  1.122148859342925e-03  1.259333592162885e-03  -2.876162452653755e-03
  1.900000000000000e+01  -1.633664815156996e+06  1.224299793053597e+06  -8.231752134562889e+05  1.432977818366769e+06  4.080054084047892e+06  -1.696695941016772e+06  1.899726893179478e-03  1.162190717821840e-03  -2.322570979108500e-03
  1.910000000000000e+01  -1.633247591459363e+06  1.219361296326365e+06  -8.300910090414204e+05  1.438298810934917e+06  4.078945797635773e+06  -1.696001161598007e+06  2.512426945384042e-03  9.565823319421875e-04  -1.868080939643024e-03
  1.920000000000000e+01  -1.632072211570985e+06  1.210084683489145e+06  -8.321280815734835e+05  1.444709504260666e+06  4.076439278625356e+06  -1.692622656000224e+06  3.161997601909731e-03  7.942321017082463e-04  -1.649311513897740e-03
  1.930000000000000e+01  -1.632597843643090e+06  1.200570161642830e+06  -8.294247638466106e+05  1.450125915823995e+06  4.073961909929040e+06  -1.686684595762643e+06  3.705484813598898e-03  8.348361862178629e-04  -1.747105687306120e-03
  1.940000000000001e+01  -1.635870571216606e+06  1.193597172801590e+06  -8.244371021653200e+05  1.451704304453031e+06  4.072419624847241e+06  -1.680274040312609e+06  3.727694060810284e-03  1.111111414119653e-03  -2.157145418424980e-03
  1.950000000000001e+01  -1.640813640163721e+06  1.189887848440188e+06  -8.203278116725148e+05  1.448148234220236e+06  4.072440756632953e+06  -1.676260082625184e+06  2.976613972130521e-03  1.514706224009298e-03  -2.772471848613862e-03
  1.960000000000001e+01  -1.644991225926902e+06  1.188789385955726e+06  -8.193669384376582e+05  1.441476173521316e+06  4.074518295520126e+06  -1.676261366447643e+06  1.730903427064173e-03  1.902735475103659e-03  -3.379745879706326e-03
  1.970000000000001e+01  -1.646301804822251e+06  1.189158206316831e+06  -8.222331395879964e+05  1.436257390591444e+06  4.078700316440497e+06  -1.679437249925451e+06  7.094996825002809e-04  2.182571211678969e-03  -3.702924887952929e-03
  1.980000000000001e+01  -1.644403608160167e+06  1.189787534974070e+06  -8.281949346577961e+05  1.436447768686718e+06  4.084070186731241e+06  -1.683192184494580e+06  5.398542230043773e-04  2.276598677746967e-03  -3.481160952121921e-03
  1.990000000000001e+01  -1.640817211590842e+06  1.189627311183511e+06  -8.357924140021610e+05  1.442375834207182e+06  4.088735823501903e+06  -1.684985035312710e+06  1.249430192174487e-03  2.056441147611721e-03  -2.571014295187243e-03
