TITLE = "Temporal Signal for receiver number 03435"
VARIABLES = "Time","xx","yy","zz","xy","yz","xz","u","v","w"
# x1       3.613769910000e+05
# x2       4.738566320000e+06
# x3       -4.500000000000e+03
  0.000000000000000e+00  0.000000000000000e+00  0.000000000000000e+00  0.000000000000000e+00  0.000000000000000e+00  0.000000000000000e+00  0.000000000000000e+00  0.000000000000000e+00  0.000000000000000e+00  0.000000000000000e+00
  1.000000000000000e-01  0.000000000000000e+00  0.000000000000000e+00  0.000000000000000e+00  0.000000000000000e+00  0.000000000000000e+00  0.000000000000000e+00  0.000000000000000e+00  0.000000000000000e+00  0.000000000000000e+00
  2.000000000000000e-01  0.000000000000000e+00  0.000000000000000e+00  0.000000000000000e+00  0.000000000000000e+00  0.000000000000000e+00  0.000000000000000e+00  0.000000000000000e+00  0.000000000000000e+00  0.000000000000000e+00
  3.000000000000000e-01  0.000000000000000e+00  0.000000000000000e+00  0.000000000000000e+00  0.000000000000000e+00  0.000000000000000e+00  0.000000000000000e+00  0.000000000000000e+00  0.000000000000000e+00  0.000000000000000e+00
  4.000000000000000e-01  -1.098334974723114e-21  -3.524310654476849e-21  -1.899903032771308e-21  -4.423387985310993e-22  1.428994849584903e-21  3.212008320299921e-22  2.067890008175071e-29  2.912830183218880e-28  -1.177855806211473e-28
  5.000000000000000e-01  -4.222180227196904e-17  3.091750919270543e-17  -5.950700340621755e-17  -5.307072351641820e-18  4.040347163181196e-17  -3.273804088516533e-18  4.724373476024714e-25  -5.297490678415491e-24  -1.004130929682645e-23
  6.000000000000000e-01  -1.298226812743175e-15  -1.169302991300652e-13  -2.315384500406980e-14  -4.231781541559502e-15  8.627439312620008e-14  3.227877714531426e-14  3.325355124337610e-22  6.895933230660760e-21  -9.738653424730609e-21
  7.000000000000000e-01  -1.750518232837335e-12  1.646550899077802e-12  -2.720010295830709e-12  1.089445382236668e-13  -5.040254835322828e-12  7.095540761304680e-14  -1.178204033668619e-19  2.036352845649405e-19  3.861515695394864e-19
  7.999999999999999e-01  3.862507012820121e-11  1.068544503594240e-10  -1.518968468056863e-12  -1.370465140136389e-12  3.628793276369159e-11  -2.974767409244054e-11  5.782116298176925e-18  -1.636019867648003e-17  -3.360530421615930e-19
  8.999999999999999e-01  1.573499098960110e-09  1.368025185606294e-09  1.204337736952026e-09  3.373753286576260e-10  -2.317051857394630e-10  7.032100856403532e-10  -1.596144242802081e-16  -8.470794140952854e-17  -8.971308955128365e-17
  9.999999999999999e-01  4.084720421225570e-09  1.062811161022564e-08  1.091722604412430e-08  2.129852367702811e-09  2.166526111868746e-09  -1.704336238817494e-09  -3.296082489917160e-16  -1.853651214724645e-15  6.560337089575010e-16
  1.100000000000000e+00  -1.226265394292257e-07  -8.702706638185242e-08  -1.267324465517091e-07  -2.459119724988119e-08  -6.270164034102307e-08  -1.612479991830759e-07  1.965254105746656e-14  9.010033807742769e-15  1.454464034392050e-14
  1.200000000000000e+00  -1.410781130398597e-06  -1.967180941872240e-06  -2.011441454409415e-06  -4.344449028446085e-07  -4.656547867847511e-07  -7.252600410706318e-07  1.439324828019846e-13  1.946963802193255e-13  3.520292472210969e-14
  1.300000000000000e+00  -1.023261585084547e-05  -1.873326766208390e-05  -1.876042678729951e-05  -3.390349838582965e-06  -6.393101044075991e-06  -3.144624792327820e-06  8.604820531957952e-13  1.844244309058679e-12  5.588346947121987e-13
  1.400000000000000e+00  -6.723802611277092e-05  -1.391375229378280e-04  -1.263638928314689e-04  -2.039478274659996e-05  -6.045984906320142e-05  -2.010764208793453e-05  4.748688342862187e-12  1.461693190186905e-11  7.275712553575175e-12
  1.500000000000000e+00  -2.869371950010067e-04  -5.293442201960915e-04  -5.476533853510733e-04  -5.069820453580715e-05  -1.879959979925418e-04  -8.165160216094857e-05  1.653434278329322e-11  5.640259258443211e-11  4.029738723573949e-11
  1.600000000000000e+00  -3.376399827928919e-04  2.882981275108632e-06  -7.033800042292106e-04  7.123637371632776e-05  3.821467156219302e-04  1.834411866524844e-05  7.904047596559525e-12  -6.523575531616319e-12  4.578126646545312e-11
  1.700000000000000e+00  4.058873767196470e-04  2.236520392179371e-03  1.907133047950204e-03  5.013121941533290e-04  2.864916954890750e-03  7.013181656966952e-04  -9.740485907376777e-11  -3.599497569600029e-10  -2.162903637376137e-10
  1.800000000000000e+00  1.413207365939407e-03  -2.452112978430418e-05  4.497494021597123e-03  -4.727972634193049e-04  2.902543956477211e-03  1.262412636642049e-03  -1.540462122392991e-10  -1.420064277893876e-10  -3.569063525349898e-10
  1.900000000000001e+00  5.875742010724108e-03  4.909887218930035e-03  7.626859483755472e-03  4.365849911747887e-04  1.189340027974797e-02  5.972452341954843e-03  -3.152795735354656e-10  -4.504027021516181e-10  -1.562096007995243e-09
  2.000000000000000e+00  3.576534422574116e-02  8.944218837817992e-02  4.529114629625088e-02  2.635660802536413e-02  -5.964724867765533e-03  -3.223740209986839e-03  -3.117181873879615e-09  -9.197859303553888e-09  7.726809934765212e-10
  2.100000000000001e+00  -5.476230934695677e-02  -1.345285322832798e-01  -7.186960278350107e-02  -4.620075128139528e-02  6.735949368619035e-02  1.798185633385076e-02  5.359049085953190e-09  1.261382883907453e-08  -1.039916938155304e-08
  2.200000000000001e+00  -1.635205569088400e-01  -7.366217449635161e-02  -1.072194799608835e-01  -4.530201276277285e-02  -4.918635892194153e-01  -2.329282474830856e-01  1.861085894259047e-08  1.273479576310527e-08  6.052582264005573e-08
  2.300000000000001e+00  8.811910144699714e-01  5.993243308040545e-01  3.423945903129897e-01  3.883445172112968e-01  1.422304450815601e+00  7.745375612604086e-01  -9.402774378994313e-08  -6.512201931270555e-08  -1.682164301059264e-07
  2.400000000000001e+00  -3.799259265323749e+00  -5.262005102031631e+00  -2.808749135109962e+00  -2.023256092397158e+00  -4.319884068001927e+00  -2.119549796696826e+00  3.830408546617822e-07  5.275397490522554e-07  5.523665932571468e-07
  2.500000000000001e+00  -9.392375657523851e+01  -1.251548909920133e+02  -6.956380059383260e+01  -5.096465035140068e+01  -4.453092304305052e+01  -3.291669320473647e+01  8.759442076003815e-06  1.193283914904295e-05  5.018235859309858e-06
  2.600000000000001e+00  -2.889715906697683e+02  -3.886448844115226e+02  -1.860841095184417e+02  -1.686470616765785e+02  -1.471472241357847e+02  -1.084632524336035e+02  2.796447403337259e-05  3.759444310977281e-05  1.471001509090160e-05
  2.700000000000001e+00  -4.978554484329137e+02  -7.046416973181656e+02  -2.742527206164172e+02  -3.230879948266639e+02  -2.239145964109131e+02  -1.574368736717972e+02  4.929862619810882e-05  6.799194003717422e-05  1.773408096474572e-05
  2.800000000000001e+00  -6.431539404970395e+02  -9.698117590022762e+02  -3.148593529448929e+02  -4.646441927517043e+02  -1.791226511679317e+02  -1.020096885710110e+02  6.414799362624104e-05  9.236300750776234e-05  4.745507795640788e-06
  2.900000000000001e+00  -6.766902726137142e+02  -1.110170006434704e+03  -3.206370520845123e+02  -5.514606850166615e+02  -4.959831223857119e+01  1.858930599908669e+01  6.854383719787996e-05  1.040950668762965e-04  -1.468649584610699e-05
  3.000000000000001e+00  -6.851480294039649e+02  -1.244782530581581e+03  -3.201518879322907e+02  -6.351122902334911e+02  -1.647996429156770e+01  5.542746007824201e+01  7.281910063315634e-05  1.167557347730120e-04  -1.851201201006586e-05
  3.100000000000001e+00  -9.675106195833669e+02  -1.741705157616535e+03  -4.305136500444902e+02  -8.941858916872410e+02  -2.250613454519285e+02  -9.864892713407482e+01  1.057906498120038e-04  1.656793902152615e-04  3.119636157686087e-06
  3.200000000000002e+00  -2.006827562708052e+03  -3.241758788579041e+03  -9.854789262366943e+02  -1.606028459115931e+03  -6.580855831981871e+02  -4.163167908447144e+02  2.105629931506169e-04  3.094801535675404e-04  4.058663691156895e-05
  3.300000000000002e+00  -4.605568622817446e+03  -6.716614149983385e+03  -2.511103849882973e+03  -3.242167218010759e+03  -1.521850114162557e+03  -1.057830459902799e+03  4.659395689820093e-04  6.399592729461428e-04  1.150108462066711e-04
  3.400000000000002e+00  -1.050414621311784e+04  -1.443028622610731e+04  -5.982805490961759e+03  -6.884611967240012e+03  -3.645185705347182e+03  -2.706330676918742e+03  1.046790329083228e-03  1.380092775004319e-03  3.036681630448469e-04
  3.500000000000002e+00  -2.125569844525086e+04  -2.840337952542155e+04  -1.182715881503736e+04  -1.370539983890586e+04  -7.320999168742553e+03  -5.578067109905030e+03  2.112954061831026e-03  2.724971112162795e-03  6.016515036099114e-04
  3.600000000000002e+00  -3.907942732647563e+04  -5.147246040303588e+04  -2.090120368691681e+04  -2.531531954482295e+04  -1.213366096337310e+04  -9.377641509025705e+03  3.882616517260495e-03  4.938975494696787e-03  8.981800061454113e-04
  3.700000000000002e+00  -6.253444035616301e+04  -8.198644517171988e+04  -3.205898581686038e+04  -4.142680599756501e+04  -1.585035514707118e+04  -1.217691689198223e+04  6.234590612408059e-03  7.858669475344957e-03  9.250047792009549e-04
  3.800000000000002e+00  -9.055723154841503e+04  -1.191579163591990e+05  -4.462962242219479e+04  -6.183726716514567e+04  -1.711890168830126e+04  -1.284511350120923e+04  9.063079082797021e-03  1.140621302229928e-02  5.327001740139558e-04
  3.900000000000002e+00  -1.233519008683723e+05  -1.616728886792249e+05  -5.769500109586118e+04  -8.676122190380895e+04  -1.644157172423636e+04  -1.235318897097556e+04  1.244248799080015e-02  1.548544458058560e-02  -1.451647363367288e-04
  4.000000000000002e+00  -1.608501987305614e+05  -2.100418821420193e+05  -7.108410426348720e+04  -1.166465099726089e+05  -1.539081582018987e+04  -1.169363728168503e+04  1.637209899463262e-02  2.015391088908818e-02  -8.523198406529810e-04
  4.100000000000001e+00  -2.068150620209008e+05  -2.676089922427319e+05  -8.626446992631957e+04  -1.535428153046768e+05  -1.524079610007519e+04  -1.223770482429749e+04  2.122053408841169e-02  2.573282915414265e-02  -1.395831439196234e-03
  4.200000000000001e+00  -2.641476375077497e+05  -3.370511613827368e+05  -1.038957963759273e+05  -1.992144301457032e+05  -1.384768602383384e+04  -1.218908280968086e+04  2.726551874837011e-02  3.250991888123071e-02  -2.307085652687205e-03
  4.300000000000001e+00  -3.180982214676916e+05  -4.018671204674581e+05  -1.127908798497032e+05  -2.472012614545005e+05  -6.109670418377757e+03  -6.179551757173519e+03  3.316492704808210e-02  3.892963313108664e-02  -4.054001532045962e-03
  4.400000000000000e+00  -3.676991704459871e+05  -4.614316779787015e+05  -1.089333522333888e+05  -2.976332366657087e+05  6.474203996277220e+03  4.714135110066503e+03  3.880078883834195e-02  4.499842480324625e-02  -6.603312894232594e-03
  4.500000000000000e+00  -4.314232638744614e+05  -5.366404795076494e+05  -1.061867673877256e+05  -3.592304962129418e+05  1.939792052726358e+04  1.608138009756291e+04  4.587425360068922e-02  5.264827268930782e-02  -9.344022719173404e-03
  4.600000000000000e+00  -5.040223449160697e+05  -6.156041787001517e+05  -9.529784317537837e+04  -4.295703760402104e+05  3.762643984964139e+04  3.039785072896190e+04  5.400193124304795e-02  6.067184626542605e-02  -1.267014863179739e-02
  4.699999999999999e+00  -5.650116769572322e+05  -6.924761946717871e+05  -6.818169509282611e+04  -5.036666415863314e+05  6.220214249508778e+04  5.748021331559049e+04  6.108656527382614e-02  6.876853537807785e-02  -1.755087089076020e-02
  4.799999999999999e+00  -5.242232695093257e+05  -6.864949811766000e+05  3.564404937694027e+04  -5.442553783291989e+05  1.266636709640288e+05  1.335731547949005e+05  5.839723371880258e-02  6.897600516800537e-02  -2.831722490678884e-02
  4.899999999999999e+00  -4.526197567106788e+05  -6.536156054064517e+05  1.427153260722256e+05  -5.701151570365465e+05  1.976321520783170e+05  2.166645836740081e+05  5.244534350668335e-02  6.587447555263853e-02  -3.798382333109311e-02
  4.999999999999998e+00  -3.556518752669478e+05  -5.992978960918515e+05  2.472313069459864e+05  -5.834160033814741e+05  2.378739165884924e+05  2.629098574493942e+05  4.436021739564204e-02  6.033290499848636e-02  -4.008820532078219e-02
  5.099999999999998e+00  -3.166267649722392e+05  -5.885565157731359e+05  3.064056574662392e+05  -6.095487848263445e+05  2.502959837350494e+05  2.640080557167687e+05  4.127082698527873e-02  5.802956666160291e-02  -3.721108791254583e-02
  5.199999999999998e+00  -3.236639948276537e+05  -5.956411604479977e+05  3.195943212742069e+05  -6.397993863932565e+05  2.615396808020525e+05  2.592069733595261e+05  4.142027619557172e-02  5.622643935050145e-02  -3.342498062644627e-02
  5.299999999999997e+00  -3.307288803969678e+05  -5.665021232739567e+05  3.151150403672847e+05  -6.552174052754532e+05  2.532651028804077e+05  2.320843046630065e+05  4.130599962988904e-02  4.991682155852145e-02  -2.452736329972235e-02
  5.399999999999997e+00  -3.569691490456414e+05  -5.126681094165205e+05  3.024074234636912e+05  -6.624315643187533e+05  2.057467890310452e+05  1.612974812990887e+05  4.354935723274050e-02  4.152952595918597e-02  -9.476246475966591e-03
  5.499999999999996e+00  -4.016856928267893e+05  -4.693669039704317e+05  2.826058466899740e+05  -6.665807507956229e+05  1.426684438210663e+05  8.201371474079156e+04  4.705080151445008e-02  3.463517937077804e-02  5.753790106919648e-03
  5.599999999999996e+00  -4.572303801911614e+05  -4.769694684641949e+05  2.449667704831639e+05  -6.767134803132287e+05  1.035348936736885e+05  3.417389388165000e+04  5.127525215518134e-02  3.236120552205504e-02  1.390585694169694e-02
  5.699999999999996e+00  -4.968587951211491e+05  -5.022180124738275e+05  1.952894957870720e+05  -6.814253891225839e+05  9.969829789010255e+04  3.803575601548421e+03  5.341673284177756e-02  3.158366874107821e-02  1.837620828493202e-02
  5.799999999999995e+00  -4.902672266991103e+05  -4.909187820367506e+05  1.484324227816863e+05  -6.631968409079940e+05  1.036472180114702e+05  -3.860929980490719e+04  5.046645334147967e-02  2.699568092449548e-02  2.575869428846182e-02
  5.899999999999995e+00  -4.574445378744275e+05  -4.495212978859586e+05  1.090951079544048e+05  -6.286606367705237e+05  8.454378248520674e+04  -1.096376509508630e+05  4.540831954670764e-02  1.937694291023910e-02  3.688228410827791e-02
  5.999999999999995e+00  -4.047220367349368e+05  -4.083941539242382e+05  3.438542207671979e+04  -5.774914062853736e+05  1.719625482436145e+04  -2.459123517268826e+05  3.929272878363151e-02  1.085897666322456e-02  6.048008197135338e-02
  6.099999999999994e+00  -2.717391526187732e+05  -3.362567700249780e+05  -3.538503565600746e+04  -4.958412232671449e+05  -7.724925185876970e+04  -4.211289902037914e+05  2.790714134393572e-02  -1.010769880447828e-04  9.067743565174893e-02
  6.199999999999994e+00  -1.251180366913462e+05  -2.516259333069028e+05  -1.160423078339168e+04  -4.211054500975312e+05  -1.375649212760660e+05  -5.273766290484851e+05  1.774164841204005e-02  -9.088694613403470e-03  1.028719350060054e-01
  6.299999999999994e+00  -8.210343788527224e+04  -2.016303400430622e+05  6.479594956715118e+04  -3.901467031790057e+05  -1.257556305874683e+05  -4.935984214483146e+05  1.722809863656670e-02  -1.313923083508039e-02  9.049081133457773e-02
  6.399999999999993e+00  -1.102200920372379e+05  -1.741956641114095e+05  8.342637356119363e+04  -3.728034806427074e+05  -7.219819829626576e+04  -3.692968898007781e+05  2.035693906999372e-02  -1.649849126816154e-02  7.061794527689744e-02
  6.499999999999993e+00  -1.249174006101773e+05  -1.576690244110468e+05  3.590050223289690e+04  -3.452093286363332e+05  -1.825528041167441e+04  -2.377459369040940e+05  2.033984511031258e-02  -1.961405947998559e-02  5.389038209156896e-02
  6.599999999999993e+00  -1.389922613690497e+05  -1.865680825024661e+05  -3.789544916858013e+04  -3.373160567312181e+05  1.661805675191492e+04  -1.371072719644246e+05  2.119621973495084e-02  -1.670561723062450e-02  4.180667205885368e-02
  6.699999999999992e+00  -1.804730656889176e+05  -2.497742680131557e+05  -1.117940194162005e+05  -3.609781524004063e+05  2.960112625096322e+04  -7.229838479711465e+04  2.530607212908803e-02  -8.714813682114906e-03  3.584665507288542e-02
  6.799999999999992e+00  -1.985798246818317e+05  -2.920507225939617e+05  -1.354536786157001e+05  -3.890086010289196e+05  2.815459974761564e+04  -2.930765717143611e+04  2.722675327466647e-02  -1.455855653464338e-03  3.445012012856112e-02
  6.899999999999991e+00  -1.650065962624091e+05  -2.975060155958566e+05  -8.470046645377378e+04  -4.109666402195852e+05  1.967090810408835e+04  8.066532378396483e+03  2.606156843792190e-02  4.052816502230414e-03  3.503100615543574e-02
  6.999999999999991e+00  -1.147196088829512e+05  -2.691628506448600e+05  1.060609410681134e+04  -4.341418969275072e+05  5.661621808098650e+03  4.798586627250150e+04  2.617599698469819e-02  7.813776183186998e-03  3.850726994000591e-02
  7.099999999999991e+00  -6.599158637709849e+04  -1.917108728384834e+05  1.153877229626258e+05  -4.543138101002971e+05  -8.662285910655344e+03  9.385516661148578e+04  2.709829828234064e-02  6.962470260377551e-03  4.490305616643402e-02
  7.199999999999990e+00  -1.055166403871458e+04  -6.750090244948977e+04  1.896757364454233e+05  -4.515393471193587e+05  -2.103409581765003e+03  1.487892239216606e+05  2.506568957576322e-02  8.011987331455261e-05  4.841085561801511e-02
  7.299999999999990e+00  5.638027386949618e+04  5.468437952741935e+04  2.114500105768585e+05  -4.180367219739969e+05  4.286323318820712e+04  2.148043613136622e+05  1.873386853391255e-02  -8.463549427275917e-03  4.113233170820921e-02
  7.399999999999990e+00  1.181951691962569e+05  1.199468904660253e+05  2.092624635934327e+05  -3.794852748652642e+05  1.137069476761552e+05  2.789228261970177e+05  1.065378596389680e-02  -1.157259944903164e-02  2.299028119486031e-02
  7.499999999999989e+00  1.619799656249334e+05  1.236897652422644e+05  2.205581375072108e+05  -3.600706580874034e+05  1.853408277714416e+05  3.241964545416330e+05  2.768982157008517e-03  -8.336390862739140e-03  2.970292034878697e-03
  7.599999999999989e+00  2.084554084372314e+05  9.685323711536423e+04  2.469238253089135e+05  -3.441451914278475e+05  2.541941455552445e+05  3.644058335403862e+05  -6.541905140649758e-03  -4.577071767846369e-03  -1.252958913030227e-02
  7.699999999999989e+00  2.645366780038976e+05  4.979355168900609e+04  2.565650370634561e+05  -3.120115313698337e+05  3.235516368472990e+05  4.203685567334284e+05  -1.704477115133007e-02  -3.409889991858251e-03  -2.473776965537113e-02
  7.799999999999988e+00  3.007703324252825e+05  -7.452227175755283e+03  2.373385766251514e+05  -2.769772421896188e+05  3.842080505482121e+05  4.756052113935424e+05  -2.468218732101467e-02  -3.561162815094487e-03  -3.595510949411388e-02
  7.899999999999988e+00  2.922368591661662e+05  -5.139252217110428e+04  2.094898061660865e+05  -2.559999238102989e+05  4.189574977947771e+05  4.977872684440368e+05  -2.704417976852783e-02  -4.095330441170475e-03  -4.464187594116193e-02
  7.999999999999988e+00  2.461283448037467e+05  -7.856681936896678e+04  1.830211517986582e+05  -2.442489925015895e+05  4.161020445944719e+05  4.836125048760559e+05  -2.576180921718706e-02  -5.413751420516682e-03  -4.865476507084918e-02
  8.099999999999987e+00  1.997793516529074e+05  -8.818403179763058e+04  1.571775904291415e+05  -2.304818439688478e+05  3.885455860655078e+05  4.588412912751243e+05  -2.395293224238240e-02  -8.612702333563850e-03  -4.962310251263598e-02
  8.199999999999987e+00  1.852094788779342e+05  -7.215587865399646e+04  1.394621284435511e+05  -2.082927539079164e+05  3.686488202173174e+05  4.530237648892317e+05  -2.344417522414261e-02  -1.472972512326339e-02  -5.143105594332751e-02
  8.299999999999986e+00  1.944603154449441e+05  -4.902244529148427e+04  1.272532525192126e+05  -1.789266994540922e+05  3.748852068346897e+05  4.779504693247543e+05  -2.364752029100715e-02  -2.196106780407991e-02  -5.601334702814050e-02
  8.399999999999986e+00  1.918323411763235e+05  -4.731319314779530e+04  1.005440359350323e+05  -1.557322581439774e+05  3.969099857188733e+05  5.177217981936120e+05  -2.235250618909666e-02  -2.666180458416805e-02  -6.195998352497833e-02
  8.499999999999986e+00  1.648706286147376e+05  -5.096045636391493e+04  6.126512606141751e+04  -1.492374511727797e+05  4.101200673289892e+05  5.433591919835050e+05  -1.896909030499862e-02  -2.863954558382725e-02  -6.549904483104206e-02
  8.599999999999985e+00  1.312728364896847e+05  -2.506344292159961e+04  4.494864184811729e+04  -1.555820263047753e+05  3.947663872983183e+05  5.382740961001944e+05  -1.473712760572090e-02  -3.023442984954425e-02  -6.325395725441155e-02
  8.699999999999985e+00  1.046155027304513e+05  2.499441771091934e+04  7.625794267684958e+04  -1.671252534532649e+05  3.501009114636299e+05  5.110724382366664e+05  -1.035157210977583e-02  -3.197711157772156e-02  -5.607844850687443e-02
  8.799999999999985e+00  8.836339093820809e+04  6.630871571470714e+04  1.294578366389722e+05  -1.773803236065015e+05  2.947425222104750e+05  4.815858757657072e+05  -6.614617138920449e-03  -3.311235357387049e-02  -4.787491787463744e-02
  8.899999999999984e+00  9.459364380729636e+04  8.659439863305891e+04  1.613485976162477e+05  -1.763515493540436e+05  2.491803381639434e+05  4.581681280103144e+05  -6.028361142628756e-03  -3.401852837031530e-02  -4.125546225721404e-02
  8.999999999999984e+00  1.242186815253911e+05  9.049161233044726e+04  1.630369685247277e+05  -1.616097665419808e+05  2.148973506368298e+05  4.312534886629341e+05  -9.627982589934681e-03  -3.483956001743656e-02  -3.594085614402875e-02
  9.099999999999984e+00  1.291546508973263e+05  6.414395073626380e+04  1.393187531938721e+05  -1.503616923200695e+05  1.771435190426997e+05  3.876643121276203e+05  -1.281395526301413e-02  -3.367720906354400e-02  -3.057181821060428e-02
  9.199999999999983e+00  5.840129652608105e+04  -1.123871756856677e+04  8.500461967637483e+04  -1.590011256299103e+05  1.306886353268443e+05  3.349989389000948e+05  -9.999699604177759e-03  -2.940347376333165e-02  -2.562247407507081e-02
  9.299999999999983e+00  -6.101393051551440e+04  -1.167572846825396e+05  1.007404219976754e+04  -1.795296664553733e+05  8.852853633233394e+04  2.980143346476938e+05  -2.875932381708461e-03  -2.390494996164969e-02  -2.261528063936441e-02
  9.399999999999983e+00  -1.534343557713652e+05  -2.084330067576617e+05  -6.364937594779786e+04  -1.929033769468171e+05  6.174572887882058e+04  2.820470551240417e+05  1.721413106165444e-03  -1.920933170537393e-02  -2.080633731684350e-02
  9.499999999999982e+00  -1.851923689715476e+05  -2.643739811785806e+05  -1.204769292067934e+05  -1.933914801007019e+05  4.612907784206525e+04  2.639956057137686e+05  6.070191574926101e-04  -1.500929848339844e-02  -1.799565251678539e-02
  9.599999999999982e+00  -1.872030437571048e+05  -2.957366523786489e+05  -1.430793050865957e+05  -1.905342326685179e+05  3.396469840883277e+04  2.226076862971216e+05  -2.852678696795727e-03  -9.914454909378189e-03  -1.355099883109174e-02
  9.699999999999982e+00  -2.003071354624959e+05  -3.172623475194710e+05  -1.223356414647169e+05  -1.927999319896825e+05  2.539334187187510e+04  1.595874079447076e+05  -4.159336638215184e-03  -4.179500805057025e-03  -8.162110187137545e-03
  9.799999999999981e+00  -2.255577017244815e+05  -3.302202633845822e+05  -8.243968520663366e+04  -1.972258293216748e+05  2.286611256491782e+04  9.017584971188731e+04  -3.550532743393699e-03  4.212566801130048e-04  -2.580143070918552e-03
  9.899999999999981e+00  -2.349181552883316e+05  -3.334592876998410e+05  -6.505738751128061e+04  -1.950467296843144e+05  2.729233953491932e+04  2.768231981381199e+04  -4.784334796886985e-03  2.826079258988125e-03  1.730628771439898e-03
  9.999999999999980e+00  -2.144933608208772e+05  -3.337056163204879e+05  -9.267554284114316e+04  -1.836014283157923e+05  3.769772451175135e+04  -2.258944918320138e+04  -9.519085652229465e-03  3.434577194382117e-03  3.249815495691569e-03
  1.009999999999998e+01  -1.783152885724694e+05  -3.388159599518661e+05  -1.544917188759344e+05  -1.686196861848986e+05  4.561417248249290e+04  -6.294264737777557e+04  -1.576308693415210e-02  3.239367826574306e-03  2.695592512419601e-03
  1.019999999999998e+01  -1.454215453369977e+05  -3.489070586391855e+05  -2.161188097908190e+05  -1.574318742133679e+05  3.804410668416151e+04  -1.006507434626499e+05  -2.109381292961078e-02  3.229202269701309e-03  2.784326295782923e-03
  1.029999999999998e+01  -1.222090999685228e+05  -3.594585554353137e+05  -2.455988040200155e+05  -1.556130101408334e+05  1.224934764481740e+04  -1.408038012786034e+05  -2.478013901075931e-02  4.070664001811655e-03  5.054029759685959e-03
  1.039999999999998e+01  -1.107477443356123e+05  -3.687264327329592e+05  -2.392384944712287e+05  -1.671132506222211e+05  -2.093211801709523e+04  -1.808917026793570e+05  -2.663437703688476e-02  5.566794298298246e-03  8.492955629774365e-03
  1.049999999999998e+01  -1.161107281306735e+05  -3.791213941497939e+05  -2.181706889585188e+05  -1.911336114076913e+05  -5.202261688317037e+04  -2.147280044140164e+05  -2.601195124364957e-02  7.036895146982321e-03  1.182052135646306e-02
  1.059999999999998e+01  -1.359541136385314e+05  -3.922793355704807e+05  -2.004887260227981e+05  -2.197463115806137e+05  -7.969456016498458e+04  -2.371004162329012e+05  -2.305401127497829e-02  8.231543007729150e-03  1.532357849147190e-02
  1.069999999999998e+01  -1.556683159645760e+05  -4.028153365515719e+05  -1.842751141040028e+05  -2.436360090061562e+05  -1.023426699045990e+05  -2.452324152949541e+05  -1.918137590255622e-02  9.281560555588006e-03  1.945284344928907e-02
  1.079999999999998e+01  -1.624379592560368e+05  -4.027581120636264e+05  -1.585752361379842e+05  -2.589256979904532e+05  -1.143364471109917e+05  -2.402984532099271e+05  -1.565205630475332e-02  9.993165143725381e-03  2.306687179987333e-02
  1.089999999999998e+01  -1.583167127982419e+05  -3.947620470079087e+05  -1.253461836730343e+05  -2.656693597165326e+05  -1.122612344835410e+05  -2.244930388033722e+05  -1.301927165353977e-02  9.628747059860526e-03  2.429975680874125e-02
  1.099999999999998e+01  -1.518453399224116e+05  -3.892313955653658e+05  -9.718765183240613e+04  -2.649783864031238e+05  -9.992469254153912e+04  -2.002106834619233e+05  -1.167704748143437e-02  7.657440012422028e-03  2.267897762892833e-02
  1.109999999999998e+01  -1.441613066753486e+05  -3.881274683595129e+05  -7.510449464611543e+04  -2.621008312525437e+05  -8.598639617595304e+04  -1.749051091143089e+05  -1.153402090999885e-02  4.633462932471986e-03  1.991102079826200e-02
  1.119999999999998e+01  -1.330832824614089e+05  -3.857030627887493e+05  -4.489765142457140e+04  -2.667685119118521e+05  -7.757809624140699e+04  -1.568629252306138e+05  -1.143016345726432e-02  2.166172570941194e-03  1.845029398950407e-02
  1.129999999999998e+01  -1.223662227841983e+05  -3.815025530736586e+05  2.875154841350924e+03  -2.839381572742853e+05  -7.526376023985073e+04  -1.436769583414189e+05  -1.010790713795251e-02  1.852495126306575e-03  1.924970827394895e-02
  1.139999999999998e+01  -1.186854699149846e+05  -3.793734776306777e+05  5.958221366480597e+04  -3.072500142996024e+05  -7.357030381770086e+04  -1.249796974143001e+05  -7.683391410391846e-03  3.786576474788163e-03  2.132257884673541e-02
  1.149999999999998e+01  -1.232583063575414e+05  -3.768108538226145e+05  1.112022113265076e+05  -3.258413369822936e+05  -6.654691582119952e+04  -9.861467993364998e+04  -5.295171970937403e-03  6.177927700134616e-03  2.339677856486823e-02
  1.159999999999997e+01  -1.306391495533554e+05  -3.657251459259202e+05  1.557885313686545e+05  -3.347786880244552e+05  -5.288081034998946e+04  -7.460283532959921e+04  -3.668470148159881e-03  6.945113163376552e-03  2.498675591669675e-02
  1.169999999999997e+01  -1.348958450104349e+05  -3.437033200867324e+05  1.979466763981834e+05  -3.368909962446768e+05  -3.572131848561650e+04  -6.113678722484350e+04  -2.750100380805656e-03  5.614137045459685e-03  2.567859134734591e-02
  1.179999999999997e+01  -1.356404495912665e+05  -3.181407405600405e+05  2.312050000029579e+05  -3.369323064640531e+05  -1.829939993842627e+04  -5.438089957317815e+04  -2.291668572813067e-03  3.359451521728058e-03  2.446653989840790e-02
  1.189999999999997e+01  -1.367783870160945e+05  -2.968973658352545e+05  2.382209141672537e+05  -3.361626754661026e+05  -2.025452323542731e+02  -4.482306215226292e+04  -2.158455976236434e-03  1.318360648785517e-03  2.065199868689033e-02
  1.199999999999997e+01  -1.393161967052025e+05  -2.781371367321781e+05  2.128920257157572e+05  -3.322761952038981e+05  2.083016641345153e+04  -2.845263734866639e+04  -2.263950328995833e-03  -5.609652106522110e-04  1.518317255788653e-02
  1.209999999999997e+01  -1.380284442142860e+05  -2.534565214430887e+05  1.719632944738045e+05  -3.235029066414141e+05  4.418019001101180e+04  -8.524049497945658e+03  -2.627931753215480e-03  -2.796839011374362e-03  1.016674987914194e-02
  1.219999999999997e+01  -1.276599069226518e+05  -2.212524626051110e+05  1.377387985697891e+05  -3.119786650811327e+05  6.630992442394653e+04  1.077633957917895e+04  -3.341029830021137e-03  -5.128954830520798e-03  6.677655982480064e-03
  1.229999999999997e+01  -1.107831539025462e+05  -1.924858528051292e+05  1.169038326925732e+05  -3.022937467051158e+05  8.556500119375790e+04  2.890564843272755e+04  -4.340083353892304e-03  -6.641754866323647e-03  3.801346783054918e-03
  1.239999999999997e+01  -9.541057993010423e+04  -1.801984143055177e+05  1.015596578569213e+05  -2.970894933474535e+05  1.033518329351936e+05  4.742440709738179e+04  -5.447557887536002e-03  -6.927631464836385e-03  2.702374740901579e-04
  1.249999999999997e+01  -8.601652927868838e+04  -1.865343477180919e+05  8.579936808090190e+04  -2.954091523041093e+05  1.192858020959494e+05  6.581724085559139e+04  -6.526453725698975e-03  -6.411189070877416e-03  -3.668450406403427e-03
  1.259999999999997e+01  -8.149829556879406e+04  -2.028742715158350e+05  7.191894035104563e+04  -2.948421100305202e+05  1.302689906388168e+05  8.047230750156789e+04  -7.300428759519052e-03  -5.677161184297741e-03  -6.455699807094137e-03
  1.269999999999997e+01  -7.918004252824180e+04  -2.182443392288211e+05  6.470080267542639e+04  -2.938327086069478e+05  1.358719730591481e+05  8.920662380315116e+04  -7.194041046951548e-03  -4.973775699389422e-03  -7.048494666025417e-03
  1.279999999999997e+01  -7.609565158027499e+04  -2.252755868532804e+05  6.803652910830604e+04  -2.921795279920739e+05  1.406749034608048e+05  9.648108649931195e+04  -5.800691270087715e-03  -4.234508657413967e-03  -6.037659155345474e-03
  1.289999999999997e+01  -7.005951736044536e+04  -2.234225920908602e+05  8.231992467049453e+04  -2.905632309114173e+05  1.496891481379360e+05  1.107418996931188e+05  -3.343560203426353e-03  -3.237273128403079e-03  -4.844518721727918e-03
  1.299999999999997e+01  -6.413339993037925e+04  -2.193644232063117e+05  1.007267696072129e+05  -2.902137782758973e+05  1.628404433084170e+05  1.351066901308819e+05  -4.545548941485435e-04  -1.737736669859657e-03  -4.395967695070095e-03
  1.309999999999997e+01  -6.650493261179107e+04  -2.205771252430335e+05  1.122958996026199e+05  -2.920742610196293e+05  1.751908769199567e+05  1.626803656757581e+05  2.257867777932677e-03  1.919286218742448e-04  -4.672574591283905e-03
  1.319999999999997e+01  -8.125405522694626e+04  -2.270263558350916e+05  1.122227382305266e+05  -2.955705575287846e+05  1.817897267682073e+05  1.814635747093324e+05  4.382964938244109e-03  2.005908052538800e-03  -5.018524099424569e-03
  1.329999999999997e+01  -1.013122171027010e+05  -2.319085749630924e+05  1.069382609370512e+05  -2.986664157303093e+05  1.812557078991669e+05  1.843571429159165e+05  5.519493222251158e-03  3.191771538899960e-03  -4.711680993994175e-03
  1.339999999999997e+01  -1.145344237556752e+05  -2.308709952314737e+05  1.056258994798333e+05  -2.997671953665406e+05  1.759213096580412e+05  1.739724343639642e+05  5.362520920561034e-03  3.852044069531377e-03  -3.469025202751595e-03
  1.349999999999997e+01  -1.156592806177473e+05  -2.269614987006439e+05  1.090171932271068e+05  -2.993010177507889e+05  1.696737205538710e+05  1.584077622143404e+05  4.137736379546317e-03  4.464572244791155e-03  -1.668534326535846e-03
  1.359999999999997e+01  -1.098525953940750e+05  -2.251253863485223e+05  1.099513867131396e+05  -2.986360079937347e+05  1.645786834548490e+05  1.452140522511903e+05  2.605865933067820e-03  5.054452697791556e-03  -6.246521577287807e-05
  1.369999999999997e+01  -1.055989338613829e+05  -2.253723360982876e+05  1.032771751497375e+05  -2.981076614975254e+05  1.586686281913209e+05  1.377358489474859e+05  1.666720788144540e-03  5.038169441601118e-03  9.002228500019437e-04
  1.379999999999997e+01  -1.070937927270213e+05  -2.234773195499605e+05  9.274861750975477e+04  -2.970683454712597e+05  1.483026217227256e+05  1.354289873434053e+05  1.833549977784100e-03  4.018471229209022e-03  1.363293551790270e-03
  1.389999999999997e+01  -1.137589848645756e+05  -2.167750385589667e+05  8.660629492270759e+04  -2.955184591839734e+05  1.329827169676252e+05  1.362920638423941e+05  2.986215472578632e-03  2.426274393143408e-03  1.661577106051203e-03
  1.399999999999997e+01  -1.230790746389464e+05  -2.070991109144720e+05  8.812911113609206e+04  -2.946743745909555e+05  1.166946039262144e+05  1.374656660010799e+05  4.559193023032795e-03  1.204210271210575e-03  1.864503033088750e-03
  1.409999999999997e+01  -1.315134738163259e+05  -1.982030353721274e+05  9.223694815988134e+04  -2.952618510697711e+05  1.043788780750521e+05  1.355088382157282e+05  5.806364620616741e-03  8.724898600576325e-04  1.872775431006131e-03
  1.419999999999997e+01  -1.344195002102212e+05  -1.923927419654092e+05  9.064278767212406e+04  -2.961812519583858e+05  9.705038513121710e+04  1.284925426261902e+05  6.054957058981549e-03  1.187485315471400e-03  1.723368164308787e-03
  1.429999999999997e+01  -1.284333654378476e+05  -1.901990677344123e+05  7.972268003115348e+04  -2.959882994292411e+05  9.144108212011309e+04  1.181560290506374e+05  5.029297261011727e-03  1.676827893380622e-03  1.531459586800781e-03
  1.439999999999996e+01  -1.149934527103851e+05  -1.915515838977016e+05  6.349147201030306e+04  -2.950053200015286e+05  8.440782199885124e+04  1.090885697911195e+05  3.126393298805005e-03  2.148918307728436e-03  1.254718802687991e-03
  1.449999999999996e+01  -1.004254867334363e+05  -1.961615092437653e+05  4.924801801605506e+04  -2.950582518937645e+05  7.647784488270977e+04  1.042962361376920e+05  1.346821826424536e-03  2.633445075066525e-03  7.475699212452229e-04
  1.459999999999996e+01  -9.232110886358193e+04  -2.031530406163422e+05  4.095452781273999e+04  -2.973995553442229e+05  7.110785173428597e+04  1.018292129412595e+05  7.920549171403092e-04  3.079883630366780e-03  3.875974270609420e-05
  1.469999999999996e+01  -9.494615825094657e+04  -2.108966534194216e+05  3.783569323010355e+04  -3.011641137433167e+05  7.045564110822103e+04  9.752846781693384e+04  1.962320303713251e-03  3.367960988958911e-03  -6.416398322516153e-04
  1.479999999999996e+01  -1.066682016405138e+05  -2.178915963332111e+05  3.709164314368591e+04  -3.039854772072594e+05  7.347756248331745e+04  9.013250132056499e+04  4.306963193215906e-03  3.474577827636467e-03  -1.131518859072436e-03
  1.489999999999996e+01  -1.209257160287152e+05  -2.240184008628111e+05  3.682848132787793e+04  -3.044334892348756e+05  7.816278816858985e+04  8.233505932664369e+04  6.508878521941108e-03  3.591226110434487e-03  -1.560053449151408e-03
  1.499999999999996e+01  -1.300330716524919e+05  -2.307651297542455e+05  3.656179346623166e+04  -3.034455526813286e+05  8.361174508032370e+04  7.759906758677142e+04  7.361973025045762e-03  4.085558051599121e-03  -2.208675828931473e-03
  1.509999999999996e+01  -1.303347824911754e+05  -2.395225022044379e+05  3.498537737085287e+04  -3.031325066915655e+05  8.985830179139400e+04  7.684385401815984e+04  6.571112906396628e-03  5.100781583447020e-03  -3.107936125383882e-03
  1.519999999999996e+01  -1.250351904724579e+05  -2.489640976157086e+05  2.977419321169793e+04  -3.044208888222571e+05  9.586627643286178e+04  7.832539323311657e+04  4.933236442387282e-03  6.187629813302233e-03  -3.914922485698675e-03
  1.529999999999996e+01  -1.215294983799529e+05  -2.552695290282848e+05  1.971505906441882e+04  -3.059607846264170e+05  9.928940378779569e+04  7.994405420841984e+04  3.628602034298954e-03  6.502261695625359e-03  -4.231032060660772e-03
  1.539999999999996e+01  -1.252438438267781e+05  -2.557131669398667e+05  6.836992912422221e+03  -3.056181459638925e+05  9.863862165872211e+04  8.040775255060400e+04  3.207759246761295e-03  5.632827357116596e-03  -4.016662132562379e-03
  1.549999999999996e+01  -1.355278952965521e+05  -2.514551989122556e+05  -4.006190596776948e+03  -3.027489147761302e+05  9.507862999046539e+04  7.890674412124703e+04  3.253052159979779e-03  4.121037367731345e-03  -3.598338979419726e-03
  1.559999999999996e+01  -1.470612422408116e+05  -2.465150184270778e+05  -8.389180286316290e+03  -2.985038256413491e+05  9.143149408509146e+04  7.491838448743949e+04  2.955816074233209e-03  2.914005567822822e-03  -3.318236328940044e-03
  1.569999999999996e+01  -1.546206191311650e+05  -2.440335894668846e+05  -4.218022060208945e+03  -2.943221773124679e+05  8.886764888833382e+04  6.889799598934497e+04  1.955633379415158e-03  2.421417308053135e-03  -3.295353913415895e-03
  1.579999999999996e+01  -1.566926409480888e+05  -2.442838556538071e+05  7.348457268635684e+03  -2.908160100623893e+05  8.595419954689177e+04  6.274957172848394e+04  6.361394853229331e-04  2.196102740297367e-03  -3.323374815903006e-03
  1.589999999999996e+01  -1.550166656018514e+05  -2.457070446938953e+05  2.231987177706127e+04  -2.882604208850281e+05  8.037897941199598e+04  5.782579143525466e+04  -2.350301003554201e-04  1.623414676791524e-03  -3.053178247884998e-03
  1.599999999999996e+01  -1.515935167487967e+05  -2.465950830377074e+05  3.596972972617845e+04  -2.876683413451355e+05  7.185738644775387e+04  5.330035311242477e+04  -1.987923807638633e-04  6.595527379142075e-04  -2.327567752817045e-03
  1.609999999999996e+01  -1.467055803182220e+05  -2.461494203113635e+05  4.460192153503814e+04  -2.902959299471112e+05  6.296717949373561e+04  4.694503074870269e+04  4.871488875017648e-04  -2.349961664906666e-04  -1.265481532243131e-03
  1.619999999999996e+01  -1.390496836086645e+05  -2.447168603062919e+05  4.743262175376320e+04  -2.956064704817050e+05  5.632606292289531e+04  3.748958903984758e+04  1.024332142605750e-03  -6.512432565025395e-04  -1.273404189800775e-04
  1.629999999999996e+01  -1.276702942934147e+05  -2.434770211072000e+05  4.615773404235828e+04  -3.003982972470314e+05  5.291908925744809e+04  2.686792574439841e+04  6.140864170615230e-04  -7.351542023887055e-04  9.125756409949422e-04
  1.639999999999996e+01  -1.136167959898962e+05  -2.430697849443082e+05  4.264838791792781e+04  -3.005129230909260e+05  5.256125916772872e+04  1.992732000116107e+04  -9.358298850141784e-04  -1.061823725885560e-03  1.739685836737105e-03
  1.649999999999996e+01  -1.001033118474493e+05  -2.424352882566780e+05  3.738457894259652e+04  -2.940578735453400e+05  5.506615055113540e+04  2.177570870334605e+04  -3.026374412832332e-03  -2.070837755395682e-03  2.103927237741527e-03
  1.659999999999997e+01  -9.121796729738510e+04  -2.399754749729830e+05  2.980156642072048e+04  -2.836449714908261e+05  6.039990918346801e+04  3.389073917968144e+04  -4.653990561113966e-03  -3.621733137459028e-03  1.748823387022641e-03
  1.669999999999997e+01  -8.930121824527773e+04  -2.356741704964046e+05  2.082455984106380e+04  -2.751153778721584e+05  6.751843668501763e+04  5.196731847025962e+04  -5.077397782838599e-03  -4.975894747040186e-03  7.829569125358282e-04
  1.679999999999997e+01  -9.315570393628320e+04  -2.318681201374706e+05  1.406616549039002e+04  -2.735607876480509e+05  7.455338094473185e+04  6.787303430796824e+04  -4.308417880165167e-03  -5.358987656734170e-03  -1.763914572187286e-04
  1.689999999999997e+01  -9.890141941246029e+04  -2.315032032335806e+05  1.366999630000085e+04  -2.798372886607706e+05  8.015134047146438e+04  7.497707412925808e+04  -3.041164818444678e-03  -4.583628334759992e-03  -4.458347268284661e-04
  1.699999999999997e+01  -1.028376544138457e+05  -2.354494101154538e+05  2.002941000901887e+04  -2.899838239178400e+05  8.452941974755615e+04  7.287845274652651e+04  -2.126984833567918e-03  -3.207318475878067e-03  9.478184965458748e-05
  1.709999999999997e+01  -1.036356309960485e+05  -2.416983725090953e+05  2.926877557100954e+04  -2.982440865397524e+05  8.878361395965039e+04  6.703206166993217e+04  -2.032788043943409e-03  -2.072897782395146e-03  8.462547261524386e-04
  1.719999999999997e+01  -1.021590561973929e+05  -2.466609066693699e+05  3.611764155199746e+04  -3.006525292933732e+05  9.388765446211051e+04  6.443648213651247e+04  -2.636083083996827e-03  -1.710704625121967e-03  1.059999165918233e-03
  1.729999999999998e+01  -1.000953493471409e+05  -2.476786169404726e+05  3.854796168712300e+04  -2.970069555911521e+05  9.977873100117233e+04  6.885174494798103e+04  -3.398456506114506e-03  -2.018214754077838e-03  5.168492156478714e-04
  1.739999999999998e+01  -9.880291860399788e+04  -2.445291014391600e+05  3.862193313725551e+04  -2.900419359090200e+05  1.057327608854682e+05  7.970337997454288e+04  -3.736431456579361e-03  -2.460372483011898e-03  -2.957022427523164e-04
  1.749999999999998e+01  -9.870843180632171e+04  -2.391155307965367e+05  3.991307939488439e+04  -2.833389818004956e+05  1.109287994593387e+05  9.367861225525805e+04  -3.353853360656821e-03  -2.542621056754329e-03  -6.961246648714630e-04
  1.759999999999998e+01  -9.928604403953532e+04  -2.337852142804156e+05  4.456358726821742e+04  -2.795207519744487e+05  1.149243868311910e+05  1.074878490158153e+05  -2.399958113033474e-03  -2.178331472945146e-03  -4.675575507902043e-04
  1.769999999999998e+01  -9.962606838578438e+04  -2.298442980305995e+05  5.150882100351255e+04  -2.793975752482523e+05  1.178132481922098e+05  1.192998503434387e+05  -1.335439658975995e-03  -1.719472363905999e-03  -2.208380266901263e-05
  1.779999999999998e+01  -9.935409345196486e+04  -2.274588260787816e+05  5.730612020372869e+04  -2.822297547813841e+05  1.197048313956566e+05  1.282105249402584e+05  -6.146703887978911e-04  -1.643826465323274e-03  -2.084195923135400e-06
  1.789999999999998e+01  -9.927833327564420e+04  -2.263029518447658e+05  5.847959345596631e+04  -2.863942357459808e+05  1.204708915943627e+05  1.335914463500551e+05  -4.035715773313030e-04  -2.164842114014592e-03  -6.809059558056381e-04
  1.799999999999999e+01  -1.008886841393552e+05  -2.260235656383486e+05  5.359226458144357e+04  -2.901801591875471e+05  1.197951224377834e+05  1.345954511203055e+05  -4.661187443303945e-04  -3.069569786481261e-03  -1.726191582104670e-03
  1.809999999999999e+01  -1.050844918585072e+05  -2.264714553037132e+05  4.435562350013659e+04  -2.924394007087462e+05  1.173298809708502e+05  1.307384292013021e+05  -3.833270540614102e-04  -3.868397924752257e-03  -2.486175593722848e-03
  1.819999999999999e+01  -1.110348300916629e+05  -2.276157628062361e+05  3.485834839402494e+04  -2.928238938258255e+05  1.130851680945686e+05  1.229067066839862e+05  7.583490821635074e-05  -4.089352651517668e-03  -2.468948648809120e-03
  1.829999999999999e+01  -1.159911931629942e+05  -2.294128388076797e+05  2.899523395166810e+04  -2.917676646902937e+05  1.075847728403335e+05  1.131636056037315e+05  7.508797438623824e-04  -3.544733710891266e-03  -1.652128309907428e-03
  1.839999999999999e+01  -1.166848366984812e+05  -2.314948560852637e+05  2.819551628098641e+04  -2.900957970577928e+05  1.018160268149444e+05  1.039853263169592e+05  1.200711303094111e-03  -2.430077879045590e-03  -4.180533388103501e-04
  1.849999999999999e+01  -1.115629467701711e+05  -2.327920025914520e+05  3.088330168817364e+04  -2.885016618695717e+05  9.697098421955573e+04  9.739632791023151e+04  1.101212493614632e-03  -1.204693230519640e-03  7.404412149274848e-04
  1.859999999999999e+01  -1.021119870772317e+05  -2.320299859735831e+05  3.379476570055451e+04  -2.872685052997736e+05  9.376388330287796e+04  9.438470723091828e+04  5.706384342829153e-04  -3.442544859883416e-04  1.471214485635511e-03
  1.870000000000000e+01  -9.232431525546066e+04  -2.287354550701489e+05  3.466332366372808e+04  -2.862621186956785e+05  9.181309461916145e+04  9.499856647195417e+04  1.192389185722080e-04  -7.021566468402851e-05  1.654534975241576e-03
  1.880000000000000e+01  -8.651129725578189e+04  -2.239045124628957e+05  3.406722171902294e+04  -2.852931989029063e+05  8.981793037775652e+04  9.837853034808414e+04  2.691764361693376e-04  -2.584979862241911e-04  1.387089756891185e-03
  1.890000000000000e+01  -8.686019037279938e+04  -2.197728477570849e+05  3.510573517158146e+04  -2.845730735903412e+05  8.631941735872591e+04  1.024947950931989e+05  1.135227746870214e-03  -5.623263082477178e-04  9.103578526553287e-04
  1.900000000000000e+01  -9.264154951273977e+04  -2.184978494769637e+05  4.128509180360848e+04  -2.847475565688438e+05  8.073988632590938e+04  1.046756058014573e+05  2.288867492079337e-03  -6.328364147777193e-04  4.893956228388899e-04
  1.910000000000000e+01  -1.012575815001877e+05  -2.209370453264528e+05  5.345029539016251e+04  -2.865041784827650e+05  7.406332006235514e+04  1.027903141709009e+05  3.038816012568891e-03  -3.497842314030059e-04  2.997114444210817e-04
  1.920000000000000e+01  -1.098703575588796e+05  -2.262003509981373e+05  6.868932155649872e+04  -2.899706762714651e+05  6.809117195410673e+04  9.648908428213566e+04  2.900978971069812e-03  1.257190875772072e-04  3.265872725085572e-04
  1.930000000000000e+01  -1.166236390345513e+05  -2.322024948538178e+05  8.183962159409598e+04  -2.943356962062762e+05  6.425565045370828e+04  8.786194680073128e+04  1.902659366099042e-03  4.741606043473989e-04  3.873542942003494e-04
  1.940000000000001e+01  -1.208931907454651e+05  -2.370152661624408e+05  8.809207413591136e+04  -2.981952560233269e+05  6.285768494002559e+04  8.024842796044615e+04  5.570936983413361e-04  4.548269951315284e-04  2.888832449050760e-04
  1.950000000000001e+01  -1.227904625412765e+05  -2.397586444731109e+05  8.591531374807243e+04  -3.003262706124278e+05  6.326347971938143e+04  7.640373075066245e+04  -4.958064783495270e-04  1.260986728598552e-04  -4.356584377237880e-05
  1.960000000000001e+01  -1.227621158049647e+05  -2.408298564977939e+05  7.733420204649463e+04  -3.002476509013731e+05  6.501711446931963e+04  7.718593013038568e+04  -8.895999224664285e-04  -1.797880671902681e-04  -4.706397376579241e-04
  1.970000000000001e+01  -1.213818050650947e+05  -2.413578013667040e+05  6.639468810759329e+04  -2.983153474697830e+05  6.810543016156358e+04  8.101063003361989e+04  -6.742758257898693e-04  -8.289592739790448e-05  -7.031734018516692e-04
  1.980000000000001e+01  -1.193471992217165e+05  -2.422116418257089e+05  5.713970548039234e+04  -2.953061747560181e+05  7.239284235175159e+04  8.481819383053419e+04  -1.984837790847401e-04  5.707091690525917e-04  -4.865051645253558e-04
  1.990000000000001e+01  -1.174935692788420e+05  -2.434236689486858e+05  5.159034842241520e+04  -2.919241450845755e+05  7.714746499821618e+04  8.561730579841595e+04  1.764782938702767e-04  1.589269081733646e-03  2.472125993125950e-04
