TITLE = "Temporal Signal for receiver number 03326"
VARIABLES = "Time","xx","yy","zz","xy","yz","xz","u","v","w"
# x1       3.541562710000e+05
# x2       4.735122240000e+06
# x3       -3.000000000000e+03
  0.000000000000000e+00  0.000000000000000e+00  0.000000000000000e+00  0.000000000000000e+00  0.000000000000000e+00  0.000000000000000e+00  0.000000000000000e+00  0.000000000000000e+00  0.000000000000000e+00  0.000000000000000e+00
  1.000000000000000e-01  0.000000000000000e+00  0.000000000000000e+00  0.000000000000000e+00  0.000000000000000e+00  0.000000000000000e+00  0.000000000000000e+00  0.000000000000000e+00  0.000000000000000e+00  0.000000000000000e+00
  2.000000000000000e-01  0.000000000000000e+00  0.000000000000000e+00  0.000000000000000e+00  0.000000000000000e+00  0.000000000000000e+00  0.000000000000000e+00  0.000000000000000e+00  0.000000000000000e+00  0.000000000000000e+00
  3.000000000000000e-01  -3.308790545900397e-10  -8.229749362238266e-10  -3.956241802895722e-10  8.189084132415528e-11  -1.651933956402023e-10  9.361272006419409e-12  -1.483176582614337e-17  9.529685411338321e-17  2.028654476408562e-17
  4.000000000000000e-01  -5.043671814380686e-07  -7.571414047818742e-07  -8.160751811675518e-07  7.511422069320841e-07  1.445911915094112e-06  1.808742793527277e-07  -6.480790648391986e-14  6.332741545668087e-14  -7.310657844535564e-14
  5.000000000000000e-01  4.607897916337200e-06  -7.849390268837474e-05  1.602030990758431e-05  -8.569111400417037e-05  -6.558123001088544e-05  2.545643990829161e-05  5.875850776185355e-12  2.570909158834388e-12  7.852549579550656e-12
  6.000000000000000e-01  -8.935893271901793e-04  -4.226090069657222e-04  -3.771080052888337e-05  -1.506922021333431e-04  -2.388301797140703e-04  -1.722575597787073e-04  -4.156030752764315e-11  2.543899146481103e-11  -5.949789149703041e-11
  7.000000000000000e-01  -7.666016161700154e-03  -6.843620250599639e-03  -1.327240021169875e-03  2.582726431029913e-05  -9.909332191986283e-04  -2.175833764638388e-03  -3.253378087098215e-10  5.307472729774905e-10  -5.548850175017756e-10
  7.999999999999999e-01  -4.314556685984552e-02  -9.284916884424202e-02  -3.240646674707612e-02  -1.647230012053038e-02  -1.301889301443004e-02  -2.315711080968511e-03  4.684906402754851e-10  5.978888117016293e-09  4.996695656606594e-10
  8.999999999999999e-01  6.686697534244901e-02  -3.589922121682795e-02  -3.561386724165864e-02  -4.524297139569596e-02  -4.724725450383721e-02  4.646435229414318e-02  7.002791555160012e-09  3.096240385769235e-09  7.536647163287560e-09
  9.999999999999999e-01  4.140937703795354e-01  1.196388630373557e+00  5.024994377785678e-01  -4.973744723590928e-02  2.436784178820763e-01  -5.639032094705455e-02  1.032313471179716e-08  -1.020975828020738e-07  -2.646972013813392e-08
  1.100000000000000e+00  -1.255143322190765e+00  -3.457544095489759e+00  -9.613831213960154e-01  -2.645292237748553e-02  -8.025096453934629e-01  4.571741398782474e-02  -2.169135926830394e-08  2.778815466947845e-07  7.554127400804962e-08
  1.200000000000000e+00  4.369310821230004e+00  1.028261303699870e+01  3.382651659050147e+00  8.739142848341813e-02  1.948588275973145e+00  2.021681304441427e-01  7.258040160745130e-08  -8.379909267166895e-07  -1.117395055461249e-07
  1.300000000000000e+00  -1.012046803747057e+01  -2.783047062903281e+01  -8.777782350425047e+00  2.450610696370790e+00  -5.303774029528793e+00  9.397756052129662e-02  -2.793164458222349e-07  2.369232418362045e-06  4.570418556987103e-07
  1.400000000000000e+00  2.916276382072702e+01  8.481956975901491e+01  2.632266124024707e+01  -2.717387981592777e+00  1.810204085883162e+01  -5.511629059751785e-01  5.562751700503700e-07  -7.073986416378243e-06  -1.887213723493113e-06
  1.500000000000000e+00  -1.533800359903956e+02  -5.189787390473801e+02  -1.277895430502964e+02  1.116997859291418e+00  -3.024817791163532e+01  1.606210887205798e+01  -1.647897262998318e-06  4.132632241344230e-05  1.314806572218984e-06
  1.600000000000000e+00  -4.263325863366123e+02  -1.719844852355995e+03  -4.563967366708661e+02  5.373699796772034e+01  -2.145918294737203e+02  3.534621135108480e+01  -8.792068379592358e-06  1.365319044187186e-04  2.172000626002778e-05
  1.700000000000000e+00  -4.139686292684928e+02  -2.580564517952847e+03  -4.835921320806308e+02  3.114836225079205e+02  -3.941985427840722e+02  9.045890446669465e+01  -3.889637772971679e-05  1.972714307522478e-04  3.788409753618846e-05
  1.800000000000000e+00  -8.963695294495189e+01  -2.770501955086889e+03  -1.568224319139144e+01  7.228474565679739e+02  -4.047275251410765e+02  1.671464190598411e+02  -8.638174926850226e-05  1.972042551338803e-04  2.419157534740399e-05
  1.900000000000001e+00  -3.096622352049961e+01  -3.574484649480498e+03  2.143036030170695e+02  9.162177177836016e+02  -6.489672531699925e+02  1.335440836879900e+02  -9.544059793666053e-05  2.425792639604753e-04  3.570035889112800e-05
  2.000000000000000e+00  -2.280048516032669e+02  -5.690673393541013e+03  1.308934097606163e+02  1.110220125214417e+03  -1.153360825876720e+03  1.234938706733610e+02  -9.630668169289271e-05  3.958728897314407e-04  7.115750704085865e-05
  2.100000000000001e+00  -3.359984578105569e+02  -9.108418359531248e+03  2.761726702805878e+02  2.066551842876641e+03  -1.573607535625151e+03  3.014473463137937e+02  -2.004071263902731e-04  6.423871123961729e-04  7.257455186247847e-05
  2.200000000000001e+00  -1.486067839264780e+03  -1.746464199101629e+04  -5.524524638190940e+02  3.445910876150497e+03  -2.788929534258355e+03  4.770821851792199e+02  -3.375628858627442e-04  1.269377966440199e-03  1.508118015567301e-04
  2.300000000000001e+00  -6.315158104402214e+03  -3.833183888926473e+04  -5.075592041987253e+03  3.991533959645751e+03  -5.837631605505992e+03  5.669891354982831e+01  -3.382652629158021e-04  2.859675617877587e-03  4.237587462827632e-04
  2.400000000000001e+00  -1.915288271742856e+04  -9.177822462885102e+04  -1.973256330819106e+04  2.463316499750250e+03  -1.362686605555803e+04  -1.483396152360628e+03  -3.029668657214016e-06  6.990635500019344e-03  1.348784331912426e-03
  2.500000000000001e+00  -4.170194556598439e+04  -2.013272821214214e+05  -4.570937534720878e+04  8.609221474037100e+02  -2.860370720630545e+04  -2.579250769363119e+03  2.515199381979205e-04  1.546124267789935e-02  2.961227728610617e-03
  2.600000000000001e+00  -6.689548199905088e+04  -3.748029666843525e+05  -7.467548719638986e+04  1.253270181198200e+04  -4.363330014723672e+04  -3.680795828329353e+03  -1.359426157932096e-03  2.859986850570795e-02  4.098685052875816e-03
  2.700000000000001e+00  -8.812346910884800e+04  -6.121521562607584e+05  -1.005923995501768e+05  1.734787967315696e+04  -5.732107300485947e+04  -1.931368349168094e+04  -1.808015852441011e-03  4.597858854072855e-02  4.621477171249318e-03
  2.800000000000001e+00  -1.171967118933492e+05  -9.341723963235895e+05  -1.366444176353597e+05  -3.693100310232618e+04  -1.130325805342199e+05  -4.413794717574677e+04  4.901431581955999e-03  6.938158745756287e-02  1.084575021618679e-02
  2.900000000000001e+00  -1.244637558560768e+05  -1.365462577622097e+06  -1.407258329950279e+05  -2.420318716414757e+04  -1.343931045972117e+05  -5.762585632871906e+04  6.507960901166050e-04  1.005827018959265e-01  1.157511374037722e-02
  3.000000000000001e+00  -1.131854838203883e+05  -1.918722029667014e+06  -1.298750614869014e+05  6.884598831107699e+03  -6.093608749582752e+04  -1.052364723382760e+05  -6.243964823086863e-03  1.403326649519118e-01  -1.232463360489019e-03
  3.100000000000001e+00  -1.638280447051040e+05  -2.391873756546823e+06  -1.623194796167117e+05  -3.588567035203986e+05  -6.914532235045203e+04  -1.966405963901338e+05  3.990195636266873e-02  1.727480195644852e-01  4.439633607495702e-03
  3.200000000000002e+00  -4.790120051375277e+05  -2.509610442812035e+06  -2.830395329010911e+05  -1.213965842785736e+06  -4.240976602980509e+05  -3.562348828432120e+05  1.563581168463308e-01  1.786662208969107e-01  6.761448875651790e-02
  3.300000000000002e+00  -1.112891525561649e+06  -2.287792497437570e+06  -4.278134726927365e+05  -2.068604749559014e+06  -1.029518598627943e+06  -5.909060000396073e+05  2.792273725209543e-01  1.639551906302176e-01  1.661150610789423e-01
  3.400000000000002e+00  -1.314500579797711e+06  -1.821193869064688e+06  -3.217565714322076e+05  -2.314997658402436e+06  -1.454511475981773e+06  -8.073554425508470e+05  2.994605954327250e-01  1.281056697088238e-01  2.298703129819721e-01
  3.500000000000002e+00  -9.451534851950961e+05  -1.493990328844602e+06  -6.597329906106346e+04  -2.002868131646836e+06  -1.506047169709465e+06  -9.937284188306062e+05  2.280314112255023e-01  9.672147526796004e-02  2.367987165020393e-01
  3.600000000000002e+00  -7.706511355283879e+05  -1.670468047269339e+06  -9.414531485947964e+04  -1.617608874875680e+06  -1.363600020740984e+06  -1.211470716611068e+06  1.724031063421774e-01  9.085890582919694e-02  2.199423586469906e-01
  3.700000000000002e+00  -3.113846340751576e+05  -1.942427245493895e+06  -3.514768883128119e+05  -1.330286376532035e+06  -1.179418572708989e+06  -1.124561500951133e+06  1.166959252898642e-01  8.886753651055374e-02  1.584735072584229e-01
  3.800000000000002e+00  3.059621725133805e+05  -2.041172289429668e+06  -5.394456546523918e+05  -1.164914119465646e+06  -9.682637568751754e+05  -6.538721440293586e+05  6.774731136712410e-02  7.770897487577322e-02  5.607587115708075e-02
  3.900000000000002e+00  7.295297439590985e+05  -1.923986389434431e+06  -4.368895668969688e+05  -1.078894331588455e+06  -7.403146713456815e+05  -1.481156377077338e+05  4.139038873838738e-02  6.016508865321126e-02  -2.953077084153679e-02
  4.000000000000002e+00  8.200961545834793e+05  -1.826324614132719e+06  -2.439459163737907e+05  -1.061415897269852e+06  -6.372059136969544e+05  1.013249813902979e+05  4.310747440598005e-02  5.053996536624600e-02  -5.748257896706357e-02
  4.100000000000001e+00  7.417428231193034e+05  -1.744424514222119e+06  -1.638846307017300e+05  -1.098741288774793e+06  -6.289842916893566e+05  6.415107454871255e+04  5.262853273619113e-02  4.320387704330468e-02  -4.523343013328089e-02
  4.200000000000001e+00  6.719632714257007e+05  -1.662230323233834e+06  -2.534385859735519e+05  -1.125566614134213e+06  -6.292391280511632e+05  -7.726904140024270e+04  5.646894465228922e-02  2.632515697720698e-02  -2.679415577386050e-02
  4.300000000000001e+00  6.117831256972352e+05  -1.573925084490077e+06  -3.931522933224353e+05  -1.094760364312270e+06  -5.659633203340042e+05  -9.625126944048540e+04  6.300350105584238e-02  2.704725294651068e-03  -1.724874481239804e-02
  4.400000000000000e+00  5.356273966406074e+05  -1.489686440880436e+06  -5.010169773291052e+05  -1.038615601560782e+06  -4.126585107259254e+05  3.105870851408097e+04  7.318744578607726e-02  -1.771635522194573e-02  -1.903763080466302e-02
  4.500000000000000e+00  4.209362521470480e+05  -1.552351049226563e+06  -5.937997497162170e+05  -1.039833544361810e+06  -1.969449326222129e+05  2.127924422700375e+05  7.739849100840415e-02  -1.649151805436958e-02  -4.318129301904783e-02
  4.600000000000000e+00  3.166302239921656e+05  -1.869540441135944e+06  -7.198851752253025e+05  -1.109740975759444e+06  1.274034424834541e+04  3.694212864127806e+05  7.336968809442219e-02  1.418799193074985e-02  -7.401038134154680e-02
  4.699999999999999e+00  3.182000948855091e+05  -2.256696579241269e+06  -8.157517618497782e+05  -1.161824340407784e+06  1.461352758671954e+05  4.643882359309033e+05  6.324620315175009e-02  4.698535767856842e-02  -9.089324398388995e-02
  4.799999999999999e+00  3.700920092728296e+05  -2.468641426737310e+06  -8.636354951656694e+05  -1.170600577529960e+06  1.928536032666850e+05  5.034890312653578e+05  5.351027174591939e-02  5.977767421552099e-02  -8.994909552977243e-02
  4.899999999999999e+00  4.687506506635676e+05  -2.425795505116593e+06  -9.472567022113538e+05  -1.165410729218419e+06  2.197000611331195e+05  5.495912175817726e+05  4.314829520814400e-02  5.277690190770312e-02  -8.161029632096783e-02
  4.999999999999998e+00  6.464638600662212e+05  -2.254308228097611e+06  -1.115560004867307e+06  -1.137520665972392e+06  2.389912581358184e+05  6.664792966148553e+05  2.814791455615268e-02  3.573019191917021e-02  -7.220817494267352e-02
  5.099999999999998e+00  8.259101167866850e+05  -2.098073154900628e+06  -1.277716013528186e+06  -1.059503681006542e+06  2.457968801625733e+05  8.148007489656274e+05  6.714543480190944e-03  1.619631214648131e-02  -5.324290566106779e-02
  5.199999999999998e+00  9.273341009654080e+05  -2.009443064137066e+06  -1.352479468508829e+06  -9.661782200142290e+05  2.774800193550728e+05  8.792059119613570e+05  -1.758145661915827e-02  3.732902249729667e-03  -2.845722343274458e-02
  5.299999999999997e+00  9.470070471306699e+05  -1.987140511098276e+06  -1.348223633741033e+06  -9.362938314213209e+05  3.172480172526589e+05  8.282291738073834e+05  -2.811079654583107e-02  1.195805042620885e-03  -1.382627557544962e-02
  5.399999999999997e+00  9.155676453238422e+05  -1.987339603134584e+06  -1.324919707844177e+06  -1.006485079687469e+06  3.275409782813995e+05  7.787435564092760e+05  -9.513806036288607e-03  1.541063374446849e-03  -1.466188923304212e-02
  5.499999999999996e+00  8.928318748701278e+05  -1.971112308386471e+06  -1.354191787655151e+06  -1.136126350514702e+06  3.123807646332521e+05  8.160227534204567e+05  2.681645439719127e-02  -1.762293220497239e-03  -2.300548703057041e-02
  5.599999999999996e+00  9.087583028318903e+05  -1.955236702497216e+06  -1.410140741215080e+06  -1.257560977070737e+06  2.832478786795884e+05  8.947940654813228e+05  5.266564323514295e-02  -1.159978935444879e-02  -2.906437182938659e-02
  5.699999999999996e+00  9.244062103606088e+05  -1.954707298563846e+06  -1.360725694249069e+06  -1.342726933143535e+06  2.226207052500265e+05  9.462067321181073e+05  5.914761917185291e-02  -1.991497827385978e-02  -2.669858184697361e-02
  5.799999999999995e+00  9.436344011783090e+05  -1.919985358131249e+06  -1.146744395454639e+06  -1.396407477762386e+06  1.279232830094997e+05  9.135328137727113e+05  5.208445887752514e-02  -2.554330965029411e-02  -1.582763311202716e-02
  5.899999999999995e+00  9.495314244128264e+05  -1.862552004777329e+06  -9.456395831099753e+05  -1.395654218044539e+06  3.831770765438209e+04  8.101112900766426e+05  3.829801206781480e-02  -3.566197546784432e-02  -6.692292902010289e-03
  5.999999999999995e+00  9.233152779017002e+05  -1.814318792509251e+06  -8.585298778730510e+05  -1.334981994266937e+06  -1.336218481152053e+04  7.054908133754650e+05  2.457854771832119e-02  -4.813746088310525e-02  -9.901493828519308e-04
  6.099999999999994e+00  8.803592474814077e+05  -1.804472192395506e+06  -8.249486083126678e+05  -1.273277968291946e+06  -3.578007688563728e+04  6.329811614126184e+05  1.818240445804654e-02  -4.974559778207634e-02  7.939022408105210e-03
  6.199999999999994e+00  8.316846150160705e+05  -1.847170643456276e+06  -7.362597097172980e+05  -1.186414454537350e+06  -5.295890694306239e+03  6.042483761159548e+05  9.866415061139189e-03  -3.811928706374042e-02  5.790129644628567e-03
  6.299999999999994e+00  7.738322343156491e+05  -1.873448041655143e+06  -6.187390589901303e+05  -9.570022486258377e+05  1.205186970893725e+05  5.983996678940327e+05  -2.432985111085175e-02  -3.095014736242406e-02  -2.062593829882320e-02
  6.399999999999993e+00  7.428885930910194e+05  -1.817952737761561e+06  -6.108120437497006e+05  -6.348445312832294e+05  2.359114308421336e+05  5.550718174547361e+05  -7.615293362347077e-02  -3.766591564721185e-02  -4.813571777199671e-02
  6.499999999999993e+00  7.631745788139486e+05  -1.745252194586739e+06  -7.399060491407806e+05  -4.234265909925561e+05  2.080745773099441e+05  4.747588457117303e+05  -1.087395894026094e-01  -4.716087813680803e-02  -5.694706468037069e-02
  6.599999999999993e+00  7.987387939247023e+05  -1.722789507374684e+06  -9.058831450007462e+05  -4.156267282889243e+05  9.972028178681468e+04  4.265579289999495e+05  -1.029917095140074e-01  -5.121416370516177e-02  -5.607895007392034e-02
  6.699999999999992e+00  8.116737683221934e+05  -1.711071850615974e+06  -1.046377619808451e+06  -5.307932221377076e+05  3.331203068251564e+04  4.212743417629823e+05  -7.374577521652458e-02  -5.130028498267245e-02  -5.614427346795593e-02
  6.799999999999992e+00  7.952768759007455e+05  -1.675011797640731e+06  -1.138630332810274e+06  -6.434059243097994e+05  7.757888006802366e+03  4.139194036762120e+05  -4.738220445256981e-02  -4.723242602088237e-02  -5.588277492287309e-02
  6.899999999999991e+00  7.440651544957863e+05  -1.657156293468410e+06  -1.145359161829462e+06  -6.958982220147274e+05  -2.300941206962209e+04  3.864092185719397e+05  -3.459320044780797e-02  -3.827037668190284e-02  -5.244045637042261e-02
  6.999999999999991e+00  6.744480591935483e+05  -1.670701594191962e+06  -1.073853725755440e+06  -7.169814389331191e+05  -6.043427132154888e+04  3.490309501539252e+05  -2.829843955094267e-02  -2.913891974623583e-02  -4.423054886777114e-02
  7.099999999999991e+00  6.005692196561323e+05  -1.693566042774415e+06  -9.981694708282213e+05  -7.552112145146071e+05  -8.886160634177730e+04  3.165103607228377e+05  -1.829142998329707e-02  -2.100874145205344e-02  -3.131491888383921e-02
  7.199999999999990e+00  5.268661365516065e+05  -1.723096646451563e+06  -9.564860616775720e+05  -8.110616817614518e+05  -1.105325591798785e+05  3.010434484931696e+05  -2.942502591460671e-03  -1.076132221690690e-02  -1.831767130425301e-02
  7.299999999999990e+00  4.805317051906165e+05  -1.763953770478292e+06  -9.460439054923900e+05  -8.533436836857677e+05  -1.378610576448412e+05  3.004242903736435e+05  1.248912252661147e-02  -5.940467926350355e-04  -9.209986959321773e-03
  7.399999999999990e+00  5.086021117758268e+05  -1.765027310984998e+06  -9.044595965933603e+05  -8.665005591601557e+05  -1.817928414404678e+05  2.845904479936209e+05  2.172750559223980e-02  1.257929965871517e-03  2.432865981225020e-03
  7.499999999999989e+00  5.914360030251013e+05  -1.690432821889326e+06  -7.820853057146197e+05  -8.692583530795273e+05  -2.489325217566777e+05  2.397693916176914e+05  2.266695015970145e-02  -7.023891930180944e-03  2.067889426368709e-02
  7.599999999999989e+00  6.487525034566560e+05  -1.609725209231029e+06  -6.061497901719508e+05  -8.985452604565457e+05  -3.283532215355684e+05  1.969535875996645e+05  2.081718541337627e-02  -1.547602311367313e-02  3.878481563555405e-02
  7.699999999999989e+00  6.278455737189204e+05  -1.623416478015803e+06  -4.476362126647630e+05  -9.720745010893079e+05  -3.758182419331592e+05  1.860574395820798e+05  2.346632762642226e-02  -1.338522906200963e-02  5.170667568357121e-02
  7.799999999999988e+00  5.342145103119899e+05  -1.747407977032529e+06  -3.821417143254648e+05  -1.070900540253468e+06  -3.630928026069365e+05  2.018563056321581e+05  3.256777745869097e-02  2.783929585312380e-04  5.928595461037015e-02
  7.899999999999988e+00  4.206589179430813e+05  -1.899421802092342e+06  -4.200480299107910e+05  -1.156967864750254e+06  -3.305997867197127e+05  2.172281638026016e+05  4.220859370232702e-02  1.703245641989514e-02  5.972738585152003e-02
  7.999999999999988e+00  3.444764992781268e+05  -1.989559543387029e+06  -4.928158434616806e+05  -1.194275497440687e+06  -3.417803541818262e+05  2.085152546167146e+05  4.239687385338945e-02  2.541179128627765e-02  5.343423664518405e-02
  8.099999999999987e+00  3.180198426219095e+05  -2.001007412600832e+06  -5.322829816865851e+05  -1.177690925636915e+06  -4.166545559145629e+05  1.734184328433262e+05  3.150411070691157e-02  2.059899893265129e-02  4.799875505291211e-02
  8.199999999999987e+00  3.181145958249480e+05  -1.969664053665587e+06  -5.132570897436803e+05  -1.144173026318199e+06  -5.185686456252293e+05  1.299816660745368e+05  1.878104396982308e-02  1.024129700431048e-02  4.941105505438572e-02
  8.299999999999986e+00  3.227000647977626e+05  -1.937709762271113e+06  -4.556953549308690e+05  -1.118357666367234e+06  -5.945507150701686e+05  8.233418458994756e+04  8.102199954516345e-03  4.197830558076803e-03  5.347663555830999e-02
  8.399999999999986e+00  3.305430349996925e+05  -1.924367346829092e+06  -4.194472055729310e+05  -1.073754957815690e+06  -6.318062583005296e+05  3.187726145254777e+03  -8.887149810316497e-03  1.494297145375237e-03  5.343805206275788e-02
  8.499999999999986e+00  3.568994746556494e+05  -1.916174586513131e+06  -4.547066634503437e+05  -9.848208190068048e+05  -6.566243460915926e+05  -1.138099379225126e+05  -3.630811676160341e-02  -3.298065309458505e-03  4.984746600931399e-02
  8.599999999999985e+00  4.095801155906264e+05  -1.897598931595021e+06  -5.329298384141618e+05  -8.806831702273671e+05  -6.794691478914389e+05  -2.055423229601508e+05  -6.143614688077802e-02  -8.233759924304231e-03  4.641150843276661e-02
  8.699999999999985e+00  4.633892479130353e+05  -1.891597657844291e+06  -5.688411283938584e+05  -8.168069221820725e+05  -6.751746429484285e+05  -1.988200071926696e+05  -6.823922882972862e-02  -6.838388463197470e-03  4.272832662169267e-02
  8.799999999999985e+00  4.756159168595378e+05  -1.933626665739818e+06  -5.349872641079864e+05  -8.164992713614620e+05  -6.174268423315890e+05  -1.025487261494110e+05  -5.654246943700905e-02  2.930140831025959e-03  3.722301557601534e-02
  8.899999999999984e+00  4.420610409517559e+05  -2.006477208693434e+06  -4.884239315503327e+05  -8.589159538456405e+05  -5.240549008193462e+05  6.790182693161434e+03  -3.881843204180362e-02  1.693832881899740e-02  3.185336220317338e-02
  8.999999999999984e+00  3.999889316272408e+05  -2.057749573215690e+06  -4.801482337496759e+05  -9.132513409274248e+05  -4.521409588520944e+05  7.165357313223302e+04  -2.471525056332625e-02  2.863105688226720e-02  2.912180486956405e-02
  9.099999999999984e+00  3.789254548494248e+05  -2.071100079559618e+06  -5.042880380185873e+05  -9.603142234427100e+05  -4.298079513540262e+05  9.308630446219284e+04  -1.640409351950321e-02  3.339367632102303e-02  2.856388716532950e-02
  9.199999999999983e+00  3.844217078068434e+05  -2.068613172409916e+06  -5.279573388157598e+05  -9.881870063352383e+05  -4.273330739447870e+05  1.013213182153400e+05  -1.256686080775085e-02  3.149054071337204e-02  2.783672555556570e-02
  9.299999999999983e+00  4.107290601894988e+05  -2.063294128577777e+06  -5.329356289163618e+05  -9.955831237474052e+05  -4.094596913498807e+05  1.133416770026326e+05  -1.065607511535776e-02  2.715776401061221e-02  2.474815941803049e-02
  9.399999999999983e+00  4.496725526131606e+05  -2.046808887332377e+06  -5.301761112533588e+05  -9.967604942857744e+05  -3.770597117928715e+05  1.202164948544903e+05  -8.399832385136606e-03  2.366587692788495e-02  1.953312421529265e-02
  9.499999999999982e+00  4.950894320019217e+05  -2.011070121567821e+06  -5.405573562493587e+05  -1.006602048427639e+06  -3.486731051875877e+05  1.090281799792000e+05  -5.510628300058497e-03  2.023357647266734e-02  1.526570349411995e-02
  9.599999999999982e+00  5.401336817762887e+05  -1.963535463966308e+06  -5.669355038624986e+05  -1.023240547672305e+06  -3.287499667143343e+05  8.809994091930796e+04  -2.795913991652007e-03  1.459877749761668e-02  1.339207748688151e-02
  9.699999999999982e+00  5.755725835765230e+05  -1.919114618727454e+06  -5.962423900416294e+05  -1.035947792654750e+06  -3.092151548143536e+05  8.206511861933017e+04  -6.157911752123405e-04  7.174056162653712e-03  1.108991733592564e-02
  9.799999999999981e+00  5.971479761369899e+05  -1.884434544774723e+06  -6.219754180065306e+05  -1.043544368249619e+06  -2.843843653471099e+05  1.032975157635725e+05  7.518407971678459e-04  1.035746296105036e-03  6.058708447920507e-03
  9.899999999999981e+00  6.065017832545998e+05  -1.862874131903701e+06  -6.461782214334153e+05  -1.052130907859672e+06  -2.524246566218831e+05  1.373274520419100e+05  9.809609122653979e-04  -1.711520003659603e-03  2.212904369104623e-04
  9.999999999999980e+00  6.061311450995731e+05  -1.859907080154382e+06  -6.661853905972149e+05  -1.060552136957746e+06  -2.163619653659172e+05  1.618361917913923e+05  6.322898450321764e-04  -1.913711099663374e-03  -3.390518130333898e-03
  1.009999999999998e+01  5.979390195994568e+05  -1.867861465176420e+06  -6.774245755615211e+05  -1.061539434597399e+06  -1.904246490286744e+05  1.737109911439914e+05  8.644673787415607e-04  -1.618124789905337e-03  -4.219686179144670e-03
  1.019999999999998e+01  5.795502837670007e+05  -1.869665249820305e+06  -6.805337854604046e+05  -1.052650645369807e+06  -1.853711270648314e+05  1.872228500091414e+05  1.943001108416669e-03  -1.637347678976325e-03  -3.815172103790001e-03
  1.029999999999998e+01  5.470038375155975e+05  -1.861493715109637e+06  -6.757202334238966e+05  -1.037747441326611e+06  -1.878792444523972e+05  2.093034068682723e+05  2.736971743250508e-03  -1.823198623161561e-03  -3.668857811569269e-03
  1.039999999999998e+01  5.092568262083562e+05  -1.848943930998746e+06  -6.644469510081569e+05  -1.022613846848699e+06  -1.788040293744488e+05  2.304535785871653e+05  1.791234627405479e-03  -2.077765475445951e-03  -3.829907309969330e-03
  1.049999999999998e+01  4.871301428179463e+05  -1.836684658398563e+06  -6.552365815203740e+05  -1.011737115075761e+06  -1.581255841029748e+05  2.394286657070130e+05  -9.622195594149326e-04  -1.628557202931835e-03  -3.351143733267685e-03
  1.059999999999998e+01  4.902950972248818e+05  -1.833247416174272e+06  -6.525542415467473e+05  -1.007978392837303e+06  -1.360343641930888e+05  2.366392433691081e+05  -3.970931175983527e-03  6.318865521428844e-04  -2.668869364872023e-03
  1.069999999999998e+01  5.074394880783927e+05  -1.842315758637507e+06  -6.507266366563449e+05  -1.014070392195592e+06  -1.176762023998121e+05  2.302657083773373e+05  -5.904148056665176e-03  4.108142136025120e-03  -3.969496203260986e-03
  1.079999999999998e+01  5.223395707198948e+05  -1.849773088597026e+06  -6.473840838173645e+05  -1.028309325403145e+06  -1.053639813668633e+05  2.275166307242058e+05  -6.809126105257963e-03  6.466136935862966e-03  -7.869093120834591e-03
  1.089999999999998e+01  5.291577709805948e+05  -1.838376193023993e+06  -6.464828746694698e+05  -1.039302183095616e+06  -1.034425153770718e+05  2.332194839460939e+05  -7.228653539748484e-03  6.095422960963704e-03  -1.201597417505158e-02
  1.099999999999998e+01  5.279268665039187e+05  -1.813464183475420e+06  -6.485469287300928e+05  -1.034222399878622e+06  -1.136295063592849e+05  2.462970235497685e+05  -7.306924992154632e-03  3.508838589971923e-03  -1.393873574305986e-02
  1.109999999999998e+01  5.164574992332160e+05  -1.797848002747274e+06  -6.501766557310650e+05  -1.014563223606962e+06  -1.302525488474548e+05  2.553647784854451e+05  -6.961577062807116e-03  4.449480074531178e-04  -1.350897394432547e-02
  1.119999999999998e+01  4.949182256351893e+05  -1.802318360750150e+06  -6.507473492258859e+05  -9.966814230239635e+05  -1.475260004931983e+05  2.488124284279159e+05  -6.300523606161791e-03  -1.723072749738992e-03  -1.257504787954206e-02
  1.129999999999998e+01  4.718336894189127e+05  -1.814717632921727e+06  -6.538734074178832e+05  -9.941183686194831e+05  -1.671594284367563e+05  2.281098139040964e+05  -5.770583251705409e-03  -3.087370411654007e-03  -1.285043995750777e-02
  1.139999999999998e+01  4.587143934584181e+05  -1.816477524270126e+06  -6.641812574096494e+05  -1.005518282394581e+06  -1.916424295266671e+05  2.034774437505395e+05  -5.723460932508899e-03  -4.781000575718998e-03  -1.412393507708186e-02
  1.149999999999998e+01  4.586091930858220e+05  -1.801591719094827e+06  -6.824954586693567e+05  -1.021179362171720e+06  -2.159512406675945e+05  1.817907153434649e+05  -5.756081770160955e-03  -7.346680417482427e-03  -1.479756559126762e-02
  1.159999999999997e+01  4.611447910903986e+05  -1.781113256442554e+06  -7.015762388616895e+05  -1.033947464497019e+06  -2.326882814974670e+05  1.642035156325388e+05  -5.050641327297861e-03  -9.990755877162394e-03  -1.384340346336561e-02
  1.169999999999997e+01  4.513918177057507e+05  -1.772949010655673e+06  -7.099259853239754e+05  -1.041274709659093e+06  -2.401297773190733e+05  1.515072176821037e+05  -3.519038076921399e-03  -1.137102640051602e-02  -1.192040636556973e-02
  1.179999999999997e+01  4.255688220786330e+05  -1.785515427372681e+06  -7.019132737139059e+05  -1.044126922263113e+06  -2.406826543997817e+05  1.465000970934773e+05  -1.938154924414405e-03  -1.078710106487082e-02  -1.072658775529602e-02
  1.189999999999997e+01  3.951456222393512e+05  -1.809000708390033e+06  -6.823951518685749e+05  -1.046588174743058e+06  -2.383796554695590e+05  1.493754191873169e+05  -6.978376244911455e-04  -8.849487962853616e-03  -1.093978537675862e-02
  1.199999999999997e+01  3.743442165820219e+05  -1.824580996579936e+06  -6.598797227915255e+05  -1.051274112354704e+06  -2.406133888705418e+05  1.541129410887040e+05  7.444144615544337e-04  -7.167935921812923e-03  -1.110447947048341e-02
  1.209999999999997e+01  3.679304750951404e+05  -1.825204798410718e+06  -6.395882338583722e+05  -1.054449573253334e+06  -2.532229929307002e+05  1.540685830341953e+05  2.625480949583147e-03  -7.157822677930509e-03  -9.602959503574855e-03
  1.219999999999997e+01  3.738495185938069e+05  -1.822151581639531e+06  -6.257099419977815e+05  -1.050409026659386e+06  -2.716792738588194e+05  1.493903363087036e+05  3.930319172690817e-03  -8.750517565123066e-03  -6.953286861965626e-03
  1.229999999999997e+01  3.905596884421078e+05  -1.828438369062154e+06  -6.253984838542648e+05  -1.040632275281394e+06  -2.835107916446634e+05  1.456209983089873e+05  3.555433736451528e-03  -1.017665152912917e-02  -5.022144962418052e-03
  1.239999999999997e+01  4.145422620411300e+05  -1.843127859941812e+06  -6.433474737041802e+05  -1.033171946033720e+06  -2.813053161189806e+05  1.468309841182045e+05  1.982992578680995e-03  -9.548106917526736e-03  -4.556150224753503e-03
  1.249999999999997e+01  4.362319910995887e+05  -1.854676594933525e+06  -6.716932922262544e+05  -1.032075801922543e+06  -2.705172972347352e+05  1.523109019192952e+05  7.147425843618991e-04  -6.824821149934152e-03  -4.482632824196552e-03
  1.259999999999997e+01  4.447842717168681e+05  -1.856279438842893e+06  -6.939281587083963e+05  -1.032221695587304e+06  -2.632698441757273e+05  1.590270450353408e+05  3.755012916497045e-04  -3.863391734369698e-03  -3.647017272634407e-03
  1.269999999999997e+01  4.373772045953387e+05  -1.854968311646669e+06  -7.017587463437536e+05  -1.027227292641419e+06  -2.656412590212151e+05  1.651388414555099e+05  5.565989369208700e-04  -2.410460292840201e-03  -2.389842016075019e-03
  1.279999999999997e+01  4.243247824772096e+05  -1.862975696985000e+06  -7.001703571205842e+05  -1.019504947172328e+06  -2.724672561559856e+05  1.713804725188358e+05  1.127784474295602e-03  -2.356348223504065e-03  -1.921041424748174e-03
  1.289999999999997e+01  4.218512072656613e+05  -1.882242713040241e+06  -6.964633314202973e+05  -1.017368631376376e+06  -2.742566670701072e+05  1.800739131096288e+05  2.394621019732883e-03  -2.265919274524577e-03  -2.601463370579770e-03
  1.299999999999997e+01  4.362707576934536e+05  -1.901202372006526e+06  -6.925612377249321e+05  -1.023474777119482e+06  -2.674070910639158e+05  1.917592470814325e+05  4.040844161780257e-03  -1.238899926925611e-03  -3.506225674153699e-03
  1.309999999999997e+01  4.568589302245091e+05  -1.907247743472952e+06  -6.884602114335740e+05  -1.032121924852730e+06  -2.573588676318184e+05  2.027828835640772e+05  5.142089983583358e-03  2.648051171723015e-04  -3.556936171074198e-03
  1.319999999999997e+01  4.670632630791570e+05  -1.901550127529905e+06  -6.861408323363536e+05  -1.038115520130088e+06  -2.532362822180713e+05  2.085137353277073e+05  5.437751068695576e-03  1.258106203461806e-03  -2.402389841645904e-03
  1.329999999999997e+01  4.616119736015861e+05  -1.899219717942327e+06  -6.866234481352009e+05  -1.042748230953343e+06  -2.598605903776317e+05  2.087064945231538e+05  5.631989904500668e-03  1.418199532535621e-03  -2.671484013364378e-04
  1.339999999999997e+01  4.503951904572163e+05  -1.912021232919481e+06  -6.870359443565087e+05  -1.049562936848801e+06  -2.738220481806775e+05  2.070556389511877e+05  6.226497029100301e-03  1.359746754332832e-03  2.324881919522212e-03
  1.349999999999997e+01  4.461549210535981e+05  -1.933209873705927e+06  -6.845941852827540e+05  -1.058544102660195e+06  -2.864902493033402e+05  2.058283380583956e+05  6.875989712824893e-03  1.915884451732821e-03  4.521899873369911e-03
  1.359999999999997e+01  4.515100014077844e+05  -1.944911712058431e+06  -6.808500583263478e+05  -1.066413682363981e+06  -2.907463361504251e+05  2.036447703285886e+05  7.057849232439363e-03  3.213357133515933e-03  5.395937855411250e-03
  1.369999999999997e+01  4.594198227106751e+05  -1.939294526682368e+06  -6.783981327177166e+05  -1.070370043330880e+06  -2.854392876200228e+05  1.990766037279145e+05  6.677994226553563e-03  4.520549673663402e-03  4.706912315796311e-03
  1.379999999999997e+01  4.629824076490629e+05  -1.925906636809489e+06  -6.772868150068420e+05  -1.069484367076290e+06  -2.742071603638159e+05  1.944312550645769e+05  5.886017085027896e-03  5.058416805370745e-03  3.295146050483136e-03
  1.389999999999997e+01  4.618359753581628e+05  -1.918296343361792e+06  -6.779926717736755e+05  -1.063778184980718e+06  -2.611690427062942e+05  1.947022043103475e+05  4.902187036532932e-03  4.887783731847342e-03  2.414799025663981e-03
  1.399999999999997e+01  4.599058274228558e+05  -1.919142853806945e+06  -6.829509276128720e+05  -1.054379722797132e+06  -2.491183300575416e+05  2.032502265241019e+05  4.132248594987283e-03  4.840095395616093e-03  2.711416300912922e-03
  1.409999999999997e+01  4.590874076524171e+05  -1.920571287278000e+06  -6.921762340865561e+05  -1.044051133526980e+06  -2.404297248175805e+05  2.183481565724568e+05  3.874852402649232e-03  5.414808609573031e-03  3.800421923656798e-03
  1.419999999999997e+01  4.567883157610907e+05  -1.915673700785017e+06  -6.999830028269079e+05  -1.035858683463384e+06  -2.368379756533163e+05  2.333466858178472e+05  3.826069560385295e-03  5.973551953230151e-03  4.717597745152263e-03
  1.429999999999997e+01  4.494928856930050e+05  -1.905806316505066e+06  -6.985968866136576e+05  -1.031030303249333e+06  -2.382091265381736e+05  2.411805300459041e+05  3.334706769297918e-03  5.355804743928623e-03  4.735362647398359e-03
  1.439999999999996e+01  4.377865875325546e+05  -1.897200066958520e+06  -6.858364066521736e+05  -1.028871099371374e+06  -2.423640317645452e+05  2.397724390055086e+05  2.252717033111762e-03  3.288142195314574e-03  3.784798542353110e-03
  1.449999999999996e+01  4.267167626602398e+05  -1.894237012603452e+06  -6.680352234830179e+05  -1.028258745808875e+06  -2.457365568150100e+05  2.329887502642151e+05  1.222526136083989e-03  9.093576323718313e-04  2.386567506908598e-03
  1.459999999999996e+01  4.210807706066163e+05  -1.897185302629836e+06  -6.551538462050370e+05  -1.028084079507769e+06  -2.446228463746870e+05  2.265131677634318e+05  9.938592498690314e-04  -3.004853506433324e-04  1.303345708326515e-03
  1.469999999999996e+01  4.225204343825940e+05  -1.902673963409832e+06  -6.536470297295636e+05  -1.027314537659439e+06  -2.375388234899206e+05  2.235221759033198e+05  1.624441433168792e-03  6.921343098943147e-05  9.929006253551933e-04
  1.479999999999996e+01  4.308886257019897e+05  -1.904394712517031e+06  -6.630375316451845e+05  -1.025800117395336e+06  -2.271558151434344e+05  2.239834847300288e+05  2.410275222479278e-03  1.177887149334954e-03  1.189425970407616e-03
  1.489999999999996e+01  4.446663354109221e+05  -1.895992654907092e+06  -6.779799686933360e+05  -1.024523496531689e+06  -2.193077787729581e+05  2.267278251979683e+05  2.483470070819642e-03  1.981477578282304e-03  1.097875165570863e-03
  1.499999999999996e+01  4.594847465484847e+05  -1.876248849121791e+06  -6.917867342282989e+05  -1.024444466908707e+06  -2.189506004569347e+05  2.310459536034199e+05  1.446295275888180e-03  2.119730170473666e-03  2.228201839880200e-04
  1.509999999999996e+01  4.694243598582856e+05  -1.852152715988181e+06  -6.986006213566534e+05  -1.025533642722783e+06  -2.261503636209805e+05  2.364501054341679e+05  -4.656650747160007e-04  1.730359902770312e-03  -1.068817253308422e-03
  1.519999999999996e+01  4.717109685641004e+05  -1.834587845955939e+06  -6.956293914063628e+05  -1.027387687909197e+06  -2.356975206180956e+05  2.417683819430372e+05  -2.724933367369458e-03  8.942283075489727e-04  -1.971815582218257e-03
  1.529999999999996e+01  4.695089305174557e+05  -1.829693448595173e+06  -6.849348414098064e+05  -1.029553253634636e+06  -2.411766493574553e+05  2.447052516266667e+05  -4.942765814539526e-03  -3.767074453330334e-04  -2.118547660249013e-03
  1.539999999999996e+01  4.683037128963431e+05  -1.835271193817059e+06  -6.726029797741720e+05  -1.030553163742923e+06  -2.401172155851011e+05  2.428709119618625e+05  -6.801618328598771e-03  -1.715775933154195e-03  -1.902513501530322e-03
  1.549999999999996e+01  4.696415691066250e+05  -1.844158794159874e+06  -6.643233899150987e+05  -1.028205817101589e+06  -2.357603967292891e+05  2.357937840241321e+05  -7.657225276198477e-03  -2.326276040200268e-03  -1.861181231831788e-03
  1.559999999999996e+01  4.706401728612905e+05  -1.850171998775337e+06  -6.612266758740634e+05  -1.022585389426081e+06  -2.339337065345176e+05  2.258107271644474e+05  -6.786679802377773e-03  -1.605134562447303e-03  -1.956771153739266e-03
  1.569999999999996e+01  4.687143954525631e+05  -1.852039021309690e+06  -6.606293493387919e+05  -1.017857063355549e+06  -2.376355627903595e+05  2.164742209091164e+05  -4.381664015639629e-03  1.716755877496581e-04  -1.710340975046020e-03
  1.579999999999996e+01  4.640759246684982e+05  -1.852592895411410e+06  -6.605235590894297e+05  -1.019083067447543e+06  -2.442528139043602e+05  2.096731273653154e+05  -1.971622689322202e-03  1.909499703800130e-03  -9.746579998198631e-04
  1.589999999999996e+01  4.583411540953596e+05  -1.854516708943238e+06  -6.623665110366266e+05  -1.026714254532409e+06  -2.484190391294218e+05  2.048507635578144e+05  -1.348629839909275e-03  2.422504573842716e-03  -3.805574566747122e-04
  1.599999999999996e+01  4.526258013609804e+05  -1.856769265486173e+06  -6.689416514399416e+05  -1.034962437513250e+06  -2.475415968847132e+05  2.010127893880100e+05  -2.892389790946495e-03  1.180524646578340e-03  -7.905537247212801e-04
  1.609999999999996e+01  4.477798000515965e+05  -1.855457022985364e+06  -6.803439505823849e+05  -1.036504398932213e+06  -2.441982822398432e+05  1.982500122795609e+05  -5.137318454565954e-03  -1.326797161011560e-03  -2.277914705481931e-03
  1.619999999999996e+01  4.453657924267891e+05  -1.848708466406438e+06  -6.931303478053391e+05  -1.029036038588216e+06  -2.431593926261904e+05  1.969150833284122e+05  -6.124432971606981e-03  -3.777994041800509e-03  -3.859684546492871e-03
  1.629999999999996e+01  4.465841264991653e+05  -1.839601694285064e+06  -7.029696526114438e+05  -1.016815548745766e+06  -2.464713401204321e+05  1.960332128411015e+05  -5.083624263223477e-03  -4.762973309871363e-03  -4.282769668840385e-03
  1.639999999999996e+01  4.504943653080377e+05  -1.833882020012174e+06  -7.070569091666533e+05  -1.006478935414610e+06  -2.521390420937698e+05  1.935353189214192e+05  -2.815585535123995e-03  -3.721981435081962e-03  -3.053692369930222e-03
  1.649999999999996e+01  4.541990096003881e+05  -1.835659201615763e+06  -7.047504973759137e+05  -1.002143475747094e+06  -2.569736092179742e+05  1.883981687348174e+05  -6.959920230784883e-04  -1.419480362511992e-03  -8.594303538863991e-04
  1.659999999999997e+01  4.547641411556109e+05  -1.844955926622406e+06  -6.973667598747616e+05  -1.003863372924588e+06  -2.594247212279513e+05  1.816874373163712e+05  4.754510182664619e-04  6.047606830720767e-04  9.506242008559052e-04
  1.669999999999997e+01  4.507961885580776e+05  -1.858552605612014e+06  -6.875928279166698e+05  -1.009019535695786e+06  -2.600327830361133e+05  1.754833137727313e+05  7.757402134765143e-04  1.184396844970866e-03  1.355967312404508e-03
  1.679999999999997e+01  4.424436959488118e+05  -1.872194463673834e+06  -6.785997217953677e+05  -1.014406579931744e+06  -2.600478280450308e+05  1.715155263901619e+05  7.183948710258047e-04  3.284103651975557e-04  3.228803017391744e-04
  1.689999999999997e+01  4.311639431812189e+05  -1.882442806031222e+06  -6.726588997641044e+05  -1.017902042422433e+06  -2.602410459776409e+05  1.706153196093969e+05  6.795094385211492e-04  -9.255093956672204e-04  -1.290968965829323e-03
  1.699999999999997e+01  4.201472951555992e+05  -1.888018945720797e+06  -6.700798459002686e+05  -1.019155207716264e+06  -2.610268890260477e+05  1.726023862041465e+05  6.727181526765723e-04  -1.493531467096889e-03  -2.451968720311737e-03
  1.709999999999997e+01  4.138705023389452e+05  -1.889461682168106e+06  -6.697058042108056e+05  -1.018960125867819e+06  -2.624884142466409e+05  1.762374562979330e+05  5.858840518483643e-04  -1.099841716897671e-03  -2.715301980026466e-03
  1.719999999999997e+01  4.162678782687286e+05  -1.888138462115657e+06  -6.700240902663774e+05  -1.017809050160165e+06  -2.642746102683374e+05  1.796092719094081e+05  4.116371184098572e-04  -3.276608044655896e-04  -2.402036208501017e-03
  1.729999999999998e+01  4.278609509681286e+05  -1.885160601184057e+06  -6.699526290847469e+05  -1.015295250210903e+06  -2.654039689475915e+05  1.811220103194179e+05  1.992781142711818e-04  5.960513196656246e-05  -2.142753002743783e-03
  1.739999999999998e+01  4.447272439215171e+05  -1.881622851329091e+06  -6.688070035788643e+05  -1.011172466200595e+06  -2.648287417541263e+05  1.803806163465068e+05  -1.657809736112633e-04  -2.351878165963290e-04  -2.231206845079300e-03
  1.749999999999998e+01  4.602756649445146e+05  -1.879068732364963e+06  -6.664501817523552e+05  -1.006850268258442e+06  -2.620406313126274e+05  1.783522928115543e+05  -8.743498064568249e-04  -9.087064104386603e-04  -2.384643308447389e-03
  1.759999999999998e+01  4.691512335001859e+05  -1.879021646257210e+06  -6.635259692497835e+05  -1.005460309097068e+06  -2.571853404618869e+05  1.767231254955617e+05  -1.870971627226205e-03  -1.396091527561845e-03  -2.038401172201074e-03
  1.769999999999998e+01  4.702552705720435e+05  -1.882306978192078e+06  -6.614204538939926e+05  -1.010029185032819e+06  -2.510024532131587e+05  1.768443125896530e+05  -2.786632125182435e-03  -1.364388711247170e-03  -8.819974368787977e-04
  1.779999999999998e+01  4.666087947061645e+05  -1.888670407952797e+06  -6.617845972242771e+05  -1.020824567708341e+06  -2.447619668461422e+05  1.788265736289555e+05  -3.240220985248105e-03  -9.775135978704454e-04  7.825845093711051e-04
  1.789999999999998e+01  4.630112118177777e+05  -1.896703263408686e+06  -6.658697886633272e+05  -1.034253709340397e+06  -2.401175079095802e+05  1.816528049831447e+05  -3.124954764681076e-03  -7.403533589455128e-04  2.129316592499129e-03
  1.799999999999999e+01  4.631564642766331e+05  -1.903722769570862e+06  -6.735822276529563e+05  -1.044702531212557e+06  -2.384910100915064e+05  1.841290885932682e+05  -2.529643563763444e-03  -1.052595901773708e-03  2.320706564615327e-03
  1.809999999999999e+01  4.676665854655503e+05  -1.906203981871226e+06  -6.826628229200805e+05  -1.047985026997757e+06  -2.400897507148187e+05  1.854052112639618e+05  -1.525216983195709e-03  -1.858672592859756e-03  1.121652789208913e-03
  1.819999999999999e+01  4.739201037262290e+05  -1.901850557734423e+06  -6.891112196158392e+05  -1.043852930370664e+06  -2.434845472597899e+05  1.847272466823457e+05  -2.011009701491727e-04  -2.693821372277284e-03  -8.431733628700718e-04
  1.829999999999999e+01  4.777360761332223e+05  -1.891919700925139e+06  -6.894332275101015e+05  -1.035599346096938e+06  -2.463763171407020e+05  1.811445267501531e+05  1.168145256992950e-03  -3.078715882158911e-03  -2.451756492331561e-03
  1.839999999999999e+01  4.761938106811952e+05  -1.881045284642951e+06  -6.835748206759506e+05  -1.027467878854520e+06  -2.470262445071358e+05  1.742026763120541e+05  2.166260037170128e-03  -2.850772121418632e-03  -2.804858155773455e-03
  1.849999999999999e+01  4.694769383124948e+05  -1.874220437226373e+06  -6.753711132942274e+05  -1.022352849913768e+06  -2.454436729040272e+05  1.652927090327119e+05  2.532762447170178e-03  -2.152403774983581e-03  -1.767373521167455e-03
  1.859999999999999e+01  4.604006840557299e+05  -1.873583564868238e+06  -6.692905919478642e+05  -1.021093752328766e+06  -2.433465229492521e+05  1.579420672163297e+05  2.388526088421130e-03  -1.218240908688743e-03  3.475940401353419e-05
  1.870000000000000e+01  4.522728070572283e+05  -1.877601851921621e+06  -6.665247774017142e+05  -1.023133208474742e+06  -2.426965299514422e+05  1.562593805671968e+05  2.157456793011522e-03  -2.135287342459745e-04  1.692575164216591e-03
  1.880000000000000e+01  4.470422113916621e+05  -1.882674828107015e+06  -6.642249847818902e+05  -1.027433706760022e+06  -2.441540539290649e+05  1.625022167948237e+05  2.269923319344429e-03  7.442250635110312e-04  2.534606499147043e-03
  1.890000000000000e+01  4.448779401293536e+05  -1.885506777072114e+06  -6.588735442802771e+05  -1.032827616664630e+06  -2.466845542575739e+05  1.754835873003117e+05  2.857602313788472e-03  1.533917376060429e-03  2.406629814239104e-03
  1.900000000000000e+01  4.447800108575873e+05  -1.884819169674207e+06  -6.502949820791541e+05  -1.038069942993931e+06  -2.485679851801555e+05  1.910141504473209e+05  3.651661827776524e-03  2.076714975633502e-03  1.663098830750662e-03
  1.910000000000000e+01  4.456860489262569e+05  -1.881604459723944e+06  -6.422315193469058e+05  -1.042152659576882e+06  -2.489108942041213e+05  2.041693434945018e+05  4.131497197710887e-03  2.367213449559904e-03  9.195886551915568e-04
  1.920000000000000e+01  4.473201163438669e+05  -1.878188638441631e+06  -6.395267115686022e+05  -1.044870006761688e+06  -2.481054253862162e+05  2.118342545381411e+05  3.882013629872155e-03  2.434031233215631e-03  7.109297501700432e-04
  1.930000000000000e+01  4.503634994282819e+05  -1.876638694705148e+06  -6.446427259647999e+05  -1.046976393326093e+06  -2.471603383303421e+05  2.139466877415429e+05  2.935892437149880e-03  2.296636849898305e-03  1.200622929335424e-03
  1.940000000000001e+01  4.559047162616344e+05  -1.877379493510802e+06  -6.562886628462989e+05  -1.049343596805498e+06  -2.468461983976917e+05  2.128120649855272e+05  1.755935258503475e-03  2.005727883354355e-03  2.115693488886751e-03
  1.950000000000001e+01  4.644474145916089e+05  -1.878887500579971e+06  -6.708388349977667e+05  -1.051782116251686e+06  -2.473819359085526e+05  2.112059182227185e+05  8.843497193800452e-04  1.698343233788902e-03  2.974286564784182e-03
  1.960000000000001e+01  4.752014622243208e+05  -1.878601218923263e+06  -6.845237154773420e+05  -1.052913918308919e+06  -2.486768102544170e+05  2.108034720955552e+05  5.622329539868300e-04  1.553236815208393e-03  3.434483445054709e-03
  1.970000000000001e+01  4.857547021107926e+05  -1.874913589038847e+06  -6.947502207337817e+05  -1.051368200558315e+06  -2.504060979395562e+05  2.118853624688122e+05  6.574948450550325e-04  1.667255676182362e-03  3.501537786892902e-03
  1.980000000000001e+01  4.926504018619753e+05  -1.868868940842915e+06  -7.000158184953517e+05  -1.047192411737966e+06  -2.518860178849064e+05  2.140522863147300e+05  9.202281441340826e-04  1.975853624303391e-03  3.452474489860861e-03
  1.990000000000001e+01  4.928043460219909e+05  -1.863784530694256e+06  -6.993134087522033e+05  -1.042101448092175e+06  -2.522203108526921e+05  2.169892015685035e+05  1.235697791315664e-03  2.318733446620808e-03  3.584903002258010e-03
