TITLE = "Temporal Signal for receiver number 03439"
VARIABLES = "Time","xx","yy","zz","xy","yz","xz","u","v","w"
# x1       3.631821710000e+05
# x2       4.739427340000e+06
# x3       -4.500000000000e+03
  0.000000000000000e+00  0.000000000000000e+00  0.000000000000000e+00  0.000000000000000e+00  0.000000000000000e+00  0.000000000000000e+00  0.000000000000000e+00  0.000000000000000e+00  0.000000000000000e+00  0.000000000000000e+00
  1.000000000000000e-01  0.000000000000000e+00  0.000000000000000e+00  0.000000000000000e+00  0.000000000000000e+00  0.000000000000000e+00  0.000000000000000e+00  0.000000000000000e+00  0.000000000000000e+00  0.000000000000000e+00
  2.000000000000000e-01  0.000000000000000e+00  0.000000000000000e+00  0.000000000000000e+00  0.000000000000000e+00  0.000000000000000e+00  0.000000000000000e+00  0.000000000000000e+00  0.000000000000000e+00  0.000000000000000e+00
  3.000000000000000e-01  0.000000000000000e+00  0.000000000000000e+00  0.000000000000000e+00  0.000000000000000e+00  0.000000000000000e+00  0.000000000000000e+00  0.000000000000000e+00  0.000000000000000e+00  0.000000000000000e+00
  4.000000000000000e-01  2.692331372768228e-24  4.239911916730780e-24  2.593295733943492e-24  1.497428709058766e-24  -1.563245861378869e-24  -6.525350090886454e-25  -2.105705161520785e-31  -4.805712846542803e-31  2.033255137079672e-31
  5.000000000000000e-01  -8.984074782499002e-20  8.336322451091504e-20  1.493384912851187e-20  6.222293486140003e-20  3.450107125026043e-20  8.322198694885901e-20  3.539970037177125e-27  -1.778549168477296e-26  -1.132522854816253e-26
  6.000000000000000e-01  -2.056037886401433e-17  -1.163574194348953e-16  2.046021929215883e-16  -1.805668579178154e-16  1.663716677401806e-17  -1.096171242217963e-16  3.196139666800284e-24  1.550079983219274e-24  3.164810840018655e-23
  7.000000000000000e-01  -2.084655503721356e-14  -3.822199586882391e-14  -3.742152514354599e-14  -5.131236430587678e-15  2.730950147559689e-14  2.845556484860408e-14  1.893872805304545e-21  7.347686736647707e-21  -7.526544913778518e-21
  7.999999999999999e-01  -2.515307925781338e-12  -3.221684436603214e-12  -1.070414939268539e-12  -2.363233926907381e-12  1.308090142732400e-12  6.198030581411728e-13  2.263964587928939e-19  2.887862034300418e-19  4.060170055555886e-20
  8.999999999999999e-01  -1.289426443812851e-11  -1.175342037575796e-12  -5.897387603191953e-12  -8.532203437371782e-12  2.455853607631743e-11  1.579874737121807e-11  3.433085836507935e-19  -6.789127449239746e-19  -2.517460392922762e-18
  9.999999999999999e-01  -3.526712854872065e-10  -7.537022058597011e-11  -1.722010960997905e-10  -4.031458344058415e-11  2.054119751400903e-10  3.232263362730430e-10  2.297494793817239e-17  2.024100155566257e-17  -4.968196779241643e-17
  1.100000000000000e+00  -3.488555779363322e-09  -2.005943383676039e-09  -1.474841256787184e-09  -2.230364412984679e-10  -3.298362105516937e-10  8.163867561820332e-10  2.733139174956780e-16  2.872346063223856e-16  -2.182830015438862e-16
  1.200000000000000e+00  -1.114750402759129e-08  -9.240574383047286e-09  9.921648624345231e-09  6.850933737156636e-10  -1.271029200503141e-08  -5.995076315292817e-09  3.781496592928947e-16  8.540609006114233e-16  4.670443613322797e-16
  1.300000000000000e+00  3.867024983399032e-09  -3.363378062980687e-08  7.560445458391994e-08  -2.230417691902908e-08  -1.936429166184945e-08  -1.255589369195959e-08  -1.566379177811406e-15  1.529435206725645e-15  7.709681023165480e-15
  1.400000000000000e+00  -1.306850997309195e-07  4.882270795881029e-07  -2.883615121247369e-08  -1.717721151965716e-07  4.651594118006676e-07  2.010934163875823e-07  2.176333275877163e-14  -5.992075135607981e-14  1.566971734111962e-15
  1.500000000000000e+00  -3.750797703020430e-06  -2.916505393542316e-06  -2.537304313599588e-06  -1.405437652451876e-06  7.984442871095274e-07  -2.057597710404891e-07  2.881250462244502e-13  1.832218669450754e-13  1.282325879723623e-13
  1.600000000000000e+00  -4.245567565221237e-05  -5.677545127433483e-05  -2.059944199657742e-05  -1.245785356076052e-05  -1.111991810559288e-05  -3.611340993903802e-06  2.796879492656962e-12  5.225052506321443e-12  2.473402176093639e-12
  1.700000000000000e+00  -8.810859602494890e-05  -3.926988826942877e-05  3.518757118005664e-05  -2.849107888861265e-05  8.968890018061322e-06  -1.106688461285112e-05  7.461450788578699e-12  1.816461532181865e-12  8.189265908074392e-13
  1.800000000000000e+00  4.696487512068284e-05  6.655380956954974e-05  2.524033409393187e-04  1.978482409805230e-05  1.329353631522735e-04  4.472033974131344e-05  -2.454829838718158e-12  -1.610388885205276e-11  -3.010927407454621e-11
  1.900000000000001e+00  3.192993812059017e-04  5.548834887404468e-04  2.799066710259506e-04  5.357538889136876e-05  -2.615704679127825e-04  9.112255962753812e-05  -2.295170681285282e-11  -3.047614808191333e-11  1.114998286706348e-11
  2.000000000000000e+00  -5.420261384208475e-04  -5.966839972423309e-04  -2.125393159606570e-04  -2.276718959884124e-04  1.842023660490761e-03  7.534519560193877e-04  -3.092634057569949e-11  2.717395997035282e-11  -1.965128645293116e-10
  2.100000000000001e+00  -6.382581522064006e-05  6.685839916566441e-04  -2.162651547549778e-03  8.129148579405338e-04  -5.560530503272778e-03  -4.164269621636929e-03  8.715113672012966e-11  -2.405051947095772e-10  9.012772059581267e-10
  2.200000000000001e+00  9.271022094504974e-03  7.787092942699751e-03  -1.593387901369660e-03  2.599566290670804e-03  1.866372640297928e-02  9.412831988752387e-03  -5.841833527187813e-10  -7.933285262926118e-10  -2.421565128239897e-09
  2.300000000000001e+00  -2.175436502106772e-02  -3.732669382805980e-02  1.924072497404612e-02  -1.292478933175824e-02  -6.367703181433756e-02  -2.944349116742428e-02  2.427437496050982e-09  5.208885735804068e-09  6.208329569428675e-09
  2.400000000000001e+00  3.399305300687017e-02  6.968779984393342e-02  -4.182938768386232e-02  1.458051974026820e-02  1.638619406356023e-01  1.009850074745975e-01  -5.332431328772005e-09  -9.453856591212601e-09  -1.754598013110153e-08
  2.500000000000001e+00  -7.042050620187587e-02  -7.622769290393962e-02  3.809026793366283e-02  -4.895404053172597e-02  -3.200662411136587e-01  -2.363269409759299e-01  1.232405820948130e-08  9.677480736239372e-09  4.282983937046386e-08
  2.600000000000001e+00  -4.688216610897723e-02  2.903049398032586e-01  2.152150265595175e-01  2.587073066022793e-02  6.370901082995362e-01  4.709881414139880e-01  -9.561604352858498e-09  -2.887153456056972e-08  -1.042371131065634e-07
  2.700000000000001e+00  -2.523366566485845e+00  -3.878131397545620e+00  -2.785666867320598e+00  -1.011923453201236e+00  -2.728506882546141e+00  -2.165316129968388e+00  1.708203087149519e-07  3.637934257536839e-07  3.785430635487323e-07
  2.800000000000001e+00  -6.987562225130618e+01  -8.105074884238185e+01  -4.731423116049854e+01  -3.617921113121785e+01  -3.150734927849738e+01  -2.748630211955880e+01  6.777137118055593e-06  7.785923141762689e-06  3.774661075554467e-06
  2.900000000000001e+00  -2.306149127460973e+02  -2.662204267644620e+02  -1.466317928546254e+02  -1.233346732460723e+02  -1.006795456169392e+02  -8.525750073425667e+01  2.231568578756093e-05  2.572326747858933e-05  1.096044172398704e-05
  3.000000000000001e+00  -3.921091282524678e+02  -4.680583194625411e+02  -2.146741348149277e+02  -2.304436487895845e+02  -1.679325699739837e+02  -1.397848628106328e+02  3.836537155940433e-05  4.581795985913167e-05  1.625759579340839e-05
  3.100000000000001e+00  -5.406434785027312e+02  -6.660965691025361e+02  -2.481687982783844e+02  -3.483295936788313e+02  -1.858831264949093e+02  -1.469889578122927e+02  5.360597457353243e-05  6.506063330934598e-05  1.329869001838499e-05
  3.200000000000002e+00  -6.589575081472295e+02  -8.476333882187300e+02  -2.927063755025578e+02  -4.561773147303846e+02  -1.311820869434988e+02  -8.185261660411786e+01  6.584848710001786e-05  8.151681495380840e-05  4.694593224074452e-07
  3.300000000000002e+00  -7.187938746859194e+02  -9.825342915168179e+02  -3.296097761832274e+02  -5.425497747714975e+02  -7.605125798562447e+01  -2.144723698061649e+01  7.292717098255734e-05  9.451890867693314e-05  -9.057667223159677e-06
  3.400000000000002e+00  -8.861842848161748e+02  -1.231914745184616e+03  -3.851648939079728e+02  -6.982817995832155e+02  -1.827508171962382e+02  -1.146865501567325e+02  9.169416744828791e-05  1.207434635698454e-04  4.441214716090918e-06
  3.500000000000002e+00  -1.613653465047221e+03  -2.115465996766206e+03  -7.334263461129854e+02  -1.158305229568597e+03  -5.311753528702525e+02  -4.169842800515691e+02  1.648507406855445e-04  2.072867707103465e-04  4.188549555327922e-05
  3.600000000000002e+00  -3.681005995410065e+03  -4.494696897668142e+03  -1.886073678377005e+03  -2.352379514939404e+03  -1.262392959019153e+03  -1.049275727901786e+03  3.687373150233554e-04  4.359094891098672e-04  1.136817600750426e-04
  3.700000000000002e+00  -8.242661872719624e+03  -9.661099331969877e+03  -4.476537062702113e+03  -4.951858882173511e+03  -2.822349434801206e+03  -2.437907446719315e+03  8.147060442085739e-04  9.348244192076647e-04  2.682772095777635e-04
  3.800000000000002e+00  -1.666170256449199e+04  -1.908869012180127e+04  -8.964154798497446e+03  -9.829385802170174e+03  -5.684954992513101e+03  -5.010789265663529e+03  1.642046212632793e-03  1.851695628613748e-03  5.428736439193043e-04
  3.900000000000002e+00  -3.046924237368286e+04  -3.443954633317282e+04  -1.575086249299497e+04  -1.804154004680960e+04  -9.907285434827645e+03  -8.830534025728017e+03  3.001828488419342e-03  3.349388330618780e-03  9.074393151327333e-04
  4.000000000000002e+00  -5.006913823181610e+04  -5.618068779290791e+04  -2.463268136427925e+04  -3.013112407205395e+04  -1.448218866851527e+04  -1.292195313253897e+04  4.942197726467448e-03  5.465916162834818e-03  1.191670806218472e-03
  4.100000000000001e+00  -7.450697174372707e+04  -8.366509509020345e+04  -3.518154910760404e+04  -4.595318552985101e+04  -1.812917876514205e+04  -1.603175057881079e+04  7.367302877384633e-03  8.135249030588480e-03  1.235865691267439e-03
  4.200000000000001e+00  -1.029677106744932e+05  -1.153084670759271e+05  -4.671167531560308e+04  -6.516565731473901e+04  -2.060656388771953e+04  -1.831935978251206e+04  1.022363077022206e-02  1.122825417292283e-02  1.080284691239349e-03
  4.300000000000001e+00  -1.352074651923189e+05  -1.505899333811972e+05  -5.816096872042723e+04  -8.779886061839489e+04  -2.296110964374285e+04  -2.061679617339405e+04  1.349000488470390e-02  1.471893139291966e-02  8.668293190303838e-04
  4.400000000000000e+00  -1.729055333352432e+05  -1.916201913537490e+05  -6.936811908516471e+04  -1.152539938838525e+05  -2.555267999695220e+04  -2.306568302427441e+04  1.736592193430007e-02  1.881944910101569e-02  5.721458553342723e-04
  4.500000000000000e+00  -2.215030342037895e+05  -2.426386185473913e+05  -8.332123941111637e+04  -1.500908509304789e+05  -2.867586183677771e+04  -2.668111373892967e+04  2.234147946346473e-02  2.390715175926892e-02  3.210017635811748e-04
  4.600000000000000e+00  -2.711960237741695e+05  -2.936520112465178e+05  -9.404146064426882e+04  -1.877807924416092e+05  -2.850445991623759e+04  -2.684432327937716e+04  2.746989838359816e-02  2.902411290294732e-02  -4.680498145857133e-04
  4.699999999999999e+00  -3.152729800626460e+05  -3.381410490382703e+05  -9.748638028349665e+04  -2.253763499220887e+05  -2.499280935198851e+04  -2.405955685198748e+04  3.214510183580398e-02  3.362999442511454e-02  -1.594778762386596e-03
  4.799999999999999e+00  -3.650742842448585e+05  -3.879374152100243e+05  -9.939632141738801e+04  -2.680931057627191e+05  -2.195716172192523e+04  -2.116108064563365e+04  3.744081838735325e-02  3.884535952685929e-02  -2.775676925288016e-03
  4.899999999999999e+00  -4.221943943000408e+05  -4.436816732792602e+05  -9.882016553141481e+04  -3.174245016640319e+05  -1.756961456402547e+04  -1.737363082727290e+04  4.354126845258658e-02  4.476429148128099e-02  -4.251118639983075e-03
  4.999999999999998e+00  -4.801163002626714e+05  -5.002586453916223e+05  -8.974513349778026e+04  -3.711884730974912e+05  -8.535960616690878e+03  -6.886450322417523e+03  4.981379357751797e-02  5.083253881201570e-02  -6.800691224346695e-03
  5.099999999999998e+00  -4.625545308856438e+05  -5.006363212450169e+05  -2.902259991173337e+04  -4.012460196169430e+05  2.426195281021440e+04  3.526547916250792e+04  4.888648444917522e-02  5.193092316216039e-02  -1.289356908337342e-02
  5.199999999999998e+00  -4.034396305042671e+05  -4.667420622201202e+05  5.550585389545827e+04  -4.141199485970075e+05  7.401985876366992e+04  9.913739864809089e+04  4.391734946166111e-02  4.941685970376317e-02  -2.121527467666911e-02
  5.299999999999997e+00  -3.256302552636839e+05  -4.319293871214944e+05  1.389597013470883e+05  -4.216119081616568e+05  1.248246366957426e+05  1.684624426838514e+05  3.727757256043966e-02  4.669479350691287e-02  -2.971292445079077e-02
  5.399999999999997e+00  -2.477242063749212e+05  -4.062235857492981e+05  2.218688320538641e+05  -4.344540546726246e+05  1.676812852728695e+05  2.166493502503284e+05  3.056011152494051e-02  4.483211888264648e-02  -3.489020769714502e-02
  5.499999999999996e+00  -2.319293232055141e+05  -4.132007072533371e+05  2.697992204161760e+05  -4.621528738338102e+05  1.965824235342904e+05  2.436426158548705e+05  2.929437923773366e-02  4.466653850705860e-02  -3.716806234709543e-02
  5.599999999999996e+00  -2.372474869292816e+05  -4.236358089250250e+05  2.905101419465563e+05  -4.858098264004074e+05  2.236247535241772e+05  2.681765723437882e+05  2.957576020541302e-02  4.361818708328607e-02  -3.828332179828706e-02
  5.699999999999996e+00  -2.387189366542184e+05  -4.204139334221227e+05  3.008678304527325e+05  -5.053178463172759e+05  2.460130634261036e+05  2.784974039517680e+05  2.914336112320787e-02  4.153144285770433e-02  -3.655334447642223e-02
  5.799999999999995e+00  -2.675983761642515e+05  -4.312230477109497e+05  2.829796551857156e+05  -5.291491809846308e+05  2.548975296616793e+05  2.637281594304712e+05  3.129667945758052e-02  4.030518123096154e-02  -3.201614508764660e-02
  5.899999999999995e+00  -3.299207437481144e+05  -4.543845080483370e+05  2.294638598307285e+05  -5.557033554876811e+05  2.489091398536644e+05  2.277124263160562e+05  3.641368225394681e-02  3.963664705856339e-02  -2.499131928303054e-02
  5.999999999999995e+00  -3.978932652547671e+05  -4.563324780242621e+05  1.720757113665928e+05  -5.763629505342494e+05  2.301812281670842e+05  1.796870358151964e+05  4.204573692706154e-02  3.701941626558562e-02  -1.552903782318221e-02
  6.099999999999994e+00  -4.402032853391584e+05  -4.245011442261973e+05  1.450261717515932e+05  -5.806397990673295e+05  2.072847664121452e+05  1.353722214062862e+05  4.578373398681451e-02  3.170591684963085e-02  -6.075849791520319e-03
  6.199999999999994e+00  -4.505802946365901e+05  -3.858460814732484e+05  1.304886437180553e+05  -5.695681088333527e+05  1.896448239721821e+05  1.021536882452420e+05  4.619178844927959e-02  2.577444319521101e-02  1.752754559267823e-03
  6.299999999999994e+00  -4.353358717831338e+05  -3.586935305789825e+05  1.028495028342794e+05  -5.511119482382458e+05  1.732999592211113e+05  6.709881764152589e+04  4.315578862418067e-02  2.063661341287557e-02  9.322076269343352e-03
  6.399999999999993e+00  -4.106260324710289e+05  -3.374807270987535e+05  7.175380755802199e+04  -5.302943912075547e+05  1.483106524903829e+05  1.333624577795225e+04  3.922593110590938e-02  1.621079556232437e-02  1.883155934256596e-02
  6.499999999999993e+00  -3.996870255890898e+05  -3.276766799620392e+05  2.383800508232788e+04  -5.085048648997989e+05  1.057010272972827e+05  -7.234323151007279e+04  3.668708609143226e-02  1.239713768283961e-02  3.459177158968042e-02
  6.599999999999993e+00  -3.780368339853995e+05  -3.202276441055007e+05  -5.765702499448576e+04  -4.760934165196234e+05  4.243839388356079e+04  -1.887573899375197e+05  3.324729780415610e-02  7.935553354906505e-03  5.754014006129268e-02
  6.699999999999992e+00  -3.141118321060495e+05  -2.934053851854767e+05  -1.510231064195954e+05  -4.265701558230733e+05  -2.443642582560131e+04  -3.048614449882483e+05  2.771015328012017e-02  2.195876177817140e-03  7.811779584444399e-02
  6.799999999999992e+00  -2.366826426883480e+05  -2.474775616774416e+05  -2.152246722448637e+05  -3.739676751270109e+05  -6.473961669188968e+04  -3.772354809575220e+05  2.329190226257364e-02  -3.340979761998179e-03  8.576225113618297e-02
  6.899999999999991e+00  -2.049058135128995e+05  -2.139945510006839e+05  -2.345774252094941e+05  -3.401796896768659e+05  -6.320302464109566e+04  -3.810728699818430e+05  2.351623582696876e-02  -6.323520789377019e-03  8.006640598330855e-02
  6.999999999999991e+00  -2.384007059403743e+05  -2.164550032212689e+05  -2.270322813699193e+05  -3.333823202981969e+05  -2.453704470513370e+04  -3.133217932015097e+05  2.835258166738029e-02  -5.449463298492383e-03  6.677243563602817e-02
  7.099999999999991e+00  -2.844331753619950e+05  -2.322548301405584e+05  -2.128987143546480e+05  -3.414839361783132e+05  3.303851390336989e+04  -1.961514534530605e+05  3.317454221307800e-02  -2.445963871045658e-03  5.213314422826255e-02
  7.199999999999990e+00  -2.759753814187600e+05  -2.251795913829069e+05  -1.940596546639440e+05  -3.470762215245463e+05  8.312055098360045e+04  -7.610997961990535e+04  3.301572867265942e-02  -2.027813116115753e-04  4.145429134966747e-02
  7.299999999999990e+00  -2.170727694599927e+05  -1.989196025375945e+05  -1.597257825606876e+05  -3.470321160771862e+05  1.023823674246020e+05  -1.537031310610602e+03  2.857992626777812e-02  9.924551812553570e-04  3.795614019023175e-02
  7.399999999999990e+00  -1.493643770502889e+05  -1.672536911931315e+05  -9.579369354314692e+04  -3.454425735853129e+05  8.313829465500030e+04  6.830361434711354e+03  2.359856283853943e-02  1.870273793316060e-03  4.281432603093199e-02
  7.499999999999989e+00  -9.498937333626969e+04  -1.208391792997171e+05  -7.018599764321086e+03  -3.450180240096680e+05  3.528571817410906e+04  -2.927352138016288e+04  2.068273449889219e-02  2.063657837105484e-03  5.415301094206768e-02
  7.599999999999989e+00  -4.742454325646527e+04  -4.890903194647083e+04  7.399493832656089e+04  -3.400932323463683e+05  -1.505803701941018e+04  -5.827035766749921e+04  1.916000185724217e-02  7.637470623184853e-05  6.447968946468605e-02
  7.699999999999989e+00  1.124841046366359e+04  3.949844499843979e+04  1.149145639308207e+05  -3.179678561074208e+05  -3.796775844358997e+04  -3.881776471385400e+04  1.536536318777065e-02  -5.118062592943911e-03  6.411252848662728e-02
  7.799999999999988e+00  8.658904804212975e+04  1.222867649465379e+05  1.163980366979196e+05  -2.789293988903195e+05  -1.861394128282856e+04  2.789102338423865e+04  7.206561094140797e-03  -1.185342800823968e-02  4.979638885388909e-02
  7.899999999999988e+00  1.590783452621690e+05  1.737566694301465e+05  1.077224901873749e+05  -2.431053590956338e+05  3.320578651554690e+04  1.068030085302697e+05  -2.395905305302625e-03  -1.624888854580752e-02  2.820979821979189e-02
  7.999999999999988e+00  2.073529765611486e+05  1.765410901770065e+05  1.137170793969665e+05  -2.243822883988564e+05  9.009786726573261e+04  1.664598330277257e+05  -9.412487199220528e-03  -1.590908193036973e-02  9.123616881459190e-03
  8.099999999999987e+00  2.376049037468091e+05  1.416930554854943e+05  1.320104525637132e+05  -2.129822425865439e+05  1.325776312782803e+05  2.048020807447795e+05  -1.403730708754146e-02  -1.259146653949154e-02  -4.047145974732688e-03
  8.199999999999987e+00  2.653761560359166e+05  1.021062942092358e+05  1.424254271990855e+05  -1.946850424384870e+05  1.632216252756322e+05  2.356274552085571e+05  -1.875204516471234e-02  -1.005271361454553e-02  -1.445623589356195e-02
  8.299999999999986e+00  2.822742336522383e+05  7.575332934559049e+04  1.325511827393353e+05  -1.716911076805374e+05  1.918694283249621e+05  2.641015706490192e+05  -2.364437667426613e-02  -9.827997982190034e-03  -2.503006515596072e-02
  8.399999999999986e+00  2.761469555048880e+05  6.078587385289933e+04  1.167446574167582e+05  -1.538804231077395e+05  2.177165043756947e+05  2.854406719649746e+05  -2.710918400586278e-02  -1.115696153972496e-02  -3.462134479029758e-02
  8.499999999999986e+00  2.607014042269749e+05  5.922509294146012e+04  1.229128324398639e+05  -1.447545969355658e+05  2.303385461070286e+05  2.948803494441433e+05  -2.852761427585731e-02  -1.327870643078557e-02  -3.989103861939294e-02
  8.599999999999985e+00  2.501676544210077e+05  7.123633867112320e+04  1.566851991534250e+05  -1.426913741584858e+05  2.250417013046373e+05  2.935603699660782e+05  -2.772075515824088e-02  -1.557131742873889e-02  -3.980004722291051e-02
  8.699999999999985e+00  2.363000237429108e+05  8.498841733007423e+04  1.977071336744405e+05  -1.431193835985430e+05  2.155513000747156e+05  2.950756379070673e+05  -2.460960748182903e-02  -1.774200907829771e-02  -3.804195950244381e-02
  8.799999999999985e+00  2.135043074699566e+05  9.408971107085841e+04  2.301736783060808e+05  -1.378433329450731e+05  2.227299746149128e+05  3.201021626799384e+05  -2.062139364950941e-02  -2.057191753462240e-02  -3.968124983292383e-02
  8.899999999999984e+00  1.948114893624331e+05  1.090821569588026e+05  2.590015317117583e+05  -1.223823705531562e+05  2.450776974634569e+05  3.685751534153894e+05  -1.796369289283042e-02  -2.486272634444509e-02  -4.492379978197460e-02
  8.999999999999984e+00  1.835173266013325e+05  1.346702125554349e+05  2.910747336452922e+05  -1.051077496526016e+05  2.580745124289681e+05  4.137469092107511e+05  -1.657076448597440e-02  -2.952112704656591e-02  -4.946357610854351e-02
  9.099999999999984e+00  1.632639624930795e+05  1.540545267036659e+05  3.183457372047940e+05  -9.971992541273822e+04  2.477256493799446e+05  4.347918794120466e+05  -1.442478748781364e-02  -3.235648307777204e-02  -5.055573751032128e-02
  9.199999999999983e+00  1.363885209571026e+05  1.595326335485295e+05  3.334036417446502e+05  -1.073064578192311e+05  2.236479722070826e+05  4.325393804494606e+05  -1.184995705669803e-02  -3.312770797866681e-02  -4.867551127917086e-02
  9.299999999999983e+00  1.279628594544407e+05  1.658140896626062e+05  3.347449883579874e+05  -1.146962190275384e+05  1.992570327816863e+05  4.136849045832495e+05  -1.157094206985133e-02  -3.345948704696815e-02  -4.503892142106836e-02
  9.399999999999983e+00  1.296942040629195e+05  1.686410081814421e+05  3.096783268613462e+05  -1.154871609205672e+05  1.776674905876011e+05  3.819382359555374e+05  -1.297261034676727e-02  -3.324299461390703e-02  -4.067212737332961e-02
  9.499999999999982e+00  9.280174447416748e+04  1.356519858194643e+05  2.421024043026217e+05  -1.197143044984071e+05  1.577603653687324e+05  3.471900082164085e+05  -1.138733206580947e-02  -3.032913890340028e-02  -3.688995053061933e-02
  9.599999999999982e+00  2.069173535285507e+03  6.059934886735550e+04  1.450419982205849e+05  -1.336263045774029e+05  1.418664328424874e+05  3.280508639568558e+05  -5.196364448699134e-03  -2.481549074937807e-02  -3.477808020396520e-02
  9.699999999999982e+00  -9.674629204954578e+04  -2.118994127358618e+04  5.760566119027729e+04  -1.469379547797144e+05  1.310623955247854e+05  3.319688011360271e+05  1.560776674552142e-03  -1.981508455130141e-02  -3.374229249733630e-02
  9.799999999999981e+00  -1.562322871168726e+05  -8.167677788800289e+04  -8.393362636895471e+02  -1.469660034755431e+05  1.212405342704398e+05  3.444651569096565e+05  4.531656195538035e-03  -1.719676921510098e-02  -3.235865979608475e-02
  9.899999999999981e+00  -1.723589546314635e+05  -1.254735157227272e+05  -4.704779173773833e+04  -1.337950373631951e+05  1.094040364181201e+05  3.452999245186197e+05  2.990504555405109e-03  -1.551200124415762e-02  -3.039104806415866e-02
  9.999999999999980e+00  -1.691607662334553e+05  -1.662446253733663e+05  -9.510966006842144e+04  -1.197206009883306e+05  9.761713940808366e+04  3.262640813460693e+05  -1.060189987501977e-03  -1.244382615581652e-02  -2.843203068684388e-02
  1.009999999999998e+01  -1.681283554866097e+05  -2.070579684824564e+05  -1.323556761741432e+05  -1.178391999431396e+05  8.912702745556082e+04  2.914447912804500e+05  -4.963479820090662e-03  -7.564467114061315e-03  -2.624956235547669e-02
  1.019999999999998e+01  -1.735253258751030e+05  -2.423278335586157e+05  -1.437030215923283e+05  -1.291945684970293e+05  8.670053927986456e+04  2.472794930498519e+05  -7.254187149356764e-03  -2.496226956868155e-03  -2.291820305672944e-02
  1.029999999999998e+01  -1.755403782369577e+05  -2.658878436244670e+05  -1.393003499281325e+05  -1.401984765471040e+05  9.259454751032533e+04  1.968085531933332e+05  -8.790775520371141e-03  9.066078938118363e-04  -1.869733475040973e-02
  1.039999999999998e+01  -1.668831100316751e+05  -2.781238113827086e+05  -1.502935687081832e+05  -1.353213519569760e+05  1.044034742653847e+05  1.416494617686551e+05  -1.162377552567361e-02  2.011183449337562e-03  -1.533456990629479e-02
  1.049999999999998e+01  -1.516518039273934e+05  -2.851759628201022e+05  -1.962259762298994e+05  -1.132851894854450e+05  1.128578043322489e+05  8.338427208105104e+04  -1.652659673221408e-02  1.381966523560681e-03  -1.349349351944135e-02
  1.059999999999998e+01  -1.380352008702990e+05  -2.933858007150143e+05  -2.641396897741166e+05  -8.833852323190898e+04  1.073982706002699e+05  2.544413719897922e+04  -2.205176376567373e-02  9.696725130298646e-05  -1.148232681644686e-02
  1.069999999999998e+01  -1.296456998046649e+05  -3.055071268453476e+05  -3.237347875962540e+05  -7.641938010997004e+04  8.475928725402876e+04  -2.583577546239047e+04  -2.574061031589231e-02  -8.175579232621532e-04  -7.534226369621162e-03
  1.079999999999998e+01  -1.253903454179173e+05  -3.200361563203983e+05  -3.546195898917969e+05  -8.293796027315795e+04  5.064253330959850e+04  -6.493742601386574e+04  -2.608986248775349e-02  -6.979838583387598e-04  -2.122083987764895e-03
  1.089999999999998e+01  -1.251762439746771e+05  -3.331257818924771e+05  -3.565304634127751e+05  -1.017345004713876e+05  1.324036372685230e+04  -8.977562193978822e+04  -2.354410001758588e-02  3.848877687321498e-04  2.800060188701599e-03
  1.099999999999998e+01  -1.327970261209961e+05  -3.424589810308272e+05  -3.401034269230395e+05  -1.223902914602270e+05  -2.168788089771470e+04  -1.034914734245472e+05  -1.973188510725870e-02  1.578930700104754e-03  6.299707012404375e-03
  1.109999999999998e+01  -1.508906953163315e+05  -3.498101228433789e+05  -3.147651072429066e+05  -1.387985800445249e+05  -5.138226127260381e+04  -1.149882176743812e+05  -1.626151381983075e-02  2.069661748196864e-03  9.341577032648134e-03
  1.119999999999998e+01  -1.747649544758968e+05  -3.571641839241297e+05  -2.847393649571160e+05  -1.513327475105006e+05  -7.500494051500007e+04  -1.335689369958266e+05  -1.411336873774919e-02  1.846560043300249e-03  1.327970991121664e-02
  1.129999999999998e+01  -1.912482529667978e+05  -3.620860465533662e+05  -2.507716858185075e+05  -1.623696841948619e+05  -9.239530007915827e+04  -1.614200408063963e+05  -1.360244736173022e-02  1.556768188720128e-03  1.815833617201297e-02
  1.139999999999998e+01  -1.862997885253141e+05  -3.606521564527176e+05  -2.127619440532030e+05  -1.729158006501498e+05  -1.040088857633811e+05  -1.912802596652122e+05  -1.455518444936815e-02  1.887852456841569e-03  2.277261392831080e-02
  1.149999999999998e+01  -1.603400813059896e+05  -3.524567239017515e+05  -1.698858780659600e+05  -1.834844276223471e+05  -1.108429522772382e+05  -2.123126063100805e+05  -1.603166271812101e-02  3.002089297581881e-03  2.602933216581932e-02
  1.159999999999997e+01  -1.327165297851808e+05  -3.398879301983169e+05  -1.199224240998054e+05  -1.943273022386876e+05  -1.134301742275522e+05  -2.181382848597404e+05  -1.636109636696983e-02  4.273100040525129e-03  2.760327585842276e-02
  1.169999999999997e+01  -1.237084303608754e+05  -3.251156005939435e+05  -6.275980356999956e+04  -2.043389205996667e+05  -1.119222608880402e+05  -2.095659353896166e+05  -1.450144215116332e-02  4.864061515904130e-03  2.768187981499488e-02
  1.179999999999997e+01  -1.341889683740864e+05  -3.095503748404435e+05  -4.071317685053488e+03  -2.128210590275394e+05  -1.066861758118760e+05  -1.923020436124734e+05  -1.122021438365635e-02  4.631858452599349e-03  2.678551219966547e-02
  1.189999999999997e+01  -1.478191774004770e+05  -2.939987190717930e+05  4.740386634905018e+04  -2.216970497325626e+05  -9.823005173480345e+04  -1.738084893660751e+05  -8.293911512190192e-03  4.128875649539060e-03  2.571481835079826e-02
  1.199999999999997e+01  -1.517385757315559e+05  -2.787606936513795e+05  8.710366731230712e+04  -2.337729386463463e+05  -8.760694935887675e+04  -1.606276470026090e+05  -6.581816742629591e-03  3.901902431346956e-03  2.517181362466031e-02
  1.209999999999997e+01  -1.486816207040093e+05  -2.647908154673737e+05  1.156735526105559e+05  -2.487022307917779e+05  -7.595380320788296e+04  -1.544659575140640e+05  -5.431217391342290e-03  4.020959446249479e-03  2.515676878939548e-02
  1.219999999999997e+01  -1.475854850103916e+05  -2.533821356049730e+05  1.332267466601169e+05  -2.623007769333465e+05  -6.273595595047832e+04  -1.506771771153496e+05  -3.970376864003184e-03  4.206741920651031e-03  2.487481899404022e-02
  1.229999999999997e+01  -1.492566142362635e+05  -2.428258101728946e+05  1.376060509288921e+05  -2.703045695308676e+05  -4.591143998017464e+04  -1.420194278228483e+05  -2.357333868503414e-03  4.100250881483643e-03  2.336332103223205e-02
  1.239999999999997e+01  -1.459478504025445e+05  -2.281979452083068e+05  1.288197590441869e+05  -2.716387387068245e+05  -2.403211731553352e+04  -1.239158556403175e+05  -1.482213863749094e-03  3.341493152144601e-03  2.029050336315029e-02
  1.249999999999997e+01  -1.323841043011192e+05  -2.075154408201782e+05  1.121546344962206e+05  -2.685306198137434e+05  1.867875229698369e+03  -9.712054144007841e+04  -1.727384242401502e-03  1.813937704261494e-03  1.622181088828330e-02
  1.259999999999997e+01  -1.123677170853529e+05  -1.849291560888473e+05  9.600909709948006e+04  -2.638973991578677e+05  2.796225445032270e+04  -6.622571015844386e+04  -2.457701460506268e-03  -3.989215772805032e-05  1.209720708958165e-02
  1.269999999999997e+01  -9.387562859079933e+04  -1.655365848729667e+05  8.681824982524087e+04  -2.588760897453665e+05  5.044198946363758e+04  -3.545055525304560e+04  -2.796094534995921e-03  -1.424166013334121e-03  8.530076436884141e-03
  1.279999999999997e+01  -8.152782739219101e+04  -1.508739922738977e+05  8.502188686262819e+04  -2.531678985692743e+05  6.830160893566902e+04  -6.291330065318929e+03  -2.490635422148240e-03  -1.824902103520489e-03  5.572866784925480e-03
  1.289999999999997e+01  -7.500900562111969e+04  -1.404532036485636e+05  8.611135459260058e+04  -2.467337771378081e+05  8.304725194725025e+04  2.122210469474751e+04  -1.837264491123363e-03  -1.442899060094848e-03  3.016246464330954e-03
  1.299999999999997e+01  -7.159046742512782e+04  -1.342415348725988e+05  8.654638089363446e+04  -2.406518507359755e+05  9.605883506656782e+04  4.624912230522106e+04  -1.173735229650104e-03  -9.425960439508931e-04  9.942014040147855e-04
  1.309999999999997e+01  -6.910643614527069e+04  -1.321067911365602e+05  8.859928054260941e+04  -2.362590036854183e+05  1.062703898867258e+05  6.617795618671976e+04  -5.524144079280338e-04  -7.087251974173133e-04  1.940723850091655e-04
  1.319999999999997e+01  -6.795600112246510e+04  -1.329020143054042e+05  9.821672452232143e+04  -2.338371195518924e+05  1.113089184638918e+05  7.876854953612718e+04  2.794625900716532e-04  -4.314007518129477e-04  1.187419639759744e-03
  1.329999999999997e+01  -7.072984471829349e+04  -1.354331543670177e+05  1.179197157138318e+05  -2.326404187098650e+05  1.116308579014680e+05  8.559385173262989e+04  1.599812915536855e-03  4.244567102858113e-04  3.481500582750930e-03
  1.339999999999997e+01  -7.850664487464676e+04  -1.385622534933392e+05  1.420176326219238e+05  -2.317544190739856e+05  1.120459933935283e+05  9.210936562510137e+04  3.282140274874020e-03  1.822657531247386e-03  5.493508512354996e-03
  1.349999999999997e+01  -8.676035559984396e+04  -1.403889841567456e+05  1.612535247495869e+05  -2.306340181098020e+05  1.173963793797822e+05  1.031888169223182e+05  4.566237233245322e-03  3.079230528333280e-03  5.759245167065198e-03
  1.359999999999997e+01  -8.753866303982314e+04  -1.397639520261444e+05  1.709835437287979e+05  -2.293029294721444e+05  1.275222502722959e+05  1.188193871553014e+05  4.549811302866788e-03  3.579582538881119e-03  4.072791975005451e-03
  1.369999999999997e+01  -7.836055950045839e+04  -1.387684257652299e+05  1.722058393676335e+05  -2.287177036671906e+05  1.374545993755222e+05  1.347364772717174e+05  3.138369428527536e-03  3.498731605181990e-03  1.445732908333841e-03
  1.379999999999997e+01  -6.693678947540552e+04  -1.408876724795619e+05  1.675429501470454e+05  -2.305796875385242e+05  1.422926629233131e+05  1.461649733345812e+05  1.460748181107902e-03  3.714190145382929e-03  -8.562071195991811e-04
  1.389999999999997e+01  -6.372850239135721e+04  -1.459089044054851e+05  1.577689987035661e+05  -2.356983958802978e+05  1.413242926735471e+05  1.512281679162833e+05  9.489173856380548e-04  4.867121186622787e-03  -2.197741474762505e-03
  1.399999999999997e+01  -7.108193651538019e+04  -1.490396341111348e+05  1.420694147767391e+05  -2.425529607005618e+05  1.366681082519333e+05  1.511174879251249e+05  1.928417794554671e-03  6.674149954401521e-03  -2.578163158128684e-03
  1.409999999999997e+01  -8.236418242652132e+04  -1.455385583949728e+05  1.200504367144862e+05  -2.476027811939148e+05  1.298474981213859e+05  1.479621793781362e+05  3.543542725723519e-03  8.146052880706018e-03  -2.353054996128053e-03
  1.419999999999997e+01  -9.040339433051921e+04  -1.348371736992919e+05  9.282446241624049e+04  -2.472529576616411e+05  1.215638810126787e+05  1.437053454782038e+05  4.766507188861050e-03  8.305003643113771e-03  -2.098561785414306e-03
  1.429999999999997e+01  -9.417359163861909e+04  -1.206598696728160e+05  6.364692334226044e+04  -2.403948090211138e+05  1.130928668681287e+05  1.391497497598918e+05  5.180093359440428e-03  6.942360211581088e-03  -2.245739205820138e-03
  1.439999999999996e+01  -9.708561915470213e+04  -1.079581385129095e+05  3.765892368656099e+04  -2.290923026477120e+05  1.070105539031706e+05  1.336145528471161e+05  5.048444046697596e-03  4.709251130313057e-03  -2.834721941705526e-03
  1.449999999999996e+01  -1.014548571400313e+05  -1.005313229241088e+05  1.929114261897230e+04  -2.172892472177458e+05  1.055379139455497e+05  1.260711304673446e+05  4.797174752581579e-03  2.506102524369456e-03  -3.524200256219478e-03
  1.459999999999996e+01  -1.063763635838029e+05  -1.003726510715379e+05  9.269543961721492e+03  -2.091111329440440e+05  1.075663035291076e+05  1.163881098689979e+05  4.694404419995148e-03  9.599262320770712e-04  -3.835597804920190e-03
  1.469999999999996e+01  -1.095538140713797e+05  -1.071297397085353e+05  4.507302519393878e+03  -2.068041056498968e+05  1.085047583830996e+05  1.060185570502923e+05  4.868324417685923e-03  2.040732012499513e-04  -3.618971799226120e-03
  1.479999999999996e+01  -1.095472101989240e+05  -1.184327659592652e+05  5.121266335152715e+02  -2.096245289963019e+05  1.033189098770548e+05  9.711611388417844e+04  5.217164809281448e-03  4.306996007673091e-05  -3.152567686789321e-03
  1.489999999999996e+01  -1.066416801576436e+05  -1.311871818187199e+05  -5.312879634153156e+03  -2.148574497848473e+05  9.046058980350354e+04  9.060943139403580e+04  5.390283345010750e-03  2.656679720180677e-04  -2.901712784675690e-03
  1.499999999999996e+01  -1.029427850586555e+05  -1.432259117873331e+05  -1.248243951109295e+04  -2.198232163641932e+05  7.376999630916530e+04  8.596885481807195e+04  5.029589982317386e-03  7.426110634651371e-04  -3.252574263677669e-03
  1.509999999999996e+01  -1.019229945237410e+05  -1.541305581998334e+05  -1.854778450287896e+04  -2.237208276978960e+05  6.014909058209218e+04  8.225379464765127e+04  4.119254110259788e-03  1.503687765840759e-03  -4.283391677209903e-03
  1.519999999999996e+01  -1.070087399644175e+05  -1.644450273321359e+05  -2.104818371273659e+04  -2.275333944693914e+05  5.521549415091993e+04  7.910825963163561e+04  3.076760530470749e-03  2.639325166865459e-03  -5.694226653242380e-03
  1.529999999999996e+01  -1.192657691062882e+05  -1.741368532295483e+05  -1.913282623821564e+04  -2.318432449299398e+05  6.007734196331926e+04  7.624705794665354e+04  2.404287192827603e-03  4.030997705058061e-03  -6.840861147372822e-03
  1.539999999999996e+01  -1.357862048193750e+05  -1.818274604889203e+05  -1.357083326559564e+04  -2.355060188028023e+05  7.054169732683917e+04  7.236974223210619e+04  2.216118621055124e-03  5.220549281185440e-03  -7.082615772465179e-03
  1.549999999999996e+01  -1.508239850180594e+05  -1.861742469952620e+05  -6.643668882444326e+03  -2.364960177970397e+05  7.972250200683252e+04  6.617064889942389e+04  2.160979755120352e-03  5.593612935083678e-03  -6.223463630097282e-03
  1.559999999999996e+01  -1.592699661680007e+05  -1.875976152303203e+05  -1.332282002210137e+03  -2.337822346617843e+05  8.244666000211066e+04  5.789844329044905e+04  1.857453943581357e-03  4.839639468421537e-03  -4.623197248553854e-03
  1.569999999999996e+01  -1.594632110170448e+05  -1.879480323924274e+05  1.230667561612165e+03  -2.287334494585732e+05  7.805204976062717e+04  4.942353159366532e+04  1.292294838698512e-03  3.292893799583238e-03  -2.972183233428887e-03
  1.579999999999996e+01  -1.536339692985586e+05  -1.885573258378224e+05  2.037413558573725e+03  -2.243943600110945e+05  7.019583591605212e+04  4.283145294684307e+04  7.897534557024395e-04  1.791634097311056e-03  -1.808585229824619e-03
  1.589999999999996e+01  -1.457253402077835e+05  -1.887806620158330e+05  2.626048075934092e+03  -2.234492171493133e+05  6.391711025221918e+04  3.860240749726283e+04  6.434765552799920e-04  1.073811537860089e-03  -1.286831190592452e-03
  1.599999999999996e+01  -1.383295313399569e+05  -1.871058383897599e+05  3.780423110375142e+03  -2.268624786654665e+05  6.175945489083786e+04  3.576954050538605e+04  7.553750284593586e-04  1.270582902135454e-03  -1.245819874521733e-03
  1.609999999999996e+01  -1.318151920367444e+05  -1.831786272254154e+05  4.898176749278846e+03  -2.334527773569863e+05  6.229797005593677e+04  3.376417244627725e+04  7.542627705787894e-04  1.880296897146054e-03  -1.401784231053219e-03
  1.619999999999996e+01  -1.256221502429409e+05  -1.782450769347250e+05  6.040062505964217e+03  -2.406965701879585e+05  6.200781996452629e+04  3.325421705788894e+04  4.202779352501902e-04  2.127673928039999e-03  -1.568036325952650e-03
  1.629999999999996e+01  -1.201978149484970e+05  -1.740189607314345e+05  8.302342362051013e+03  -2.460211211704920e+05  5.879909616517971e+04  3.575108461286359e+04  -9.844503485296693e-05  1.456865329798028e-03  -1.699989387811376e-03
  1.639999999999996e+01  -1.173111725651751e+05  -1.711928983194384e+05  1.210854880715014e+04  -2.476363702507919e+05  5.396911509879235e+04  4.162158219519929e+04  -3.918884070147749e-04  -1.284088038733352e-04  -1.804017967278788e-03
  1.649999999999996e+01  -1.181134357746875e+05  -1.696384500396674e+05  1.611199706338060e+04  -2.450545525626104e+05  5.078610376080581e+04  4.850157688044328e+04  -2.058446761290380e-04  -2.111663639188278e-03  -1.755249711461038e-03
  1.659999999999997e+01  -1.216202197771359e+05  -1.693633615019564e+05  1.734553531539680e+04  -2.391962873873416e+05  5.135095694439495e+04  5.228388134784985e+04  2.761478679646906e-04  -3.784044013405671e-03  -1.254762748938401e-03
  1.669999999999997e+01  -1.247346165777418e+05  -1.705426952028463e+05  1.385163357059678e+04  -2.318884946199831e+05  5.469915450176669e+04  4.966831695593322e+04  5.833874336512628e-04  -4.623058195920758e-03  9.683313541177639e-06
  1.679999999999997e+01  -1.235228463188859e+05  -1.725737130855221e+05  6.679366069914136e+03  -2.249149422735371e+05  5.796086509634786e+04  4.128925971034565e+04  2.674845619982401e-04  -4.611604457810462e-03  2.022461108062182e-03
  1.689999999999997e+01  -1.157473616565457e+05  -1.733950659565986e+05  -1.259616476680805e+03  -2.191395159724020e+05  5.866953802658327e+04  3.204992524444863e+04  -7.382425707676964e-04  -4.176435510742299e-03  4.221767792139752e-03
  1.699999999999997e+01  -1.027535815584347e+05  -1.707397547508034e+05  -7.803636806796862e+03  -2.144123706696279e+05  5.660901319695280e+04  2.784561818794476e+04  -2.037986644491423e-03  -3.833221875696841e-03  5.762122353322056e-03
  1.709999999999997e+01  -8.940084150165465e+04  -1.642745707209079e+05  -1.275280720972873e+04  -2.104861432931736e+05  5.389187078075665e+04  3.174444037754624e+04  -3.047237170115031e-03  -3.847158396371599e-03  6.031762039994020e-03
  1.719999999999997e+01  -8.130344231238675e+04  -1.564270501713962e+05  -1.614204334268361e+04  -2.077147551465800e+05  5.334589844512704e+04  4.215755362851064e+04  -3.357642069761103e-03  -4.122023730466903e-03  5.138384985024741e-03
  1.729999999999998e+01  -8.095025085488638e+04  -1.507424561125434e+05  -1.623056101094818e+04  -2.070543390372962e+05  5.638261292981159e+04  5.444959139804622e+04  -2.980906802164797e-03  -4.365822173122692e-03  3.833039959538399e-03
  1.739999999999998e+01  -8.582233480278400e+04  -1.492422765468597e+05  -1.033970038160416e+04  -2.091008968531684e+05  6.231677339285332e+04  6.420411772822245e+04  -2.296000385666176e-03  -4.369207361753493e-03  2.945184449369449e-03
  1.749999999999998e+01  -9.024219704015934e+04  -1.511390958781185e+05  1.926998961367919e+03  -2.133445052406259e+05  6.932018406570899e+04  6.965165481326033e+04  -1.782135357673723e-03  -4.138126165853118e-03  2.768989336927212e-03
  1.759999999999998e+01  -8.999270024973915e+04  -1.539832879755350e+05  1.667494507597057e+04  -2.183287157323599e+05  7.577994410882150e+04  7.196742581936516e+04  -1.693460216415609e-03  -3.789791091531973e-03  2.929964062683841e-03
  1.769999999999998e+01  -8.542191772361571e+04  -1.556810724633110e+05  2.768553022318578e+04  -2.224624898205582e+05  8.094380775087549e+04  7.388818181388974e+04  -1.934746051379944e-03  -3.416877129566478e-03  2.761866774171670e-03
  1.779999999999998e+01  -8.047795914828229e+04  -1.554623830065881e+05  3.058467450219964e+04  -2.249270154078022e+05  8.435524800130945e+04  7.749572921099025e+04  -2.191275508623912e-03  -2.999761658519535e-03  1.870691210412094e-03
  1.789999999999998e+01  -7.909946274092134e+04  -1.536365187226754e+05  2.568458008738667e+04  -2.257722653927545e+05  8.540606782561215e+04  8.294839621254000e+04  -2.192273497775936e-03  -2.520389128924236e-03  3.874754818122445e-04
  1.799999999999999e+01  -8.226772898204502e+04  -1.507390036461792e+05  1.728802973511582e+04  -2.253129386637397e+05  8.369534307293134e+04  8.837435762976666e+04  -1.850925200778518e-03  -2.034064462325937e-03  -1.156059444033367e-03
  1.809999999999999e+01  -8.809222370413160e+04  -1.474796874565342e+05  1.042190130168747e+04  -2.238483167991693e+05  7.982054667788491e+04  9.114017510403210e+04  -1.242169188670488e-03  -1.621626134988753e-03  -2.165358783507910e-03
  1.819999999999999e+01  -9.385113244394008e+04  -1.448840550052384e+05  8.121035367765708e+03  -2.215988307699691e+05  7.577889448189686e+04  8.999078660411132e+04  -4.888018672187484e-04  -1.366147549861779e-03  -2.377314156102656e-03
  1.829999999999999e+01  -9.781382984956622e+04  -1.437797048735092e+05  1.018162056872867e+04  -2.189182817270673e+05  7.393284725426127e+04  8.616875044118764e+04  3.207474784779750e-04  -1.257482405952950e-03  -1.978080136540230e-03
  1.839999999999999e+01  -9.986774486347633e+04  -1.445970070178628e+05  1.421190127396620e+04  -2.164613456262975e+05  7.540410767643242e+04  8.300388868132277e+04  1.084955113302893e-03  -1.214581166002168e-03  -1.463155095720404e-03
  1.849999999999999e+01  -1.008346548207188e+05  -1.470411826042110e+05  1.774630719891907e+04  -2.148969512302032e+05  7.904539971940807e+04  8.362621327177215e+04  1.657348822007253e-03  -1.117228056220014e-03  -1.317899515566983e-03
  1.859999999999999e+01  -1.013542539127466e+05  -1.502551778230785e+05  1.965987446224344e+04  -2.146847075546688e+05  8.205533475330577e+04  8.865897282199403e+04  1.831911584565853e-03  -8.257892653733111e-04  -1.692982944875325e-03
  1.870000000000000e+01  -1.014407152955590e+05  -1.532830506932868e+05  2.096363556269270e+04  -2.157951294209728e+05  8.194643460750510e+04  9.569108332824057e+04  1.459917824900961e-03  -3.137140893589701e-04  -2.373974251985567e-03
  1.880000000000000e+01  -1.009230024368304e+05  -1.551533608444901e+05  2.346088757510543e+04  -2.177401674272773e+05  7.822342001624525e+04  1.008190729450331e+05  6.089743444304958e-04  3.194564976702512e-04  -2.966973318248519e-03
  1.890000000000000e+01  -1.001361169905696e+05  -1.554941262894121e+05  2.800884318091226e+04  -2.200543612324440e+05  7.288366055754386e+04  1.012627570710483e+05  -4.361487841414412e-04  8.898699241346991e-04  -3.181056433286809e-03
  1.900000000000000e+01  -9.994875249893434e+04  -1.547699329951053e+05  3.394267201750440e+04  -2.224233269403143e+05  6.905812502899252e+04  9.673617147233167e+04  -1.261171342441939e-03  1.222859034112160e-03  -3.004132407098013e-03
  1.910000000000000e+01  -1.009298131351545e+05  -1.540368647719724e+05  3.921622106322440e+04  -2.245618289712196e+05  6.881101107493152e+04  8.930070112331912e+04  -1.578601806100206e-03  1.243766244397171e-03  -2.641438796373915e-03
  1.920000000000000e+01  -1.026517766460811e+05  -1.544930031688276e+05  4.220687282861277e+04  -2.258457469978218e+05  7.165921745884714e+04  8.178440485295534e+04  -1.379672336374386e-03  9.227318254267593e-04  -2.335137176024764e-03
  1.930000000000000e+01  -1.041147008225731e+05  -1.566883661767217e+05  4.275191306985154e+04  -2.252877957996960e+05  7.468120950125746e+04  7.604965298314430e+04  -8.608220826117651e-04  2.958526431896397e-04  -2.158850960207087e-03
  1.940000000000001e+01  -1.048884161530884e+05  -1.604268810652422e+05  4.187694922416507e+04  -2.223750448520030e+05  7.457406390095348e+04  7.246501910910408e+04  -2.907709616279746e-04  -4.862636087131459e-04  -1.988012792914219e-03
  1.950000000000001e+01  -1.056796601852945e+05  -1.649303531123348e+05  4.123115768114894e+04  -2.177419900661444e+05  7.004213293782480e+04  7.010991384831553e+04  1.776969001160558e-04  -1.144324133654187e-03  -1.628187846876444e-03
  1.960000000000001e+01  -1.077301588314838e+05  -1.690922547519957e+05  4.162320885541556e+04  -2.131602031964477e+05  6.262311702720476e+04  6.773061634373586e+04  5.276024045418169e-04  -1.322802505497430e-03  -9.734338871441055e-04
  1.970000000000001e+01  -1.115828519543344e+05  -1.720810748553003e+05  4.260883711619675e+04  -2.107144263059558e+05  5.569743283518721e+04  6.461977842952916e+04  7.779987123277038e-04  -8.100451989256089e-04  -1.070911886214201e-04
  1.980000000000001e+01  -1.164375551742496e+05  -1.734525423292575e+05  4.301797579411211e+04  -2.115641915048576e+05  5.230410973658125e+04  6.069128251702354e+04  9.238049826975630e-04  3.151750003149381e-04  7.820250192497821e-04
  1.990000000000001e+01  -1.207539773369492e+05  -1.732359528205529e+05  4.166564183353373e+04  -2.153195347040457e+05  5.352433552446318e+04  5.634182299433826e+04  9.036285964224621e-04  1.684930040714747e-03  1.519219799982653e-03
