TITLE = "Temporal Signal for receiver number 03607"
VARIABLES = "Time","xx","yy","zz","xy","yz","xz","u","v","w"
# x1       3.550588610000e+05
# x2       4.735552750000e+06
# x3       -7.500000000000e+03
  0.000000000000000e+00  0.000000000000000e+00  0.000000000000000e+00  0.000000000000000e+00  0.000000000000000e+00  0.000000000000000e+00  0.000000000000000e+00  0.000000000000000e+00  0.000000000000000e+00  0.000000000000000e+00
  1.000000000000000e-01  0.000000000000000e+00  0.000000000000000e+00  0.000000000000000e+00  0.000000000000000e+00  0.000000000000000e+00  0.000000000000000e+00  0.000000000000000e+00  0.000000000000000e+00  0.000000000000000e+00
  2.000000000000000e-01  0.000000000000000e+00  0.000000000000000e+00  0.000000000000000e+00  0.000000000000000e+00  0.000000000000000e+00  0.000000000000000e+00  0.000000000000000e+00  0.000000000000000e+00  0.000000000000000e+00
  3.000000000000000e-01  4.358231881021535e-14  3.405085079715046e-14  1.003610042376304e-13  2.810981656761223e-15  -5.658762057664988e-14  -2.779093761821165e-14  -2.366666903391827e-21  -6.474257729579118e-21  6.231028434382532e-21
  4.000000000000000e-01  -1.499352587653577e-09  -3.576980189170465e-09  7.979366560975099e-11  -6.033386991376602e-10  -6.146164931524889e-11  1.207933184072128e-09  2.461822557722106e-16  1.240476490784603e-16  -3.317048982068134e-16
  5.000000000000000e-01  8.697223734515866e-07  1.183204423885903e-06  1.796089551062026e-06  7.905716317880713e-08  -2.803094476491924e-07  -1.886236798275019e-07  -1.580437621594543e-14  -2.437369460551113e-14  1.418875019400384e-13
  6.000000000000000e-01  -1.750696722026485e-05  -3.509642136794861e-05  -1.653555003253138e-05  -2.140270509055304e-06  -3.312036536732341e-06  3.602639384602984e-06  1.003835983246701e-13  1.222674227415588e-12  -1.090051008972900e-12
  7.000000000000000e-01  -4.506129504694496e-04  -5.123566262266578e-04  -9.489784673756765e-04  4.610024614734589e-05  3.584130976702103e-04  -8.972786608423913e-06  2.342062112470024e-12  2.184726181057698e-11  -8.143594343479704e-11
  7.999999999999999e-01  5.096882708764948e-03  8.586978809509288e-03  7.944464763078272e-03  1.279585682704928e-04  -6.053647982931557e-04  1.735216808279611e-04  1.080034370753698e-10  -5.075607383170679e-10  4.200931585010506e-10
  8.999999999999999e-01  4.693214861231258e-02  7.630504192128876e-02  7.316795910948569e-02  3.203126563733570e-03  -1.601975331167372e-02  -2.205411566248951e-03  5.098077947557924e-11  -5.108302318651409e-09  4.206217532977231e-09
  9.999999999999999e-01  1.647630590515459e-01  2.611603370665447e-01  2.598201801682216e-01  2.327956801162018e-02  -3.303276250446124e-02  -1.877737375007360e-02  -1.716687524341322e-09  -1.692942888258239e-08  1.380138351377577e-08
  1.100000000000000e+00  -2.618551063622335e-01  -5.841940048581313e-01  -2.378983051896725e-01  -7.879868317183172e-02  3.320233860055449e-01  3.745174372904602e-02  1.161922718430956e-08  4.638270123006394e-08  -2.193495512490194e-08
  1.200000000000000e+00  -2.884230854041501e+00  -5.017338177642247e+00  -3.816021488565605e+00  -6.858889014225117e-01  1.668617949803915e+00  5.376340266593942e-01  8.840720261416786e-08  3.685559298873049e-07  -2.425181745268440e-07
  1.300000000000000e+00  4.133027305223700e+00  8.561581006103449e+00  4.389030249056601e+00  1.626891523774752e+00  -3.393616850090448e+00  -9.652315699667279e-01  -2.021573542804623e-07  -6.819360632143983e-07  2.886786424683892e-07
  1.400000000000000e+00  -4.160442148527384e+00  -1.098539719660315e+01  -3.475890705279409e+00  -2.193668598905661e+00  3.951023424423250e+00  1.226016449208806e+00  2.474665591790931e-07  8.888055532283567e-07  -2.131770529712436e-07
  1.500000000000000e+00  1.559892001341785e+02  3.390928765623911e+02  1.797308291299790e+02  6.873173282125128e+01  -1.187549729200915e+02  -4.006347379244911e+01  -8.460853409162557e-06  -2.538868071972379e-05  1.206131582322264e-05
  1.600000000000000e+00  3.590019795294767e+02  8.578551214046258e+02  3.074154094263656e+02  2.353135060569064e+02  -2.327807435227029e+02  -1.080587411006471e+02  -2.617379586116314e-05  -6.303083509258788e-05  1.867396133528045e-05
  1.700000000000000e+00  2.493812201896855e+02  7.819111995028937e+02  -1.143914397146717e+02  3.883324719652903e+02  1.286722717645056e+01  -1.045412864054305e+02  -3.661128748466793e-05  -5.350317856291525e-05  -1.632553442239850e-05
  1.800000000000000e+00  1.608227213258602e+02  6.744557809621574e+02  -5.606347488301651e+02  5.878911713007652e+02  3.565106476553394e+02  -1.126070122572466e+02  -5.017805541165857e-05  -3.962347871260510e-05  -5.505106268689482e-05
  1.900000000000001e+00  1.327552706443429e+02  6.801313286331949e+02  -9.548845023995409e+02  8.236572517875836e+02  7.408466397430034e+02  -1.145509708749186e+02  -6.335830422621347e-05  -3.043319550884379e-05  -8.961329481638497e-05
  2.000000000000000e+00  3.301583614260148e+02  1.194155484639371e+03  -1.306031789151601e+03  1.283656926650924e+03  1.138810547498257e+03  -2.025665302642112e+02  -1.005735833265676e-04  -5.900941276044326e-05  -1.292041308956656e-04
  2.100000000000001e+00  6.707687945129225e+02  2.043892093385481e+03  -1.381827113231882e+03  1.816585776080633e+03  1.395395398530155e+03  -3.260277685285831e+02  -1.352405959933996e-04  -1.032077566470097e-04  -1.330888429943384e-04
  2.200000000000001e+00  1.481693814321253e+03  3.983577343812332e+03  -1.692751225038422e+03  2.879805340124889e+03  1.853413928356911e+03  -5.488237496964418e+02  -2.233759691324696e-04  -2.297501083160889e-04  -1.839368734200945e-04
  2.300000000000001e+00  2.989176838031164e+03  8.229793951934389e+03  -2.934453417007598e+03  5.141034555210733e+03  2.873526904284959e+03  -1.004028365180246e+03  -4.280141644969393e-04  -5.160059570809769e-04  -3.516126241527994e-04
  2.400000000000001e+00  5.284724190338988e+03  1.433030685475314e+04  -3.366847001292170e+03  8.250086315935629e+03  3.242155866188108e+03  -1.887574992988033e+03  -6.726069800682188e-04  -8.994736095654744e-04  -3.757640330192198e-04
  2.500000000000001e+00  8.166351622811257e+03  1.944150042892093e+04  -5.482189421683905e+03  1.291794064487752e+04  4.858900917453894e+03  -3.209399342928756e+03  -1.042134941762414e-03  -1.165306665261853e-03  -4.640725436298200e-04
  2.600000000000001e+00  7.806059989311065e+03  1.397055951324761e+04  -2.113192092353348e+04  2.002238954500643e+04  1.622928694957034e+04  -3.008958619104665e+03  -1.565020043655469e-03  -5.947312782250370e-04  -1.735380763746801e-03
  2.700000000000001e+00  6.036545538371875e+03  -3.492302716917817e+03  -5.410660621753777e+04  3.090460847552866e+04  4.408244685594602e+04  9.384182960968462e+01  -2.358080274165692e-03  9.779493025093814e-04  -4.751069895881036e-03
  2.800000000000001e+00  5.540286136426421e+03  -2.949133779286315e+04  -1.010732728393610e+05  4.527803289475436e+04  8.800852819445218e+04  6.914776561128589e+03  -3.312532773129773e-03  3.366105357815788e-03  -9.132870456398996e-03
  2.900000000000001e+00  -4.385521531439820e+03  -8.251695111562531e+04  -1.775336730933341e+05  5.696236785104116e+04  1.596391846432742e+05  2.517915332254286e+04  -3.477019168705020e-03  7.941937163102321e-03  -1.622282783299241e-02
  3.000000000000001e+00  -6.364083408352295e+03  -1.490886335991788e+05  -2.588601666209424e+05  6.696135046075219e+04  2.486519491025684e+05  4.926154266069285e+04  -3.505212067547154e-03  1.387479370507980e-02  -2.376960854247418e-02
  3.100000000000001e+00  -1.874201706637838e+04  -2.342395874013483e+05  -3.675221622830615e+05  6.851890660060926e+04  3.653664821457725e+05  9.059458718900307e+04  -1.880430150834341e-03  2.126822657305279e-02  -3.395830901678346e-02
  3.200000000000002e+00  -2.043900348276286e+04  -3.119291959737910e+05  -4.909742417198888e+05  6.796156118462053e+04  5.074703635920172e+05  1.514101100874039e+05  2.749782482172073e-04  2.848520024551616e-02  -4.606322762202059e-02
  3.300000000000002e+00  -7.944990733439405e+03  -3.829612864489486e+05  -5.407947481672446e+05  3.518678201912055e+04  6.211541899108659e+05  2.312041852566560e+05  6.500755926830823e-03  3.594564969640977e-02  -5.032328450352815e-02
  3.400000000000002e+00  -7.031779905166228e+04  -5.383891629381268e+05  -5.192082486611691e+05  -8.909293435296294e+04  6.646272897205182e+05  3.238237158064970e+05  2.420550811764494e-02  4.980194831791218e-02  -4.165200423972237e-02
  3.500000000000002e+00  -2.081018274642891e+05  -7.458816624350763e+05  -4.381627451181395e+05  -2.874268784565227e+05  6.385773023607578e+05  4.143146905878316e+05  5.021806066443635e-02  6.669703155951895e-02  -2.431566027225340e-02
  3.600000000000002e+00  -2.911157619136923e+05  -8.497421794371597e+05  -2.302417136470198e+05  -4.859916631232572e+05  5.205118024034388e+05  4.399473066013314e+05  7.249593768567313e-02  7.610634523879185e-02  5.788084626350064e-03
  3.700000000000002e+00  -1.120875979967689e+05  -6.059765823894497e+05  1.870289658809453e+05  -5.462418656536354e+05  3.616167244155314e+05  3.993048628277558e+05  7.216972570718759e-02  5.905038911982480e-02  3.952871551342643e-02
  3.800000000000002e+00  -4.967467704300264e+04  -4.661481229483744e+05  5.249590246184695e+05  -6.226209684143378e+05  2.124139832401132e+05  3.174637983810716e+05  7.558587018820596e-02  4.792415677523579e-02  7.294626516563849e-02
  3.900000000000002e+00  -4.795996082531541e+04  -3.549113741468101e+05  8.266984936171883e+05  -6.838442985711386e+05  1.964221002923190e+04  1.621799959755856e+05  7.876428288729938e-02  3.753361369077465e-02  1.096977032009243e-01
  4.000000000000002e+00  -1.139750293318688e+05  -3.114974239068855e+05  9.783376183599081e+05  -7.170376941934540e+05  -1.326815544699028e+05  5.341933858131444e+03  8.301362312784334e-02  2.933352415402746e-02  1.369025871177092e-01
  4.100000000000001e+00  -3.546968835882434e+05  -3.177252247683558e+05  1.155140750936360e+06  -7.694293788553836e+05  -3.294290791249057e+05  -2.488258516941515e+05  9.732917322858914e-02  2.423159357940557e-02  1.758902123581851e-01
  4.200000000000001e+00  -7.524203028775123e+05  -3.352470221655634e+05  1.277361411157504e+06  -8.154910625899414e+05  -5.289588711178023e+05  -5.941389993025585e+05  1.157056708640676e-01  1.848569221870286e-02  2.137700440311470e-01
  4.300000000000001e+00  -7.924441694647541e+05  -3.190426113421082e+05  9.957418245608022e+05  -7.053257125094578e+05  -5.566266181524745e+05  -6.795918346864709e+05  1.063790737307523e-01  5.666526348448928e-03  1.943885954554187e-01
  4.400000000000000e+00  -5.503844842537759e+05  -2.215340501416944e+05  4.823290683970555e+05  -5.189940342198683e+05  -4.816417760993910e+05  -4.667058054354962e+05  8.128948102839741e-02  -1.289755203719347e-02  1.363640573051874e-01
  4.500000000000000e+00  -4.262054453276505e+05  -7.980950637055610e+03  3.566130624134195e+04  -3.358042942643577e+05  -4.148926236546144e+05  -2.533288356114511e+05  6.859738529603480e-02  -3.716262894935406e-02  9.127134308189042e-02
  4.600000000000000e+00  -2.075240167059405e+05  8.822850148464543e+04  -3.718655398853731e+05  -1.255647689342498e+05  -2.507343778427381e+05  -1.068277398018507e+05  4.440817908975840e-02  -4.827096450062094e-02  5.376362208123003e-02
  4.699999999999999e+00  2.396249423465627e+05  -7.908388639939946e+04  -6.990682608559516e+05  5.774988050366519e+04  -1.081828435942339e+04  8.984653910156511e+04  -1.101074601297215e-03  -3.359589749471630e-02  1.462220313690576e-02
  4.799999999999999e+00  6.259692673016362e+05  -3.398992618852097e+05  -8.016647810845181e+05  1.136526542085212e+05  1.629839119894752e+05  3.012944179244121e+05  -3.301898633903708e-02  -7.765806359091729e-03  -1.068537085586658e-02
  4.899999999999999e+00  7.695124926757321e+05  -4.246964932020768e+05  -6.789334113297776e+05  3.899266247501448e+04  2.320534271057018e+05  4.635152848398465e+05  -3.691122141007465e-02  7.664061700705069e-03  -2.148647930272924e-02
  4.999999999999998e+00  6.625649388281538e+05  -3.440696132496741e+05  -5.115345351780027e+05  -8.229280604011772e+04  2.479799538642834e+05  5.726998555048057e+05  -2.110138507627201e-02  7.023711957302536e-03  -2.570007411705584e-02
  5.099999999999998e+00  4.905321027654601e+05  -2.549551409059140e+05  -4.554616628696495e+05  -1.390692504394565e+05  2.656847083872978e+05  6.154153042054763e+05  -4.485696957282465e-03  4.643306297383212e-04  -3.013818225994067e-02
  5.199999999999998e+00  4.190595120749376e+05  -2.599396270699457e+05  -5.154296217965671e+05  -1.370300099268284e+05  2.738701744912348e+05  6.044339675557478e+05  1.249079679589792e-03  4.886372542860538e-04  -3.454782533788579e-02
  5.299999999999997e+00  3.893978110199870e+05  -3.166640757973102e+05  -5.904302484641834e+05  -1.530362432902406e+05  2.845562068914777e+05  5.862737346588753e+05  3.039501546193891e-03  6.403917782124981e-03  -3.563065523970128e-02
  5.399999999999997e+00  3.716559834449757e+05  -3.498933964947673e+05  -5.714692154020115e+05  -1.908998158844451e+05  2.951206264128874e+05  5.897169616068589e+05  6.949142202373181e-03  1.068327101306522e-02  -3.152291160903174e-02
  5.499999999999996e+00  3.647542696882144e+05  -3.651402517138020e+05  -5.213151067267600e+05  -2.355283134442181e+05  2.804903136845134e+05  5.865994338015266e+05  1.453164442752837e-02  1.440228176415747e-02  -2.209168973932765e-02
  5.599999999999996e+00  3.504428432346086e+05  -3.827371269583225e+05  -5.024808367817304e+05  -2.843892630481746e+05  2.622238730471780e+05  5.893106666128486e+05  2.139039132685766e-02  1.863394444160333e-02  -1.549372138502775e-02
  5.699999999999996e+00  3.432072470312824e+05  -4.038716496743300e+05  -5.051910732946210e+05  -3.250358201794668e+05  2.654612192668461e+05  6.275678134102869e+05  2.494439578003191e-02  2.155438455600902e-02  -1.639669800170365e-02
  5.799999999999995e+00  3.784442805643412e+05  -4.534301856119749e+05  -4.861856201875547e+05  -3.635235642941630e+05  2.589339149379093e+05  6.824332541798154e+05  2.966800488349434e-02  2.606031356238552e-02  -1.274914624277044e-02
  5.899999999999995e+00  4.262117938532191e+05  -5.340252021307154e+05  -4.205419059363024e+05  -3.923012096023127e+05  2.462758283525923e+05  7.322325762283896e+05  3.326647832805339e-02  3.333232807526353e-02  -4.033650090404506e-03
  5.999999999999995e+00  4.613731467245333e+05  -5.977153523437643e+05  -3.928340928086990e+05  -3.857195742146253e+05  2.942139305669398e+05  7.395355589689816e+05  2.792425062526012e-02  4.032739485491752e-02  -6.064880853694297e-03
  6.099999999999994e+00  4.972359569158213e+05  -6.025280803005723e+05  -4.398364663212014e+05  -3.294026049641651e+05  4.243992693214205e+05  7.040967839408705e+05  1.462536360969253e-02  4.109026912680479e-02  -2.370254969143340e-02
  6.199999999999994e+00  5.289482083467958e+05  -5.638631186359886e+05  -5.054283285963171e+05  -2.479030531080377e+05  5.839959977425775e+05  6.975869786312031e+05  2.095290763582302e-03  3.380833926562789e-02  -4.709287923986440e-02
  6.299999999999994e+00  5.314266921833433e+05  -5.415972779953151e+05  -5.892391546509975e+05  -1.869896436926934e+05  7.422695315715057e+05  7.365158095729421e+05  -4.738630007608093e-03  2.705905813160300e-02  -6.675605244223755e-02
  6.399999999999993e+00  5.352273288682052e+05  -5.040041085455989e+05  -6.323025408309149e+05  -1.419002727293523e+05  8.593279914053398e+05  7.355575784120864e+05  -1.164100125252807e-02  2.508107210087299e-02  -7.449721365429250e-02
  6.499999999999993e+00  6.120827219237809e+05  -3.933067927141915e+05  -4.970976193379502e+05  -9.712371254810246e+04  8.835680000213262e+05  6.814874350790040e+05  -2.102885010692340e-02  2.079030348450299e-02  -6.643064225957369e-02
  6.599999999999993e+00  6.974310331582930e+05  -3.137254083178028e+05  -2.994004210367834e+05  -1.020643666425392e+05  8.569285496634677e+05  6.815640428855665e+05  -2.161963603004485e-02  1.369323117553722e-02  -5.673362474873051e-02
  6.699999999999992e+00  7.112065243624706e+05  -2.948125579387925e+05  -2.163407262685941e+05  -1.838969580083770e+05  8.229579519398817e+05  7.485617563571180e+05  -8.209801156759764e-03  6.431298560050373e-03  -5.401039954348283e-02
  6.799999999999992e+00  6.691153070644381e+05  -2.426706337104145e+05  -2.269871243884556e+05  -2.802589166070268e+05  7.683195874986169e+05  8.019711318905150e+05  9.256823878713558e-03  -1.257491081809496e-03  -5.211726342058851e-02
  6.899999999999991e+00  6.002009688044576e+05  -1.641676588706962e+05  -2.255168633513805e+05  -3.295291365215005e+05  6.757565412995111e+05  8.054902223322415e+05  2.027338110115371e-02  -8.325206758321964e-03  -4.517303439339073e-02
  6.999999999999991e+00  5.389540519335230e+05  -1.338654535039295e+05  -1.858029938606033e+05  -3.292594313842950e+05  5.614183312216918e+05  7.516271902629352e+05  2.031388356797099e-02  -1.421369699564067e-02  -3.412257675983816e-02
  7.099999999999991e+00  5.177629956988937e+05  -1.472839480715406e+05  -1.719900070476969e+05  -2.958936602544158e+05  4.696835081881586e+05  6.548744814703431e+05  8.016725003155839e-03  -2.020723803846142e-02  -2.603230323008917e-02
  7.199999999999990e+00  5.161037126775745e+05  -1.487364152260532e+05  -2.208103683574299e+05  -2.341435363371375e+05  4.264608406878661e+05  5.583890988727207e+05  -1.031780938437282e-02  -2.722632433058178e-02  -2.624160971278808e-02
  7.299999999999990e+00  4.889702859244246e+05  -1.222378193067185e+05  -2.621594602381556e+05  -1.604635808130206e+05  4.084490095909612e+05  4.828036645043345e+05  -2.127464717511096e-02  -3.330383768232398e-02  -2.791701984185771e-02
  7.399999999999990e+00  4.418765396847034e+05  -1.013286927462032e+05  -2.519598580666748e+05  -1.070453602307739e+05  3.836809309226474e+05  4.307980673728851e+05  -1.960297754446910e-02  -3.353354186837489e-02  -2.252809711270870e-02
  7.499999999999989e+00  4.165335331801585e+05  -1.104508879236836e+05  -2.418080658935594e+05  -8.622577725298658e+04  3.518452850938782e+05  4.023578349643162e+05  -1.371448122098380e-02  -2.749845373639359e-02  -1.375606180021412e-02
  7.599999999999989e+00  4.332147300716770e+05  -1.193428876065678e+05  -2.617382989645304e+05  -7.490416988288764e+04  3.257948053360106e+05  3.847753040247342e+05  -1.315968702253127e-02  -2.265688851552408e-02  -9.417959693987987e-03
  7.699999999999989e+00  4.628543513751876e+05  -9.286953174194632e+04  -3.038764671704989e+05  -4.173505205866093e+04  3.048229689331513e+05  3.583008352741462e+05  -1.859613423398834e-02  -2.449021414932140e-02  -1.099782725122891e-02
  7.799999999999988e+00  4.816097461821790e+05  -3.468005063317983e+04  -3.657675456976148e+05  1.324134735616639e+04  2.759534948538874e+05  3.123248227970022e+05  -2.502522871930550e-02  -3.066752872673707e-02  -1.486311751855784e-02
  7.899999999999988e+00  5.122884420164012e+05  2.099587682143202e+04  -4.296227050106044e+05  6.562350371337282e+04  2.426820234292328e+05  2.613976811515079e+05  -2.933420385876611e-02  -3.537692203927549e-02  -1.785830723683899e-02
  7.999999999999988e+00  5.607751544400949e+05  2.865216039060927e+04  -4.611543386028691e+05  9.089711715031933e+04  2.259185897325183e+05  2.368530170779740e+05  -3.116859421162525e-02  -3.532639805850828e-02  -1.833163582072605e-02
  8.099999999999987e+00  5.952568118499594e+05  -5.332178939594575e+03  -4.245421113768556e+05  7.388047202768482e+04  2.208579625299895e+05  2.401245987557426e+05  -2.833201572144384e-02  -3.064735248999197e-02  -1.257730342999032e-02
  8.199999999999987e+00  5.956116884273483e+05  -1.708345099374604e+04  -3.148850680764078e+05  2.300241547817882e+04  1.919322441594584e+05  2.442147675868386e+05  -1.853089166666852e-02  -2.387818049274621e-02  1.564596135704693e-03
  8.299999999999986e+00  5.636467887063483e+05  1.181683492376183e+04  -2.034675507774116e+05  -2.445163596992635e+04  1.404658261547895e+05  2.552162351163944e+05  -5.484901562077966e-03  -1.848807341970520e-02  1.568286952627430e-02
  8.399999999999986e+00  5.094976676925056e+05  3.232222049977627e+04  -1.397498980435438e+05  -4.441224888127012e+04  1.100496146766592e+05  2.965263999065114e+05  4.654081544445980e-03  -1.569810687390699e-02  2.202630009606957e-02
  8.499999999999986e+00  4.349167992592555e+05  7.660027034005903e+03  -8.564242567437119e+04  -5.752473274887448e+04  1.125684147441167e+05  3.529483890606671e+05  1.159848656272749e-02  -1.333557439869256e-02  2.545614986600888e-02
  8.599999999999985e+00  3.368469931524913e+05  -5.033652495311927e+04  -1.793480643701153e+04  -8.577594956295732e+04  1.171889494313490e+05  3.915732262177067e+05  1.863786911363692e-02  -9.947670532336837e-03  3.165660262270440e-02
  8.699999999999985e+00  2.445261398941206e+05  -1.110107351890402e+05  3.334610773952657e+04  -1.152422165525508e+05  1.054455392588243e+05  4.021252489717552e+05  2.424770032012811e-02  -7.231587942937295e-03  3.769651247569996e-02
  8.799999999999985e+00  1.993828110927640e+05  -1.651062811933425e+05  4.787011259073018e+04  -1.325799144534252e+05  8.709709887598280e+04  3.960256112985617e+05  2.472230088136690e-02  -5.910300265873450e-03  3.949156356507427e-02
  8.899999999999984e+00  2.014535563012008e+05  -2.109912693704805e+05  4.127409038570482e+04  -1.504215792019203e+05  7.492267468931645e+04  3.843180877455696e+05  2.142788845551470e-02  -3.454188884832273e-03  3.875347360765497e-02
  8.999999999999984e+00  2.140079497429470e+05  -2.383005473880067e+05  3.935192642770246e+04  -1.794344416576979e+05  7.459611370750428e+04  3.683962339882749e+05  1.841931822489332e-02  2.248970841040981e-03  3.932613275269150e-02
  9.099999999999984e+00  2.072881330978688e+05  -2.538424205800635e+05  6.364076134793660e+04  -2.115142394483424e+05  8.119672590776422e+04  3.531202945105441e+05  1.720372243559271e-02  9.591289406679580e-03  4.203273526724814e-02
  9.199999999999983e+00  1.761181846320550e+05  -2.870907080016283e+05  1.186184524828610e+05  -2.332942893097134e+05  8.384345799577142e+04  3.468476205145863e+05  1.719755823192449e-02  1.474068205205825e-02  4.527874417334441e-02
  9.299999999999983e+00  1.388929160264094e+05  -3.427199841722153e+05  1.806762883476122e+05  -2.369741569525348e+05  8.049207553117523e+04  3.445400938676964e+05  1.730286211218965e-02  1.518737634028242e-02  4.715756282022941e-02
  9.399999999999983e+00  1.191215286612787e+05  -3.901041446178685e+05  2.193884861252873e+05  -2.256869415078708e+05  6.820171422505747e+04  3.355539598097582e+05  1.605768451097330e-02  1.181944113829630e-02  4.631701288879473e-02
  9.499999999999982e+00  1.214193270845561e+05  -4.091872343646642e+05  2.273119008856896e+05  -2.093389229083758e+05  3.648215199276279e+04  3.139462619851318e+05  1.138104483011463e-02  7.620098780687529e-03  4.341157036316985e-02
  9.599999999999982e+00  1.381003166317984e+05  -4.078851198544655e+05  2.065848290319228e+05  -1.836225815655487e+05  -8.417964710430453e+03  2.681262706641290e+05  1.347967835064198e-03  4.053118482384395e-03  3.960587674193303e-02
  9.699999999999982e+00  1.701948845612821e+05  -3.964957092908270e+05  1.483469977713256e+05  -1.332647994719101e+05  -3.796118307406200e+04  1.874903916106711e+05  -1.370538896148240e-02  6.716788089423572e-04  3.355534593535853e-02
  9.799999999999981e+00  2.246882757478824e+05  -3.736635699478276e+05  5.420945385442203e+04  -6.847395532116327e+04  -3.413302793069802e+04  8.751827362724829e+04  -2.995118907656267e-02  -1.915836766474990e-03  2.411399140525521e-02
  9.899999999999981e+00  2.922201344629300e+05  -3.407504521780272e+05  -4.447317336028411e+04  -2.698180800859483e+04  -3.374403526789870e+03  1.076255542967772e+04  -4.096727014790449e-02  -1.538344068349121e-03  1.471827650246102e-02
  9.999999999999980e+00  3.410276661109125e+05  -3.156257672223815e+05  -1.116167621992087e+05  -3.064351104707961e+04  3.972190994881633e+04  -8.956258779852531e+03  -4.199475840482254e-02  2.128203553743294e-03  9.947425615642755e-03
  1.009999999999998e+01  3.483766326548917e+05  -3.158251302900903e+05  -1.308565341607441e+05  -6.402976841905717e+04  8.465703447886689e+04  2.922989426483836e+04  -3.405900962237648e-02  6.181828625733194e-03  9.705995185970144e-03
  1.019999999999998e+01  3.274019037287079e+05  -3.357400601877011e+05  -1.078467223838557e+05  -1.002404274255456e+05  1.273627621199160e+05  1.035443874265246e+05  -2.251914005532259e-02  8.245747478251055e-03  1.021501446468659e-02
  1.029999999999998e+01  3.063153222004617e+05  -3.567712321805931e+05  -6.917214242082770e+04  -1.296523830501069e+05  1.641535163723362e+05  1.864234241865722e+05  -1.190965297293425e-02  8.888932165207461e-03  8.908030252858761e-03
  1.039999999999998e+01  2.965636930687585e+05  -3.639527822048544e+05  -4.766481898175326e+04  -1.564584684881382e+05  1.867974100847954e+05  2.533286521201911e+05  -3.869305137158283e-03  9.530347228612025e-03  6.139292327856163e-03
  1.049999999999998e+01  2.905520814223380e+05  -3.526205823631340e+05  -5.505869340713450e+04  -1.789674612952283e+05  1.899193861326124e+05  2.885738543043497e+05  8.340727166413569e-04  1.001798403747002e-02  3.442672962891985e-03
  1.059999999999998e+01  2.789221951945053e+05  -3.312688878144362e+05  -7.593243685208079e+04  -1.878834710820200e+05  1.819003588725463e+05  2.927815898726643e+05  1.594974298805118e-03  9.442163549516748e-03  2.037537943781109e-03
  1.069999999999998e+01  2.642132630384993e+05  -3.137944156098827e+05  -9.291185451819518e+04  -1.821823615477896e+05  1.778755172317103e+05  2.838158478162521e+05  -5.100865452350943e-04  7.716865532654471e-03  1.865504092115614e-03
  1.079999999999998e+01  2.566226342173748e+05  -3.062412866010320e+05  -1.060417806057953e+05  -1.732613087154555e+05  1.847022904130753e+05  2.799899720774306e+05  -3.181868552042973e-03  5.439435544491478e-03  1.194667880441174e-03
  1.089999999999998e+01  2.594423632195123e+05  -3.055974637935000e+05  -1.240200388066551e+05  -1.713925852484478e+05  2.022980491769246e+05  2.829314843437262e+05  -5.162101407788594e-03  3.413925303970095e-03  -1.783354054148905e-03
  1.099999999999998e+01  2.668341882478826e+05  -3.052637040643760e+05  -1.497863187562706e+05  -1.765038159785994e+05  2.291804605855691e+05  2.841462205384948e+05  -6.867508765019401e-03  2.195688446839908e-03  -7.294364678703338e-03
  1.109999999999998e+01  2.727296925737508e+05  -2.990636544600025e+05  -1.778168253337565e+05  -1.809655104941919e+05  2.599643371239109e+05  2.823069951250504e+05  -9.009851793296612e-03  1.625162967994143e-03  -1.389048785020235e-02
  1.119999999999998e+01  2.765900903000106e+05  -2.864566982749071e+05  -1.987198127170255e+05  -1.758197485770757e+05  2.863447830064081e+05  2.840078448373049e+05  -1.146333335544485e-02  1.408303438588992e-03  -1.929029677844543e-02
  1.129999999999998e+01  2.827886533840019e+05  -2.724398210936754e+05  -2.067303495206067e+05  -1.582588927924414e+05  3.014969425618034e+05  2.906574426403886e+05  -1.341577824570981e-02  1.463740828433507e-03  -2.158040830427504e-02
  1.139999999999998e+01  2.937402382851345e+05  -2.618244340999656e+05  -2.051002741536182e+05  -1.372505904277168e+05  3.007928627345630e+05  2.937998183150069e+05  -1.411689944957134e-02  1.215614806638704e-03  -2.036633395984210e-02
  1.149999999999998e+01  3.038651266117230e+05  -2.552303911761561e+05  -1.974858907885773e+05  -1.268424191587472e+05  2.857576494837391e+05  2.860426476388075e+05  -1.325932584624326e-02  -7.387278792506643e-05  -1.687495950532229e-02
  1.159999999999997e+01  3.038379360480729e+05  -2.496971301875574e+05  -1.804326866893838e+05  -1.317185449087248e+05  2.698432765500172e+05  2.711000604186006e+05  -1.098867419647122e-02  -1.735080009115367e-03  -1.307737747019709e-02
  1.169999999999997e+01  2.911726808625837e+05  -2.427623609801444e+05  -1.549704701720859e+05  -1.450552098633694e+05  2.684468185537500e+05  2.581175981011416e+05  -8.219434759587014e-03  -2.130786554157666e-03  -1.079894429979934e-02
  1.179999999999997e+01  2.736697203826392e+05  -2.340580348719626e+05  -1.340821253131312e+05  -1.592140907967092e+05  2.808037538358430e+05  2.513050013437576e+05  -6.523235559460033e-03  -1.058757968891662e-03  -1.087962467764230e-02
  1.189999999999997e+01  2.610536555989726e+05  -2.231195053549765e+05  -1.283369893422691e+05  -1.714846977234878e+05  2.916776040141913e+05  2.509984287503929e+05  -6.625477619678432e-03  -8.414140691562944e-06  -1.264497565904736e-02
  1.199999999999997e+01  2.559313608841861e+05  -2.088920564151637e+05  -1.325039601229649e+05  -1.805867365179901e+05  2.894890888862205e+05  2.591232681081618e+05  -7.211189833266320e-03  -4.874251393719805e-05  -1.435398340557857e-02
  1.209999999999997e+01  2.544384238491328e+05  -1.924656545859317e+05  -1.345859222215224e+05  -1.848894428111311e+05  2.739954127220853e+05  2.753213990484613e+05  -6.306685696069570e-03  -9.435226446477951e-04  -1.454671909001761e-02
  1.219999999999997e+01  2.534674492442969e+05  -1.783152920577553e+05  -1.327700775257875e+05  -1.859886832416342e+05  2.498456606052348e+05  2.917385833773356e+05  -3.578432169283859e-03  -2.050045010254924e-03  -1.328050843567266e-02
  1.229999999999997e+01  2.546516583933309e+05  -1.710270185294544e+05  -1.356179551809028e+05  -1.888733671510649e+05  2.228342234159560e+05  3.003054740259041e+05  -2.192476043134831e-04  -2.880403483522447e-03  -1.187500851103620e-02
  1.239999999999997e+01  2.608286867338184e+05  -1.712980798567483e+05  -1.471104186524936e+05  -1.954390705795822e+05  2.017763787636019e+05  3.026738372211727e+05  2.807192788858107e-03  -3.146320765515282e-03  -1.109490647986861e-02
  1.249999999999997e+01  2.705734796320902e+05  -1.762970926135679e+05  -1.597402730321033e+05  -2.005791995592999e+05  1.952968603628316e+05  3.064324964387980e+05  5.195197091144303e-03  -3.076562795278608e-03  -1.016798151401460e-02
  1.259999999999997e+01  2.781003569251596e+05  -1.834075475597591e+05  -1.647508571222934e+05  -1.976056080009348e+05  2.030384926590523e+05  3.133008729014197e+05  6.408762517501184e-03  -3.380770535707614e-03  -8.089722054795814e-03
  1.269999999999997e+01  2.786643231835525e+05  -1.925349733948547e+05  -1.619128980437063e+05  -1.860044594951800e+05  2.133516472681937e+05  3.170161907665613e+05  5.693006298205002e-03  -4.448589603712007e-03  -5.133980339104625e-03
  1.279999999999997e+01  2.725807924195387e+05  -2.050244138475493e+05  -1.555424862215526e+05  -1.716051731861616e+05  2.132476211325562e+05  3.129862273651444e+05  3.266172938597575e-03  -5.820375061877692e-03  -2.501333461187767e-03
  1.289999999999997e+01  2.623432587807968e+05  -2.212630943183764e+05  -1.477214984910908e+05  -1.609817884448547e+05  2.004510698130415e+05  3.049481185049538e+05  7.223503237486987e-04  -6.644511620997615e-03  -9.533539163113953e-04
  1.299999999999997e+01  2.479544343974603e+05  -2.392117063565138e+05  -1.388155011788461e+05  -1.576091641787188e+05  1.840135262481408e+05  2.997814098074485e+05  -3.046400906614732e-04  -6.405701011167548e-03  -2.108922662074658e-04
  1.309999999999997e+01  2.283135613844109e+05  -2.561046298074672e+05  -1.311340144027860e+05  -1.618013503597813e+05  1.742249400953453e+05  2.993409650866927e+05  3.680807325699735e-04  -5.109260343088845e-03  5.142495487605713e-04
  1.319999999999997e+01  2.075355458012293e+05  -2.701674806995841e+05  -1.280631668503074e+05  -1.717737332789532e+05  1.744222800751190e+05  3.005326371288464e+05  1.631276954134053e-03  -3.109647439213854e-03  1.750349834626881e-03
  1.329999999999997e+01  1.960560585538814e+05  -2.793554399852575e+05  -1.304991379505761e+05  -1.840668031740582e+05  1.811620345478194e+05  3.011335194938484e+05  2.439256966426391e-03  -1.042026490753537e-03  3.453211112047078e-03
  1.339999999999997e+01  2.017712230648615e+05  -2.814962828976028e+05  -1.367031136932102e+05  -1.942394213760333e+05  1.882457183224960e+05  3.025414215160664e+05  2.621035357972137e-03  2.975422765735850e-04  5.137418102135091e-03
  1.349999999999997e+01  2.221363643291289e+05  -2.769147706304897e+05  -1.434670707699653e+05  -1.988267891511523e+05  1.902414668144218e+05  3.065349303645056e+05  2.498636414624073e-03  3.782046640826740e-04  6.254290616504299e-03
  1.359999999999997e+01  2.466720724040685e+05  -2.691597485595089e+05  -1.473236530802981e+05  -1.974823509846677e+05  1.860284793896655e+05  3.109645699032805e+05  2.166737973981342e-03  -5.995934002131498e-04  6.502649090119474e-03
  1.369999999999997e+01  2.646377023561753e+05  -2.626927838942138e+05  -1.475390242393405e+05  -1.932889633406221e+05  1.808941206419746e+05  3.112042865961416e+05  1.533529128253913e-03  -1.702118570339547e-03  5.802359294264127e-03
  1.379999999999997e+01  2.709919301178546e+05  -2.597034004787356e+05  -1.463403388229830e+05  -1.905623790153419e+05  1.827430090943306e+05  3.064777597607205e+05  9.603355573106453e-04  -1.870227762989788e-03  4.314980267863905e-03
  1.389999999999997e+01  2.685802049624973e+05  -2.590633259213645e+05  -1.454608499776556e+05  -1.916743220504339e+05  1.941986215405636e+05  3.018825127685961e+05  1.163568296090640e-03  -7.453040096615203e-04  2.578361719921573e-03
  1.399999999999997e+01  2.646656101689084e+05  -2.587750148366486e+05  -1.453858043755526e+05  -1.957163708324037e+05  2.094773351966140e+05  3.025219169395516e+05  2.267104940530293e-03  1.028700324741613e-03  1.235040918689813e-03
  1.409999999999997e+01  2.642668179609412e+05  -2.587759200044803e+05  -1.465811605045306e+05  -2.000059597898330e+05  2.204252405262632e+05  3.082036788757422e+05  3.503776789053355e-03  2.451419713354823e-03  6.377180184525071e-04
  1.419999999999997e+01  2.670434430236417e+05  -2.608937986524749e+05  -1.480276586206691e+05  -2.024693425401975e+05  2.246397157791763e+05  3.153613772680119e+05  4.154467648319084e-03  3.165863954176806e-03  9.117536841600722e-04
  1.429999999999997e+01  2.698995181144481e+05  -2.667128676348026e+05  -1.462788294349652e+05  -2.027102208528606e+05  2.255845231106837e+05  3.219942146923107e+05  4.425350653103099e-03  3.635353255465421e-03  2.119887213830513e-03
  1.439999999999996e+01  2.711122283198939e+05  -2.753694765735027e+05  -1.389967287767534e+05  -2.014678376660810e+05  2.259933525464231e+05  3.289819965580986e+05  5.081597235621636e-03  4.319129994924413e-03  4.046150839557163e-03
  1.449999999999996e+01  2.712875624251604e+05  -2.833119471140073e+05  -1.287982076126716e+05  -1.996568950186138e+05  2.247328678209882e+05  3.373355198172380e+05  6.459163357398265e-03  5.047967863284678e-03  6.056808984316819e-03
  1.459999999999996e+01  2.713914815213487e+05  -2.870517120165140e+05  -1.216691020739013e+05  -1.978152314665650e+05  2.204238729696304e+05  3.457330055526563e+05  8.102548384480112e-03  5.358269432601026e-03  7.473138316874654e-03
  1.469999999999996e+01  2.714600049288723e+05  -2.862913005282479e+05  -1.219389428215267e+05  -1.960256272846387e+05  2.151091016431431e+05  3.511151935047217e+05  9.229221760553215e-03  5.128161993968820e-03  7.967768616574087e-03
  1.479999999999996e+01  2.717755633926641e+05  -2.832156081115560e+05  -1.292895958596402e+05  -1.942671084186655e+05  2.125175173750334e+05  3.512415558706419e+05  9.317418831973515e-03  4.668031259300483e-03  7.527097855650033e-03
  1.489999999999996e+01  2.734994311554069e+05  -2.788444349513482e+05  -1.398589738359484e+05  -1.928688535361091e+05  2.136156224864091e+05  3.464984167889362e+05  8.270603611076361e-03  4.314751565926762e-03  6.227571790761157e-03
  1.499999999999996e+01  2.764411991580966e+05  -2.718145092600397e+05  -1.494929113776411e+05  -1.923802367580352e+05  2.153834359893994e+05  3.395055836951015e+05  6.281363830746084e-03  4.133402878106259e-03  4.262440029578299e-03
  1.509999999999996e+01  2.781558238494557e+05  -2.613376783489777e+05  -1.555719135028588e+05  -1.926871077061334e+05  2.144332670152675e+05  3.334496322368150e+05  3.725775106074906e-03  3.993176809424053e-03  2.134073844017369e-03
  1.519999999999996e+01  2.768409312588267e+05  -2.503769111739268e+05  -1.566664653448119e+05  -1.925527245652566e+05  2.114130756586435e+05  3.307978221136050e+05  1.156008070791709e-03  3.780546593556239e-03  6.148109994077394e-04
  1.529999999999996e+01  2.737808193611722e+05  -2.442729047986330e+05  -1.525328274127629e+05  -1.904705784882944e+05  2.112356387969402e+05  3.324356608659704e+05  -8.128068789847532e-04  3.481037947875716e-03  3.276003324214116e-04
  1.539999999999996e+01  2.716921226927540e+05  -2.452654526170559e+05  -1.456954233877428e+05  -1.860708252006540e+05  2.182960802986911e+05  3.367497591007619e+05  -1.805828515449453e-03  3.119816468181236e-03  1.213322921980486e-03
  1.549999999999996e+01  2.714276696841897e+05  -2.494009443139354e+05  -1.418388800004497e+05  -1.806459688291372e+05  2.312160349367786e+05  3.402425157934646e+05  -1.899551073205124e-03  2.671118694067129e-03  2.443440811077146e-03
  1.559999999999996e+01  2.717892781583728e+05  -2.501671859778861e+05  -1.460458702700782e+05  -1.763078872691814e+05  2.431524350915517e+05  3.404014967928904e+05  -1.528511211422103e-03  2.021883417615215e-03  2.982352653237284e-03
  1.569999999999996e+01  2.718550637919462e+05  -2.447873320523507e+05  -1.577970322290889e+05  -1.744733836997192e+05  2.478600148134083e+05  3.379720534155635e+05  -1.201576649973581e-03  1.068312841544178e-03  2.317080559322403e-03
  1.579999999999996e+01  2.719103122264190e+05  -2.361032141348956e+05  -1.707977025563031e+05  -1.746635925136359e+05  2.450075338991525e+05  3.359316606245163e+05  -1.261066099456230e-03  -1.014216561726393e-04  6.861520044262509e-04
  1.589999999999996e+01  2.725891738802593e+05  -2.287222446864760e+05  -1.789840614970391e+05  -1.747430907756741e+05  2.394921764970626e+05  3.361130714825098e+05  -1.846474481707523e-03  -1.156350459502691e-03  -1.395684236968372e-03
  1.599999999999996e+01  2.741057298502963e+05  -2.248351788005565e+05  -1.822348242714244e+05  -1.728405549695049e+05  2.363808543713735e+05  3.372296046440000e+05  -2.949792321063523e-03  -1.734383659535705e-03  -3.698599502205415e-03
  1.609999999999996e+01  2.762225353063061e+05  -2.238166430255905e+05  -1.845608442261225e+05  -1.692047456089355e+05  2.371347814783278e+05  3.363540051715711e+05  -4.354151527681043e-03  -1.743889324083201e-03  -6.170358562631323e-03
  1.619999999999996e+01  2.779975862685606e+05  -2.244319394302632e+05  -1.876612838574710e+05  -1.659979777819985e+05  2.398147978960652e+05  3.319182664195918e+05  -5.537642904735365e-03  -1.474547746826422e-03  -8.392374127550296e-03
  1.629999999999996e+01  2.775693724769036e+05  -2.261931973875244e+05  -1.884438497759203e+05  -1.651897362512631e+05  2.416590157440584e+05  3.250534896272054e+05  -5.831482444794004e-03  -1.416778489722953e-03  -9.522218647511389e-03
  1.639999999999996e+01  2.734676556935500e+05  -2.287505065256420e+05  -1.828109289547215e+05  -1.668797098200989e+05  2.414143094099940e+05  3.181239872209723e+05  -4.879787959943907e-03  -1.882579519665635e-03  -8.971000383089003e-03
  1.649999999999996e+01  2.664136513182025e+05  -2.313667495074272e+05  -1.703798916292115e+05  -1.695171456053292e+05  2.396433489997230e+05  3.125993661167546e+05  -3.010130184563528e-03  -2.717445748505366e-03  -7.018619891463827e-03
  1.659999999999997e+01  2.591062596098752e+05  -2.334216579372398e+05  -1.553143807594436e+05  -1.711687314108922e+05  2.372817612327262e+05  3.084369492777456e+05  -1.125505366859922e-03  -3.408811089438972e-03  -4.678416554744857e-03
  1.669999999999997e+01  2.542628548243346e+05  -2.346616031393150e+05  -1.437270170538740e+05  -1.705071405781890e+05  2.343534733794596e+05  3.050013640928276e+05  -1.530646547438743e-04  -3.511161016029100e-03  -3.013076004279795e-03
  1.679999999999997e+01  2.532980599619730e+05  -2.347539684607921e+05  -1.401681220482978e+05  -1.672118604165641e+05  2.300944041447674e+05  3.023336976708740e+05  -4.553238965613383e-04  -2.972506095842133e-03  -2.516805621011774e-03
  1.689999999999997e+01  2.563059273260476e+05  -2.334519160844386e+05  -1.454959558808483e+05  -1.621126523008114e+05  2.239602998264916e+05  3.011672391620065e+05  -1.650486922381200e-03  -2.097627999346258e-03  -2.952802697614679e-03
  1.699999999999997e+01  2.622439309087584e+05  -2.315438957112560e+05  -1.571625459918203e+05  -1.569089544359160e+05  2.164412384181819e+05  3.018533005473150e+05  -2.916834520119827e-03  -1.287099528238937e-03  -3.652779451770953e-03
  1.709999999999997e+01  2.691101739159932e+05  -2.308451393132371e+05  -1.710606721591652e+05  -1.532572136919149e+05  2.092360398541756e+05  3.036354256657987e+05  -3.507919230755382e-03  -8.080130396960433e-04  -4.013070492241754e-03
  1.719999999999997e+01  2.747841798135455e+05  -2.325926108376140e+05  -1.832995141902217e+05  -1.518453233521935e+05  2.045219181488282e+05  3.049834028952565e+05  -3.146879977122560e-03  -7.089188910091573e-04  -3.858492316689675e-03
  1.729999999999998e+01  2.778597606672270e+05  -2.362529604168324e+05  -1.910465838326980e+05  -1.523167368683232e+05  2.035910363656233e+05  3.046115997593690e+05  -2.077152665883922e-03  -8.691535200972877e-04  -3.470926242898206e-03
  1.739999999999998e+01  2.776573386926030e+05  -2.400439668467356e+05  -1.924185853571300e+05  -1.538862070803035e+05  2.059037191647483e+05  3.020217339845253e+05  -8.473647998817360e-04  -1.130124278300014e-03  -3.299696308157459e-03
  1.749999999999998e+01  2.737860882741470e+05  -2.424438658466054e+05  -1.859079914741380e+05  -1.558998309007014e+05  2.095184237258326e+05  2.974274757557051e+05  -9.615084171488308e-06  -1.381667131904956e-03  -3.569812076543587e-03
  1.759999999999998e+01  2.662222719618384e+05  -2.433576852877640e+05  -1.704394100471771e+05  -1.580474127488795e+05  2.125738444499341e+05  2.915170082396612e+05  9.723968135516674e-05  -1.547151516361992e-03  -4.084787742332409e-03
  1.769999999999998e+01  2.561551654471340e+05  -2.441703254781868e+05  -1.467296278294848e+05  -1.604159059988700e+05  2.144339922464831e+05  2.855353651726929e+05  -5.631611915564510e-04  -1.553804262026746e-03  -4.375592272560624e-03
  1.779999999999998e+01  2.464321770525412e+05  -2.467924664744182e+05  -1.186474030089034e+05  -1.634252592465783e+05  2.154313056234617e+05  2.813917477875739e+05  -1.713934618658690e-03  -1.373509112982691e-03  -4.049646272332976e-03
  1.789999999999998e+01  2.405536846844891e+05  -2.522515278894430e+05  -9.281661760209333e+04  -1.674421033839729e+05  2.157475713921516e+05  2.812050411920744e+05  -2.821146643731682e-03  -1.088034686739072e-03  -3.034975041147395e-03
  1.799999999999999e+01  2.406494278276542e+05  -2.596678405080422e+05  -7.600784810304320e+04  -1.722006974417673e+05  2.148518030937555e+05  2.861704530872829e+05  -3.282983699428253e-03  -8.569929057141867e-04  -1.558027539845733e-03
  1.809999999999999e+01  2.459607032543777e+05  -2.664486270044186e+05  -7.190501946807008e+04  -1.765644068850723e+05  2.121257099055802e+05  2.953532469144092e+05  -2.745438067055064e-03  -8.053329611356821e-04  5.478186983364971e-05
  1.819999999999999e+01  2.534319200534999e+05  -2.697594268984671e+05  -7.966299758605009e+04  -1.790185004853959e+05  2.078953730598808e+05  3.056176562371897e+05  -1.322554636561714e-03  -9.640940364110764e-04  1.545986577358417e-03
  1.829999999999999e+01  2.601884853118822e+05  -2.684666348105629e+05  -9.521043595517028e+04  -1.786535853814758e+05  2.036973751906580e+05  3.131814362443960e+05  5.001594282956853e-04  -1.287742258255359e-03  2.754262161140336e-03
  1.839999999999999e+01  2.658052349830186e+05  -2.639819314432062e+05  -1.140915867087662e+05  -1.759215967041311e+05  2.014223167740323e+05  3.157789796326618e+05  2.187028424274358e-03  -1.694772109765193e-03  3.553567634356972e-03
  1.849999999999999e+01  2.722252661954662e+05  -2.590762354009327e+05  -1.332851697118683e+05  -1.725626559100414e+05  2.021343979548346e+05  3.138301995424645e+05  3.403082362111518e-03  -2.081336538980141e-03  3.817324859791720e-03
  1.859999999999999e+01  2.811961501102273e+05  -2.559132010101161e+05  -1.507877927908587e+05  -1.707483286031604e+05  2.056085162898794e+05  3.098567208108003e+05  4.036909157368208e-03  -2.323636858934182e-03  3.474940240298279e-03
  1.870000000000000e+01  2.919684576582755e+05  -2.550911735693941e+05  -1.640739558892804e+05  -1.720629072998453e+05  2.107750286652240e+05  3.068466087200376e+05  4.101896672657586e-03  -2.310238365895759e-03  2.624073321188613e-03
  1.880000000000000e+01  3.015031593294406e+05  -2.561813978550939e+05  -1.695894728835517e+05  -1.768788576122453e+05  2.165000126729507e+05  3.068683792532144e+05  3.712041217198452e-03  -1.965575714514269e-03  1.607062978978018e-03
  1.890000000000000e+01  3.066031768344549e+05  -2.588108994271583e+05  -1.646480308909896e+05  -1.842606910786045e+05  2.219127420670537e+05  3.104353762683263e+05  3.101027210126077e-03  -1.275604796777431e-03  9.213437982902174e-04
  1.900000000000000e+01  3.058629109732797e+05  -2.628828350096088e+05  -1.501501702717135e+05  -1.923301838106292e+05  2.261821665856197e+05  3.164053207090652e+05  2.534144615279135e-03  -3.335102478352253e-04  9.454947408687895e-04
  1.910000000000000e+01  2.999520915889528e+05  -2.678848894637462e+05  -1.312472900179664e+05  -1.989400918763392e+05  2.284024952263045e+05  3.224975843763127e+05  2.142476050156830e-03  6.497572350926308e-04  1.687399289535978e-03
  1.920000000000000e+01  2.907267575148989e+05  -2.723983903541411e+05  -1.148199836018477e+05  -2.023920014864791e+05  2.279574057495951e+05  3.265469670529666e+05  1.847038452682024e-03  1.412816249169963e-03  2.786605532828685e-03
  1.930000000000000e+01  2.802820792899443e+05  -2.746541567794248e+05  -1.057212347974327e+05  -2.019562926037788e+05  2.250791472804156e+05  3.278183674883667e+05  1.466170116514669e-03  1.768182139158373e-03  3.787886469404000e-03
  1.940000000000001e+01  2.705234582673587e+05  -2.737330870046554e+05  -1.049604354471877e+05  -1.981245491945340e+05  2.209100998924888e+05  3.272375599584415e+05  8.890508616527759e-04  1.683395104031291e-03  4.427840371816866e-03
  1.950000000000001e+01  2.631383898717944e+05  -2.701359581261507e+05  -1.107240658495350e+05  -1.925411365835381e+05  2.168473659445048e+05  3.262824526821228e+05  1.489071640251538e-04  1.269876507945459e-03  4.686305390164361e-03
  1.960000000000001e+01  2.594056890052736e+05  -2.652032919128398e+05  -1.203861426974331e+05  -1.873676733340832e+05  2.138851970492251e+05  3.257526771139147e+05  -6.182599936462678e-04  7.350172360155673e-04  4.655663012862934e-03
  1.970000000000001e+01  2.596430793956783e+05  -2.602661235070934e+05  -1.316212313541645e+05  -1.842176770386370e+05  2.125431346158671e+05  3.256102760508435e+05  -1.236690130467117e-03  3.317001162504229e-04  4.426346640644333e-03
  1.980000000000001e+01  2.627979970569513e+05  -2.562297434099976e+05  -1.422360713446720e+05  -1.834361951180851e+05  2.131383760047975e+05  3.257700281664418e+05  -1.514339409355076e-03  2.842954763624498e-04  4.096676813043666e-03
  1.990000000000001e+01  2.667322559349537e+05  -2.534927698639740e+05  -1.499674629631986e+05  -1.843477194329367e+05  2.156938220511021e+05  3.266746053366131e+05  -1.283143220135271e-03  6.802664307012251e-04  3.806331183049464e-03
