TITLE = "Temporal Signal for receiver number 03161"
VARIABLES = "Time","xx","yy","zz","xy","yz","xz","u","v","w"
# x1       3.636334660000e+05
# x2       4.739642600000e+06
# x3       0.000000000000e+00
  0.000000000000000e+00  0.000000000000000e+00  0.000000000000000e+00  0.000000000000000e+00  0.000000000000000e+00  0.000000000000000e+00  0.000000000000000e+00  0.000000000000000e+00  0.000000000000000e+00  0.000000000000000e+00
  1.000000000000000e-01  0.000000000000000e+00  0.000000000000000e+00  0.000000000000000e+00  0.000000000000000e+00  0.000000000000000e+00  0.000000000000000e+00  0.000000000000000e+00  0.000000000000000e+00  0.000000000000000e+00
  2.000000000000000e-01  0.000000000000000e+00  0.000000000000000e+00  0.000000000000000e+00  0.000000000000000e+00  0.000000000000000e+00  0.000000000000000e+00  0.000000000000000e+00  0.000000000000000e+00  0.000000000000000e+00
  3.000000000000000e-01  0.000000000000000e+00  0.000000000000000e+00  0.000000000000000e+00  0.000000000000000e+00  0.000000000000000e+00  0.000000000000000e+00  0.000000000000000e+00  0.000000000000000e+00  0.000000000000000e+00
  4.000000000000000e-01  -6.606047435094625e-32  -1.972409131722320e-31  -7.311934930379304e-32  -2.927011364061898e-32  -6.411991174331506e-32  1.563060522652337e-33  6.119481626541173e-39  2.308268059839674e-38  1.300162359605844e-38
  5.000000000000000e-01  7.763956277671284e-24  2.587430289604396e-23  1.028877690990079e-23  3.757659427796259e-24  1.166671771063926e-23  -6.710735873635462e-25  -9.734550694931860e-31  -3.036896220359268e-30  -2.625421330306491e-30
  6.000000000000000e-01  2.439453113076645e-20  9.290055609547331e-20  2.183764012438742e-20  2.485559694727958e-20  1.194963364504244e-20  -2.774376731796724e-21  -5.377637071941109e-27  -1.001426304501777e-26  -1.767300995323442e-27
  7.000000000000000e-01  9.936424190800759e-18  1.575870527596732e-17  1.165508001233700e-17  4.660374588425194e-18  5.417804415711957e-18  3.277186177210972e-18  -1.541462736420617e-24  -1.861910212587078e-24  -1.987240889032282e-24
  7.999999999999999e-01  -9.994480756347662e-16  -2.392554078723268e-15  -1.203924384056395e-15  -4.629530513983136e-16  -1.290673446512652e-15  -6.248128884114457e-17  1.453517119971807e-22  2.706070825128637e-22  3.341099628973716e-22
  8.999999999999999e-01  -1.266456145249942e-14  -2.098623703520954e-14  -2.936599248781403e-14  -6.345896893623682e-15  -3.566439580459716e-14  -4.762369078716260e-15  2.045394729822193e-21  2.618749194390683e-21  9.910781070638664e-21
  9.999999999999999e-01  -1.826126193907413e-13  -4.189923560304048e-13  -3.521401675433196e-13  -1.020156523456198e-13  -3.169389412839966e-13  -5.059670797014209e-14  3.005717614453245e-20  4.338590188798990e-20  8.693838313208495e-20
  1.100000000000000e+00  -3.565754052514358e-12  -7.084618543460825e-12  -3.428151031274483e-12  -1.005435680928423e-12  -4.445994797544478e-13  -8.452212335369508e-13  4.290358295941447e-19  6.750592875490187e-19  3.098210028955778e-19
  1.200000000000000e+00  -1.623412747078465e-11  -1.545962252648202e-11  -1.298916801730030e-12  2.109094968857009e-12  2.020591781807500e-11  -4.103920046321799e-12  1.173514133005393e-18  1.174777650082958e-18  -3.363935121811489e-18
  1.300000000000000e+00  2.093551229617688e-10  5.311591165229018e-10  3.131763477825178e-10  1.100140707913435e-10  1.457281599196284e-10  4.836285764021007e-11  -2.552994018208790e-17  -5.853741755826070e-17  -3.620802078855528e-17
  1.400000000000000e+00  1.159982507366706e-09  1.745603211111408e-09  1.021761544383973e-09  1.227444650777232e-10  -2.159633355488116e-10  2.402808725095374e-10  -6.189713698372177e-17  -2.053333252024952e-16  -5.743474178205090e-18
  1.500000000000000e+00  -8.906021125905502e-09  -2.330600992068570e-08  -1.363421496088919e-08  -3.615037062543748e-09  -8.612124321668006e-09  -1.221550749826578e-09  9.443731569520144e-16  2.687118739546116e-15  1.820182499179997e-15
  1.600000000000000e+00  -5.570389569336922e-08  -1.203288543134956e-07  -5.951866411406961e-08  -1.356980694883692e-08  -1.971804040752967e-08  -4.753292064018081e-09  3.773055104360937e-15  1.449782366104598e-14  5.124274167834233e-15
  1.700000000000000e+00  1.921600378574044e-07  4.019646987387829e-07  3.616052561926484e-07  7.746791443390039e-08  2.513015891607669e-07  5.337071600543177e-08  -2.619715738016745e-14  -4.741110231532641e-14  -6.424169464125763e-14
  1.800000000000000e+00  1.082337412984936e-06  2.333247792325668e-06  1.075132319189832e-06  3.230589566924108e-07  3.506987691524119e-07  1.616496008849706e-07  -8.371472797817300e-14  -2.646180447428406e-13  -9.653387677266413e-14
  1.900000000000001e+00  -3.651652339554692e-06  -6.404874609516137e-06  -5.311318388206084e-06  -1.017272994434747e-06  -3.338540482867870e-06  -1.112213837240074e-06  4.504439907556950e-13  6.387595571371102e-13  9.239536112879514e-13
  2.000000000000000e+00  -7.994428612176558e-06  -1.877196471391447e-05  -7.767245809733920e-06  -1.899062214018200e-06  1.258725354149453e-06  -7.356185525571800e-07  3.473150307981679e-13  2.389703073363131e-12  -1.842513627789417e-13
  2.100000000000001e+00  6.082340651294532e-05  1.289979288643371e-04  8.464897099102484e-05  1.888611957531525e-05  3.105538569609311e-05  1.410628093378212e-05  -6.083402987076971e-12  -1.447578765257837e-11  -8.369040805190860e-12
  2.200000000000001e+00  -8.831326357185447e-05  -2.313591552282924e-04  -1.881141762547760e-04  -4.344887498464192e-05  -1.038745988471900e-04  -2.813539134936710e-05  1.515290231369437e-11  2.317712433193191e-11  2.389802238164623e-11
  2.300000000000001e+00  -1.228832713712628e-04  4.063354944093618e-05  1.694072144824768e-04  1.765154970898629e-05  1.856019699380492e-04  -8.115899880705313e-06  -1.533791837807411e-11  6.675959977565880e-12  -3.329476418324982e-11
  2.400000000000001e+00  1.254835253184340e-03  1.609167125820768e-03  4.715419877387068e-04  2.928683355786686e-04  -1.483416373707320e-04  2.098468357636531e-04  -3.205830057547568e-11  -2.191787700571299e-10  -1.917094268357429e-13
  2.500000000000001e+00  -4.709356374605161e-03  -6.605457425353542e-03  -2.560167705989141e-03  -1.434521481437733e-03  -2.781838649311611e-04  -8.655744666984197e-04  2.134983533306727e-10  8.660704110739558e-10  1.478689221574936e-10
  2.600000000000001e+00  1.420393685530854e-02  2.094098547598992e-02  8.430223833348524e-03  5.421767276960355e-03  1.964856205956463e-03  2.751931383069229e-03  -8.896585317923361e-10  -2.686965957288416e-09  -6.782843727806457e-10
  2.700000000000001e+00  -2.706638225075897e-02  -3.669278375354476e-02  -9.839568980687226e-03  -1.411860327803858e-02  -1.536580307006885e-03  -4.840744531959086e-03  2.187406531256053e-09  4.928956688306373e-09  6.805554947341814e-10
  2.800000000000001e+00  1.820300339743670e-02  1.533605934656078e-02  -3.365706377883609e-02  2.657095216921768e-02  -1.723113309253538e-02  -3.130188944377190e-03  -2.831142092000539e-09  -3.428126338842739e-09  4.618939290035403e-09
  2.900000000000001e+00  1.624058278889772e-01  2.769278330534874e-01  3.152392330196572e-01  -5.699675618167720e-03  1.348388944253613e-01  7.444280604300760e-02  -8.831006298934449e-09  -2.818996967010975e-08  -3.948027819872990e-08
  3.000000000000001e+00  -8.876031843991991e-01  -1.323282070312976e+00  -1.269756771663571e+00  -1.954494177102468e-01  -5.526300141876462e-01  -3.541946217964970e-01  7.230533040532999e-08  1.459593054486226e-07  1.643745993445841e-07
  3.100000000000001e+00  2.824101805481279e+00  3.997990027756445e+00  3.596550154249585e+00  9.283501157053771e-01  1.533367362218666e+00  1.147267834319411e+00  -2.839912543953720e-07  -4.539440071215154e-07  -4.775362138187152e-07
  3.200000000000002e+00  -4.395794236286467e+00  -5.505786247593254e+00  -5.540094337042143e+00  -1.824319588422331e+00  -2.201734243934658e+00  -1.901738646169396e+00  5.229268276518462e-07  6.439017123597028e-07  7.245197370935961e-07
  3.300000000000002e+00  -1.912785056941103e+00  -4.422021057220086e+00  -3.146908386844992e+00  -4.117044251417913e-01  -1.769362111026498e+00  -5.484856670032051e-01  7.687512278951292e-08  5.300302912678546e-07  3.759294564210121e-07
  3.400000000000002e+00  2.186848388113265e+01  2.780777836501138e+01  2.769081319927070e+01  8.404835105789342e+00  1.079654433394520e+01  8.982060592282627e+00  -2.571026840296467e-06  -3.279432322022871e-06  -3.535496370724891e-06
  3.500000000000002e+00  -1.006197892683297e+02  -1.011751328025586e+02  -1.334756679788022e+02  -3.358923236573438e+01  -4.523783986562781e+01  -4.614793201782027e+01  1.197590313110831e-05  1.160573749421577e-05  1.685577130198128e-05
  3.600000000000002e+00  -4.072715818899869e+02  -4.344980836140539e+02  -5.405005127582893e+02  -1.423750697577686e+02  -1.937446027226844e+02  -1.797480120676099e+02  4.665586535753813e-05  5.081344472533532e-05  6.643096408778320e-05
  3.700000000000002e+00  -5.865423609899040e+02  -6.263430504177264e+02  -7.578037653588808e+02  -2.218576152538645e+02  -2.847367477043506e+02  -2.526830832270220e+02  6.703685256149506e-05  7.526866175953714e-05  9.092040320020364e-05
  3.800000000000002e+00  -4.950005253460332e+02  -5.447760707488567e+02  -5.382732915910070e+02  -2.348303284637263e+02  -2.467624047879182e+02  -2.074770793995314e+02  6.251486750769913e-05  7.153995046656069e-05  6.690230552945751e-05
  3.900000000000002e+00  -3.961381554942399e+02  -4.812155203189217e+02  -2.940461656196987e+02  -2.522480697010197e+02  -2.433051157052138e+02  -1.969962339879581e+02  6.030431046815659e-05  7.176364868701035e-05  4.475431054911266e-05
  4.000000000000002e+00  -5.847117832302464e+02  -7.096150858523407e+02  -5.324587729071183e+02  -3.427917437080298e+02  -4.238881529580988e+02  -3.590287008328144e+02  8.412753238618751e-05  1.018985547051788e-04  7.365912754955170e-05
  4.100000000000001e+00  -1.166345065772548e+03  -1.328910136278767e+03  -1.229895703317743e+03  -5.857383497093299e+02  -7.245092025123095e+02  -6.314256883260307e+02  1.539154223055523e-04  1.782599571577664e-04  1.649655190971251e-04
  4.200000000000001e+00  -2.292110126146056e+03  -2.487833287935863e+03  -2.232404617753107e+03  -1.124638682759715e+03  -1.111982093371701e+03  -9.782314787805545e+02  3.053560239085107e-04  3.353603884760395e-04  3.392560470478727e-04
  4.300000000000001e+00  -5.138505416656288e+03  -5.444189366916714e+03  -5.145499245511949e+03  -2.373953289770282e+03  -2.240786729169342e+03  -2.029940129952924e+03  6.748921288587898e-04  7.230414253664822e-04  7.821179728226106e-04
  4.400000000000000e+00  -1.212332472544097e+04  -1.275372010631506e+04  -1.335691758342218e+04  -5.174163855577610e+03  -5.395876150372500e+03  -5.028620033956984e+03  1.531791451588453e-03  1.628276007530654e-03  1.838451572715779e-03
  4.500000000000000e+00  -2.529692325784051e+04  -2.665908743692684e+04  -2.907589454576562e+04  -1.041873683446936e+04  -1.153991850998430e+04  -1.083911153779629e+04  3.115451681320656e-03  3.320204061419689e-03  3.749012429916838e-03
  4.600000000000000e+00  -4.301883981120565e+04  -4.525638588737795e+04  -4.870870642059478e+04  -1.802264472374345e+04  -1.974669324408173e+04  -1.854746924615849e+04  5.306437130425863e-03  5.651348558788645e-03  6.145165040413123e-03
  4.699999999999999e+00  -6.273705476082215e+04  -6.597433545069605e+04  -6.733165722121815e+04  -2.762158475859227e+04  -2.891384170052060e+04  -2.718904738073642e+04  7.912667818623964e-03  8.401173332302234e-03  8.567363068645988e-03
  4.799999999999999e+00  -8.336646897373242e+04  -8.783548644680141e+04  -8.318584777565337e+04  -3.903772575067096e+04  -3.909793879537159e+04  -3.684517741071664e+04  1.086105584764477e-02  1.149807560882403e-02  1.087549677607739e-02
  4.899999999999999e+00  -1.058438892345556e+05  -1.115102467155053e+05  -9.699499466971123e+04  -5.281732649325617e+04  -5.034135031708750e+04  -4.760777460040038e+04  1.427721350829200e-02  1.504741490302606e-02  1.316963611344985e-02
  4.999999999999998e+00  -1.339450197901166e+05  -1.402085501104322e+05  -1.104088538926868e+05  -7.081467196695639e+04  -6.265478754270264e+04  -5.980462576749163e+04  1.874930337055551e-02  1.953884273337832e-02  1.619983004854338e-02
  5.099999999999998e+00  -1.678556992919089e+05  -1.736594989031220e+05  -1.175703855674368e+05  -9.469813081524379e+04  -7.357682936318105e+04  -7.088189901633452e+04  2.455650241295474e-02  2.524806282318470e-02  1.997683565373983e-02
  5.199999999999998e+00  -2.060387066542842e+05  -2.113331079205261e+05  -1.151237150317920e+05  -1.248430551494449e+05  -8.217217790333257e+04  -7.932807495490738e+04  3.162461749741202e-02  3.226616362136639e-02  2.436907972020971e-02
  5.299999999999997e+00  -2.424888695651995e+05  -2.465261796603818e+05  -1.028292199410006e+05  -1.577006119720986e+05  -8.915699200628935e+04  -8.642361268586798e+04  3.926122237805361e-02  3.967320085619496e-02  2.919011658271961e-02
  5.399999999999997e+00  -2.772862243025512e+05  -2.807926639542257e+05  -8.609587358131712e+04  -1.914678363483507e+05  -9.696435083502760e+04  -9.464768231443827e+04  4.708309776059451e-02  4.734180749850391e-02  3.423571184135188e-02
  5.499999999999996e+00  -3.113963988486179e+05  -3.153333397488428e+05  -6.121669284187059e+04  -2.282519082821688e+05  -1.036626287359452e+05  -1.019609372204777e+05  5.512624749388519e-02  5.544194553265502e-02  3.819212557709541e-02
  5.599999999999996e+00  -3.670355818189576e+05  -3.691860706870311e+05  -5.185802028623437e+04  -2.749121492195039e+05  -1.147368469486345e+05  -1.150872245041664e+05  6.619712754010436e-02  6.592050993411608e-02  4.394322703494363e-02
  5.699999999999996e+00  -4.223701284045693e+05  -4.261730154086417e+05  -4.413012877428941e+04  -3.242851481396953e+05  -1.245241612852436e+05  -1.238012485423160e+05  7.724438680406091e-02  7.702920021238538e-02  4.851343693824500e-02
  5.799999999999995e+00  -4.041984540632148e+05  -4.263299139038821e+05  4.359972839602993e+04  -3.565239671739195e+05  -1.111464189248919e+05  -9.702590813392140e+04  7.936386276689293e-02  8.247226184458574e-02  4.083672125589488e-02
  5.899999999999995e+00  -3.460861611967293e+05  -3.952262152242316e+05  1.819029828291998e+05  -3.797974117376262e+05  -8.288504180037380e+04  -5.203900224572945e+04  7.764937961038794e-02  8.478415193872062e-02  2.626591363543184e-02
  5.999999999999995e+00  -3.123004926551126e+05  -3.843419493259974e+05  2.938265663908882e+05  -4.098679480169380e+05  -5.692145868282422e+04  -1.531734953286044e+04  7.916211539063552e-02  8.897349121670513e-02  1.467819761811998e-02
  6.099999999999994e+00  -2.997767764153045e+05  -3.932052439688770e+05  3.767833805971067e+05  -4.457393860431522e+05  -3.548166343215165e+04  1.668552992037761e+04  8.166164884546639e-02  9.441268083680569e-02  7.250035064255187e-03
  6.199999999999994e+00  -3.208102327926569e+05  -4.371494868060062e+05  4.328052597023032e+05  -4.962157275554185e+05  -1.553672697336828e+04  5.540805096626902e+04  8.797597298844685e-02  1.038195796466779e-01  3.540379519707347e-03
  6.299999999999994e+00  -3.737590205646889e+05  -5.162032618520351e+05  4.558568463096138e+05  -5.640315241291093e+05  6.250528910467496e+03  1.012451640021152e+05  9.925943382790474e-02  1.178596137892745e-01  5.872564673682654e-04
  6.399999999999993e+00  -4.023835202789445e+05  -5.766851706041897e+05  4.623477918591148e+05  -6.218269676050929e+05  2.905678967814475e+04  1.342272078920449e+05  1.062546471306503e-01  1.285820015690886e-01  -7.758645815049882e-03
  6.499999999999993e+00  -3.805008211498482e+05  -5.966140440732576e+05  4.528306563724097e+05  -6.473343825847460e+05  4.595209036765061e+04  1.395096765605242e+05  1.039508156526457e-01  1.306505626171202e-01  -2.361816373028978e-02
  6.599999999999993e+00  -3.365934551988635e+05  -5.981932815547294e+05  4.098186377962386e+05  -6.466503525473126e+05  5.396900474546006e+04  1.223859769984731e+05  9.629852940438914e-02  1.260253329271555e-01  -4.167961088645987e-02
  6.699999999999992e+00  -2.998615182786422e+05  -5.860553550940616e+05  3.367128357296084e+05  -6.337257245990336e+05  6.314738539478988e+04  9.341786439092248e+04  8.738183531460897e-02  1.171860745428199e-01  -5.546281954200365e-02
  6.799999999999992e+00  -2.651687731112297e+05  -5.454342675412262e+05  2.552372112000866e+05  -6.118331995708230e+05  8.347727971220005e+04  6.023273346087449e+04  7.718799091282429e-02  1.042862988953074e-01  -6.147128505670277e-02
  6.899999999999991e+00  -2.155104406633289e+05  -4.789613098036282e+05  1.614990976836106e+05  -5.774089858980712e+05  1.125330371591435e+05  3.048680274340503e+04  6.472758691704646e-02  8.806822293260289e-02  -6.041172463419885e-02
  6.999999999999991e+00  -1.560887527758294e+05  -4.072696652861029e+05  3.640554753729943e+04  -5.331438488399531e+05  1.445796505218439e+05  1.212138284523710e+04  5.167422136149575e-02  7.086192304575642e-02  -5.797054996026117e-02
  7.099999999999991e+00  -1.120432240914288e+05  -3.474274687610226e+05  -1.129065583383879e+05  -4.887878990734349e+05  1.755928783988631e+05  4.714590423374192e+03  4.079708540365767e-02  5.460471493651157e-02  -5.844715950943991e-02
  7.199999999999990e+00  -9.742818472145806e+04  -3.040171834288263e+05  -2.607089976674821e+05  -4.493317087341856e+05  1.992817832074601e+05  2.982774530441703e+02  3.317959228056897e-02  4.034168549206764e-02  -5.900045486658546e-02
  7.299999999999990e+00  -9.082398261728683e+04  -2.614940293258826e+05  -3.739084247786782e+05  -4.109186271565252e+05  2.072253945481740e+05  -7.347994886654560e+03  2.710133497098835e-02  2.722428277906344e-02  -5.462839781266096e-02
  7.399999999999990e+00  -5.988675776570723e+04  -1.947352299029971e+05  -4.216472859304621e+05  -3.717920251419766e+05  1.911268890646229e+05  -2.373205787062359e+04  2.062217515096614e-02  1.260793791421180e-02  -4.410898981321498e-02
  7.499999999999989e+00  -9.439651558428357e+02  -1.039759329361075e+05  -4.132449545972764e+05  -3.341790951618240e+05  1.525641877257967e+05  -5.177330451337412e+04  1.406066937952349e-02  -4.586428144799004e-03  -2.767416517579619e-02
  7.599999999999989e+00  6.825788050040005e+04  -1.358847632254946e+04  -4.058504743316016e+05  -2.930663196563656e+05  1.096652698277132e+05  -8.335856332358786e+04  7.166899985261092e-03  -2.356954653576949e-02  -3.483732531922361e-03
  7.699999999999989e+00  1.342939267554895e+05  6.150206257696398e+04  -4.430553492066672e+05  -2.417428724613752e+05  8.008637255173227e+04  -1.051497994605276e+05  -1.275639741012528e-03  -4.263880878069817e-02  2.804215139294575e-02
  7.799999999999988e+00  1.929234783767995e+05  1.313093996754505e+05  -4.917796346148399e+05  -1.841502738776738e+05  6.431255659579825e+04  -1.133626531086669e+05  -1.018733014206350e-02  -5.947833336093394e-02  5.826476219699358e-02
  7.899999999999988e+00  2.365836059022113e+05  2.089255880178650e+05  -4.805445806863466e+05  -1.331316236397580e+05  5.354750830904086e+04  -1.158956583967739e+05  -1.584201357162707e-02  -7.234772738709352e-02  7.690562015440805e-02
  7.999999999999988e+00  2.548872448973875e+05  2.923128966150985e+05  -3.915505371906529e+05  -9.735513458617570e+04  4.665040679901992e+04  -1.195157192816047e+05  -1.596550820481960e-02  -8.197928461024304e-02  8.232492457542825e-02
  8.099999999999987e+00  2.527221941409700e+05  3.774285437755437e+05  -2.741140559736710e+05  -6.969285081706621e+04  4.750749665542413e+04  -1.264762971718386e+05  -1.314287960888298e-02  -9.182925626980873e-02  8.142199480618781e-02
  8.199999999999987e+00  2.518880812365420e+05  4.708600935889171e+05  -1.713847365404795e+05  -3.402277908497967e+04  5.033408194963734e+04  -1.420502821398225e+05  -1.213388433797664e-02  -1.048105495917138e-01  8.233648832185243e-02
  8.299999999999986e+00  2.608358192406776e+05  5.666684439371454e+05  -7.249952214900832e+04  1.118218635501122e+04  4.081910681116174e+04  -1.674598093602921e+05  -1.399499866375719e-02  -1.185798285429722e-01  8.809520631429738e-02
  8.399999999999986e+00  2.599365000820823e+05  6.271188455070371e+05  4.990600398929573e+04  4.610976010002028e+04  1.046659872316239e+04  -1.862087157311217e+05  -1.545253599296919e-02  -1.260802846415139e-01  9.573262658297528e-02
  8.499999999999986e+00  2.377210867506263e+05  6.246221440405769e+05  1.846932110269048e+05  5.537268342734555e+04  -3.197729392536276e+04  -1.692802288858183e+05  -1.477505947075725e-02  -1.236818745584622e-01  9.759400313375693e-02
  8.599999999999985e+00  2.173987073298084e+05  5.886511190083364e+05  2.796832095192777e+05  5.112510798395400e+04  -6.568109015922881e+04  -1.039004481959415e+05  -1.474154415528364e-02  -1.170100423275674e-01  8.637619699182400e-02
  8.699999999999985e+00  2.278808554336135e+05  5.764085166993518e+05  2.960246294874076e+05  6.072035671626093e+04  -7.831620908718280e+04  -1.222832617832513e+04  -1.881449726662625e-02  -1.150212338281807e-01  6.381377680507237e-02
  8.799999999999985e+00  2.679316642154179e+05  6.080066790914958e+05  2.641265784094136e+05  9.563174751243978e+04  -7.595062728679013e+04  7.203954670322465e+04  -2.731516598133307e-02  -1.198583650352625e-01  3.979972578396097e-02
  8.899999999999984e+00  3.048462616578859e+05  6.444953443645567e+05  2.607661707028084e+05  1.376968851910899e+05  -7.104722195100138e+04  1.376541654682685e+05  -3.690343058706363e-02  -1.248545384572061e-01  2.085654406013289e-02
  8.999999999999984e+00  3.035995096028091e+05  6.225407723125716e+05  3.210242162025145e+05  1.573767746507030e+05  -6.402424743012508e+04  1.972844416531060e+05  -4.333553050482744e-02  -1.209411269831407e-01  2.709301675137167e-03
  9.099999999999984e+00  2.687448086937860e+05  5.200153448455518e+05  4.035743419467467e+05  1.455778806918244e+05  -3.904088542709012e+04  2.650234244494016e+05  -4.691560035854039e-02  -1.051561122107413e-01  -2.443650873970610e-02
  9.199999999999983e+00  2.414154514294156e+05  3.787402000090632e+05  4.456157661175624e+05  1.181209703586118e+05  1.168260214140589e+04  3.363679089750488e+05  -5.177239623004552e-02  -8.296524638442893e-02  -6.198070980441774e-02
  9.299999999999983e+00  2.432120129926304e+05  2.529128993658222e+05  4.217927436184387e+05  9.124920645598353e+04  6.249936452001626e+04  3.851127757487257e+05  -5.846057977626574e-02  -6.240499554854602e-02  -9.592508603584744e-02
  9.399999999999983e+00  2.584654198732814e+05  1.638779571833828e+05  3.552392368454168e+05  6.925629587687006e+04  7.374385737716213e+04  3.865414077626661e+05  -6.366925932818294e-02  -4.818813154380135e-02  -1.090976862471606e-01
  9.499999999999982e+00  2.695888032894504e+05  1.023168115800210e+05  2.889530405067392e+05  5.329244916998660e+04  4.127938428158536e+04  3.479665225300223e+05  -6.654785879096982e-02  -3.994447350963030e-02  -1.006068143401653e-01
  9.599999999999982e+00  2.684822865977889e+05  4.400159422711642e+04  2.388268922872317e+05  4.653097760931197e+04  7.426486708983525e+03  3.021222737047120e+05  -6.894563556625335e-02  -3.323211374633423e-02  -8.722129648355514e-02
  9.699999999999982e+00  2.420061461151737e+05  -3.137826126002495e+04  1.766680959104280e+05  5.052132982239126e+04  1.240995545642031e+04  2.658606686575444e+05  -7.131986072242252e-02  -2.382775837299655e-02  -8.443991942525748e-02
  9.799999999999981e+00  1.777343145517160e+05  -1.224679128813735e+05  7.084482385961698e+04  6.395123281046025e+04  4.880202723968812e+04  2.232778591407191e+05  -7.241510251548398e-02  -1.255979495446900e-02  -9.146001864300991e-02
  9.899999999999981e+00  8.006843711432934e+04  -2.114337129727858e+05  -6.713267493229022e+04  8.225877882789214e+04  7.750843563712090e+04  1.557685574635469e+05  -7.116212515331476e-02  -4.002393023362491e-03  -9.634028019992953e-02
  9.999999999999980e+00  -3.000364594434959e+04  -2.831168620913071e+05  -1.891473330081330e+05  9.643470341103183e+04  7.491124623752764e+04  7.048770000287007e+04  -6.723262582449385e-02  -6.552717475733572e-04  -9.081305806076939e-02
  1.009999999999998e+01  -1.276613723094935e+05  -3.361868408246491e+05  -2.594875663994153e+05  9.865278621948521e+04  4.974413679062251e+04  -9.541244869884353e+03  -6.148375827210233e-02  -5.485873671251248e-04  -7.720921823026071e-02
  1.019999999999998e+01  -1.956810934343249e+05  -3.814118825277860e+05  -2.810387059950553e+05  8.837801678105605e+04  2.381209834211853e+04  -6.782312899258597e+04  -5.589061361169793e-02  4.060387136206223e-04  -6.347973826739046e-02
  1.029999999999998e+01  -2.333044186349008e+05  -4.324202056051056e+05  -2.747515472145372e+05  6.710898960318739e+04  9.475766632193108e+03  -1.005686725038159e+05  -5.118539961005581e-02  5.552505807200265e-03  -5.441291236969798e-02
  1.039999999999998e+01  -2.577484779952528e+05  -4.926588835409119e+05  -2.522409005695093e+05  3.236203465892299e+04  4.490882460004756e+03  -1.120394552377245e+05  -4.528943179206159e-02  1.569179594844120e-02  -4.838213451210055e-02
  1.049999999999998e+01  -2.909446468345264e+05  -5.477070071132333e+05  -2.153397971754842e+05  -1.695002652283753e+04  1.519256213663787e+02  -1.108171191317890e+05  -3.536768176210775e-02  2.809943164674849e-02  -4.114043349771993e-02
  1.059999999999998e+01  -3.400223286001569e+05  -5.747333141469385e+05  -1.715239426792728e+05  -7.448630755741398e+04  -1.065029453920273e+04  -1.059171054566678e+05  -2.120746661874287e-02  3.786017125859552e-02  -3.046625371282608e-02
  1.069999999999998e+01  -3.928118378937749e+05  -5.627872989428329e+05  -1.355680983934908e+05  -1.311055666071390e+05  -2.990277443744460e+04  -1.028190764010668e+05  -5.569104879115537e-03  4.176411968239422e-02  -1.669009694132872e-02
  1.079999999999998e+01  -4.332276600496513e+05  -5.246746125882267e+05  -1.177173216521339e+05  -1.823118498798235e+05  -5.261156317369401e+04  -1.044335410278781e+05  8.417700427599723e-03  4.101337762722135e-02  -1.254322522676442e-03
  1.089999999999998e+01  -4.517543583465671e+05  -4.852467435101313e+05  -1.150216959808437e+05  -2.273890872779941e+05  -7.048802558061123e+04  -1.127010457645759e+05  1.916357869736951e-02  3.931411811856075e-02  1.399178035013961e-02
  1.099999999999998e+01  -4.442066783570220e+05  -4.618691885862738e+05  -1.171802610896355e+05  -2.642436212818600e+05  -8.026879047257629e+04  -1.276130325997852e+05  2.611958027998762e-02  3.902489764208873e-02  2.736406222456678e-02
  1.109999999999998e+01  -4.114222459661540e+05  -4.567304610350172e+05  -1.186944421660433e+05  -2.895425095650073e+05  -8.759491325147741e+04  -1.456318741514435e+05  2.886731316730480e-02  3.979248191022904e-02  3.826835864305792e-02
  1.119999999999998e+01  -3.609626805087117e+05  -4.583981766297407e+05  -1.189321209416460e+05  -3.030861732908417e+05  -1.013202161385617e+05  -1.599568021056346e+05  2.770084718112091e-02  3.972073402225324e-02  4.724579361169535e-02
  1.129999999999998e+01  -3.067263451951014e+05  -4.498956021012019e+05  -1.154141688855747e+05  -3.078949227918964e+05  -1.230210259336369e+05  -1.636401383720625e+05  2.439631720365229e-02  3.729793557127626e-02  5.446030238697253e-02
  1.139999999999998e+01  -2.626853239859506e+05  -4.209457665570335e+05  -1.037291866156865e+05  -3.072528886704586e+05  -1.443352116879939e+05  -1.532003833555106e+05  2.155231548387491e-02  3.270205620191909e-02  5.887655516720065e-02
  1.149999999999998e+01  -2.337895910270271e+05  -3.751786315649932e+05  -8.264859385257102e+04  -3.037705869443488e+05  -1.551821716223164e+05  -1.313634616112362e+05  2.066778498774244e-02  2.769482226823385e-02  5.960139244792106e-02
  1.159999999999997e+01  -2.129829913263097e+05  -3.255711054649014e+05  -5.453740621707143e+04  -2.991877428250113e+05  -1.517732274786982e+05  -1.058401521055069e+05  2.102443725324327e-02  2.432050294787417e-02  5.729229577865931e-02
  1.169999999999997e+01  -1.891752104199492e+05  -2.838960584043143e+05  -2.059442395195850e+04  -2.945421424431020e+05  -1.379226246136190e+05  -8.418405427326902e+04  2.084801826373004e-02  2.352124856949250e-02  5.396460158024408e-02
  1.179999999999997e+01  -1.578246466313076e+05  -2.544149591558282e+05  1.986423100263132e+04  -2.901222655693318e+05  -1.204253772710784e+05  -6.912328468598901e+04  1.905761701172423e-02  2.484835602480591e-02  5.147960470212345e-02
  1.189999999999997e+01  -1.218602894636178e+05  -2.322946083773242e+05  6.501886224574943e+04  -2.849371304173770e+05  -1.036403131569742e+05  -5.795789406204523e+04  1.573370810468707e-02  2.695509579602977e-02  5.002744664975702e-02
  1.199999999999997e+01  -8.697915057717700e+04  -2.083174572099812e+05  1.063026916875138e+05  -2.775172505204682e+05  -8.700708951946524e+04  -4.691765318362923e+04  1.176186389480871e-02  2.845636848689038e-02  4.809438769037792e-02
  1.209999999999997e+01  -5.905342792615875e+04  -1.780224103015734e+05  1.308738439044630e+05  -2.673053312553821e+05  -6.672854794037806e+04  -3.517273194056836e+04  8.474452865921741e-03  2.867681303688557e-02  4.422628454056522e-02
  1.219999999999997e+01  -4.158217283233538e+04  -1.457707774530090e+05  1.310944065828340e+05  -2.543678193387609e+05  -3.909692118411855e+04  -2.466802098558422e+04  6.819391764882202e-03  2.771440132103064e-02  3.837748039628388e-02
  1.229999999999997e+01  -3.080201201966790e+04  -1.185818891020941e+05  1.119768249808357e+05  -2.381812789364639e+05  -4.422838513600463e+03  -1.731825647921564e+04  6.260773822596133e-03  2.582386315787958e-02  3.170548194048350e-02
  1.239999999999997e+01  -1.720236510185797e+04  -9.915885290636266e+04  8.722379561317133e+04  -2.178728823470785e+05  3.261284780821150e+04  -1.307964493481235e+04  5.027039717832050e-03  2.315754494764028e-02  2.529421678884523e-02
  1.249999999999997e+01  4.512131648505296e+03  -8.474885201340087e+04  6.841257523238519e+04  -1.943237593923452e+05  6.656402580258601e+04  -1.083912546607909e+04  1.950257536042119e-03  1.979322939244057e-02  1.928961645582104e-02
  1.259999999999997e+01  3.008329344780561e+04  -6.925042956679480e+04  6.040305073368879e+04  -1.712353313239866e+05  9.414060055869623e+04  -9.922717897006147e+03  -2.067089181663281e-03  1.569501907592053e-02  1.325316680648813e-02
  1.269999999999997e+01  5.127592212315340e+04  -4.656167121209187e+04  6.379807334639290e+04  -1.535316115387575e+05  1.140994148169084e+05  -1.004733521296397e+04  -4.725966897957810e-03  1.097636242923275e-02  7.048356945621977e-03
  1.279999999999997e+01  6.434190378873699e+04  -1.508821197101648e+04  7.703538605367870e+04  -1.444572640191246e+05  1.252286186140409e+05  -1.003997464802177e+04  -4.368156305173987e-03  6.150373456721064e-03  1.436131989229887e-03
  1.289999999999997e+01  7.142250035452706e+04  1.904319055784348e+04  9.467753310451604e+04  -1.432468911774199e+05  1.261563892400288e+05  -8.076516325094567e+03  -1.366996250758323e-03  1.952053888646500e-03  -2.322120222120665e-03
  1.299999999999997e+01  7.641230097905440e+04  4.561833801520423e+04  1.075704784553866e+05  -1.453485760654738e+05  1.166071025761857e+05  -3.625593858847163e+03  2.266423432517922e-03  -1.187513427527619e-03  -3.442145074628791e-03
  1.309999999999997e+01  8.204764755419186e+04  5.834266913962219e+04  1.085591837056353e+05  -1.456212690153404e+05  9.875934862458755e+04  2.051353704569745e+03  4.598580663551480e-03  -3.379822826904113e-03  -2.407428662157615e-03
  1.319999999999997e+01  8.910423044142484e+04  5.952329807377375e+04  9.723945203929160e+04  -1.422926235373282e+05  7.720771226883592e+04  7.109794391074145e+03  5.047934131350410e-03  -5.056187761234949e-03  -8.648040113018274e-04
  1.329999999999997e+01  9.587866155036789e+04  5.635520442594883e+04  7.825069385745069e+04  -1.381109002781117e+05  5.710402160968538e+04  1.055616507671034e+04  4.209493089959159e-03  -6.634113584290060e-03  -6.117590944268855e-04
  1.339999999999997e+01  9.893461428567360e+04  5.352265323565506e+04  5.679639053530585e+04  -1.373077874004649e+05  4.143098449635478e+04  1.289649147670257e+04  2.905532832075337e-03  -8.351555831069533e-03  -2.480709279682319e-03
  1.349999999999997e+01  9.527729027389888e+04  5.011187658096915e+04  3.659713748062952e+04  -1.408185161862262e+05  3.010552253787954e+04  1.560728178410640e+04  1.476617921883094e-03  -1.025795148404217e-02  -5.957944759075938e-03
  1.359999999999997e+01  8.380377689971062e+04  4.281074724105943e+04  2.005596580553054e+04  -1.441556951519100e+05  2.161188075637367e+04  2.003161841183866e+04  -1.713145231772889e-04  -1.230926951693862e-02  -9.709744185228995e-03
  1.369999999999997e+01  6.438158405676868e+04  2.984825031297754e+04  7.606403320238364e+03  -1.413359041119501e+05  1.524223578965168e+04  2.641379140451240e+04  -1.995368189215269e-03  -1.428175230920952e-02  -1.265835865571418e-02
  1.379999999999997e+01  3.737727802998105e+04  1.205723967415164e+04  -1.680146797523360e+03  -1.313903022364280e+05  1.148913893897206e+04  3.413593016060550e+04  -3.468516856094419e-03  -1.557859126505604e-02  -1.468366932451492e-02
  1.389999999999997e+01  5.208077667407536e+03  -7.356661234351931e+03  -7.578727978241664e+03  -1.195562065873174e+05  1.047606390671125e+04  4.254922830515484e+04  -4.001420998406298e-03  -1.553957179794403e-02  -1.625835958374956e-02
  1.399999999999997e+01  -2.643329658785083e+04  -2.290083011275035e+04  -8.769324791236157e+03  -1.117048353218636e+05  1.097446992360308e+04  5.076109744569391e+04  -3.684528571352998e-03  -1.417713668729007e-02  -1.749356170833438e-02
  1.409999999999997e+01  -5.069406652613632e+04  -2.981305915231428e+04  -6.131117182755178e+03  -1.089973083876767e+05  1.133220584000858e+04  5.677591413169650e+04  -3.425036327176099e-03  -1.230309778132782e-02  -1.779562416918209e-02
  1.419999999999997e+01  -6.423507757366503e+04  -2.946374069583421e+04  -4.506939072896212e+03  -1.083762691320924e+05  1.092101594842565e+04  5.814770679886136e+04  -4.242830738033733e-03  -1.064260446706998e-02  -1.649569318493976e-02
  1.429999999999997e+01  -6.891956377202037e+04  -2.944945520372778e+04  -8.575589635071334e+03  -1.072085197954768e+05  1.092256804396956e+04  5.432433101143177e+04  -6.337732024933007e-03  -9.052904092343467e-03  -1.374298846527093e-02
  1.439999999999996e+01  -6.923002314226922e+04  -3.621387310286193e+04  -1.763843333486676e+04  -1.058667008989799e+05  1.326775764747403e+04  4.754921920278264e+04  -8.918021393467266e-03  -6.983441505549273e-03  -1.063527684783189e-02
  1.449999999999996e+01  -6.870566439642402e+04  -4.888089927202342e+04  -2.663200704150394e+04  -1.058716481329660e+05  1.825522233514132e+04  4.076292850420338e+04  -1.098249461756912e-02  -4.566924370051864e-03  -8.285924991981735e-03
  1.459999999999996e+01  -6.924612937909925e+04  -6.285652883967879e+04  -3.191444027928399e+04  -1.077237203997474e+05  2.316370161638460e+04  3.465934411892509e+04  -1.206360885233743e-02  -2.763948707137967e-03  -6.861955949869418e-03
  1.469999999999996e+01  -7.269411271149669e+04  -7.760915266135224e+04  -3.413791104806367e+04  -1.113220529735030e+05  2.333152781642769e+04  2.725610316945087e+04  -1.224154954828635e-02  -2.220848465543458e-03  -5.561587964415739e-03
  1.479999999999996e+01  -8.050188833735243e+04  -9.699577675876467e+04  -3.517954618205092e+04  -1.172584335680830e+05  1.528392102302432e+04  1.646002781625147e+04  -1.174899041299909e-02  -2.316952502998829e-03  -3.564801925563337e-03
  1.489999999999996e+01  -9.145659134621129e+04  -1.215809481107617e+05  -3.496176424521428e+04  -1.263408381418170e+05  -3.348849083195980e+02  2.619141600951584e+03  -1.070064496611281e-02  -1.699452809904299e-03  -9.948053475327271e-04
  1.499999999999996e+01  -1.011082172966156e+05  -1.441064646583225e+05  -3.236952098540921e+04  -1.377134268710853e+05  -1.836237359366686e+04  -1.163407556916035e+04  -9.114697000508334e-03  2.353148740592528e-04  1.303031158595572e-03
  1.509999999999996e+01  -1.053376565365458e+05  -1.548721449880518e+05  -2.805228645932288e+04  -1.482403318744544e+05  -3.196587664427483e+04  -2.395564610024886e+04  -7.019840504666837e-03  2.568482679238356e-03  2.880312688882832e-03
  1.519999999999996e+01  -1.048282613215905e+05  -1.507320628111842e+05  -2.458871393221387e+04  -1.546250516143319e+05  -3.695889127073656e+04  -3.437362771914551e+04  -4.428293120158438e-03  3.691454819514337e-03  4.340760917792532e-03
  1.529999999999996e+01  -1.049206513187086e+05  -1.380534847307713e+05  -2.308852696305626e+04  -1.562475909474816e+05  -3.423818388305119e+04  -4.451407033410713e+04  -1.349571638072506e-03  2.853185363575326e-03  6.712602581619855e-03
  1.539999999999996e+01  -1.105658457519964e+05  -1.273558662256455e+05  -2.088616761141808e+04  -1.553558632629659e+05  -2.866131817874310e+04  -5.505754684489330e+04  1.987042112783595e-03  8.022258424201403e-04  1.021112083536321e-02
  1.549999999999996e+01  -1.213266858069656e+05  -1.253911085982618e+05  -1.329834021626610e+04  -1.546978259841671e+05  -2.527942534791593e+04  -6.447397908353729e+04  4.999939135527751e-03  -1.035768070326887e-03  1.375127591351696e-02
  1.559999999999996e+01  -1.312762413741109e+05  -1.313559206766069e+05  2.559562532952705e+03  -1.552201154125430e+05  -2.569823281808244e+04  -7.014100647589586e+04  6.986221799007515e-03  -1.849139602743066e-03  1.564587900141867e-02
  1.569999999999996e+01  -1.336894799077298e+05  -1.392959279910140e+05  2.546615300794797e+04  -1.558360496942386e+05  -2.762415067643533e+04  -7.014889343543169e+04  7.578111293931372e-03  -1.912283991519310e-03  1.483193358795284e-02
  1.579999999999996e+01  -1.263399002828816e+05  -1.434403687271257e+05  5.109062953563809e+04  -1.555490754069595e+05  -2.772273480691508e+04  -6.400429117775155e+04  7.086866427870545e-03  -2.024966501583676e-03  1.162776092329121e-02
  1.589999999999996e+01  -1.130592557624102e+05  -1.420699556908288e+05  7.466843781433684e+04  -1.552675362047044e+05  -2.466333487801193e+04  -5.231809363803251e+04  6.381051734328258e-03  -2.606396943161429e-03  7.356643337346814e-03
  1.599999999999996e+01  -1.003288598532905e+05  -1.375905067100938e+05  9.264895472361043e+04  -1.572843541530490e+05  -1.979162040606073e+04  -3.636979566844898e+04  6.286440890226183e-03  -3.322693889520565e-03  3.289929732420558e-03
  1.609999999999996e+01  -9.222843476324083e+04  -1.336457209172582e+05  1.027977978593641e+05  -1.632616743086721e+05  -1.515827337203172e+04  -1.812634313169249e+04  7.034202731917236e-03  -3.491287123661885e-03  -1.918801042150389e-04
  1.619999999999996e+01  -8.824664676220855e+04  -1.325112333581313e+05  1.039923335506090e+05  -1.724192940795996e+05  -1.103159639891449e+04  -3.073420067780768e+02  8.128311297597715e-03  -2.716166077757611e-03  -3.658524228639798e-03
  1.629999999999996e+01  -8.504441657970120e+04  -1.338938851096877e+05  9.662985647349003e+04  -1.816991541305766e+05  -6.065942913986326e+03  1.431495902030207e+04  8.759308535374407e-03  -1.227937144582592e-03  -7.778391681151676e-03
  1.639999999999996e+01  -7.996509802257887e+04  -1.354468573298805e+05  8.241016277839335e+04  -1.875429732105490e+05  8.183915253051549e+02  2.391599378719975e+04  8.372368978244598e-03  2.373409397480049e-04  -1.254780948031651e-02
  1.649999999999996e+01  -7.267431194950880e+04  -1.342290507622965e+05  6.359881035279613e+04  -1.873983207714770e+05  9.164431602737464e+03  2.852804968040805e+04  6.935964571507911e-03  8.495294534047130e-04  -1.723654730884824e-02
  1.659999999999997e+01  -6.401082476153745e+04  -1.282269647545494e+05  4.229116714373397e+04  -1.806552214575350e+05  1.731301654798076e+04  3.007430765777674e+04  4.875585942413620e-03  1.513363075397853e-04  -2.086394511458300e-02
  1.669999999999997e+01  -5.488454215161716e+04  -1.181100214944269e+05  1.954174187506637e+04  -1.692387149911218e+05  2.371304220626804e+04  3.086337072766767e+04  2.805483117222035e-03  -1.615562794061047e-03  -2.279203104243004e-02
  1.679999999999997e+01  -4.644972465685364e+04  -1.077411728574575e+05  -4.562825478466456e+03  -1.573405309106754e+05  2.748940623768423e+04  3.176901741232947e+04  1.320434363405312e-03  -3.483431550444542e-03  -2.287156799422017e-02
  1.689999999999997e+01  -4.019135338472253e+04  -1.022433923102758e+05  -3.008852346806796e+04  -1.498449112437947e+05  2.807043266465523e+04  3.136045541561911e+04  7.417752234289386e-04  -4.251143971345682e-03  -2.117196702508968e-02
  1.699999999999997e+01  -3.672760236217114e+04  -1.044093304449483e+05  -5.587100752125093e+04  -1.496105294418521e+05  2.505400469228139e+04  2.704868888524442e+04  9.315906992536435e-04  -3.222373282371651e-03  -1.777167957559303e-02
  1.709999999999997e+01  -3.449086641260227e+04  -1.121870763288666e+05  -7.878494772108462e+04  -1.553447475094828e+05  1.842989783735542e+04  1.728370608460475e+04  1.347486114549553e-03  -7.038194751475902e-04  -1.269797122286833e-02
  1.719999999999997e+01  -3.086747855908969e+04  -1.196886977370136e+05  -9.470149069562074e+04  -1.621906943619904e+05  9.211526324156561e+03  2.978920937750166e+03  1.439906748541156e-03  2.124070427518708e-03  -6.169573001924054e-03
  1.729999999999998e+01  -2.497771431324082e+04  -1.208553680758202e+05  -1.001514534339623e+05  -1.647816680154295e+05  -5.794064527388597e+02  -1.285601550261696e+04  1.034532222435656e-03  3.829647858247381e-03  1.212209405093491e-03
  1.739999999999998e+01  -1.937502295391953e+04  -1.131868057629014e+05  -9.367757832527441e+04  -1.607938999680850e+05  -8.278248109298953e+03  -2.653360868531887e+04  4.365068977603524e-04  3.524022748735823e-03  8.359275591748847e-03
  1.749999999999998e+01  -1.860136377929311e+04  -9.889847319591357e+04  -7.633038134584599e+04  -1.522495243842348e+05  -1.160833300800929e+04  -3.529273281409848e+04  1.613354198495220e-04  1.318127021558230e-03  1.397979710352137e-02
  1.759999999999998e+01  -2.564780018056535e+04  -8.349820607129455e+04  -5.159340597798701e+04  -1.439882641271044e+05  -1.012845536031813e+04  -3.832183585955073e+04  5.214469695935580e-04  -1.743138131211231e-03  1.714088767881117e-02
  1.769999999999998e+01  -3.943111689971881e+04  -7.252542973531147e+04  -2.485919424729214e+04  -1.402045854628063e+05  -5.592930122405253e+03  -3.681722293332277e+04  1.425557138878028e-03  -4.188727098226556e-03  1.769013095054704e-02
  1.779999999999998e+01  -5.519050770671483e+04  -6.838770111711879e+04  -1.877249877770982e+03  -1.417462204942245e+05  -1.201453120282121e+03  -3.329170138003201e+04  2.486403847756312e-03  -4.857616836567531e-03  1.634875456766361e-02
  1.789999999999998e+01  -6.744328418141809e+04  -6.944849550908324e+04  1.345611746182313e+04  -1.460535977600929e+05  2.359859752721901e+02  -3.025002404733983e+04  3.356766168651138e-03  -3.435718144311100e-03  1.430099399623406e-02
  1.799999999999999e+01  -7.303291574772884e+04  -7.124057622470557e+04  2.100421558997918e+04  -1.492929535157489e+05  -2.223507341860688e+03  -2.901005857921360e+04  3.987994207732664e-03  -5.801605802283121e-04  1.262770430457641e-02
  1.809999999999999e+01  -7.217923330084799e+04  -6.960903175802929e+04  2.433726851338398e+04  -1.490266327816610e+05  -7.321575490748709e+03  -2.907529951030430e+04  4.598106497312606e-03  2.447140010436350e-03  1.182081392175011e-02
  1.819999999999999e+01  -6.732997364292122e+04  -6.372894792620314e+04  2.846311463049662e+04  -1.454471270236271e+05  -1.232683294369156e+04  -2.827759372199465e+04  5.357118968846991e-03  4.481856920040571e-03  1.158059916402900e-02
  1.829999999999999e+01  -6.117493118594956e+04  -5.679696495583720e+04  3.679123643044883e+04  -1.407590516520985e+05  -1.448990466721812e+04  -2.387233750753337e+04  6.071843242613979e-03  5.067476281170570e-03  1.103164557769875e-02
  1.839999999999999e+01  -5.539219011217199e+04  -5.405434370252204e+04  4.914183977868150e+04  -1.375944623309984e+05  -1.236474766625128e+04  -1.399963729810906e+04  6.222685056792203e-03  4.608233235186165e-03  9.241647316502337e-03
  1.849999999999999e+01  -5.061157905285167e+04  -5.899460809941236e+04  6.193730768136308e+04  -1.374000085001778e+05  -6.585132843908281e+03  9.699738205090538e+02  5.295043700625987e-03  3.986072660021394e-03  5.856753585121713e-03
  1.859999999999999e+01  -4.696696921230009e+04  -7.075337361960708e+04  7.034982045585090e+04  -1.396755580075557e+05  5.818283436592008e+02  1.819719392045922e+04  3.168105635777858e-03  3.889098688777364e-03  1.392095831859527e-03
  1.870000000000000e+01  -4.441813357886547e+04  -8.481617049898433e+04  7.091684485119807e+04  -1.423790640994157e+05  6.658415983585571e+03  3.367589300418756e+04  2.309453836751138e-04  4.373920979566685e-03  -3.065001045043790e-03
  1.880000000000000e+01  -4.262381476534672e+04  -9.636072643692132e+04  6.317664798616278e+04  -1.430515365403645e+05  1.032603396331776e+04  4.422152394906904e+04  -2.873641383386758e-03  4.948066876971765e-03  -6.537118881371247e-03
  1.890000000000000e+01  -4.079003064749140e+04  -1.034676000413684e+05  4.952649430084488e+04  -1.402615666498315e+05  1.189233940594534e+04  4.898647947591603e+04  -5.591521053503831e-03  5.044192638206533e-03  -8.742008617961870e-03
  1.900000000000000e+01  -3.798535943215485e+04  -1.076331121098813e+05  3.369781353068344e+04  -1.346683782699004e+05  1.255579162027612e+04  4.932417636936659e+04  -7.653105808307694e-03  4.536876389151464e-03  -1.007132184710159e-02
  1.910000000000000e+01  -3.393553376343251e+04  -1.116946953433050e+05  1.904321730539508e+04  -1.288214663262845e+05  1.316964731315686e+04  4.731334370869069e+04  -9.027905937760842e-03  3.831758558085953e-03  -1.104095331810179e-02
  1.920000000000000e+01  -2.978044609461003e+04  -1.173630752118780e+05  7.412223290126049e+03  -1.258450121935163e+05  1.370141229819816e+04  4.422035725085347e+04  -9.742230589592097e-03  3.509649383336206e-03  -1.174870296405275e-02
  1.930000000000000e+01  -2.768696859522572e+04  -1.241046391057781e+05  -8.037515360530729e+02  -1.276868024614806e+05  1.341707334049449e+04  3.989577984140585e+04  -9.800881804896919e-03  3.840478139680776e-03  -1.173030647348288e-02
  1.940000000000001e+01  -2.950149789335041e+04  -1.299288434987077e+05  -6.154441711947070e+03  -1.340217477151660e+05  1.172214791968156e+04  3.333654104828474e+04  -9.253956702031947e-03  4.549364793510059e-03  -1.037478873223181e-02
  1.950000000000001e+01  -3.550967886955530e+04  -1.330943321092773e+05  -9.626252339673945e+03  -1.426610275272126e+05  8.967445522875056e+03  2.370000449919205e+04  -8.276807591930573e-03  5.033574407525321e-03  -7.467590721783849e-03
  1.960000000000001e+01  -4.416181216569489e+04  -1.331613522783150e+05  -1.232059029233218e+04  -1.508443152839968e+05  6.481848308774910e+03  1.103075084190377e+04  -7.149612802843843e-03  4.771230688083144e-03  -3.449841564118195e-03
  1.970000000000001e+01  -5.308781957303191e+04  -1.309610837679017e+05  -1.533662304780952e+04  -1.566144049306406e+05  5.997566702216946e+03  -3.609294386306136e+03  -6.126753108218473e-03  3.636042360017498e-03  7.268659652897853e-04
  1.980000000000001e+01  -6.022784708983859e+04  -1.276132402836730e+05  -1.918786166336839e+04  -1.594908431950385e+05  8.501875564563647e+03  -1.841557913032377e+04  -5.311055687708635e-03  1.931349310727357e-03  4.087015940183288e-03
  1.990000000000001e+01  -6.442630875929059e+04  -1.236364482506892e+05  -2.309188612756210e+04  -1.601739319708219e+05  1.329945180283653e+04  -3.131245373122728e+04  -4.647611366270989e-03  1.423016247186987e-04  6.096155427549230e-03
