TITLE = "Temporal Signal for receiver number 03185"
VARIABLES = "Time","xx","yy","zz","xy","yz","xz","u","v","w"
# x1       3.604744010000e+05
# x2       4.738135810000e+06
# x3       -5.000000000000e+02
  0.000000000000000e+00  0.000000000000000e+00  0.000000000000000e+00  0.000000000000000e+00  0.000000000000000e+00  0.000000000000000e+00  0.000000000000000e+00  0.000000000000000e+00  0.000000000000000e+00  0.000000000000000e+00
  1.000000000000000e-01  0.000000000000000e+00  0.000000000000000e+00  0.000000000000000e+00  0.000000000000000e+00  0.000000000000000e+00  0.000000000000000e+00  0.000000000000000e+00  0.000000000000000e+00  0.000000000000000e+00
  2.000000000000000e-01  0.000000000000000e+00  0.000000000000000e+00  0.000000000000000e+00  0.000000000000000e+00  0.000000000000000e+00  0.000000000000000e+00  0.000000000000000e+00  0.000000000000000e+00  0.000000000000000e+00
  3.000000000000000e-01  0.000000000000000e+00  0.000000000000000e+00  0.000000000000000e+00  0.000000000000000e+00  0.000000000000000e+00  0.000000000000000e+00  0.000000000000000e+00  0.000000000000000e+00  0.000000000000000e+00
  4.000000000000000e-01  -1.819599413894840e-22  -2.762963046909223e-22  -2.975700929627265e-22  -1.270237549879806e-22  -1.376374451301904e-22  -1.161269038827213e-22  3.438145183020114e-29  3.399679897343196e-29  3.619167221071978e-29
  5.000000000000000e-01  -2.648036900034167e-17  -5.410510747161781e-17  -4.351753918950523e-17  -8.681772617402615e-18  -2.140961131386543e-17  -5.894990435371832e-18  2.331834848070958e-24  6.764637197350604e-24  5.450522343496148e-24
  6.000000000000000e-01  7.499349074725402e-15  1.354695192823905e-14  1.610800043825140e-14  -1.717972339628345e-15  6.629538675636200e-15  -1.924003913700105e-16  3.412905867276552e-22  -1.492445179637050e-21  -2.030140624062296e-21
  7.000000000000000e-01  -4.199111906691914e-14  -5.817964103623123e-14  -7.550002484648394e-14  3.023861941923205e-14  -6.080230018837571e-14  2.315122974225605e-14  -1.236168171721474e-20  1.435334302387912e-20  1.133276381915653e-20
  7.999999999999999e-01  -1.343191608293214e-11  -3.017137875881892e-11  -2.589084054123984e-11  -1.439999080946426e-13  -1.377614171488960e-11  -6.320691450312458e-13  1.587722498820238e-19  3.511467691212321e-18  3.309746652896390e-18
  8.999999999999999e-01  -9.390189357684510e-12  -4.727176079738056e-11  -1.082039687542929e-10  1.122044793345672e-11  -5.463387061143641e-11  6.696788501173063e-12  -2.514279936917903e-18  2.469507886764463e-18  1.520483715852656e-17
  9.999999999999999e-01  4.702596332385935e-10  1.299858771135423e-09  -3.479621908721467e-10  4.892536846410898e-10  2.797000487784154e-10  2.674570089755407e-10  -9.200060333849932e-17  -2.166155456253425e-16  4.889974482602726e-17
  1.100000000000000e+00  1.753628515650774e-08  3.542301923817342e-08  2.618716597421726e-08  4.507686698588781e-09  1.558285859845084e-08  5.237931726530819e-09  -1.243551975176138e-15  -4.411832896568067e-15  -3.230193670329384e-15
  1.200000000000000e+00  1.320153478264026e-07  2.413427647995958e-07  2.533037372093735e-07  -2.076897857936863e-09  1.088789349115053e-07  2.101986713121547e-08  -3.868858592464885e-15  -2.727521573580897e-14  -2.947566149618184e-14
  1.300000000000000e+00  -3.969922070210826e-07  -5.341260870704302e-07  -5.902757636410872e-07  -1.120128315013365e-07  -3.225919833036777e-07  -1.645100819515142e-07  3.402170064390403e-14  5.755606408594778e-14  8.308665627496812e-14
  1.400000000000000e+00  3.670753465766909e-07  1.484485411823309e-06  -6.396268157198227e-07  5.508562792374099e-07  6.529549254618225e-07  2.899920737021742e-07  -2.786325371994823e-14  -2.546552373961070e-13  7.225336813115300e-14
  1.500000000000000e+00  2.345795676335225e-05  3.480244712344975e-05  4.151600114777223e-05  1.429325545681490e-07  1.696033058985832e-05  4.020472360391068e-06  -7.328029865459601e-13  -3.953148758760989e-12  -4.731716984731296e-12
  1.600000000000000e+00  -1.718136349718349e-04  -2.523607271506870e-04  -2.429598228747729e-04  -2.834684809253266e-05  -1.074451175473128e-04  -5.249529941231762e-05  1.055706049997846e-11  2.948041954093386e-11  2.911486914647082e-11
  1.700000000000000e+00  1.037924391341979e-04  1.421527610592912e-04  1.157692959755492e-04  3.150186399325321e-05  7.161083299829736e-05  6.961172363464271e-05  -7.489865400673672e-12  -1.125485610180401e-11  -2.178608829198416e-11
  1.800000000000000e+00  8.019176517827063e-04  9.741794050729066e-04  1.138471894536158e-03  8.794721713801803e-05  2.234861405598988e-04  1.886910684552251e-04  -5.897998001098656e-11  -1.168818707610827e-10  -1.121516902880546e-10
  1.900000000000001e+00  -1.982458880951980e-03  -2.174402810369043e-03  -2.971096292782065e-03  7.381697273608757e-05  -3.721847613859154e-04  -3.081574748668228e-04  1.034368381930029e-10  2.339656815187247e-10  2.920116182624377e-10
  2.000000000000000e+00  1.187466534383805e-02  1.468062983531266e-02  1.853115132546847e-02  4.647252057184533e-05  5.208198035573723e-03  1.564434211917980e-03  -5.593227353023466e-10  -1.701075917054913e-09  -1.938243134464905e-09
  2.100000000000001e+00  -6.550634768260448e-02  -8.287855101929202e-02  -9.809410802289693e-02  -5.784314922755062e-03  -3.118351636532839e-02  -1.379238245087511e-02  3.822442558071621e-09  9.557893885971865e-09  1.073991010672452e-08
  2.200000000000001e+00  2.320976279452068e-01  2.901026905562651e-01  3.367442642030629e-01  3.100011725937373e-02  1.083724233672708e-01  6.167437164328442e-02  -1.553831441654932e-08  -3.312115721613574e-08  -3.757946982617497e-08
  2.300000000000001e+00  -6.059943038410885e-01  -7.575112129269308e-01  -8.582333987098885e-01  -1.022949734867257e-01  -2.744457825203010e-01  -1.836298530927806e-01  4.476314450529042e-08  8.586752195151934e-08  9.632898032659287e-08
  2.400000000000001e+00  1.155199812276846e+00  1.414509770496317e+00  1.613916453954354e+00  2.500101933091690e-01  4.881862984603161e-01  4.117685840661685e-01  -9.845003644561841e-08  -1.587345469087053e-07  -1.789071145887919e-07
  2.500000000000001e+00  -5.881627129099424e-01  -8.820813971006733e-01  -7.804502711642526e-01  -2.423283178217314e-01  -1.192934345441621e-01  -3.520454924927945e-01  7.099410527723107e-08  9.418363404671175e-08  6.236854417283451e-08
  2.600000000000001e+00  -5.438103022738985e+00  -6.753937396150583e+00  -7.654782022935354e+00  -8.797743288322470e-01  -3.115308116845135e+00  -1.630802162459384e+00  4.299132233137071e-07  7.367865330916812e-07  9.959300151897422e-07
  2.700000000000001e+00  2.113367506830451e+01  2.662824225339491e+01  3.203239736111826e+01  5.686269966827457e+00  1.118658286290153e+01  7.788978208921376e+00  -1.957329952622848e-06  -2.899149086137481e-06  -3.854649473491119e-06
  2.800000000000001e+00  -1.060158922851939e+02  -1.265315374406750e+02  -1.490612741677361e+02  -3.850798260850638e+01  -5.636459155683578e+01  -4.620290501180472e+01  1.170848408850879e-05  1.478340291622052e-05  1.802778815931582e-05
  2.900000000000001e+00  -4.961722661643062e+02  -6.033794651283930e+02  -7.030582515881021e+02  -1.808401522999371e+02  -2.729676389350666e+02  -2.028325674664452e+02  5.363840914505328e-05  7.207986558703453e-05  8.578334769654997e-05
  3.000000000000001e+00  -7.350386007179936e+02  -9.421589174237371e+02  -9.772922514622286e+02  -3.148977216151573e+02  -4.453651041459566e+02  -3.102192237523845e+02  8.481126054299039e-05  1.193619088557294e-04  1.218827814130842e-04
  3.100000000000001e+00  -6.089967984668962e+02  -8.966779215995533e+02  -6.440535896976821e+02  -3.579031829003972e+02  -4.420705212675680e+02  -2.842817109016559e+02  8.288790678004938e-05  1.260134758285118e-04  7.778143260609822e-05
  3.200000000000002e+00  -5.324378920881327e+02  -9.092809803798680e+02  -3.653784791814631e+02  -4.181854168070233e+02  -4.440873601335294e+02  -2.678375269357256e+02  8.747383851689717e-05  1.401310015707191e-04  4.388756520615076e-05
  3.300000000000002e+00  -8.285144712168259e+02  -1.338652365362514e+03  -6.801611163917377e+02  -5.974640661102492e+02  -6.853558489559932e+02  -4.182050491939438e+02  1.261175985826329e-04  1.967817958762540e-04  1.077789040550314e-04
  3.400000000000002e+00  -1.434747681217133e+03  -2.131306441716466e+03  -1.504960618611767e+03  -8.889359395054983e+02  -1.205904067933827e+03  -7.680992151320387e+02  1.916864540606710e-04  2.853126140562940e-04  2.381707018050743e-04
  3.500000000000002e+00  -2.799119822514481e+03  -3.910002942005361e+03  -3.250897593501646e+03  -1.511683702203714e+03  -2.086116075461737e+03  -1.391231234338380e+03  3.515709588232758e-04  5.048155580703304e-04  4.499921748681429e-04
  3.600000000000002e+00  -6.566779217282712e+03  -8.827728674571881e+03  -7.694459524777597e+03  -3.287636604340498e+03  -4.071024041138598e+03  -2.855282501744613e+03  8.309114537498880e-04  1.155653642049010e-03  1.017334315893365e-03
  3.700000000000002e+00  -1.636533854592564e+04  -2.140118952120268e+04  -1.951234225767825e+04  -7.733655910605492e+03  -9.362960480110247e+03  -6.802092663796067e+03  2.031787041735889e-03  2.773195239911220e-03  2.544431236660266e-03
  3.800000000000002e+00  -3.478555838130091e+04  -4.485767345119842e+04  -4.140332768720622e+04  -1.626520608757311e+04  -1.977481806395143e+04  -1.461824799961884e+04  4.275806697787525e-03  5.766446020088779e-03  5.288402024385007e-03
  3.900000000000002e+00  -5.942484887426309e+04  -7.692004509717420e+04  -6.805907488935137e+04  -2.896006741918317e+04  -3.436003580635493e+04  -2.548712526043460e+04  7.430129645472208e-03  9.997475458098062e-03  8.553267640476935e-03
  4.000000000000002e+00  -8.657710582102073e+04  -1.135856041825650e+05  -9.156335950444233e+04  -4.542303376918797e+04  -5.096871862549496e+04  -3.788594260799370e+04  1.128036558557154e-02  1.512691036831665e-02  1.149513573922908e-02
  4.100000000000001e+00  -1.155487137235400e+05  -1.537065198043814e+05  -1.104600057636937e+05  -6.560433286822932e+04  -6.924216916630916e+04  -5.152910154182217e+04  1.576219171030434e-02  2.099029615085301e-02  1.419058582126923e-02
  4.200000000000001e+00  -1.444357057343492e+05  -1.944304548960493e+05  -1.234321808469360e+05  -8.882185296574116e+04  -8.897713228992767e+04  -6.622913354640067e+04  2.058562328868598e-02  2.712769472960906e-02  1.679130226697147e-02
  4.300000000000001e+00  -1.790963687187755e+05  -2.404466407772353e+05  -1.384179277920001e+05  -1.160385620069859e+05  -1.113089187402671e+05  -8.409079645390612e+04  2.632190899426442e-02  3.389887294291460e-02  2.007697688278522e-02
  4.400000000000000e+00  -2.096924847628253e+05  -2.826946115297161e+05  -1.450816019742598e+05  -1.442028138213852e+05  -1.308079625036013e+05  -9.972081162656477e+04  3.204008120965179e-02  4.070583915590086e-02  2.278719801932681e-02
  4.500000000000000e+00  -2.317631301161187e+05  -3.182994313385770e+05  -1.365189042216393e+05  -1.722062789509475e+05  -1.446727982755108e+05  -1.122055500721440e+05  3.776718027630627e-02  4.761067060074654e-02  2.552781735581559e-02
  4.600000000000000e+00  -2.607736376889830e+05  -3.651087734329981e+05  -1.285027202921695e+05  -2.065099804760246e+05  -1.570271810596313e+05  -1.259984352489998e+05  4.536874854628641e-02  5.657559684954792e-02  2.996959473424383e-02
  4.699999999999999e+00  -3.064378434677623e+05  -4.322758914037278e+05  -1.271724002820238e+05  -2.523005099894338e+05  -1.692441494414699e+05  -1.415022971695090e+05  5.563805489284504e-02  6.858431692806674e-02  3.583186192200934e-02
  4.799999999999999e+00  -3.523564597939295e+05  -5.023163078188277e+05  -1.079622528037479e+05  -3.056195736563601e+05  -1.793410562410661e+05  -1.558282897950717e+05  6.659876763150732e-02  8.162804068503754e-02  4.087538138946183e-02
  4.899999999999999e+00  -4.113328822086205e+05  -5.857840125801009e+05  -9.852949814314238e+04  -3.658937249244087e+05  -1.930942139341856e+05  -1.781712136556507e+05  7.881836812649774e-02  9.571126642126827e-02  4.532900711203787e-02
  4.999999999999998e+00  -4.282416681225941e+05  -6.398877427648747e+05  -5.712004500676635e+04  -4.187405714121697e+05  -1.998493643510869e+05  -1.868769103880105e+05  8.539397546313159e-02  1.067972196357921e-01  4.320559906024449e-02
  5.099999999999998e+00  -3.701873188322635e+05  -6.490252417488564e+05  4.973371479986525e+04  -4.565666373855862e+05  -1.979344844403043e+05  -1.677528835032461e+05  8.282735202549399e-02  1.140859100284692e-01  3.249271288591190e-02
  5.199999999999998e+00  -3.059135156672155e+05  -6.566025495093304e+05  1.737591748804550e+05  -4.943387331107323e+05  -1.882348874345549e+05  -1.458474772208263e+05  8.072925742568589e-02  1.209762546031973e-01  2.101264918503561e-02
  5.299999999999997e+00  -2.496160573847323e+05  -6.722484485650413e+05  3.080514174013166e+05  -5.404475574146417e+05  -1.623911726665736e+05  -1.183258967542224e+05  8.060382469340635e-02  1.279691543126722e-01  8.971331202018252e-03
  5.399999999999997e+00  -2.153416720737969e+05  -7.119705067350115e+05  4.112816569480218e+05  -5.989884683306555e+05  -1.263468228624052e+05  -9.469106452179830e+04  8.381407743487317e-02  1.360960657066645e-01  1.209271624205290e-04
  5.499999999999996e+00  -2.286888583034788e+05  -7.604933968805854e+05  4.151091490949968e+05  -6.563571880139604e+05  -8.097178525250436e+04  -8.642664778343376e+04  9.259987375750667e-02  1.418877643638343e-01  -1.330112712945601e-03
  5.599999999999996e+00  -2.370002375311565e+05  -7.499114157750366e+05  3.624212938127830e+05  -6.842081855719894e+05  -3.292622856859837e+04  -8.236079768545140e+04  1.003968961730112e-01  1.382608716356770e-01  6.003411736689158e-03
  5.699999999999996e+00  -1.968508211108446e+05  -6.680408692333652e+05  3.030109146165806e+05  -6.738000264391911e+05  2.602445583791955e+03  -9.022936546806867e+04  1.007137415416871e-01  1.247650293900430e-01  1.639655000846553e-02
  5.799999999999995e+00  -1.460138441487813e+05  -5.939730123557168e+05  2.225945296119282e+05  -6.468352740917093e+05  3.572937355477617e+04  -1.212818419510954e+05  9.507893432798915e-02  1.112885663612719e-01  2.135326013709013e-02
  5.899999999999995e+00  -9.814307721811210e+04  -5.671646178859170e+05  1.370989100076583e+05  -6.234538248470855e+05  7.435867355632405e+04  -1.605810559585720e+05  8.593850395954743e-02  1.033190762333356e-01  2.047306413700325e-02
  5.999999999999995e+00  -4.740011721037121e+04  -5.614982543274014e+05  4.675170280403443e+04  -6.013034411006971e+05  9.899914249627425e+04  -1.986364549388627e+05  7.532010784896305e-02  9.512481690310390e-02  1.784288026582504e-02
  6.099999999999994e+00  8.533359405242749e+03  -5.181297356315987e+05  -5.067835134754179e+04  -5.675881686409413e+05  1.052153082647757e+05  -2.319512203198312e+05  6.433519785809393e-02  7.801623465508588e-02  1.445707175961026e-02
  6.199999999999994e+00  7.333255850284662e+04  -4.275439064837135e+05  -1.418350419988183e+05  -5.230845176623699e+05  1.042089024482291e+05  -2.481394628247547e+05  5.291741124951076e-02  5.354900550630492e-02  1.188243056921896e-02
  6.299999999999994e+00  1.322443530229939e+05  -3.449493423962781e+05  -2.070212381580233e+05  -4.881039134450639e+05  9.357173287942522e+04  -2.505951824805155e+05  4.447600082763908e-02  3.201130505574451e-02  1.621035306343683e-02
  6.399999999999993e+00  1.763036266413669e+05  -2.961046543483959e+05  -2.187359539199070e+05  -4.709965335121626e+05  6.207787160460843e+04  -2.594900548328945e+05  3.945076170491894e-02  1.697797277787050e-02  3.162418960803674e-02
  6.499999999999993e+00  2.272934538685981e+05  -2.462532970246375e+05  -1.750735074332510e+05  -4.570161737331148e+05  1.555249896575904e+04  -2.722493223350453e+05  3.230879663498906e-02  3.363040740536200e-03  5.387862770710766e-02
  6.599999999999993e+00  2.828915069495528e+05  -1.573514263423172e+05  -8.983702203377819e+04  -4.389482947961030e+05  -3.087071210224306e+04  -2.683313668316700e+05  2.388470760439736e-02  -1.290438385608649e-02  7.036009830794437e-02
  6.699999999999992e+00  2.842105721619164e+05  -3.215644617157175e+04  1.915592628355063e+04  -4.219520874713177e+05  -5.923033434196871e+04  -2.454706158132350e+05  2.367072689441308e-02  -3.188610121518105e-02  6.711458019483477e-02
  6.799999999999992e+00  2.128087414341205e+05  1.088487626749077e+05  1.210530614653745e+05  -3.986760276802006e+05  -4.551309844115482e+04  -2.116037036252215e+05  3.310062420604780e-02  -5.306414015285296e-02  4.545263406510925e-02
  6.899999999999991e+00  1.330512993581647e+05  2.361968167548417e+05  1.697419648559324e+05  -3.538970492930930e+05  1.561521032945555e+04  -1.673722978153099e+05  4.103751110763241e-02  -7.436241204778045e-02  2.264932776639870e-02
  6.999999999999991e+00  1.044993751723491e+05  3.210335802068873e+05  1.681621515508505e+05  -2.919006116209188e+05  9.233605409240768e+04  -1.178486080922935e+05  3.921456651401787e-02  -9.085117212768314e-02  1.245273666211419e-02
  7.099999999999991e+00  1.165886791364778e+05  3.481747337532942e+05  2.034040772265086e+05  -2.407952514317929e+05  1.408691538814419e+05  -6.789157607401931e+04  3.186147070665288e-02  -9.753688316719536e-02  1.153552098653288e-02
  7.199999999999990e+00  1.269148905924302e+05  3.204634886167500e+05  3.265149178153054e+05  -2.215803688642622e+05  1.432893389893587e+05  -5.843328647414910e+03  2.662675288957704e-02  -9.456464558645530e-02  5.509100672997327e-03
  7.299999999999990e+00  1.252966680445428e+05  2.727668786231963e+05  4.557667097995311e+05  -2.218753198617930e+05  1.197961207073730e+05  8.251761347370730e+04  2.388086889586312e-02  -8.846829273381689e-02  -1.400338630619356e-02
  7.399999999999990e+00  1.449487969111411e+05  2.608341119193425e+05  4.834075856424161e+05  -2.101264089478498e+05  1.065894857678247e+05  1.946860725898745e+05  1.703002538933672e-02  -8.621781376060704e-02  -4.270799972243260e-02
  7.499999999999989e+00  2.111144191423675e+05  3.090971513202249e+05  3.946557321819426e+05  -1.718064570182187e+05  1.240261458869209e+05  3.115674264343979e+05  1.373118026359644e-03  -9.042728858496665e-02  -7.035151633086191e-02
  7.599999999999989e+00  2.969324713304768e+05  3.878445765337321e+05  2.366987943629616e+05  -1.238733655000077e+05  1.719967898254440e+05  4.083337945580032e+05  -1.867555272426383e-02  -9.896953951444237e-02  -8.862185914590359e-02
  7.699999999999989e+00  3.407340793745760e+05  4.471892585989365e+05  4.415357699159651e+04  -9.890833035004993e+04  2.285493133470352e+05  4.610381878119368e+05  -3.167840962377453e-02  -1.064437671234100e-01  -9.348683080187553e-02
  7.799999999999988e+00  3.100158751430672e+05  4.652336577167997e+05  -1.385031148640308e+05  -1.114939456927843e+05  2.544715362712211e+05  4.624102623940419e+05  -3.019730679123990e-02  -1.084928389977848e-01  -8.634799821110303e-02
  7.899999999999988e+00  2.345583452956994e+05  4.496272871155099e+05  -2.277050908672783e+05  -1.394454125478762e+05  2.255864592160552e+05  4.377725106039573e+05  -1.962964800308400e-02  -1.040037312705153e-01  -7.379584702458408e-02
  7.999999999999988e+00  1.649036891490878e+05  4.079308387777436e+05  -1.934541630887623e+05  -1.442069125283164e+05  1.563810549540629e+05  4.218492673932271e+05  -1.302893257209144e-02  -9.460822406365185e-02  -6.388042064248907e-02
  8.099999999999987e+00  1.404110352159102e+05  3.581590485921944e+05  -1.033972385399940e+05  -1.054035438752610e+05  8.922786554221972e+04  4.235639098944892e+05  -2.006121079982924e-02  -8.432879436104668e-02  -6.265297462306717e-02
  8.199999999999987e+00  1.711192280247442e+05  3.282520962098439e+05  -3.570091584166607e+04  -3.449338111870198e+04  4.954294798527778e+04  4.189462224709596e+05  -3.933856993709416e-02  -7.727009274210413e-02  -6.786950712548355e-02
  8.299999999999986e+00  2.168854191969212e+05  3.061675013309706e+05  -1.799381751095090e+04  3.514727531375351e+04  2.088627071064594e+04  3.812170649477953e+05  -5.986830988627328e-02  -7.303371897666106e-02  -6.919493614887107e-02
  8.399999999999986e+00  2.337541015468321e+05  2.457793709861258e+05  -1.764874581447057e+04  7.245983925250547e+04  -1.514113113458116e+04  3.151710658553880e+05  -7.191206712627092e-02  -6.567684935871283e-02  -6.067486962115902e-02
  8.499999999999986e+00  2.230463707312176e+05  1.274704534282187e+05  2.227973770419168e+04  7.008025648227448e+04  -4.939735552229053e+04  2.430967210668958e+05  -7.368276542637690e-02  -5.006449280176362e-02  -4.531635953004184e-02
  8.599999999999985e+00  2.129639305661936e+05  -1.411697904019696e+04  1.078357844000064e+05  4.787787725876315e+04  -6.789545297493077e+04  1.765915552936140e+05  -6.973742426807319e-02  -2.943933645177445e-02  -2.817985386388665e-02
  8.699999999999985e+00  2.219855064642676e+05  -1.180507599204898e+05  1.789633131345079e+05  3.416042954974812e+04  -6.876532306198610e+04  1.203385027599201e+05  -6.671246048973867e-02  -1.329077065186309e-02  -1.389397756978602e-02
  8.799999999999985e+00  2.388653810435221e+05  -1.540165253373901e+05  1.702869456811536e+05  4.131959141990867e+04  -5.609275003382778e+04  7.151007966135496e+04  -6.840101891601671e-02  -7.289955686521025e-03  -7.082213948578883e-03
  8.899999999999984e+00  2.327808662821532e+05  -1.492586228805568e+05  6.962653633198186e+04  6.126270997222281e+04  -3.542062935231337e+04  1.267984774695370e+04  -7.295057777493454e-02  -8.184903561921631e-03  -8.273699747809388e-03
  8.999999999999984e+00  1.846190080352903e+05  -1.598492865600219e+05  -7.102870174334520e+04  7.730798012673814e+04  -1.396139583439680e+04  -6.556979695701036e+04  -7.484612618056860e-02  -8.145081287462190e-03  -1.218745777018848e-02
  9.099999999999984e+00  9.993236327934287e+04  -2.212870101034642e+05  -1.759084950786708e+05  7.502920099554492e+04  3.468742955388480e+03  -1.424652995965928e+05  -6.987428505488531e-02  -1.858722880589784e-03  -1.417422600827315e-02
  9.199999999999983e+00  -4.783466592431151e+03  -3.270148512513568e+05  -2.075217394106174e+05  5.083262501362913e+04  1.718717499343267e+04  -1.884590344772805e+05  -5.860254608011930e-02  9.911533420124739e-03  -1.496152704113572e-02
  9.299999999999983e+00  -1.046442857472729e+05  -4.393688007919893e+05  -1.863294782473091e+05  1.433334334987381e+04  2.516523763312988e+04  -1.977548074643733e+05  -4.637048980164288e-02  2.205126657054281e-02  -1.702853702283171e-02
  9.399999999999983e+00  -1.672638090935878e+05  -5.133069740991589e+05  -1.571815057956940e+05  -2.013693292904606e+04  1.933906856514924e+04  -1.899411331441134e+05  -3.915074111505867e-02  2.889264140782593e-02  -1.885072125202798e-02
  9.499999999999982e+00  -1.831605796419764e+05  -5.291763054781160e+05  -1.520658865345916e+05  -4.660617203967155e+04  -6.443454312369257e+03  -1.904324424999364e+05  -3.726561742757468e-02  2.822238662721567e-02  -1.478949495048721e-02
  9.599999999999982e+00  -1.819345133182981e+05  -5.145435258078194e+05  -1.687694695635602e+05  -7.370082845263006e+04  -4.664768076123718e+04  -2.108706356672332e+05  -3.471196429646766e-02  2.422815083646327e-02  -1.783239948702460e-03
  9.699999999999982e+00  -1.959728535247879e+05  -5.174183333903883e+05  -1.757761963945834e+05  -1.137364934100810e+05  -8.407506226085704e+04  -2.393383102313034e+05  -2.642427368138302e-02  2.398182827176005e-02  1.547620579829419e-02
  9.799999999999981e+00  -2.221508628131922e+05  -5.515052309121517e+05  -1.503570809533087e+05  -1.656513576984712e+05  -1.035544459998924e+05  -2.507012021715833e+05  -1.390517979671723e-02  2.968163603410367e-02  2.865076769901945e-02
  9.899999999999981e+00  -2.360760378931146e+05  -5.850525705040263e+05  -1.085330538676841e+05  -2.146197998027616e+05  -1.080076025411001e+05  -2.313150306497290e+05  -2.297678575857657e-03  3.635769831924809e-02  3.419455233337273e-02
  9.999999999999980e+00  -2.286272895554995e+05  -5.839188700584193e+05  -8.554343823933070e+04  -2.477961442785984e+05  -1.170439189793332e+05  -1.933204783567432e+05  5.234426067687199e-03  3.743170323776656e-02  3.544598690824787e-02
  1.009999999999998e+01  -2.143259015597197e+05  -5.515024992093676e+05  -8.825347883483526e+04  -2.652057082004524e+05  -1.444920035924437e+05  -1.629038273524164e+05  9.137100391909663e-03  3.177918474868490e-02  3.670591231553468e-02
  1.019999999999998e+01  -2.113675148993262e+05  -5.210962528832778e+05  -8.707952934754264e+04  -2.777562123614880e+05  -1.831239437576129e+05  -1.567253735501552e+05  1.163899423567752e-02  2.492258645793739e-02  3.872926284609617e-02
  1.029999999999998e+01  -2.196968172943890e+05  -5.148523170047678e+05  -5.849941428403118e+04  -2.973213821505686e+05  -2.158778009910206e+05  -1.705418139101050e+05  1.417368431090081e-02  2.272837809156717e-02  4.033871235673520e-02
  1.039999999999998e+01  -2.205110902925407e+05  -5.220099556851338e+05  -1.285026481270374e+04  -3.258922211395071e+05  -2.333361043130292e+05  -1.871239090442222e+05  1.604932040031521e-02  2.541355544268453e-02  4.137683222402685e-02
  1.049999999999998e+01  -1.990017489861985e+05  -5.180820277544983e+05  2.535821637800132e+04  -3.534886326387901e+05  -2.357618217853959e+05  -1.935491294810185e+05  1.554933165168892e-02  2.878404110052103e-02  4.280136466027182e-02
  1.059999999999998e+01  -1.626013881835586e+05  -4.936456229294757e+05  4.733585426218775e+04  -3.675167995810862e+05  -2.260598689806703e+05  -1.904644817985849e+05  1.248715912812837e-02  2.917080645286349e-02  4.466221866161967e-02
  1.069999999999998e+01  -1.319129395417998e+05  -4.585555903054693e+05  6.261653928290324e+04  -3.628006866881789e+05  -2.074918975171209e+05  -1.861312021526602e+05  8.897661152348279e-03  2.592381883755713e-02  4.525656645610725e-02
  1.079999999999998e+01  -1.143470329472906e+05  -4.225741039065699e+05  8.101733516510023e+04  -3.435049647040103e+05  -1.855251607453916e+05  -1.847212791457726e+05  6.494121462665372e-03  2.077864551128512e-02  4.272746077038975e-02
  1.089999999999998e+01  -9.390131436010264e+04  -3.829630799760462e+05  1.005484468991974e+05  -3.191081855939460e+05  -1.646881175547253e+05  -1.819129419684125e+05  4.574640485011912e-03  1.599887585182043e-02  3.702636753828391e-02
  1.099999999999998e+01  -5.160143982036705e+04  -3.370674130862491e+05  1.115277614134683e+05  -2.981360816799289e+05  -1.428689044408980e+05  -1.708816573460302e+05  1.398793926829747e-03  1.242818263168131e-02  2.973182655613880e-02
  1.109999999999998e+01  1.061393021109669e+04  -2.931083075032383e+05  1.071518973354255e+05  -2.840646158184891e+05  -1.152305720287844e+05  -1.509060363332058e+05  -3.047322514248344e-03  8.991083452984648e-03  2.246130828626389e-02
  1.119999999999998e+01  7.118362120170498e+04  -2.591149343645584e+05  9.083116310069077e+04  -2.765656015559473e+05  -8.310416331503948e+04  -1.289253334842660e+05  -6.684953329189200e-03  4.657330466893574e-03  1.619357233232652e-02
  1.129999999999998e+01  1.078833704734678e+05  -2.325630875031300e+05  7.411315678363829e+04  -2.750755705284391e+05  -5.306412253266002e+04  -1.123881122430108e+05  -7.431974845875851e-03  3.706459334894140e-04  1.176944671499593e-02
  1.139999999999998e+01  1.124132647237718e+05  -2.085021417164238e+05  6.752737308568611e+04  -2.800929299241464e+05  -2.874680113879708e+04  -1.005644834934584e+05  -4.726368135149357e-03  -1.667736706228760e-03  9.801021225092028e-03
  1.149999999999998e+01  9.148578387332550e+04  -1.906365839660420e+05  7.208387132171696e+04  -2.916892734278294e+05  -9.520075036582220e+03  -8.473056590438529e+04  6.385078172340802e-04  -8.839061805992905e-05  9.628129064738797e-03
  1.159999999999997e+01  5.788600824176102e+04  -1.861280018176744e+05  7.936788230011825e+04  -3.073802895723032e+05  4.103008424968393e+03  -5.935248201244448e+04  7.167575899645752e-03  4.186658273498849e-03  9.466835245043275e-03
  1.169999999999997e+01  2.307356945654565e+04  -1.906656996483009e+05  8.342611941662151e+04  -3.214415413165518e+05  1.016452533891212e+04  -3.074997360604780e+04  1.273712451135552e-02  8.139821362854707e-03  8.081676635449899e-03
  1.179999999999997e+01  -4.066700520588515e+03  -1.868260170312565e+05  8.809380998343333e+04  -3.273469591041470e+05  1.126096056005968e+04  -1.076888714150884e+04  1.526983086105189e-02  8.686669580481495e-03  5.711215367032724e-03
  1.189999999999997e+01  -1.736224232768043e+04  -1.624061684572195e+05  9.919139801477965e+04  -3.222886415638867e+05  1.618273785312397e+04  -2.934881423176932e+03  1.437502502691970e-02  5.254201946234007e-03  3.108848431399440e-03
  1.199999999999997e+01  -1.575089568440820e+04  -1.255580122321367e+05  1.128475537398224e+05  -3.086628082789796e+05  3.279379284720669e+04  1.423128401195827e+02  1.163727578800610e-02  3.741159494590648e-04  1.215639792573446e-04
  1.209999999999997e+01  -3.696206092216202e+03  -9.493360892800034e+04  1.179423892003818e+05  -2.897807686627684e+05  6.063405040655924e+04  6.649626999542218e+03  8.757346989403792e-03  -3.027131701958780e-03  -4.216906838274953e-03
  1.219999999999997e+01  1.280245873236031e+04  -7.893714858886023e+04  1.095445355663081e+05  -2.661871124236318e+05  9.122567348021473e+04  1.803802719631227e+04  6.017330370106894e-03  -4.619145543085704e-03  -1.029923994020971e-02
  1.229999999999997e+01  2.829806320135658e+04  -7.197777407413226e+04  9.320100261791717e+04  -2.383959058160284e+05  1.141604878978673e+05  3.098299427692129e+04  2.830229229264950e-03  -6.063352270996963e-03  -1.726691407445429e-02
  1.239999999999997e+01  3.699712919304752e+04  -6.762352409250120e+04  7.707289277801092e+04  -2.112256133679964e+05  1.231514908044793e+05  4.203499608040552e+04  -8.533424771303192e-04  -8.140008288752500e-03  -2.352873826279488e-02
  1.249999999999997e+01  3.512659245103537e+04  -6.650552912017253e+04  6.343561228289448e+04  -1.919490706186447e+05  1.185929914753453e+05  4.811198019791009e+04  -4.319611614666574e-03  -9.852381683114734e-03  -2.727606221478840e-02
  1.259999999999997e+01  2.565778313262587e+04  -7.131612123863882e+04  4.941226788199924e+04  -1.832613805051079e+05  1.057639677124664e+05  4.562841573623827e+04  -6.958555803084220e-03  -1.016034025309388e-02  -2.704026309245065e-02
  1.269999999999997e+01  1.662195930589331e+04  -8.087347104290390e+04  3.374210147789766e+04  -1.807093695841519e+05  9.048564700227226e+04  3.290302377448061e+04  -8.551175741952442e-03  -9.300673102817540e-03  -2.289988978980902e-02
  1.279999999999997e+01  1.209788615040946e+04  -9.085933403746966e+04  1.913190835343575e+04  -1.787302852428827e+05  7.566407287938647e+04  1.375914661656872e+04  -8.824689001735688e-03  -8.122514716431672e-03  -1.708169350338967e-02
  1.289999999999997e+01  8.098433680901429e+03  -9.745874582687501e+04  8.063341517771496e+03  -1.767205050698327e+05  6.081731711699264e+04  -3.554888011578695e+03  -7.581436578982358e-03  -7.131129918775746e-03  -1.240538020603003e-02
  1.299999999999997e+01  -9.064347127618538e+02  -1.002448474816130e+05  -2.716359548028191e+03  -1.774845977236426e+05  4.396451803585626e+04  -1.228349659346297e+04  -5.346545265978182e-03  -6.482290104551317e-03  -9.812769687906783e-03
  1.309999999999997e+01  -1.342418246863099e+04  -1.019975446311816e+05  -1.851098770384787e+04  -1.818074093313418e+05  2.456465542663021e+04  -1.178725697541107e+04  -3.306371425201245e-03  -6.175910219769149e-03  -7.944829002590970e-03
  1.319999999999997e+01  -2.141722507962392e+04  -1.055983155914465e+05  -3.731351989202319e+04  -1.867508188256537e+05  5.414538597317440e+03  -6.829358332861752e+03  -2.382627702809986e-03  -5.867529850952917e-03  -5.263740237435747e-03
  1.329999999999997e+01  -1.849988899127317e+04  -1.120347788052573e+05  -4.965335055463498e+04  -1.892928385397585e+05  -9.306344663535003e+03  -3.267096973723812e+03  -2.571122037037496e-03  -4.823115614909260e-03  -1.940817339886453e-03
  1.339999999999997e+01  -5.018828736221640e+03  -1.212788425823821e+05  -4.866714366755156e+04  -1.901706402627338e+05  -1.810610901677514e+04  -4.645149053177448e+03  -3.287357844379229e-03  -2.561627641598891e-03  6.473663883613357e-04
  1.349999999999997e+01  1.349907235828774e+04  -1.334083846715623e+05  -3.762085903819981e+04  -1.929469852432074e+05  -2.350188581137540e+04  -1.152855420158002e+04  -4.052846586898815e-03  4.272627734597198e-04  1.926366620100580e-03
  1.359999999999997e+01  3.047058230736959e+04  -1.478490609466319e+05  -2.517858824134212e+04  -1.996524728135356e+05  -2.953963080194647e+04  -2.294275811758486e+04  -4.651191093795602e-03  2.858796812526194e-03  3.185804636817303e-03
  1.369999999999997e+01  4.080367654240807e+04  -1.625803964481347e+05  -1.527937007714155e+04  -2.083585247767841e+05  -3.821342162954347e+04  -3.789965771550341e+04  -4.920624811473067e-03  3.682910194558709e-03  6.226231687836909e-03
  1.379999999999997e+01  4.124408997804613e+04  -1.742564313901192e+05  -4.541945656805703e+03  -2.152112083196832e+05  -4.801229603188381e+04  -5.477003587607743e+04  -4.676467211675265e-03  2.802363481703157e-03  1.090089029596542e-02
  1.389999999999997e+01  3.043822177906831e+04  -1.788262572212465e+05  1.080402753340724e+04  -2.186596850466996e+05  -5.555508356039429e+04  -7.029774888785863e+04  -3.682288134716398e-03  9.608735059189958e-04  1.473739530482304e-02
  1.399999999999997e+01  1.039400013497924e+04  -1.736753124243227e+05  2.903806653268207e+04  -2.209682753456953e+05  -5.848967213823689e+04  -8.016932201567860e+04  -1.731568309363382e-03  -7.066198912733123e-04  1.530962342193213e-02
  1.409999999999997e+01  -1.225929926795597e+04  -1.610536506732337e+05  4.479517267043552e+04  -2.255965316577328e+05  -5.723256649361270e+04  -8.154727030162526e+04  1.062095429541602e-03  -1.248845844163682e-03  1.275924112501740e-02
  1.419999999999997e+01  -2.928956661436905e+04  -1.493765571459827e+05  5.364176972222094e+04  -2.341305535283123e+05  -5.388092503440812e+04  -7.607329127487812e+04  4.135470767201051e-03  -4.156446895854724e-04  9.684427439867641e-03
  1.429999999999997e+01  -3.662621545794861e+04  -1.481926495833918e+05  5.549847965942830e+04  -2.452501956593573e+05  -4.954951745891811e+04  -6.891836606270971e+04  6.788358501787865e-03  1.169405646333238e-03  8.281643564009050e-03
  1.439999999999996e+01  -3.662641938731971e+04  -1.592755670887107e+05  5.433916278032149e+04  -2.554440555132611e+05  -4.353789672000474e+04  -6.411762000917309e+04  8.628931687696651e-03  2.380850313568273e-03  8.084028590723916e-03
  1.449999999999996e+01  -3.537882587161893e+04  -1.745873329340302e+05  5.363395892141264e+04  -2.608485000885426e+05  -3.496467004149227e+04  -6.072720621627956e+04  9.610621367877803e-03  2.508767424869688e-03  6.760839097466317e-03
  1.459999999999996e+01  -3.819387856650354e+04  -1.847007064360147e+05  5.310909772129957e+04  -2.598449252691875e+05  -2.398480460011641e+04  -5.400358176517456e+04  9.709228366605375e-03  1.897090538213244e-03  2.745018295289722e-03
  1.469999999999996e+01  -4.659030856293065e+04  -1.880975912409825e+05  5.027723092940938e+04  -2.546455627967530e+05  -1.147938743967571e+04  -4.071430394952702e+04  8.773971208681997e-03  1.493176344352788e-03  -3.252087831274870e-03
  1.479999999999996e+01  -5.835783072813472e+04  -1.914397680739009e+05  4.449536473257285e+04  -2.495475205418347e+05  1.155695089171551e+03  -2.289515141822444e+04  6.904225719580882e-03  1.759626702833800e-03  -9.092384540433665e-03
  1.489999999999996e+01  -6.977949060121922e+04  -2.015947802941536e+05  3.811530606238762e+04  -2.467591707149667e+05  1.163147539870614e+04  -6.616571046323926e+03  4.810169342936792e-03  2.199152379563905e-03  -1.297838451538314e-02
  1.499999999999996e+01  -7.748081656782300e+04  -2.183873449243413e+05  3.383801240121197e+04  -2.443681109130220e+05  1.699879866078936e+04  2.806575635216030e+03  3.431610872379613e-03  2.091444747914000e-03  -1.431808686242607e-02
  1.509999999999996e+01  -7.884259691577053e+04  -2.343673520876294e+05  3.109330506248861e+04  -2.390109172096471e+05  1.513052431181475e+04  4.206595725392466e+03  3.101176233499266e-03  1.381856405821869e-03  -1.342638790554805e-02
  1.519999999999996e+01  -7.224147773429169e+04  -2.409931400335344e+05  2.542343699190703e+04  -2.298868255654628e+05  6.113957632878738e+03  -2.130969944893212e+02  3.087944610949597e-03  4.928819089963891e-04  -1.094543637313966e-02
  1.529999999999996e+01  -5.865055428094974e+04  -2.358561265593056e+05  1.238563813640217e+04  -2.197184296691345e+05  -7.993142904029659e+03  -8.008761673594374e+03  2.174974476606362e-03  -4.139844250306861e-04  -7.476888255987352e-03
  1.539999999999996e+01  -4.271731883452463e+04  -2.247392771610668e+05  -7.002749891707622e+03  -2.119326380699811e+05  -2.433116013870523e+04  -1.858311277419750e+04  -2.100670066967088e-04  -1.557789420232225e-03  -3.486621638691362e-03
  1.549999999999996e+01  -3.039035614146671e+04  -2.168095142413065e+05  -2.460646817421687e+04  -2.073964111165474e+05  -4.006342807709441e+04  -3.253121738569578e+04  -3.451301648031595e-03  -2.956153633610997e-03  5.089028722536099e-04
  1.559999999999996e+01  -2.470875702652914e+04  -2.173520600691347e+05  -3.028297993148401e+04  -2.043931015704261e+05  -5.296314374969940e+04  -4.947527838592444e+04  -6.220655117544049e-03  -3.976716866131944e-03  3.759701052153913e-03
  1.569999999999996e+01  -2.398680362387027e+04  -2.248743160446046e+05  -1.963105982402060e+04  -2.014730878616012e+05  -6.202614781211312e+04  -6.682225515029840e+04  -7.454445377254651e-03  -3.822586433308838e-03  5.440241865744347e-03
  1.579999999999996e+01  -2.408745949774312e+04  -2.340911782697916e+05  2.276442674544147e+03  -1.996997371633049e+05  -6.747891602558324e+04  -8.021884072599372e+04  -6.906877945010559e-03  -2.467094858277018e-03  5.256848217755218e-03
  1.589999999999996e+01  -2.213715043901886e+04  -2.406832767722637e+05  2.482379005523771e+04  -2.016438920293109e+05  -6.966533542859346e+04  -8.563585846342804e+04  -5.097817202245252e-03  -8.076889832680814e-04  3.807877536950853e-03
  1.599999999999996e+01  -1.851862426345584e+04  -2.435347182996542e+05  3.844009081030697e+04  -2.082367548011614e+05  -6.817478531696863e+04  -8.195765043952961e+04  -2.899832531438687e-03  1.244632887604112e-04  2.167591125794786e-03
  1.609999999999996e+01  -1.587748963854859e+04  -2.427808992593928e+05  3.891060341355288e+04  -2.170370778877264e+05  -6.269739829002845e+04  -7.213335086888522e+04  -1.019241909009862e-03  1.101729530589961e-05  1.143788598650888e-03
  1.619999999999996e+01  -1.629929132989170e+04  -2.371258506612834e+05  2.868684401338605e+04  -2.240689522292196e+05  -5.442943137088772e+04  -6.201549359406830e+04  2.548719859375694e-04  -6.799896208592455e-04  8.288971202420794e-04
  1.629999999999996e+01  -1.932376036306506e+04  -2.244430263714158e+05  1.496902593293388e+04  -2.275149633416819e+05  -4.591763019943795e+04  -5.693973019584426e+04  1.001927973652310e-03  -1.314169284315657e-03  7.757100080544024e-04
  1.639999999999996e+01  -2.193100672596842e+04  -2.049525263647198e+05  6.314021430937026e+03  -2.292342085565414e+05  -3.931346913552345e+04  -5.879595575877815e+04  1.372487468165135e-03  -1.576330989986770e-03  5.239601439539462e-04
  1.649999999999996e+01  -2.078457590882079e+04  -1.831072576917133e+05  8.229326562423101e+03  -2.323581006677468e+05  -3.473249807289219e+04  -6.552524288550022e+04  1.367227410210711e-03  -1.469937965495910e-03  -1.020714966769203e-04
  1.659999999999997e+01  -1.504601404360542e+04  -1.651208505832299e+05  1.998881548920703e+04  -2.376198618393564e+05  -3.025836595615409e+04  -7.257455197835693e+04  1.013022163479961e-03  -1.195420564579926e-03  -1.027475792304671e-03
  1.669999999999997e+01  -7.627808386472224e+03  -1.547761198872738e+05  3.527552799525513e+04  -2.425481937499228e+05  -2.369252678470105e+04  -7.544903040033601e+04  5.828213568560276e-04  -9.927757250023190e-04  -2.059242760573403e-03
  1.679999999999997e+01  -3.854758593092973e+03  -1.520095025517963e+05  4.654516691625852e+04  -2.441634265438970e+05  -1.436186436781256e+04  -7.160333316779076e+04  4.670374880898229e-04  -9.495960429983578e-04  -3.027412835013805e-03
  1.689999999999997e+01  -8.135990576245792e+03  -1.548403550131828e+05  5.007032365269121e+04  -2.421133381040776e+05  -3.610740908307000e+03  -6.144714144977559e+04  8.058747051248377e-04  -8.686937289439000e-04  -3.847209793752765e-03
  1.699999999999997e+01  -2.092568663047896e+04  -1.617660469850716e+05  4.763944526652268e+04  -2.390274638614398e+05  6.070663299565858e+03  -4.817200189158076e+04  1.343477054222997e-03  -3.672636718049099e-04  -4.534840904701043e-03
  1.709999999999997e+01  -3.775705698088116e+04  -1.718425758170623e+05  4.399049834895045e+04  -2.376084707754719e+05  1.259788200791222e+04  -3.582122457208581e+04  1.710898593438264e-03  6.841233119866225e-04  -5.169477655099645e-03
  1.719999999999997e+01  -5.104368313205722e+04  -1.832590600229241e+05  4.232784156787391e+04  -2.378523678922444e+05  1.520870378314523e+04  -2.711880942633941e+04  1.798189047096322e-03  1.955386072401633e-03  -5.713288568780265e-03
  1.729999999999998e+01  -5.368821179387324e+04  -1.928643070391889e+05  4.187217668233703e+04  -2.367298628650103e+05  1.456586513596200e+04  -2.235451299073782e+04  1.743222524934803e-03  2.844468222139469e-03  -5.917615746946963e-03
  1.739999999999998e+01  -4.280401307243543e+04  -1.977702791761282e+05  3.895843431938881e+04  -2.308536679324549e+05  1.205666487055672e+04  -2.010938585352490e+04  1.587306383523727e-03  2.947199277879964e-03  -5.493717941384682e-03
  1.749999999999998e+01  -2.136480162679815e+04  -1.974225611444542e+05  3.068741350776377e+04  -2.196438387273539e+05  8.963717455289048e+03  -1.870944521782972e+04  1.109241048760444e-03  2.303534940545487e-03  -4.518512311374980e-03
  1.759999999999998e+01  3.002897238945427e+03  -1.940876643484466e+05  1.751858463957283e+04  -2.064424885941760e+05  5.891173342256756e+03  -1.743602387733960e+04  6.473477006480440e-05  1.248398473752718e-03  -3.505399241412716e-03
  1.769999999999998e+01  2.151773083355127e+04  -1.913376356708329e+05  3.001404367411157e+03  -1.968903558888097e+05  2.871808159516422e+03  -1.679031256265014e+04  -1.397461704039180e-03  1.478380683841934e-04  -3.052320513011588e-03
  1.779999999999998e+01  2.833915326118148e+04  -1.916981139349163e+05  -8.421353819208911e+03  -1.954894417067211e+05  -2.878667285836692e+02  -1.786512755776641e+04  -2.634931828377454e-03  -7.908515174414564e-04  -3.335713858088037e-03
  1.789999999999998e+01  2.305772156649362e+04  -1.951188916942861e+05  -1.384708290937599e+04  -2.027380325517116e+05  -3.966907371024756e+03  -2.128460188310402e+04  -2.933137651909040e-03  -1.511301216630644e-03  -3.872160806752522e-03
  1.799999999999999e+01  1.052555833747126e+04  -1.991228528781878e+05  -1.286029645371839e+04  -2.149875567973626e+05  -8.675911051271441e+03  -2.647869485614633e+04  -2.056436727517711e-03  -1.981668665913477e-03  -3.893643299650882e-03
  1.809999999999999e+01  -1.849346724885793e+03  -2.004615178919515e+05  -7.321905804949319e+03  -2.268256676331450e+05  -1.466544540032046e+04  -3.184983426312216e+04  -5.081074487653224e-04  -2.112673696231562e-03  -2.925759451949805e-03
  1.819999999999999e+01  -7.719734138684192e+03  -1.973665734236586e+05  -3.874823224784758e+02  -2.342903666250399e+05  -2.128782419700861e+04  -3.568753681989892e+04  7.350800557448095e-04  -1.731023736521229e-03  -1.069128765425456e-03
  1.829999999999999e+01  -4.254209058466513e+03  -1.908341223059897e+05  5.065053389948305e+03  -2.365143439110297e+05  -2.687005944888225e+04  -3.715350652805995e+04  8.674681529076378e-04  -7.307963396265795e-04  1.149092694275857e-03
  1.839999999999999e+01  7.305597815323385e+03  -1.839248430462425e+05  7.967586635192838e+03  -2.349139921700306e+05  -2.963104928944752e+04  -3.662084289682318e+04  -2.063710604404987e-04  7.292743419067501e-04  3.195975581116164e-03
  1.849999999999999e+01  2.234392447561194e+04  -1.797141274654433e+05  8.974312066995035e+03  -2.315616559391360e+05  -2.882967479338187e+04  -3.538754228794839e+04  -1.761877624792889e-03  2.258575761732515e-03  4.794268082005398e-03
  1.859999999999999e+01  3.448614653992002e+04  -1.794447425752009e+05  9.265767480194150e+03  -2.281596115489129e+05  -2.510959299827562e+04  -3.487025485313549e+04  -2.706649760721586e-03  3.485321719868060e-03  5.829011135142545e-03
  1.870000000000000e+01  3.777750299924448e+04  -1.824089447218603e+05  9.317461788078030e+03  -2.258559375979622e+05  -2.001866961628841e+04  -3.564958939579866e+04  -2.287621060001086e-03  4.304793075743725e-03  6.163783263616562e-03
  1.880000000000000e+01  2.924705788212473e+04  -1.869833276696951e+05  8.610754000096236e+03  -2.252668557905505e+05  -1.515066494285182e+04  -3.702034958886149e+04  -5.600891162852853e-04  4.835524477031009e-03  5.686401162273583e-03
  1.890000000000000e+01  1.082359282995762e+04  -1.915389583668133e+05  6.901283032318832e+03  -2.261611697209419e+05  -1.157214560046526e+04  -3.745669057286649e+04  1.640873099793568e-03  5.129139971777095e-03  4.532825794002704e-03
  1.900000000000000e+01  -1.132250594789797e+04  -1.950971595760638e+05  5.004660201031223e+03  -2.274086393177319e+05  -9.648209861371604e+03  -3.593837204300021e+04  3.235898436140828e-03  5.017431216201763e-03  3.263808381597901e-03
  1.910000000000000e+01  -2.982152515562701e+04  -1.976628981989134e+05  4.670182892503850e+03  -2.276533381689125e+05  -9.090391008165154e+03  -3.303554382446157e+04  3.535757635698362e-03  4.237088970563175e-03  2.667503640408885e-03
  1.920000000000000e+01  -3.973708666380176e+04  -2.001019416153276e+05  7.835927579521452e+03  -2.261820030176791e+05  -9.277120940197030e+03  -3.060253870268277e+04  2.585719112941269e-03  2.676656276322488e-03  3.258697335361368e-03
  1.930000000000000e+01  -4.046007112840241e+04  -2.033192065741495e+05  1.537142109871009e+04  -2.233019555808071e+05  -9.691077433452030e+03  -3.019930597103503e+04  1.053193653148401e-03  5.287550456258196e-04  4.905647131649070e-03
  1.940000000000001e+01  -3.492073348126229e+04  -2.070894368728491e+05  2.633336034126972e+04  -2.198245038115889e+05  -1.038279575901683e+04  -3.149765030752652e+04  -2.355960511647791e-04  -1.799092065685889e-03  6.831754762033587e-03
  1.950000000000001e+01  -2.741703874414867e+04  -2.096169429322750e+05  3.778475261158285e+04  -2.162626091810275e+05  -1.210164250823453e+04  -3.242804936450834e+04  -7.857820606911102e-04  -3.894253300668579e-03  8.014925033613784e-03
  1.960000000000001e+01  -2.147221435252482e+04  -2.084754604963026e+05  4.591239162407388e+04  -2.127093359298424e+05  -1.582953921814884e+04  -3.107287366583838e+04  -6.652620155953958e-04  -5.458555736060362e-03  7.729782476975508e-03
  1.970000000000001e+01  -1.899317855774526e+04  -2.025039452515958e+05  4.785497413357587e+04  -2.094023185832255e+05  -2.203683085637756e+04  -2.756648699834565e+04  -3.462300485954153e-04  -6.298087152756431e-03  5.930735952255748e-03
  1.980000000000001e+01  -2.052631425987241e+04  -1.930699916648911e+05  4.295095828782551e+04  -2.073309447605428e+05  -3.009628174381234e+04  -2.426647032647576e+04  -2.569725582098123e-04  -6.276905185321699e-03  3.272831696594246e-03
  1.990000000000001e+01  -2.566987703394099e+04  -1.835958137621700e+05  3.313109945186881e+04  -2.080366849491874e+05  -3.837912543160388e+04  -2.389453124746376e+04  -3.910887265475881e-04  -5.334889870685235e-03  7.761117942843662e-04
