TITLE = "Temporal Signal for receiver number 03770"
VARIABLES = "Time","xx","yy","zz","xy","yz","xz","u","v","w"
# x1       3.586692210000e+05
# x2       4.737274790000e+06
# x3       -1.000000000000e+04
  0.000000000000000e+00  0.000000000000000e+00  0.000000000000000e+00  0.000000000000000e+00  0.000000000000000e+00  0.000000000000000e+00  0.000000000000000e+00  0.000000000000000e+00  0.000000000000000e+00  0.000000000000000e+00
  1.000000000000000e-01  0.000000000000000e+00  0.000000000000000e+00  0.000000000000000e+00  0.000000000000000e+00  0.000000000000000e+00  0.000000000000000e+00  0.000000000000000e+00  0.000000000000000e+00  0.000000000000000e+00
  2.000000000000000e-01  0.000000000000000e+00  0.000000000000000e+00  0.000000000000000e+00  0.000000000000000e+00  0.000000000000000e+00  0.000000000000000e+00  0.000000000000000e+00  0.000000000000000e+00  0.000000000000000e+00
  3.000000000000000e-01  0.000000000000000e+00  0.000000000000000e+00  0.000000000000000e+00  0.000000000000000e+00  0.000000000000000e+00  0.000000000000000e+00  0.000000000000000e+00  0.000000000000000e+00  0.000000000000000e+00
  4.000000000000000e-01  5.117662992510966e-19  2.242981206354382e-18  4.971937857220650e-19  -1.089252676764241e-18  -4.213104878788402e-20  6.951954298113285e-19  -6.182606652711904e-26  -2.192930127866147e-25  -9.879933342225989e-27
  5.000000000000000e-01  1.019037749661112e-14  4.581105516045370e-14  2.123092806167824e-14  3.349894712481349e-15  -1.068440084478206e-14  -1.389435192332162e-15  -8.164147694530493e-22  -3.458567800203775e-21  2.106859394446672e-21
  6.000000000000000e-01  -2.304963394969104e-11  -4.427142308555835e-11  -2.367227969978409e-11  -4.748295972442690e-12  7.986340487271491e-12  2.853463554853948e-12  1.096635824777500e-18  3.474645894196901e-18  -2.106989276707795e-18
  7.000000000000000e-01  1.700194261446611e-09  2.079124584272149e-09  1.043154201374600e-09  4.375928471934419e-10  -1.099668149763412e-10  -1.593998635744246e-10  -9.876108322277990e-17  -1.946110491804436e-16  9.410980560540558e-17
  7.999999999999999e-01  7.470431905160582e-09  2.243774563668115e-08  1.990239667024940e-08  7.159724927635242e-09  -1.203315529734160e-08  -4.473714695830910e-09  -1.241558627866391e-17  -1.465009624451014e-15  2.166833277245275e-15
  8.999999999999999e-01  -2.267549704636952e-07  -1.082755167388849e-07  -2.647211501124126e-08  2.492427368168337e-08  -9.445123270355214e-08  -5.634049559133772e-08  8.922788139966553e-15  1.816749107286352e-14  6.145093677905958e-15
  9.999999999999999e-01  -1.738788389033162e-06  -2.454354403859211e-07  -2.289244331309489e-07  4.692109011960809e-07  -9.088008054490936e-07  -6.696662078746989e-07  4.023448066874492e-14  1.285565000077068e-13  7.177535229543494e-14
  1.100000000000000e+00  -1.696171419226937e-06  2.242126333828148e-05  8.738828958724616e-06  7.517588981850840e-06  -9.092972134050900e-06  -6.253091238977275e-06  -3.260254503296954e-13  -6.275015652332124e-13  1.070417386659996e-12
  1.200000000000000e+00  1.018964063403213e-04  2.438376901889039e-04  1.096139730053814e-04  6.960988688571555e-05  -4.188143204268122e-05  -3.560391522469446e-05  -8.671812647416538e-12  -1.532297478985269e-11  7.717471493792129e-12
  1.300000000000000e+00  5.738847298703285e-04  1.599526155442975e-04  2.340370754670522e-04  7.128823804748760e-05  7.596375629743415e-05  -3.315368753534083e-05  -4.300530425331487e-11  -3.099931288026826e-11  7.980239710236926e-12
  1.400000000000000e+00  -8.200958348471069e-04  -4.134168529846097e-03  -1.251480916923730e-03  -1.253077251073648e-03  7.381437685483009e-04  1.495460027202528e-04  4.586980991487974e-11  2.895631628874156e-10  -9.759520792809671e-11
  1.500000000000000e+00  5.123310902303642e-04  1.130482132475672e-02  5.778883516779980e-03  3.259633827086908e-03  -3.570414790520967e-03  -1.681368002925270e-03  -9.340135792342479e-11  -5.297230024860619e-10  3.974211008766279e-10
  1.600000000000000e+00  6.064106501741709e-03  1.056594121277731e-02  4.005325829457807e-03  4.743009120650929e-03  -2.405413668509279e-03  4.567311954856628e-03  -1.836096376431328e-10  -2.469335532689012e-09  9.128790980554024e-10
  1.700000000000000e+00  -8.506953696353445e-02  -1.756087350726297e-01  -1.190273213236441e-01  -5.553790704240823e-02  5.581056540656255e-02  1.811376799983981e-02  6.820427434393960e-09  1.460550866445768e-08  -9.100644557255077e-09
  1.800000000000000e+00  3.926299039384610e-01  6.821127126481831e-01  4.912446581527756e-01  2.225769165443559e-01  -2.208077141425505e-01  -1.433835710104525e-01  -3.221314314810050e-08  -4.230077556474508e-08  3.114892583483891e-08
  1.900000000000001e+00  -1.161036254809806e+00  -1.872011392696894e+00  -1.338430777045325e+00  -6.612410254041061e-01  6.173774575737478e-01  5.076703230344101e-01  9.523558777927143e-08  1.074556085188412e-07  -8.122904986571669e-08
  2.000000000000000e+00  2.421188850406681e+00  3.896345470329662e+00  2.834468943681066e+00  1.424502609483508e+00  -1.391026275898563e+00  -1.229092409103894e+00  -1.856290666426744e-07  -2.132964171734184e-07  1.736308522160920e-07
  2.100000000000001e+00  -4.678344436488732e+00  -6.791786154341562e+00  -5.468377081019170e+00  -2.389699226929300e+00  2.564103934229162e+00  2.522559969370358e+00  3.415883524997768e-07  3.659421355684633e-07  -3.488612648417236e-07
  2.200000000000001e+00  6.828282245971405e+01  8.828010236328950e+01  7.092258889857975e+01  2.872022854815524e+01  -3.119326942008010e+01  -2.227893436586638e+01  -4.657264125658912e-06  -6.424952931808340e-06  4.900383585855852e-06
  2.300000000000001e+00  2.456825957901144e+02  3.145189736857141e+02  2.021289355079440e+02  1.336708019040588e+02  -9.760954841210430e+01  -8.578172712932079e+01  -1.820477877278717e-05  -2.251164755022951e-05  1.308851408348029e-05
  2.400000000000001e+00  2.266990854585626e+02  2.384293077310984e+02  -1.249105825807807e+01  1.752683769681500e+02  -5.013453801998677e+00  -4.790438923464861e+01  -2.052745977365489e-05  -1.828935693084650e-05  -3.658331193209501e-06
  2.500000000000001e+00  1.413910827747318e+02  5.348223850593707e+01  -3.320080903949594e+02  1.795812802343148e+02  1.635489389963656e+02  3.365967452456231e+01  -1.808823953807349e-05  -4.855174335086788e-06  -2.848227998553771e-05
  2.600000000000001e+00  1.734230152502642e+02  2.470701077003340e+01  -5.207426707646483e+02  2.511994905095902e+02  2.829291164773994e+02  5.547963136023169e+01  -2.205722307209915e-05  -8.739500664409185e-07  -4.467323780602856e-05
  2.700000000000001e+00  2.772842772064385e+02  8.036367528860805e+01  -6.409484650038356e+02  3.385753206371476e+02  3.786006599629241e+02  7.455477374904920e+01  -3.048678754960143e-05  -3.474152115553999e-06  -5.462981891915727e-05
  2.800000000000001e+00  5.703756165401337e+02  3.432108683988419e+02  -6.738586017888304e+02  5.372359080748206e+02  4.597399147539796e+02  5.629226437799031e+01  -5.164426404605359e-05  -2.055407468333562e-05  -6.007213055012516e-05
  2.900000000000001e+00  1.086012602763020e+03  8.289093723797415e+02  -7.117767723482821e+02  8.863045950000136e+02  5.657956581670143e+02  1.361348128618787e+01  -9.066769094120667e-05  -5.353327937650986e-05  -6.851204531952588e-05
  3.000000000000001e+00  1.874531671923738e+03  1.609581717109414e+03  -8.315707842237401e+02  1.480001222432008e+03  7.060394576558560e+02  -8.213162366730209e+01  -1.543621201604050e-04  -1.059064000200029e-04  -8.447680040192007e-05
  3.100000000000001e+00  2.940772537422154e+03  2.299397359809507e+03  -1.682143146354434e+03  2.377760410039640e+03  1.246064954885754e+03  -1.474993608857063e+02  -2.538172521748206e-04  -1.515298251413865e-04  -1.623970640955870e-04
  3.200000000000002e+00  4.131560311413586e+03  2.411339119029469e+03  -4.759587474788022e+03  3.771631439419230e+03  2.917282209827014e+03  2.765498322142315e+02  -3.855338523459375e-04  -1.554150603706111e-04  -4.264023571840094e-04
  3.300000000000002e+00  4.650784404170280e+03  2.534157868502309e+01  -1.235161276731194e+04  5.398924375453830e+03  7.178295232444446e+03  1.799746107452967e+03  -5.116455807453213e-04  3.291815967135773e-05  -1.062272627364961e-03
  3.400000000000002e+00  1.536353661608313e+03  -9.055665971393044e+03  -2.908953988853299e+04  6.002451713055655e+03  1.645684208842618e+04  6.307124405895899e+03  -4.049108442120583e-04  7.107122784718639e-04  -2.427398021160065e-03
  3.500000000000002e+00  -1.258523900897412e+03  -2.023502534825501e+04  -5.207751833581580e+04  6.986080757979358e+03  3.025279711311824e+04  1.328068571437436e+04  -3.142302648329126e-04  1.598202130950457e-03  -4.363644853678026e-03
  3.600000000000002e+00  -4.833800776882439e+03  -3.544520352682174e+04  -8.197353945084670e+04  7.908851818224110e+03  4.914700966654401e+04  2.335068981981278e+04  -9.303507512428894e-05  2.831297432848453e-03  -6.916438498089057e-03
  3.700000000000002e+00  -1.795130650939594e+04  -6.424101648476053e+04  -1.257819865783965e+05  3.557535938746908e+03  7.705988994262127e+04  4.091381357868929e+04  9.444185357426988e-04  5.104180347690746e-03  -1.051495135918283e-02
  3.800000000000002e+00  -2.393061698394299e+04  -8.837122979973057e+04  -1.676969316260767e+05  1.073313329784876e+03  1.090411687183739e+05  6.009947728898097e+04  1.683493265882053e-03  7.233514212884887e-03  -1.420452683393921e-02
  3.900000000000002e+00  -3.060590148663970e+04  -1.157572217101545e+05  -2.201115260497691e+05  -1.525898135239223e+03  1.489589282951379e+05  8.577173531696522e+04  2.703949410320621e-03  9.730544397823027e-03  -1.887266405921314e-02
  4.000000000000002e+00  -2.547391036358412e+04  -1.385618425638004e+05  -2.822904760000014e+05  6.886187373541269e+02  1.997672754268588e+05  1.194453102603809e+05  2.896680392302257e-03  1.193622363401685e-02  -2.472195310433123e-02
  4.100000000000001e+00  -2.268145546880649e+04  -1.679245937380240e+05  -3.587041046895759e+05  2.167668142302468e+03  2.607974817968832e+05  1.611264362340901e+05  3.620813641782618e-03  1.482086114085454e-02  -3.181025417086233e-02
  4.200000000000001e+00  -5.374413198302334e+04  -2.376380933916124e+05  -4.591271940467174e+05  -1.727893026233511e+04  3.322397421820407e+05  2.126249981371901e+05  7.052176432360776e-03  2.074923356831736e-02  -3.974556147776343e-02
  4.300000000000001e+00  -3.453638298973555e+04  -2.507100161620009e+05  -5.302855481502813e+05  -1.439298287404106e+04  4.030503239616039e+05  2.662736809789737e+05  7.354906706669749e-03  2.285178724750511e-02  -4.712650890682296e-02
  4.400000000000000e+00  1.764982706776515e+05  -8.296816946959475e+04  -4.998449184265551e+05  7.665582457444991e+04  4.518486716875206e+05  2.944524579851874e+05  -5.779987272294085e-03  1.192422791572677e-02  -5.008337767402793e-02
  4.500000000000000e+00  3.536840829047384e+05  4.478322483245489e+04  -4.657443266072713e+05  1.456726955394217e+05  4.797645945489198e+05  3.080143704334261e+05  -1.564078160066925e-02  4.209185077287896e-03  -4.927473909429635e-02
  4.600000000000000e+00  4.108341402839716e+05  6.010027871653080e+04  -4.522059763165065e+05  1.478672970164577e+05  5.032050863149462e+05  3.234530378281988e+05  -1.659066699450307e-02  4.283295945838454e-03  -4.508058882922546e-02
  4.699999999999999e+00  4.820917382062197e+05  8.187037185168822e+04  -3.578790664281303e+05  1.398875995391282e+05  4.951434907534036e+05  3.113013115970435e+05  -1.670563178391518e-02  4.417206165294060e-03  -3.328333689840956e-02
  4.799999999999999e+00  4.377594249337385e+05  4.473135616293909e+04  -2.695993083029093e+05  8.611764964426156e+04  4.627926587854590e+05  2.968934471655538e+05  -7.215178234342892e-03  8.647879855584061e-03  -1.831031376666603e-02
  4.899999999999999e+00  2.736526326469130e+05  -3.708341725090330e+04  -2.011719630294274e+05  -1.571228611920139e+03  4.122584984914977e+05  2.785298492585554e+05  9.539971081486243e-03  1.436984479455140e-02  -1.437868302002544e-03
  4.999999999999998e+00  1.235743865453053e+05  -8.910976530069426e+04  -1.067799761213650e+05  -8.149452395816320e+04  3.384019040199695e+05  2.371204199923406e+05  2.473864430423678e-02  1.792915619246897e-02  1.791310808088950e-02
  5.099999999999998e+00  1.802575906703710e+04  -1.119817707048291e+05  2.410449322212335e+04  -1.531015946227510e+05  2.487469309333895e+05  1.773789016632261e+05  3.623309995994289e-02  1.965529005887685e-02  3.880087025732438e-02
  5.199999999999998e+00  -1.205821865928237e+05  -1.274801337810262e+05  1.823048595308752e+05  -2.290285059580555e+05  1.406033358405724e+05  9.344860664061492e+04  4.891368692797871e-02  2.030736591353857e-02  6.245296594678588e-02
  5.299999999999997e+00  -2.831132916275828e+05  -1.336867155847189e+05  3.226440740351948e+05  -2.956560007207723e+05  1.978807143640982e+04  -2.208815171165652e+04  6.130457219863197e-02  2.007428527167006e-02  8.731195552877316e-02
  5.399999999999997e+00  -4.136835368664470e+05  -1.357952782072396e+05  4.175737858213099e+05  -3.397121718468428e+05  -9.127543052503624e+04  -1.372331703335010e+05  7.026807085236378e-02  1.912155614200862e-02  1.082078952408675e-01
  5.499999999999996e+00  -5.188030968833963e+05  -1.069070475836350e+05  5.739623611100138e+05  -3.740646241183794e+05  -1.996781379155624e+05  -2.364571921062632e+05  7.788083736146349e-02  1.571092548201391e-02  1.289322634744629e-01
  5.599999999999996e+00  -6.896660260033825e+05  -6.496602064609253e+04  7.984699737429051e+05  -4.259122232921085e+05  -3.438546691354560e+05  -3.779201539921032e+05  8.906406689025280e-02  1.159907955196897e-02  1.573225056423312e-01
  5.699999999999996e+00  -9.060327938926580e+05  -3.188471587606995e+04  8.543760456383446e+05  -4.471566789661175e+05  -5.229886248190516e+05  -5.813635210749876e+05  1.001717751831739e-01  6.348603924017637e-03  1.833778139027200e-01
  5.799999999999995e+00  -9.316428491710130e+05  3.500815661293480e+04  5.942101196752472e+05  -3.367625048094843e+05  -6.440938106451003e+05  -7.000760061090045e+05  9.515315629666396e-02  -5.870251494326129e-03  1.801295156095386e-01
  5.899999999999995e+00  -5.947039776809604e+05  6.745203573568343e+04  1.376655103580329e+05  -1.307157860554168e+05  -5.759867408217865e+05  -5.571848913571909e+05  6.386181645237277e-02  -1.683760950065956e-02  1.320113105162521e-01
  5.999999999999995e+00  -6.566783594468510e+04  -3.781705232108677e+04  -3.151591404795395e+05  2.511973096824450e+04  -3.005553346552773e+05  -2.088237287985713e+05  1.970490505012156e-02  -1.319625159045316e-02  5.828844800442570e-02
  6.099999999999994e+00  3.657577487096606e+05  -1.890235686012323e+05  -6.011844570753303e+05  7.029511222718666e+04  2.503278638566856e+04  1.271030527910721e+05  -1.576715656285215e-02  8.128394821160238e-04  -6.215002524349004e-03
  6.199999999999994e+00  5.531663353476161e+05  -2.432809331880664e+05  -6.548007879112449e+05  5.216318728149922e+04  2.221192657675729e+05  3.320944306073809e+05  -3.074977653496345e-02  1.102927931060419e-02  -4.339508011994076e-02
  6.299999999999994e+00  4.633577907378841e+05  -2.199312618343071e+05  -5.681855597905876e+05  8.369695979767050e+03  2.540170392707580e+05  3.891695693099085e+05  -2.165928331423356e-02  1.313439370058007e-02  -4.996843007197403e-02
  6.399999999999993e+00  2.794861063994475e+05  -1.658618027109743e+05  -4.267310469102162e+05  -5.466019686316313e+04  1.879341463835604e+05  3.665181112104074e+05  -1.887670220990859e-03  1.193103254323539e-02  -3.603691673962590e-02
  6.499999999999993e+00  1.877999045347105e+05  -1.131583962656067e+05  -3.026074918074604e+05  -1.056924956387572e+05  1.135992819144411e+05  3.501412769862008e+05  1.099396286931735e-02  9.354466459066674e-03  -1.955525233047991e-02
  6.599999999999993e+00  1.570303344016935e+05  -9.867320170258039e+04  -2.530840814904270e+05  -1.295651679750731e+05  8.660508775751267e+04  3.603184052359806e+05  1.443216053873066e-02  6.072659674451693e-03  -1.162670869668965e-02
  6.699999999999992e+00  1.220551887071615e+05  -1.312044365515354e+05  -2.092032101198646e+05  -1.736509475347279e+05  8.549030669170716e+04  3.941614304665393e+05  1.572427045702226e-02  6.796237593884633e-03  -1.081449890367604e-02
  6.799999999999992e+00  6.326017440260664e+04  -2.114453599447371e+05  -7.394527918142724e+04  -2.616781527373886e+05  6.318402444975963e+04  4.065454504729480e+05  2.246657328800087e-02  1.353362776869782e-02  -4.662790972639457e-03
  6.899999999999991e+00  -1.882040916718607e+03  -3.136974200997063e+05  7.359831152072684e+04  -3.426347297612584e+05  5.490499670885332e+04  3.909582549090177e+05  3.157859291261206e-02  2.324680797500108e-02  3.315252934810397e-03
  6.999999999999991e+00  -2.403273233483375e+04  -3.726148376823799e+05  9.223318605733162e+04  -3.571922306715616e+05  1.262962784141141e+05  3.924925960029667e+05  3.228847040747274e-02  3.053279649651043e-02  -1.725515387503762e-03
  7.099999999999991e+00  1.748549019607372e+04  -3.390901183046682e+05  1.796455667568791e+04  -3.052348538238617e+05  2.389825492089532e+05  4.081578160637098e+05  2.238071027327139e-02  3.035099571392238e-02  -1.784669081125650e-02
  7.199999999999990e+00  1.086821748790167e+05  -2.375555269570197e+05  -3.685274424230753e+04  -2.203411944666934e+05  3.209254694009597e+05  3.984848953191748e+05  6.972377603216158e-03  2.315524915426386e-02  -3.322426745614036e-02
  7.299999999999990e+00  2.273443848155147e+05  -1.410524690742750e+05  -7.862021217741507e+04  -1.214831820787555e+05  3.854878662023075e+05  3.637161078727355e+05  -9.875783942621437e-03  1.429106970481664e-02  -4.512304793492833e-02
  7.399999999999990e+00  3.453264917473919e+05  -8.984216701927286e+04  -1.434221322119444e+05  -2.862602199265220e+04  4.647628302403983e+05  3.418555581221443e+05  -2.436186635451367e-02  8.510172082621878e-03  -5.502685997482541e-02
  7.499999999999989e+00  4.248973698637768e+05  -8.493579416446599e+04  -1.889081832038765e+05  2.050657732683961e+04  5.352394117531237e+05  3.353809977713319e+05  -3.188813713384057e-02  7.671715845614104e-03  -5.796691124231683e-02
  7.599999999999989e+00  4.462801940869784e+05  -9.832625041827415e+04  -1.834006165798170e+05  7.269079705310277e+03  5.561169449680186e+05  3.413567719620577e+05  -3.049519020687675e-02  9.067655859453065e-03  -5.256590681861273e-02
  7.699999999999989e+00  4.041227629159568e+05  -8.911781289539399e+04  -1.653269033179853e+05  -4.428552246531510e+04  5.215238042159713e+05  3.713235750801429e+05  -2.136932199577417e-02  7.571862607141312e-03  -4.480858276472167e-02
  7.799999999999988e+00  3.258051252479170e+05  -4.056105904812428e+04  -1.728758828766132e+05  -9.373991373024910e+04  4.585809862540046e+05  4.108811608388804e+05  -9.253629872887885e-03  1.236306633860174e-03  -3.928558932590819e-02
  7.899999999999988e+00  2.703489115396303e+05  2.578150708236877e+04  -1.914399632581098e+05  -1.172036067512464e+05  3.954463617384689e+05  4.283551818324996e+05  -6.023006782831547e-04  -6.765605433396324e-03  -3.566929675356503e-02
  7.999999999999988e+00  2.550752396849817e+05  6.528575320106284e+04  -1.996617569067525e+05  -1.169779813930434e+05  3.504138175746276e+05  4.092577107012370e+05  2.063852088343612e-03  -1.098929233409276e-02  -3.191368886203311e-02
  8.099999999999987e+00  2.662957648708562e+05  6.330792166585927e+04  -1.948542646922736e+05  -1.038711948036998e+05  3.322890032195742e+05  3.710794499890937e+05  -5.055517785096002e-04  -9.774082875178622e-03  -2.877145362556614e-02
  8.199999999999987e+00  2.786084621272247e+05  4.692422359523700e+04  -1.941286672985392e+05  -8.135198916567791e+04  3.330655968237469e+05  3.443623357639695e+05  -4.637175866453419e-03  -7.616581112689993e-03  -2.818911073585004e-02
  8.299999999999986e+00  2.789378089098037e+05  4.931053333759839e+04  -1.929970816081347e+05  -5.426975727044580e+04  3.333552335851088e+05  3.369007900249619e+05  -6.533955330181616e-03  -8.006987029822162e-03  -2.829094479124222e-02
  8.399999999999986e+00  2.890652878643686e+05  7.132255450827858e+04  -1.799797690757999e+05  -2.899240516738278e+04  3.248726804703867e+05  3.289562996910603e+05  -7.101319412149954e-03  -9.020815487978701e-03  -2.606333029757957e-02
  8.499999999999986e+00  3.140351211167202e+05  8.098868982127274e+04  -1.929731459536045e+05  -6.004034024958153e+03  3.219094601452698e+05  3.111802177781314e+05  -8.537806360787202e-03  -7.838664975423664e-03  -2.271639520717641e-02
  8.599999999999985e+00  3.385626414608071e+05  7.804623026414037e+04  -2.482777081432737e+05  2.121542630802099e+04  3.336037142470318e+05  2.955278650021903e+05  -1.102172254482967e-02  -5.987366774061203e-03  -2.075271775222827e-02
  8.699999999999985e+00  3.525208051994957e+05  1.023560236160746e+05  -2.932278193765859e+05  5.934439784009205e+04  3.373314642729024e+05  2.854976019271037e+05  -1.309146018896342e-02  -8.104485035487705e-03  -1.923516392575304e-02
  8.799999999999985e+00  3.511889364705576e+05  1.613286968901537e+05  -2.805205144755377e+05  9.679809955208520e+04  3.084055811273297e+05  2.709562750605087e+05  -1.327943025665598e-02  -1.455689784809004e-02  -1.576315859805846e-02
  8.899999999999984e+00  3.535380837289994e+05  2.251461454935458e+05  -2.225673505838486e+05  1.189496013560923e+05  2.542821340288806e+05  2.456756632650519e+05  -1.321985522779722e-02  -2.161106824989664e-02  -1.021167244520779e-02
  8.999999999999984e+00  3.798352608291224e+05  2.667163672443225e+05  -1.812566507860538e+05  1.333447084016501e+05  2.017603125544340e+05  2.184282147528954e+05  -1.534564553195134e-02  -2.697557648244662e-02  -6.301039040687966e-03
  9.099999999999984e+00  4.119281794473852e+05  2.724804818547959e+05  -1.987518433743776e+05  1.497609164946273e+05  1.659576635611341e+05  2.000525472968398e+05  -1.840753538389690e-02  -3.011188760387974e-02  -7.110689860124227e-03
  9.199999999999983e+00  4.219008192692101e+05  2.511369291278471e+05  -2.423848091856898e+05  1.631719596378389e+05  1.437704033470791e+05  1.849252461540432e+05  -1.980776372174917e-02  -3.085664090255708e-02  -1.011089946220624e-02
  9.299999999999983e+00  4.038828913523149e+05  2.191724073575459e+05  -2.700282214350281e+05  1.636053385727986e+05  1.337822421093862e+05  1.712139191386121e+05  -1.931042806916061e-02  -2.898234181150332e-02  -1.182564198146364e-02
  9.399999999999983e+00  3.651602436916232e+05  1.819189341269004e+05  -2.717046112671746e+05  1.468011709547366e+05  1.307113821975546e+05  1.709376682058521e+05  -1.724038234232647e-02  -2.545362329645205e-02  -1.087349199461614e-02
  9.499999999999982e+00  3.119233001615233e+05  1.429718838047223e+05  -2.327204407842718e+05  1.175680852812129e+05  1.157322415505469e+05  1.833086869017246e+05  -1.242597238409296e-02  -2.237528358167449e-02  -5.552874080712593e-03
  9.599999999999982e+00  2.466619065141576e+05  1.046251414223351e+05  -1.587670399804422e+05  8.831435923959376e+04  8.232739634218856e+04  1.966400562001097e+05  -4.734891135759541e-03  -2.077136964726787e-02  3.022877429846295e-03
  9.699999999999982e+00  1.804487165875105e+05  6.776020912047999e+04  -9.080736394020077e+04  7.197860516728589e+04  4.867948582210647e+04  2.086270599022887e+05  3.391075256848265e-03  -2.007103600133153e-02  1.033775933772030e-02
  9.799999999999981e+00  1.304204691010240e+05  3.712438855027546e+04  -5.250751881434734e+04  6.913874041666462e+04  3.494984257632181e+04  2.204841787238310e+05  8.992201062906741e-03  -1.856477036621184e-02  1.428280640894194e-02
  9.899999999999981e+00  9.918512450089559e+04  1.468491488006482e+04  -2.813198922333408e+04  6.719507185667111e+04  4.220100885876548e+04  2.254785151359064e+05  1.078124321682668e-02  -1.479128964100842e-02  1.656891530482145e-02
  9.999999999999980e+00  6.782871865339534e+04  -2.316729976717465e+03  6.477600673869703e+03  5.369425214096858e+04  5.155617548299891e+04  2.129677549333388e+05  1.067773252265302e-02  -9.458240077402664e-03  1.986179073720658e-02
  1.009999999999998e+01  2.646760086758146e+04  -1.822807905438532e+04  5.081190875002544e+04  2.819014271295414e+04  4.553389942598573e+04  1.834385526216051e+05  1.125404857830085e-02  -4.582745331238176e-03  2.437611375149624e-02
  1.019999999999998e+01  -6.183814960527558e+03  -4.266307758820456e+04  8.380688069567448e+04  3.566593169435067e+03  3.069814505339917e+04  1.549967212768640e+05  1.251353509850598e-02  -1.020100722427952e-03  2.739879262952483e-02
  1.029999999999998e+01  -1.325418369887401e+04  -8.365835686886917e+04  9.689103585492248e+04  -9.817682109963625e+03  2.722269543141626e+04  1.421532563927237e+05  1.311711521382850e-02  2.006364091388322e-03  2.753290135987218e-02
  1.039999999999998e+01  -4.428324643357933e+03  -1.330598685440848e+05  1.043217141762229e+05  -1.661473012451590e+04  3.844320313968851e+04  1.366727412689651e+05  1.270992634901437e-02  5.363066882280517e-03  2.704195491324150e-02
  1.049999999999998e+01  1.730748538775411e+03  -1.702499151463440e+05  1.191414837186472e+05  -2.753229691337196e+04  4.691243996886688e+04  1.202978628745283e+05  1.176207589617135e-02  8.715499903431463e-03  2.862898705858676e-02
  1.059999999999998e+01  1.978381652706829e+03  -1.822578626012982e+05  1.309410136654934e+05  -4.204440599319054e+04  4.022493468806565e+04  8.617363107550562e+04  9.904535246816896e-03  1.074385635540085e-02  3.150521068290146e-02
  1.069999999999998e+01  8.037689923565104e+03  -1.731318403519247e+05  1.238223624371314e+05  -4.661471054663598e+04  2.555516092806916e+04  4.296027853586025e+04  5.775354318916253e-03  1.043739039354309e-02  3.226312682520105e-02
  1.079999999999998e+01  2.735844476512000e+04  -1.597282704812266e+05  1.018990453957315e+05  -3.395462675104399e+04  1.845272483108771e+04  2.648575014642175e+03  -1.129678714977668e-03  8.490635833054976e-03  2.900258864285372e-02
  1.089999999999998e+01  5.525100629951730e+04  -1.609608652401371e+05  7.296621148606618e+04  -1.280288565374022e+04  2.750099073214667e+04  -2.850492650763385e+04  -9.093776257005264e-03  6.816937782320152e-03  2.271332634074205e-02
  1.099999999999998e+01  8.755664136002476e+04  -1.777779596406440e+05  2.972967277667444e+04  4.349447351201921e+03  4.683686011315184e+04  -4.897495550175536e+04  -1.576117567069829e-02  6.381547365516948e-03  1.536481091672579e-02
  1.109999999999998e+01  1.265943316416607e+05  -1.871105605160699e+05  -3.403345924775021e+04  1.406468164382444e+04  6.133373894153506e+04  -5.893379923454656e+04  -2.009397379989392e-02  6.377984279796664e-03  8.480394398099930e-03
  1.119999999999998e+01  1.673836018509718e+05  -1.681059363605064e+05  -1.028434673742531e+05  1.761431310729739e+04  6.274559670213133e+04  -5.893581046160026e+04  -2.185409986308297e-02  5.591486409773625e-03  3.267656447898827e-03
  1.129999999999998e+01  1.877016831834571e+05  -1.285584375853114e+05  -1.502642201175465e+05  1.093824907486268e+04  5.979052308865541e+04  -4.818293177694541e+04  -2.042509189433882e-02  4.409432384227186e-03  4.165437360628736e-04
  1.139999999999998e+01  1.747004631837619e+05  -9.472162253684393e+04  -1.648654588525021e+05  -8.449393534903880e+03  6.832429759005501e+04  -2.716692760442497e+04  -1.636943661228638e-02  4.523969561563251e-03  -7.881475958664340e-04
  1.149999999999998e+01  1.408779212572625e+05  -8.497365849927596e+04  -1.560676685213853e+05  -3.226425117191021e+04  9.149985115016490e+04  -4.568476558532858e+03  -1.191733211795351e-02  6.652595056116638e-03  -1.430541462667719e-03
  1.159999999999997e+01  1.086342732444963e+05  -9.703885167459020e+04  -1.392783123528128e+05  -4.807959882879062e+04  1.156992320592714e+05  9.488628095267615e+03  -8.870366021014256e-03  9.469433166729610e-03  -1.921634319316936e-03
  1.169999999999997e+01  9.126837470222265e+04  -1.143914958015254e+05  -1.231772427580044e+05  -5.364770984334084e+04  1.269524669034668e+05  1.588341530892591e+04  -7.324756995486906e-03  1.092875586410901e-02  -2.216853520711781e-03
  1.179999999999997e+01  8.079225016106959e+04  -1.238775839964747e+05  -1.088570539603473e+05  -5.701932246444884e+04  1.259144735035864e+05  2.456821131460302e+04  -5.955659279065800e-03  1.027516896501273e-02  -2.242400292909460e-03
  1.189999999999997e+01  6.846895447268219e+04  -1.218981077411718e+05  -9.488439602096852e+04  -6.293876648616838e+04  1.229975924206853e+05  4.045127968804375e+04  -4.268600713221503e-03  8.376737045234544e-03  -2.389731323639759e-03
  1.199999999999997e+01  6.128223095090547e+04  -1.097216085724769e+05  -8.195405962618382e+04  -6.755179641703276e+04  1.243027185347385e+05  5.682647637112810e+04  -2.935450297066944e-03  6.559092600565625e-03  -2.890017665200023e-03
  1.209999999999997e+01  6.779510435056656e+04  -9.150015435662778e+04  -7.725542604006425e+04  -6.376268054758136e+04  1.282716537212537e+05  6.611999359461242e+04  -2.439119288536157e-03  5.318405886373404e-03  -3.888864704697340e-03
  1.219999999999997e+01  8.621355475604175e+04  -7.232824023504426e+04  -9.031887385545851e+04  -5.014580068534750e+04  1.313410455924037e+05  6.756859397200626e+04  -2.967772298376729e-03  4.307353539056274e-03  -5.593518185733780e-03
  1.229999999999997e+01  1.102613201779375e+05  -5.355801870474316e+04  -1.192103126851153e+05  -3.228155637628749e+04  1.322588890056832e+05  6.422419151110219e+04  -4.868896892357180e-03  3.130150569493562e-03  -7.719912293539573e-03
  1.239999999999997e+01  1.348601684128001e+05  -3.500041448663823e+04  -1.491744247970940e+05  -1.617474111831590e+04  1.327528947725616e+05  6.014306383951552e+04  -8.212019592706326e-03  1.674933580318535e-03  -9.620753325706296e-03
  1.249999999999997e+01  1.556620338605090e+05  -2.097818209268037e+04  -1.668558740954835e+05  -4.696794451477021e+03  1.364216248356100e+05  6.023309179147235e+04  -1.192340904244249e-02  1.581212596055597e-05  -1.081856313394934e-02
  1.259999999999997e+01  1.701913346339100e+05  -1.721595426473351e+04  -1.705838604777179e+05  3.362377955669614e+03  1.457258582789905e+05  7.010499810896133e+04  -1.432767745748162e-02  -1.968779192884061e-03  -1.151858413230432e-02
  1.269999999999997e+01  1.754357101671508e+05  -2.321010345416779e+04  -1.652141931451479e+05  9.836586644239096e+03  1.584302184906040e+05  9.258334877915992e+04  -1.416561574147896e-02  -4.286191065330299e-03  -1.203329597710195e-02
  1.279999999999997e+01  1.698827180428954e+05  -3.137017819020836e+04  -1.526753276937164e+05  1.308456402320361e+04  1.678376941529115e+05  1.228262677790559e+05  -1.165280280769156e-02  -6.337332968736724e-03  -1.210081288633435e-02
  1.289999999999997e+01  1.537289647588041e+05  -3.542418052151857e+04  -1.335863468794883e+05  9.929422025770189e+03  1.687056030102975e+05  1.484131997424540e+05  -8.076211921176904e-03  -7.191768082035616e-03  -1.099468928512735e-02
  1.299999999999997e+01  1.318384770683787e+05  -3.451885001435310e+04  -1.116060638218167e+05  -1.234328322109510e+03  1.615003439540055e+05  1.594402719651278e+05  -4.662421530464674e-03  -6.364300024109406e-03  -8.377504293951210e-03
  1.309999999999997e+01  1.124906629221710e+05  -3.167873917115379e+04  -9.564504374345046e+04  -1.857280457753647e+04  1.503006378285207e+05  1.556020028096158e+05  -2.174714883565003e-03  -4.395320032040617e-03  -4.847839006578238e-03
  1.319999999999997e+01  1.001103806722637e+05  -3.007054631142085e+04  -9.275675316714901e+04  -3.698441341763465e+04  1.390983507728335e+05  1.451023061901754e+05  -5.033814496528284e-04  -2.409281215702006e-03  -1.404476845174525e-03
  1.329999999999997e+01  9.656236098433657e+04  -2.816845045984647e+04  -9.814202475674033e+04  -5.147091395445733e+04  1.290791635613233e+05  1.383250378387329e+05  7.049720313550545e-04  -1.342519228091979e-03  1.123649230025378e-03
  1.339999999999997e+01  9.757892300900545e+04  -2.317972075651839e+04  -1.026084374404498e+05  -5.969788532780896e+04  1.194160276435894e+05  1.380085244066083e+05  1.686952670305123e-03  -1.485691584428189e-03  2.459268048028933e-03
  1.349999999999997e+01  9.634416137477699e+04  -1.509976933007923e+04  -1.026274395914323e+05  -6.133757121533681e+04  1.099242921065544e+05  1.404385161531508e+05  2.554587955042061e-03  -2.563040952854468e-03  2.520742195093934e-03
  1.359999999999997e+01  9.049983673316192e+04  -7.729652319246007e+03  -1.007327193109325e+05  -5.848335576514999e+04  1.020583952793108e+05  1.406345162436854e+05  3.198446444550300e-03  -3.912751661975271e-03  1.511890642963183e-03
  1.369999999999997e+01  8.253568099286495e+04  -7.801087123229023e+03  -9.987988810128892e+04  -5.529549545234830e+04  9.846965171445276e+04  1.365955522045480e+05  3.616194243369602e-03  -4.816969815959585e-03  1.746030722774478e-04
  1.379999999999997e+01  7.738950406974470e+04  -2.010302224676949e+04  -9.993720874322098e+04  -5.478096773609014e+04  1.008796949945426e+05  1.320719351178557e+05  3.941882550841695e-03  -5.052863428319518e-03  -8.448596373409946e-04
  1.389999999999997e+01  7.904395606089728e+04  -4.140893159685163e+04  -9.832757680247829e+04  -5.736448554925538e+04  1.082355387683497e+05  1.317597402687957e+05  4.221310815943742e-03  -4.785073965108341e-03  -1.181828562368077e-03
  1.399999999999997e+01  8.759889358970677e+04  -6.141490086064392e+04  -9.338860469052479e+04  -6.030080990768120e+04  1.173203868074453e+05  1.364804918160663e+05  4.263026550110753e-03  -4.277608798318753e-03  -7.471798835851703e-04
  1.409999999999997e+01  9.839347326272672e+04  -7.159746113440754e+04  -8.740157058867550e+04  -5.988908029684990e+04  1.243935954319369e+05  1.426954129395154e+05  3.847324558214252e-03  -3.622943968058053e-03  2.889545041121144e-04
  1.419999999999997e+01  1.079296026991326e+05  -7.109637356297734e+04  -8.319300146534845e+04  -5.614768079444202e+04  1.258478693915565e+05  1.452274508978209e+05  2.982440890724154e-03  -2.660820460755606e-03  1.731429899911851e-03
  1.429999999999997e+01  1.143041747492333e+05  -6.604704471506827e+04  -8.216287967737274e+04  -5.223564054610965e+04  1.205291349538772e+05  1.419693621373078e+05  2.179589767981612e-03  -1.268952029177407e-03  3.362535737014576e-03
  1.439999999999996e+01  1.167791690338153e+05  -6.215097170590740e+04  -8.339707347995661e+04  -5.044665497102927e+04  1.125869155752504e+05  1.371801273617848e+05  2.187185664591272e-03  5.059039524732116e-04  4.871013656553610e-03
  1.449999999999996e+01  1.160573226138967e+05  -6.000267959687412e+04  -8.430900314056207e+04  -4.982764872126494e+04  1.092048148901932e+05  1.375829434869620e+05  3.273651698593085e-03  2.334258328463112e-03  6.074306727536296e-03
  1.459999999999996e+01  1.124614494820487e+05  -5.850654493256105e+04  -8.385383824278916e+04  -4.647054656794122e+04  1.148543558640537e+05  1.455920067802855e+05  4.956212136646328e-03  3.659321729738680e-03  6.994245721881952e-03
  1.469999999999996e+01  1.080012945875520e+05  -5.776610673607088e+04  -8.213157338097726e+04  -3.777752960759463e+04  1.273390031889278e+05  1.579317156380518e+05  6.312729945999547e-03  4.071720933195856e-03  7.655767913505144e-03
  1.479999999999996e+01  1.051638689436115e+05  -5.907913657250640e+04  -7.981500951787118e+04  -2.623260058826999e+04  1.398695830371092e+05  1.683551017200337e+05  6.724948238616819e-03  3.648189454806757e-03  8.042559662280816e-03
  1.489999999999996e+01  1.044379198924911e+05  -6.286832656583173e+04  -7.756208042699732e+04  -1.737757479942442e+04  1.471240718749265e+05  1.724141943167420e+05  6.124687688348810e-03  2.864087876977749e-03  7.979242557251047e-03
  1.499999999999996e+01  1.045420008599799e+05  -6.653270480637003e+04  -7.436958970709656e+04  -1.612565016582605e+04  1.487520532779767e+05  1.697651614210752e+05  4.814077159313468e-03  2.288224399740251e-03  7.308167939491336e-03
  1.509999999999996e+01  1.024915923503065e+05  -6.606818586710030e+04  -6.960694182973339e+04  -2.403013954491987e+04  1.483169118357888e+05  1.621444449875071e+05  3.194141837670017e-03  2.258220338695602e-03  6.189254920678285e-03
  1.519999999999996e+01  9.684227351701848e+04  -5.957440866533297e+04  -6.518749384785773e+04  -3.770807431574835e+04  1.495841363550615e+05  1.530989919514655e+05  1.537453603878295e-03  2.560127236095647e-03  4.858559740553228e-03
  1.529999999999996e+01  8.946805572868597e+04  -4.978782217799991e+04  -6.454743559320778e+04  -5.153198328613308e+04  1.539778218137374e+05  1.474025152351128e+05  1.268189205342125e-04  2.721160640793822e-03  3.480460756912723e-03
  1.539999999999996e+01  8.385188373627774e+04  -4.308289587864612e+04  -7.023752438341037e+04  -6.152879361733799e+04  1.605446912711405e+05  1.478223208995144e+05  -9.275890512853571e-04  2.527402154969488e-03  2.103072069287001e-03
  1.549999999999996e+01  8.339744277867043e+04  -4.391103480535568e+04  -8.110465542326820e+04  -6.686932055188151e+04  1.670219732455763e+05  1.534174041141529e+05  -1.670540563544791e-03  2.236346777298538e-03  7.988255337447274e-04
  1.559999999999996e+01  8.741935678924112e+04  -5.070633156184867e+04  -9.283056605757793e+04  -6.883260103745156e+04  1.705854895897283e+05  1.597531436421741e+05  -1.950816432862004e-03  2.344269358369316e-03  -1.311753181034753e-05
  1.569999999999996e+01  9.170351810784431e+04  -5.704536304114443e+04  -1.007238764448831e+05  -6.869224877683428e+04  1.682275675668674e+05  1.621740922809146e+05  -1.436810276522373e-03  2.944706562617394e-03  2.445390560649994e-04
  1.579999999999996e+01  9.199955700085084e+04  -5.719586869794648e+04  -1.025873768153912e+05  -6.716524915398841e+04  1.593251807664606e+05  1.594949543258378e+05  2.186079067450186e-04  3.630943240349712e-03  1.722175091669510e-03
  1.589999999999996e+01  8.691026716215303e+04  -5.072803054613833e+04  -9.995861673185743e+04  -6.476072608189837e+04  1.480285269751622e+05  1.537523373428058e+05  2.828742338291386e-03  3.924724612349678e-03  3.755508958909637e-03
  1.599999999999996e+01  8.031661214788702e+04  -4.170242948262837e+04  -9.685135178866457e+04  -6.176786775242387e+04  1.411457833624670e+05  1.479007047812738e+05  5.332208856762972e-03  3.711885958812743e-03  5.051424777800213e-03
  1.609999999999996e+01  7.867438550348292e+04  -3.482930577294362e+04  -9.787425204887209e+04  -5.738416062710507e+04  1.426764637983893e+05  1.440372163887534e+05  6.377017790531768e-03  3.181569175579852e-03  4.386745380938555e-03
  1.619999999999996e+01  8.500880346213328e+04  -3.249365143430331e+04  -1.054958664289123e+05  -5.056015513132159e+04  1.499019443474960e+05  1.422498836704703e+05  5.407191527693506e-03  2.376187945739146e-03  1.614241176654166e-03
  1.629999999999996e+01  9.679569087377089e+04  -3.405250355718584e+04  -1.181045735152705e+05  -4.206742513136458e+04  1.566005671149842e+05  1.413771299764895e+05  3.059211113248131e-03  1.313414543221182e-03  -2.209601711902642e-03
  1.639999999999996e+01  1.088335375341757e+05  -3.717558284607503e+04  -1.305213097841741e+05  -3.408694449525124e+04  1.594180592746339e+05  1.403364027769623e+05  5.969019229026502e-04  2.214917042072564e-04  -5.560451490689474e-03
  1.649999999999996e+01  1.167391745117139e+05  -3.975054291707450e+04  -1.371375348080825e+05  -2.855743025910701e+04  1.597528927742017e+05  1.381675233192675e+05  -9.888470310974095e-04  -4.738341359108268e-04  -7.251870543033409e-03
  1.659999999999997e+01  1.206649289909392e+05  -4.034273933549880e+04  -1.362840735628586e+05  -2.564269930834744e+04  1.607973939756582e+05  1.351326031821121e+05  -1.709026817169577e-03  -4.336071024368078e-04  -7.317096936933827e-03
  1.669999999999997e+01  1.225859265350864e+05  -3.862625199231398e+04  -1.319586160065580e+05  -2.454242165640579e+04  1.636951197750790e+05  1.324827124830802e+05  -2.062070521346302e-03  1.773529683238986e-04  -6.725714898871299e-03
  1.679999999999997e+01  1.230232264968671e+05  -3.518230800698432e+04  -1.302551430073018e+05  -2.538157002759084e+04  1.669202893711374e+05  1.313021031480946e+05  -2.331911738275090e-03  8.006046362470488e-04  -6.462374855852780e-03
  1.689999999999997e+01  1.229977132581074e+05  -3.084329213837227e+04  -1.337865641082506e+05  -2.848777017996169e+04  1.684545255127394e+05  1.322932005448064e+05  -2.597955797677616e-03  9.646569838749231e-04  -6.973929318913243e-03
  1.699999999999997e+01  1.237771966476591e+05  -2.728539316103439e+04  -1.394377798463482e+05  -3.270412612471052e+04  1.677703444770240e+05  1.348817029027671e+05  -2.807035635593144e-03  7.032162343318082e-04  -7.810133284719074e-03
  1.709999999999997e+01  1.268972577029903e+05  -2.648855987397622e+04  -1.416553208926689e+05  -3.495167052607928e+04  1.657686183345676e+05  1.384957150808082e+05  -3.044272080915144e-03  3.729847796702806e-04  -8.319316724342938e-03
  1.719999999999997e+01  1.325660750318959e+05  -2.916434854215760e+04  -1.372760195140403e+05  -3.266788423109700e+04  1.638269064872547e+05  1.425253946805242e+05  -3.336140155334930e-03  2.810095997317947e-04  -8.037313384305878e-03
  1.729999999999998e+01  1.394571955906266e+05  -3.362273215366566e+04  -1.287677198105925e+05  -2.629522298115740e+04  1.625194025254947e+05  1.464438231921125e+05  -3.582962204231332e-03  3.503747044396731e-04  -7.118548749282218e-03
  1.739999999999998e+01  1.455840501253615e+05  -3.671213200579811e+04  -1.218144873536884e+05  -1.964208737389202e+04  1.610677231330060e+05  1.491383796680137e+05  -3.592615693663844e-03  3.267860097939277e-04  -6.016621911429894e-03
  1.749999999999998e+01  1.491769966121852e+05  -3.635981832699282e+04  -1.197646816792088e+05  -1.674185329706615e+04  1.578112738220380e+05  1.493847077127550e+05  -3.243861790027329e-03  5.706719108394758e-05  -5.012066431138136e-03
  1.759999999999998e+01  1.486288364800465e+05  -3.334480365615223e+04  -1.209780220057370e+05  -1.889170965194184e+04  1.514885533211659e+05  1.468611880576893e+05  -2.539697403114314e-03  -3.708242074560696e-04  -4.053956874895208e-03
  1.769999999999998e+01  1.440330181537084e+05  -3.003482797719728e+04  -1.201202780353785e+05  -2.439269095731534e+04  1.424508419102399e+05  1.427903096318987e+05  -1.644749259074361e-03  -7.304534156754181e-04  -2.911247790170893e-03
  1.779999999999998e+01  1.368094564834461e+05  -2.851988036939627e+04  -1.136082084431205e+05  -3.014591311937087e+04  1.329063190561508e+05  1.391407522885109e+05  -8.027602425356304e-04  -9.352842198540731e-04  -1.543229631041891e-03
  1.789999999999998e+01  1.290041162945347e+05  -2.910529024027427e+04  -1.033526975896280e+05  -3.418962312508511e+04  1.258344890554976e+05  1.372106249584923e+05  -3.070429610037374e-04  -1.053865051297618e-03  -2.992726567475269e-04
  1.799999999999999e+01  1.231518667816662e+05  -3.004001428399030e+04  -9.400602479032821e+04  -3.627382994048733e+04  1.232362261430165e+05  1.374006716383453e+05  -4.230254256475794e-04  -1.258043892569382e-03  3.401184350801691e-04
  1.809999999999999e+01  1.192166973106544e+05  -2.988885090938958e+04  -8.906970162999153e+04  -3.673829131518934e+04  1.252485396927421e+05  1.390767743798291e+05  -1.087597764776866e-03  -1.708265631489193e-03  2.351567150436869e-04
  1.819999999999999e+01  1.155909997502407e+05  -2.865448866493754e+04  -8.809339684587906e+04  -3.582660744872001e+04  1.304138886087951e+05  1.418335996407491e+05  -1.937034156875132e-03  -2.401325092670412e-03  -3.659840310709331e-04
  1.829999999999999e+01  1.109331002093502e+05  -2.784883636592270e+04  -8.770916173255144e+04  -3.351471860979157e+04  1.365353050131008e+05  1.457553261785901e+05  -2.488778200949718e-03  -3.242822563486662e-03  -9.930185975070521e-04
  1.839999999999999e+01  1.050618233570852e+05  -2.949952151265285e+04  -8.530488793016509e+04  -2.994697915792281e+04  1.418438524078534e+05  1.507190902576854e+05  -2.407275731335202e-03  -4.079374795882057e-03  -1.240051193730382e-03
  1.849999999999999e+01  1.003129254557358e+05  -3.419964316588953e+04  -8.078019419464048e+04  -2.567933698885122e+04  1.454654704776117e+05  1.561385767399648e+05  -1.804085116078735e-03  -4.770623177587981e-03  -1.024819836213317e-03
  1.859999999999999e+01  9.879682265366099e+04  -4.106804139153349e+04  -7.610625340523795e+04  -2.152841741506974e+04  1.470788845393926e+05  1.603568378507935e+05  -1.052903424213359e-03  -5.281090188992919e-03  -4.021238838950748e-04
  1.870000000000000e+01  1.008821126105269e+05  -4.839175359885722e+04  -7.317527136991450e+04  -1.850900207873400e+04  1.467837097850659e+05  1.618738620915668e+05  -4.481885702696196e-04  -5.575794974827179e-03  5.589918883028486e-04
  1.880000000000000e+01  1.052945142576230e+05  -5.467711689817594e+04  -7.267277603624547e+04  -1.791531597218604e+04  1.447787256730561e+05  1.602900807212262e+05  -3.907589287561328e-05  -5.583754536821747e-03  1.778630690001011e-03
  1.890000000000000e+01  1.095412491533549e+05  -5.919458214316050e+04  -7.410009047057337e+04  -2.078673208900604e+04  1.412524060413417e+05  1.566975989594233e+05  3.946876507246475e-04  -5.223010218534305e-03  3.142291609332948e-03
  1.900000000000000e+01  1.112625354975868e+05  -6.175589240365099e+04  -7.654728133403129e+04  -2.710444711215448e+04  1.364236401702626e+05  1.529672431288749e+05  1.100438731996086e-03  -4.441249380698621e-03  4.425771673404673e-03
  1.910000000000000e+01  1.092803783228188e+05  -6.246556881633376e+04  -7.907581279876757e+04  -3.545895153461991e+04  1.302672281300239e+05  1.502469288256938e+05  2.049270544419196e-03  -3.326683503641059e-03  5.364085295466805e-03
  1.920000000000000e+01  1.039846785794919e+05  -6.170657542254523e+04  -8.067626976962219e+04  -4.338447540732131e+04  1.228976983057875e+05  1.487074418766590e+05  2.957576727064688e-03  -2.096928484579888e-03  5.792747631630121e-03
  1.930000000000000e+01  9.706554438686548e+04  -6.047080643582796e+04  -8.118473289805980e+04  -4.866537324377873e+04  1.151517834037956e+05  1.478158746961275e+05  3.474192665955361e-03  -9.781329055012738e-04  5.695629134401547e-03
  1.940000000000001e+01  9.114894960166235e+04  -5.969058423529205e+04  -8.132430750779180e+04  -5.022362044549960e+04  1.087081905017066e+05  1.474555589769505e+05  3.392415661567868e-03  -1.312567689423635e-04  5.156671061921100e-03
  1.950000000000001e+01  8.801693125332147e+04  -5.955185981723143e+04  -8.250919232886982e+04  -4.823999573592760e+04  1.056368836225317e+05  1.477654010450719e+05  2.837560966742722e-03  4.279257980327764e-04  4.369847335442311e-03
  1.960000000000001e+01  8.839406730898350e+04  -5.899115003261677e+04  -8.587017498825051e+04  -4.384293166398018e+04  1.072122609030485e+05  1.485830255840397e+05  2.112940069563616e-03  8.048546271389260e-04  3.557868407239782e-03
  1.970000000000001e+01  9.183328009687140e+04  -5.643236356907718e+04  -9.127100894760700e+04  -3.870941417603537e+04  1.130062311343698e+05  1.491798499521994e+05  1.487063516620277e-03  1.114692439197946e-03  2.919661764934644e-03
  1.980000000000001e+01  9.665691121147489e+04  -5.149314039242442e+04  -9.756552719830103e+04  -3.479731437002060e+04  1.211922777385498e+05  1.483573718697420e+05  1.082077197551816e-03  1.432804260005896e-03  2.572124603037425e-03
  1.990000000000001e+01  1.016337565163520e+05  -4.534924361838763e+04  -1.030532941965206e+05  -3.393602866927032e+04  1.294961248487146e+05  1.456232017811135e+05  8.210012343667278e-04  1.748799371764323e-03  2.444871396826486e-03
