TITLE = "Temporal Signal for receiver number 03202"
VARIABLES = "Time","xx","yy","zz","xy","yz","xz","u","v","w"
# x1       3.541562710000e+05
# x2       4.735122240000e+06
# x3       -1.000000000000e+03
  0.000000000000000e+00  0.000000000000000e+00  0.000000000000000e+00  0.000000000000000e+00  0.000000000000000e+00  0.000000000000000e+00  0.000000000000000e+00  0.000000000000000e+00  0.000000000000000e+00  0.000000000000000e+00
  1.000000000000000e-01  0.000000000000000e+00  0.000000000000000e+00  0.000000000000000e+00  0.000000000000000e+00  0.000000000000000e+00  0.000000000000000e+00  0.000000000000000e+00  0.000000000000000e+00  0.000000000000000e+00
  2.000000000000000e-01  0.000000000000000e+00  0.000000000000000e+00  0.000000000000000e+00  0.000000000000000e+00  0.000000000000000e+00  0.000000000000000e+00  0.000000000000000e+00  0.000000000000000e+00  0.000000000000000e+00
  3.000000000000000e-01  2.884942211802852e-17  -2.625219382864851e-17  4.051792900784597e-17  -2.829061853068317e-17  -7.774841926036472e-19  3.527734424270941e-17  -3.332911087636603e-24  8.124251522056787e-24  -7.609431992657327e-24
  4.000000000000000e-01  -4.558368053016522e-10  2.695671272599928e-09  2.618071835016187e-09  7.161418678281739e-10  1.702615150183398e-09  8.188103485972425e-10  1.318406177325542e-16  -4.892141456252426e-16  -4.761945261190488e-16
  5.000000000000000e-01  2.716663932561541e-07  1.591338474905815e-08  1.782980681399138e-07  6.561487063366240e-09  -6.921758551528833e-08  1.751876677930370e-07  -3.462424383157115e-14  2.560182024707977e-14  -7.268250579726224e-15
  6.000000000000000e-01  -1.819067930417922e-06  3.242295690867682e-06  4.266503561863960e-07  1.229104283883508e-06  1.887284092318673e-06  -1.378428013386704e-06  1.203519500744904e-13  -8.629921386405018e-13  -1.282009679346315e-13
  7.000000000000000e-01  -1.284016154227970e-05  -9.438551177262689e-05  -9.952202140199202e-05  -1.926129463064054e-05  -6.694377270637160e-05  -2.279490283791911e-05  -2.428249997779976e-12  2.072684047410702e-11  1.463523112497345e-11
  7.999999999999999e-01  8.161897857427622e-05  -1.778519552120988e-04  -3.110203083570092e-05  -1.371712268391778e-04  -2.442133970128127e-04  -7.577831022711518e-06  2.505382851366036e-11  5.739628331016414e-11  7.236421359829073e-12
  8.999999999999999e-01  -2.222139105857270e-04  -2.062341522299393e-03  -2.268783514914232e-03  -7.222864653937876e-04  -2.568729359302066e-03  -9.781764451533270e-04  2.557149557435336e-10  2.737722012557726e-10  4.637429300435681e-10
  9.999999999999999e-01  -1.891556691620363e-02  -3.384281999560090e-02  -3.094930857704925e-02  3.576690590050322e-05  -1.878530085040981e-02  -3.061961981156907e-03  -5.015303613370815e-10  4.292649124186278e-09  5.299443634903642e-09
  1.100000000000000e+00  -2.084281834270575e-02  -2.686079239177672e-02  8.506730394693664e-03  -4.015807843975075e-03  1.645088414052147e-02  1.226808600581046e-02  -2.114601307517129e-09  2.847737106136606e-09  -2.665567692032265e-09
  1.200000000000000e+00  2.269701252603233e-01  4.406321253763653e-01  2.792873483612457e-01  -2.595462159310949e-02  1.942241612768290e-01  2.515678907937847e-03  7.575751317526172e-09  -4.987812715685701e-08  -5.210723399324869e-08
  1.300000000000000e+00  -8.095593256043075e-01  -1.381493978637558e+00  -1.287300655591318e+00  1.116600866446813e-01  -5.739161102794783e-01  -2.272309884857196e-02  -1.232440529055519e-08  1.699441040958059e-07  1.868200211218425e-07
  1.400000000000000e+00  2.079326235219487e+00  3.794655984721439e+00  3.784280865446515e+00  -3.912019597216627e-01  1.699885162666422e+00  -1.169093193956678e-01  4.835784351973929e-08  -5.275554356813417e-07  -5.615419749616703e-07
  1.500000000000000e+00  -3.849576779269119e+00  -8.160591700931525e+00  -8.034947595465169e+00  1.081537378775564e+00  -3.784422329750577e+00  7.244304493787570e-01  -1.626650037319683e-07  1.232927988798758e-06  1.106328724219007e-06
  1.600000000000000e+00  3.346058678767585e+00  1.289781804716211e+01  8.391892124745659e+00  -1.504788686444470e+00  5.135508777245767e+00  -1.880851329950531e+00  3.120965560920090e-07  -2.430912130010304e-06  -1.289556625478041e-06
  1.700000000000000e+00  -1.029227953092423e+02  -2.104576400194470e+02  -2.153755789815105e+02  -1.240183211713720e+00  -1.052128829651666e+02  -1.584125855356166e+00  3.767841020805760e-07  2.651899209623843e-05  2.741150834169544e-05
  1.800000000000000e+00  -2.158317209091722e+02  -5.401629199931843e+02  -5.093286394391397e+02  4.639194342927138e+01  -3.101841772173406e+02  4.018982237148632e+01  -1.059162212481440e-05  7.154127780759904e-05  6.394962231375393e-05
  1.900000000000001e+00  -2.763017732759206e+02  -8.667284740392197e+02  -7.684276621886729e+02  1.725225012795017e+02  -5.660584690113720e+02  1.473977782244630e+02  -4.148692609420269e-05  1.219357849523744e-04  9.924927095485486e-05
  2.000000000000000e+00  -2.007418236874308e+02  -9.892114639896463e+02  -7.858346802648507e+02  3.560141680578303e+02  -7.555096497337610e+02  2.654481948631488e+02  -7.292320977506756e-05  1.458985093489684e-04  1.084319352352931e-04
  2.100000000000001e+00  -1.128624510260584e+02  -1.110685216126253e+03  -8.731519572711529e+02  5.694354079586737e+02  -9.836312901187052e+02  3.683964375235689e+02  -1.087186817439974e-04  1.667037532422183e-04  1.302566104486778e-04
  2.200000000000001e+00  -2.774321603799158e+02  -1.708377911016362e+03  -1.498129961204322e+03  8.444375135197544e+02  -1.518839735622807e+03  5.131638585503083e+02  -1.580491080685891e-04  2.497605387837329e-04  2.242645880021420e-04
  2.300000000000001e+00  -6.623627558883929e+02  -3.031948232851520e+03  -2.615329849241479e+03  1.177819997734929e+03  -2.477123489932485e+03  6.308830035317761e+02  -1.880641709258001e-04  4.264254623879575e-04  3.777043824976069e-04
  2.400000000000001e+00  -1.569786769864400e+03  -5.883926243583516e+03  -5.281605478876796e+03  1.771420987441371e+03  -4.512686908971299e+03  9.106192623429071e+02  -2.904117449619436e-04  8.111682887532119e-04  7.327523051063255e-04
  2.500000000000001e+00  -4.438688633884967e+03  -1.342951371296020e+04  -1.303732193033197e+04  3.253621880555579e+03  -9.847449638016267e+03  1.797815878339226e+03  -5.659488740037647e-04  1.812863339032400e-03  1.794066652450497e-03
  2.600000000000001e+00  -1.288604055111357e+04  -3.550259545369852e+04  -3.344186233021243e+04  6.085533292975428e+03  -2.346591712612792e+04  3.293751033100733e+03  -1.111720765216245e-03  4.759475739831230e-03  4.451928389427688e-03
  2.700000000000001e+00  -3.195877921499997e+04  -9.023885361914366e+04  -7.724005003519105e+04  1.205647321911498e+04  -5.510313997086181e+04  6.596961525459025e+03  -2.117197208421028e-03  1.214358441906260e-02  1.007547461434431e-02
  2.800000000000001e+00  -5.359843893315073e+04  -1.720711709062934e+05  -1.365317073548829e+05  2.391327154838465e+04  -1.058103663217311e+05  1.126082997443740e+04  -3.818251557582158e-03  2.332389875807377e-02  1.810220901655751e-02
  2.900000000000001e+00  -8.099970146173373e+04  -3.182689550049613e+05  -2.152100970034811e+05  4.887505810475719e+04  -1.859588572289546e+05  2.249481632644985e+04  -8.974115769710996e-03  4.301718414019420e-02  2.857737184256712e-02
  3.000000000000001e+00  -9.512056314837369e+04  -4.882076393934301e+05  -3.029351808995588e+05  7.950916569149558e+04  -3.029562004510612e+05  2.417122247237210e+04  -1.217161143507249e-02  6.629914554038659e-02  4.267575127239078e-02
  3.100000000000001e+00  -5.988305568481586e+04  -6.024529130481803e+05  -3.897896780731819e+05  1.095175415850016e+05  -4.688308657384047e+05  -6.453922114118938e+03  -1.271451282667803e-02  8.337058881849663e-02  6.361792757297689e-02
  3.200000000000002e+00  1.600508058513004e+04  -7.645744410096518e+05  -4.804858267386658e+05  1.869328764816893e+05  -7.078081700127899e+05  -1.881716830013485e+04  -3.031136151728837e-02  1.067402488440297e-01  8.751930418466511e-02
  3.300000000000002e+00  4.590580116106279e+04  -1.150667032096418e+06  -6.171167212990144e+05  1.983068319368010e+05  -1.042827235874356e+06  -1.213437515120011e+05  -2.490532848889662e-02  1.590622171574488e-01  1.193558486168767e-01
  3.400000000000002e+00  3.961238603333020e+04  -1.512190725665735e+06  -7.327571284854844e+05  -1.070783637322434e+05  -1.438312509229347e+06  -6.036901984126716e+05  6.994516629227303e-02  2.069827771922030e-01  1.669701521368648e-01
  3.500000000000002e+00  -1.144664174868681e+05  -1.315079655748517e+06  -6.866226758444350e+05  -8.167800128720426e+05  -1.586251690522484e+06  -1.280400149314939e+06  2.398437538296664e-01  1.729714138987302e-01  1.872052297327859e-01
  3.600000000000002e+00  -2.475286541741813e+05  -8.338185552060395e+05  -5.702692812532296e+05  -1.303547583953174e+06  -1.289791660591650e+06  -1.418704348091442e+06  3.216394019915750e-01  8.845339323254145e-02  1.260598459591921e-01
  3.700000000000002e+00  -6.669336410362308e+04  -7.272704320704137e+05  -6.226533775378085e+05  -1.047979380347752e+06  -8.117364754116493e+05  -8.904904110830333e+05  2.389109915544944e-01  3.748936904979367e-02  2.677103356778049e-02
  3.800000000000002e+00  2.394052368471609e+05  -9.386008226242294e+05  -8.101161078122641e+05  -5.908009844302929e+05  -5.587177634689898e+05  -2.545242847188960e+05  1.202939443291478e-01  3.123502341500187e-02  -3.244736771447772e-02
  3.900000000000002e+00  4.260839887022121e+05  -1.125254569046771e+06  -1.047512194591638e+06  -3.716719789756274e+05  -5.505413759507512e+05  5.508352924016969e+04  6.089265787076552e-02  3.786880292321619e-02  -3.450325566249545e-02
  4.000000000000002e+00  5.199943890476251e+05  -1.222209266073909e+06  -1.180084391193821e+06  -3.324249332778947e+05  -6.343393192038101e+05  9.259816291731858e+04  4.785706662644165e-02  4.868458148896135e-02  -1.235622908274412e-02
  4.100000000000001e+00  5.842765141129966e+05  -1.243781185789209e+06  -1.172173475545519e+06  -3.644740214136291e+05  -7.463355103890836e+05  6.200921321111033e+04  5.256436587130443e-02  5.522259933621314e-02  1.254660411739766e-02
  4.200000000000001e+00  6.704635442559058e+05  -1.224995997297703e+06  -1.006326975313531e+06  -4.039388180513637e+05  -7.870757254440372e+05  6.810195655945066e+04  5.335360150888261e-02  5.573822547373639e-02  5.675286127229978e-03
  4.300000000000001e+00  6.710560644630991e+05  -1.304053536684504e+06  -8.771454660660520e+05  -4.407476689285959e+05  -7.097152901844860e+05  1.314441026974358e+05  5.741483754998106e-02  6.018501160380811e-02  -3.008773401241340e-02
  4.400000000000000e+00  6.029225559169815e+05  -1.431041298006598e+06  -9.164615901216806e+05  -4.586763598345356e+05  -5.986133282648263e+05  1.920901787845251e+05  6.650925775250421e-02  6.635374548366840e-02  -6.011912020651705e-02
  4.500000000000000e+00  5.134046430472312e+05  -1.474517220489234e+06  -9.857848767707286e+05  -4.549424154839845e+05  -4.981591381357621e+05  2.080825869953008e+05  7.477294676034378e-02  6.451403889725808e-02  -7.708031595613778e-02
  4.600000000000000e+00  4.081970167655915e+05  -1.506573830792638e+06  -9.285683894381149e+05  -4.707358367826981e+05  -3.771436062293134e+05  2.144553516795108e+05  7.915735059116109e-02  6.544620148530925e-02  -8.387663484404885e-02
  4.699999999999999e+00  3.695379577924606e+05  -1.538871132608397e+06  -7.995827589736603e+05  -4.930585483374557e+05  -2.454114039354978e+05  2.195000822221893e+05  7.414535302972884e-02  6.991592183230309e-02  -8.231149210026349e-02
  4.799999999999999e+00  3.906371445658290e+05  -1.493954877726604e+06  -7.861005936243365e+05  -5.105061524810239e+05  -1.259330161568891e+05  2.382224097585958e+05  7.065456469050187e-02  6.015328267402213e-02  -8.234995387686997e-02
  4.899999999999999e+00  4.151231847671550e+05  -1.374430081340841e+06  -9.437289844303039e+05  -5.668708480303796e+05  -4.154456895637014e+04  2.999457314317888e+05  8.565653449989989e-02  3.183869792491444e-02  -9.150645251441661e-02
  4.999999999999998e+00  4.655828929258252e+05  -1.225588347111608e+06  -1.128157299906736e+06  -6.562771265411729e+05  -6.729432480637036e+03  4.080953981566908e+05  1.111952793952271e-01  -4.179786790486978e-03  -1.086112837508976e-01
  5.099999999999998e+00  5.042944743349394e+05  -1.141469302935841e+06  -1.241374197960153e+06  -7.318216337230534e+05  -3.368971974827338e+04  5.300197042226129e+05  1.287855097190490e-01  -2.932193757084344e-02  -1.192158115312374e-01
  5.199999999999998e+00  5.141175020604310e+05  -1.164563783176201e+06  -1.241584293137448e+06  -7.590920421734871e+05  -1.151627048875248e+05  6.186460512834232e+05  1.249041358120342e-01  -3.391191298701982e-02  -1.085049795315520e-01
  5.299999999999997e+00  5.387809379099454e+05  -1.248895972101917e+06  -1.130299371989021e+06  -7.286266623584474e+05  -2.133297166745760e+05  6.166066771091744e+05  1.024932131665589e-01  -2.570301394238778e-02  -7.165964162914364e-02
  5.399999999999997e+00  5.562018753070363e+05  -1.327621577293501e+06  -9.973573996416454e+05  -6.594889175354148e+05  -2.778633472455619e+05  5.649742455067366e+05  7.534820637297704e-02  -1.716184413525700e-02  -3.027833250933515e-02
  5.499999999999996e+00  5.351484400419205e+05  -1.360617462129373e+06  -9.336785766811572e+05  -5.785473492881666e+05  -3.120953282329217e+05  5.276064907335332e+05  4.843615238217455e-02  -1.125346089458929e-02  -1.036053957264658e-02
  5.599999999999996e+00  4.900546705710327e+05  -1.341297983825258e+06  -9.524056962597301e+05  -4.909290417607711e+05  -3.312408990763672e+05  4.828767175490559e+05  2.373402209790868e-02  -1.346868257209523e-02  -7.152773200188723e-03
  5.699999999999996e+00  4.893764084452662e+05  -1.301606320732394e+06  -1.064594735419553e+06  -3.959028421158358e+05  -3.201497902012856e+05  4.367163763671374e+05  -5.137720918920393e-03  -2.801334929077127e-02  -8.021464786971390e-03
  5.799999999999995e+00  6.125886551150226e+05  -1.234415810755333e+06  -1.273130456606577e+06  -2.949538726742580e+05  -2.769957698438158e+05  4.385310796529595e+05  -4.353884790958929e-02  -5.133388357291306e-02  -8.008893109370403e-03
  5.899999999999995e+00  7.572149680050863e+05  -1.190989150082217e+06  -1.492343760364484e+06  -2.185949939102212e+05  -2.568311617726220e+05  4.733983722775272e+05  -6.742713062221904e-02  -6.533370392550937e-02  -6.667063844157475e-03
  5.999999999999995e+00  8.316410518975045e+05  -1.197018661668827e+06  -1.583173080170133e+06  -1.876876682299029e+05  -2.592473286756893e+05  4.859822007866545e+05  -6.050343454503098e-02  -6.360442371105221e-02  -1.367013872123009e-02
  6.099999999999994e+00  8.144634021045339e+05  -1.222880588929532e+06  -1.602806436502281e+06  -1.917316080635318e+05  -2.925701946513175e+05  4.197852340117685e+05  -3.378460252498931e-02  -5.379224551497244e-02  -1.752340189384629e-02
  6.199999999999994e+00  7.406932461424279e+05  -1.228307901360459e+06  -1.610171958521693e+06  -2.143267610228548e+05  -3.426296992325360e+05  3.244081607433297e+05  -1.051009120046707e-02  -4.450276060203093e-02  -1.548768323339724e-02
  6.299999999999994e+00  6.566235959469376e+05  -1.234395433971400e+06  -1.624879447556858e+06  -2.669399568815790e+05  -3.431174501525255e+05  2.850588983920327e+05  3.742226800822458e-03  -3.718842150621821e-02  -2.001955133881297e-02
  6.399999999999993e+00  6.227531745295854e+05  -1.227684574175826e+06  -1.633696414333841e+06  -3.524402088071140e+05  -2.894707488271966e+05  2.894345832856298e+05  1.511681062068032e-02  -3.267594485999963e-02  -3.065231304942809e-02
  6.499999999999993e+00  6.109689747403738e+05  -1.246662857118018e+06  -1.604290909098768e+06  -4.306020579337911e+05  -2.396914516363274e+05  3.132185167497945e+05  2.286033760909264e-02  -2.132735061184217e-02  -3.912488273801951e-02
  6.599999999999993e+00  5.821439237869337e+05  -1.329204223042606e+06  -1.494140762245483e+06  -4.155052314940742e+05  -1.899049420968446e+05  3.830835503259945e+05  1.150028442891603e-02  -4.308472388505727e-04  -4.911068696081607e-02
  6.699999999999992e+00  5.386105816488257e+05  -1.445450950388264e+06  -1.333341910197039e+06  -3.170817910774929e+05  -1.491068083595101e+05  4.851326788223837e+05  -1.437637010778938e-02  1.830324941549854e-02  -5.747421627011913e-02
  6.799999999999992e+00  4.954027372540008e+05  -1.515141254363150e+06  -1.241094750693257e+06  -2.576992246200732e+05  -1.660985411847979e+05  5.525810012755054e+05  -2.729756105501609e-02  2.332931794004357e-02  -5.594907625441849e-02
  6.899999999999991e+00  4.508010735464063e+05  -1.518441216543083e+06  -1.296931535502854e+06  -2.983328748922578e+05  -2.222092387291014e+05  5.528637782677145e+05  -1.686731892160354e-02  1.490081375950112e-02  -4.574160005714012e-02
  6.999999999999991e+00  4.010409643173573e+05  -1.478254488935626e+06  -1.387166218910519e+06  -3.774423736727932e+05  -2.604533399105551e+05  5.117443027274628e+05  1.953524688988475e-03  1.264393241828406e-03  -2.633009738760983e-02
  7.099999999999991e+00  3.813448976120329e+05  -1.397200705638047e+06  -1.346088774246492e+06  -4.124297556671802e+05  -2.791094634529724e+05  4.564998626296769e+05  1.122312919534468e-02  -9.567462711357331e-03  2.364519593467818e-03
  7.199999999999990e+00  4.567719758290186e+05  -1.274840794445643e+06  -1.149380118926669e+06  -3.933113930540520e+05  -3.190074512196700e+05  3.873616300881936e+05  2.035672987987083e-03  -1.935619353988495e-02  3.377958129583482e-02
  7.299999999999990e+00  6.331946843270545e+05  -1.134602777005892e+06  -9.068335757283382e+05  -3.698678682006848e+05  -3.987500293326115e+05  3.066332301618143e+05  -2.054116419805552e-02  -3.471040904032958e-02  5.730393999462348e-02
  7.399999999999990e+00  7.739346287736415e+05  -1.044367973620899e+06  -7.652839334150251e+05  -3.828654362963184e+05  -4.962072238637187e+05  2.273626292358198e+05  -3.708774954880142e-02  -4.994006894357603e-02  6.666813065251996e-02
  7.499999999999989e+00  7.392741730245746e+05  -1.072790574737860e+06  -7.813950655384081e+05  -4.332456055591938e+05  -5.741461094872147e+05  1.599423648955488e+05  -3.266207871114449e-02  -4.986350694676100e-02  6.500227266184386e-02
  7.599999999999989e+00  5.715427863293715e+05  -1.209773489213436e+06  -8.752445847195273e+05  -4.975343072571337e+05  -6.115570402715988e+05  9.994215717342215e+04  -1.510772254731564e-02  -3.133141171188982e-02  5.953123712257692e-02
  7.699999999999989e+00  4.180914829478029e+05  -1.378477637933718e+06  -9.635668879764765e+05  -5.430778129367344e+05  -6.174987839029080e+05  2.806679537027208e+04  -6.092244726049303e-03  -7.295408429721624e-03  5.234504723014646e-02
  7.799999999999988e+00  3.513551276887148e+05  -1.486874209030827e+06  -1.034591499124920e+06  -5.428589418258544e+05  -6.215291084742638e+05  -7.048195476058056e+04  -1.704332816244595e-02  6.674232786866715e-03  4.232067148437811e-02
  7.899999999999988e+00  3.367366064036777e+05  -1.480203179948223e+06  -1.095232555076011e+06  -4.939143994709532e+05  -6.512004643559619e+05  -1.717811612789180e+05  -3.925115107969696e-02  5.212469996921174e-03  3.344159438582889e-02
  7.999999999999988e+00  3.218361328957992e+05  -1.391890046269673e+06  -1.143069744417210e+06  -4.213597573219115e+05  -7.039562701085912e+05  -2.187381734006308e+05  -5.638360879696380e-02  -3.979835822216780e-03  3.263289670336104e-02
  8.099999999999987e+00  2.977772631826480e+05  -1.314577191714126e+06  -1.172505372657346e+06  -3.619480389976412e+05  -7.528352879986599e+05  -1.913717856538922e+05  -5.922634313607469e-02  -8.334662159950594e-03  4.207618631273115e-02
  8.199999999999987e+00  2.849441942920620e+05  -1.299183959130203e+06  -1.161378696473671e+06  -3.399610674220738e+05  -7.837378836666042e+05  -1.341123484170616e+05  -4.843497573627117e-02  -3.283268550123365e-03  5.631751979036535e-02
  8.299999999999986e+00  2.934932881244892e+05  -1.322723556250043e+06  -1.085542413774102e+06  -3.518824729868828e+05  -8.019257840323411e+05  -9.261263668508794e+04  -3.186038558473957e-02  5.727013199324252e-03  6.754581341214107e-02
  8.399999999999986e+00  3.120814080626835e+05  -1.349653208331660e+06  -9.731143310491162e+05  -3.753452473601985e+05  -8.063150613943900e+05  -6.902588256353706e+04  -1.944500719654366e-02  1.398957828590933e-02  7.165240380932529e-02
  8.499999999999986e+00  3.283452914868969e+05  -1.374235704325908e+06  -8.904609787989208e+05  -3.911193229104328e+05  -7.886117423324483e+05  -4.535870455482607e+04  -1.659203226165474e-02  2.121897076586330e-02  6.877795315542652e-02
  8.599999999999985e+00  3.460373038333352e+05  -1.394885587659135e+06  -8.552483783410430e+05  -3.943794234553242e+05  -7.557390302629353e+05  -1.728999172952094e+04  -2.198203223414982e-02  2.668241965588544e-02  6.134070869716387e-02
  8.699999999999985e+00  3.739107261264027e+05  -1.400600058038543e+06  -8.416970234004647e+05  -3.952367350385814e+05  -7.274450012152166e+05  2.523280186885448e+02  -3.028234768061551e-02  3.055094995455058e-02  5.277453799196649e-02
  8.799999999999985e+00  4.083434804079063e+05  -1.400244546006721e+06  -8.440258696217438e+05  -4.087633419758129e+05  -7.096776540456286e+05  -1.934305609578337e+03  -3.556675120421775e-02  3.418271416857767e-02  4.515622216965345e-02
  8.899999999999984e+00  4.334160371274657e+05  -1.411540807445695e+06  -8.618725835837852e+05  -4.362651047272713e+05  -6.889951990729772e+05  -6.834658890729233e+03  -3.426601316340846e-02  3.542421680686082e-02  3.760969161645224e-02
  8.999999999999984e+00  4.392850985836284e+05  -1.420899253905182e+06  -8.743579479425354e+05  -4.635875623182906e+05  -6.568978647644987e+05  7.633873025011193e+03  -2.732753782036874e-02  3.099368033810253e-02  2.905100761736326e-02
  9.099999999999984e+00  4.348386938588351e+05  -1.410095185114049e+06  -8.740524920215808e+05  -4.796313646085201e+05  -6.208732686856186e+05  3.908676374811866e+04  -1.949769121099039e-02  2.313041430821968e-02  2.071572024637398e-02
  9.199999999999983e+00  4.350183715692696e+05  -1.395894373832466e+06  -8.852068891717509e+05  -4.850421370581309e+05  -5.876143385742037e+05  6.590511531140518e+04  -1.468990217811982e-02  1.717479735951692e-02  1.356597094341141e-02
  9.299999999999983e+00  4.470480438055187e+05  -1.392427370704917e+06  -9.195998869172403e+05  -4.842350402588150e+05  -5.565289021388859e+05  7.384734496802381e+04  -1.145962189841321e-02  1.373396901380574e-02  6.976687012247943e-03
  9.399999999999983e+00  4.710879960281067e+05  -1.379411499523370e+06  -9.484831602446930e+05  -4.809529925033635e+05  -5.299776108247496e+05  7.101564233189198e+04  -5.506135754181110e-03  9.211295435508880e-03  9.698577153449540e-04
  9.499999999999982e+00  4.989858876639595e+05  -1.344664952581885e+06  -9.505272333725929e+05  -4.775113032538518e+05  -5.094423882523729e+05  7.612498618591804e+04  3.362941212863704e-03  3.397127889184637e-03  -3.024193609472212e-03
  9.599999999999982e+00  5.189957156069556e+05  -1.309354780765987e+06  -9.475753930285006e+05  -4.728110611000377e+05  -4.872570550412838e+05  9.728440136662146e+04  1.011677505306639e-02  5.475754278068943e-04  -4.465451305392895e-03
  9.699999999999982e+00  5.294539328849908e+05  -1.290192731995914e+06  -9.607412529948427e+05  -4.657519727863547e+05  -4.589897341960444e+05  1.260840518043304e+05  1.078986738570081e-02  1.775487880965641e-03  -5.431545183392663e-03
  9.799999999999981e+00  5.347270687168009e+05  -1.281028217007997e+06  -9.834119861303127e+05  -4.588522389641391e+05  -4.309868341571206e+05  1.482965915690421e+05  6.971907138794052e-03  3.093931187031755e-03  -7.758714998410356e-03
  9.899999999999981e+00  5.344335420904648e+05  -1.276759188126351e+06  -1.010646450961519e+06  -4.570217550417313e+05  -4.096318860757144e+05  1.564162537615964e+05  3.500133483315086e-03  2.676754578610649e-03  -9.923213394587885e-03
  9.999999999999980e+00  5.273342543653956e+05  -1.279845689768301e+06  -1.047294089952050e+06  -4.657807687769580e+05  -3.962286722814347e+05  1.539769786005509e+05  3.387526363061024e-03  3.153133411591087e-03  -9.610817708659092e-03
  1.009999999999998e+01  5.141336346381654e+05  -1.285791538127223e+06  -1.086284481345597e+06  -4.841350617176206e+05  -3.895525418884291e+05  1.497298326851314e+05  6.425428925369850e-03  5.626787838216564e-03  -7.550641967038394e-03
  1.019999999999998e+01  4.921913522503846e+05  -1.282528755063162e+06  -1.112521306355790e+06  -4.983328000234905e+05  -3.859667633880632e+05  1.498403802343232e+05  1.163165979383772e-02  7.973409766608715e-03  -6.037595452957807e-03
  1.029999999999998e+01  4.603257542852209e+05  -1.267656458335110e+06  -1.126140584568863e+06  -4.956887427483558e+05  -3.825250073977381e+05  1.559500590186685e+05  1.762153977490225e-02  8.724744945580787e-03  -5.648180536998135e-03
  1.039999999999998e+01  4.342467198099860e+05  -1.253008227551875e+06  -1.136182106680296e+06  -4.805832095139522e+05  -3.801119560166667e+05  1.650996954481312e+05  2.117684463854561e-02  8.212918573212966e-03  -5.460780284140303e-03
  1.049999999999998e+01  4.368212469790424e+05  -1.249864083620881e+06  -1.141985298846049e+06  -4.653354121193784e+05  -3.816359359956376e+05  1.710537447767801e+05  1.894876204066534e-02  7.086712213367417e-03  -4.737560978834152e-03
  1.059999999999998e+01  4.665362781481936e+05  -1.256631415348770e+06  -1.138194309272292e+06  -4.539966131541056e+05  -3.892095771011678e+05  1.704714413297273e+05  1.094330742848857e-02  6.178539762642666e-03  -3.643102257736786e-03
  1.069999999999998e+01  4.947703025918489e+05  -1.261817398500578e+06  -1.124317055084088e+06  -4.434005367479115e+05  -4.020961405928134e+05  1.663621948167690e+05  1.377384868370259e-03  5.895984489931108e-03  -3.152289324834899e-03
  1.079999999999998e+01  4.976780311305118e+05  -1.259559205278180e+06  -1.104578379977446e+06  -4.332707495762482e+05  -4.173669006883187e+05  1.627328802627763e+05  -4.554878577925727e-03  5.181448466304096e-03  -4.360896291898043e-03
  1.089999999999998e+01  4.815808126031630e+05  -1.255613930164743e+06  -1.086417987094173e+06  -4.288029541530502e+05  -4.343599667540874e+05  1.603571681776574e+05  -5.498751718900657e-03  3.098821397515144e-03  -6.883649246496484e-03
  1.099999999999998e+01  4.704943078316184e+05  -1.256465283883834e+06  -1.078488766166552e+06  -4.333612435440512e+05  -4.550314909118201e+05  1.585627167364798e+05  -4.750974351882641e-03  1.004545925812748e-03  -8.587343611121623e-03
  1.109999999999998e+01  4.719154383577912e+05  -1.264614904571339e+06  -1.082246874607341e+06  -4.420641377172810e+05  -4.765995656390461e+05  1.563634855113795e+05  -5.529807857786404e-03  6.790781726852211e-04  -8.473964766597569e-03
  1.119999999999998e+01  4.700826381755304e+05  -1.279927007399964e+06  -1.082208250631911e+06  -4.474432571744333e+05  -4.885199459638827e+05  1.520039121835995e+05  -7.136022923740042e-03  7.156323078395096e-04  -8.590602778501270e-03
  1.129999999999998e+01  4.521531884174317e+05  -1.295689547152269e+06  -1.057436086071583e+06  -4.501830349980252e+05  -4.838731445781848e+05  1.450931012758520e+05  -7.076424116607554e-03  -2.232810667021414e-03  -1.111775468182086e-02
  1.139999999999998e+01  4.226281693678957e+05  -1.302203867853415e+06  -1.013365082461248e+06  -4.570602440566136e+05  -4.707152493921826e+05  1.377705177342529e+05  -5.319214157168218e-03  -8.314759095163913e-03  -1.452010811652145e-02
  1.149999999999998e+01  3.928563914401346e+05  -1.299004667672618e+06  -9.838286823578543e+05  -4.688377360271563e+05  -4.650262123583331e+05  1.312363138293198e+05  -4.378424765658126e-03  -1.320266319574916e-02  -1.479842286077637e-02
  1.159999999999997e+01  3.715029693178498e+05  -1.295992682370748e+06  -9.884919501358441e+05  -4.790351345125177e+05  -4.730414288057624e+05  1.242132507141855e+05  -5.876180180205942e-03  -1.311795933995769e-02  -1.061109802666539e-02
  1.169999999999997e+01  3.632996029000867e+05  -1.299760702921258e+06  -1.010125051300719e+06  -4.841749206422285e+05  -4.857257865238067e+05  1.157879426548407e+05  -8.398605840148135e-03  -9.384221219044541e-03  -5.383002542475253e-03
  1.179999999999997e+01  3.672177480138399e+05  -1.305625971171340e+06  -1.024677946627022e+06  -4.869081900234015e+05  -4.900188836154367e+05  1.067283991370393e+05  -8.955683997692232e-03  -6.289421655141771e-03  -3.537413393583979e-03
  1.189999999999997e+01  3.771092623142259e+05  -1.305171807815934e+06  -1.031324557473236e+06  -4.890338632312259e+05  -4.819297428605801e+05  9.820183880603495e+04  -6.222959488880431e-03  -5.966190946038619e-03  -5.840499762568761e-03
  1.199999999999997e+01  3.866325373974512e+05  -1.296518674663513e+06  -1.042327270417662e+06  -4.893317457679282e+05  -4.678950404557373e+05  9.168867246910819e+04  -1.932235311855559e-03  -7.321914046782235e-03  -9.615007365409187e-03
  1.209999999999997e+01  3.926929017569129e+05  -1.284719608220447e+06  -1.061103879447337e+06  -4.891428826758240e+05  -4.563594628269395e+05  8.911663924019509e+04  9.170822334615607e-04  -8.834246076508893e-03  -1.255365851821231e-02
  1.219999999999997e+01  3.953079043875614e+05  -1.276829487625945e+06  -1.081869644225950e+06  -4.924819458431329e+05  -4.512133155300495e+05  9.090825705636400e+04  1.125900772734489e-03  -1.005485082160120e-02  -1.471255425186909e-02
  1.229999999999997e+01  3.961773386133839e+05  -1.278864240398547e+06  -1.101003464081605e+06  -4.981504419964094e+05  -4.528547291831985e+05  9.493680336982440e+04  6.310238271688647e-04  -1.080071042413286e-02  -1.654909800572139e-02
  1.239999999999997e+01  3.985852933706729e+05  -1.291301261215935e+06  -1.118742270831488e+06  -4.978354918722466e+05  -4.612383228486030e+05  9.864376200435364e+04  2.217781307354168e-03  -1.075000809606609e-02  -1.687073695034592e-02
  1.249999999999997e+01  4.065502534079204e+05  -1.304989813093227e+06  -1.132848109521884e+06  -4.856297843951435e+05  -4.758993309003270e+05  1.010604221989581e+05  5.946215252555552e-03  -1.021160194040727e-02  -1.412457861213609e-02
  1.259999999999997e+01  4.198776456076203e+05  -1.308746641345784e+06  -1.138438134895570e+06  -4.663366527096488e+05  -4.942973903258294e+05  1.024787532683475e+05  8.866476931359023e-03  -1.001646779448212e-02  -8.832179933858321e-03
  1.269999999999997e+01  4.316969312439999e+05  -1.304751333626305e+06  -1.134748554574209e+06  -4.514487953216342e+05  -5.112425390067315e+05  1.034784567663846e+05  8.463332800754409e-03  -1.008051395895259e-02  -3.467929308415010e-03
  1.279999999999997e+01  4.350202950034927e+05  -1.309440997667953e+06  -1.127394292144171e+06  -4.483754540297780e+05  -5.208193291668176e+05  1.047113165869312e+05  5.628528712115205e-03  -9.019234829050355e-03  -5.201798026422620e-05
  1.289999999999997e+01  4.301863860689894e+05  -1.333015134573164e+06  -1.122182300750000e+06  -4.549275773012822e+05  -5.211670556130779e+05  1.063707418521450e+05  3.688212187981823e-03  -5.965256712787697e-03  1.582069457064841e-03
  1.299999999999997e+01  4.222191290151556e+05  -1.364021436279670e+06  -1.119614933280867e+06  -4.633207063501577e+05  -5.173725646680086e+05  1.075520186679262e+05  4.839969232771748e-03  -1.972912391705681e-03  3.062842699513582e-03
  1.309999999999997e+01  4.138557955736910e+05  -1.381389581876801e+06  -1.115039646295901e+06  -4.674374964901878e+05  -5.172367789419735e+05  1.082064668676169e+05  8.239166243221250e-03  9.883992176202697e-04  5.284464265006619e-03
  1.319999999999997e+01  4.053769877835888e+05  -1.377509286342690e+06  -1.102569141542389e+06  -4.659991440938041e+05  -5.229893373801286e+05  1.124577100666496e+05  1.132122650487768e-02  1.851919358033848e-03  7.158091798664786e-03
  1.329999999999997e+01  3.993422432576766e+05  -1.363306583541402e+06  -1.081618785145907e+06  -4.615296564548815e+05  -5.286802547991702e+05  1.265682448408552e+05  1.223260908749307e-02  1.083305962384188e-03  6.828487411776826e-03
  1.339999999999997e+01  4.001147955129463e+05  -1.354219057410229e+06  -1.062093813424486e+06  -4.582608475136149e+05  -5.268988393346535e+05  1.509270210451967e+05  1.086231082857916e-02  1.984338473612322e-04  3.967664128536257e-03
  1.349999999999997e+01  4.085418622065230e+05  -1.355830455410025e+06  -1.057397715123464e+06  -4.602205912228090e+05  -5.174188668072114e+05  1.758316419726513e+05  8.115109911842168e-03  5.653481590381172e-04  4.705702783445899e-04
  1.359999999999997e+01  4.210807676183147e+05  -1.361717175301098e+06  -1.068832606957911e+06  -4.690970911844239e+05  -5.072499545916058e+05  1.881283345572463e+05  4.783146190934375e-03  2.084457544763253e-03  -1.128883793820930e-03
  1.369999999999997e+01  4.339047587920664e+05  -1.361164433138868e+06  -1.082058993602057e+06  -4.819450786905232e+05  -5.027952883240656e+05  1.825437260565284e+05  1.245214375048295e-03  3.220636794781075e-03  2.547757727164920e-04
  1.379999999999997e+01  4.444064913047807e+05  -1.349017647132264e+06  -1.083158769280170e+06  -4.917056091704143e+05  -5.034167068392566e+05  1.661054860790807e+05  -1.965729937757766e-03  2.808329735746505e-03  3.512083454203104e-03
  1.389999999999997e+01  4.495696255893178e+05  -1.330743735760957e+06  -1.073673592277400e+06  -4.921312065609958e+05  -5.027878116460953e+05  1.517553712162858e+05  -3.754698054001361e-03  1.449956366697699e-03  6.372735331211494e-03
  1.399999999999997e+01  4.458367776782927e+05  -1.318380985538886e+06  -1.065020833317436e+06  -4.831690101553097e+05  -4.960909703848997e+05  1.480513771367111e+05  -3.275612354621639e-03  7.378454702699561e-04  7.111046049735591e-03
  1.409999999999997e+01  4.319975160957153e+05  -1.320694684268937e+06  -1.062821564653234e+06  -4.712185249514200e+05  -4.851274524075677e+05  1.536289383174333e+05  -1.137167610502891e-03  1.402527046745514e-03  5.582701108722381e-03
  1.419999999999997e+01  4.122560424796260e+05  -1.335470540765867e+06  -1.062811412707432e+06  -4.636871333387718e+05  -4.761354493157000e+05  1.600176263254692e+05  8.730419668299013e-04  2.654084167865413e-03  3.079070142942849e-03
  1.429999999999997e+01  3.952401291962686e+05  -1.349986626576059e+06  -1.060053462832416e+06  -4.629244422133465e+05  -4.737263478391054e+05  1.598670730183276e+05  1.498676911129797e-03  3.161362667936879e-03  1.409418610077604e-03
  1.439999999999996e+01  3.883835949773163e+05  -1.351347064751039e+06  -1.057301759083963e+06  -4.653913027138960e+05  -4.769668702779402e+05  1.530442716252714e+05  1.163034989176517e-03  2.376907100784471e-03  1.704304245674333e-03
  1.449999999999996e+01  3.924359001487179e+05  -1.338362953985669e+06  -1.061493926434973e+06  -4.660069065663744e+05  -4.808409026279059e+05  1.454290168579124e+05  1.156924561344327e-03  9.064610959707787e-04  3.576535783393221e-03
  1.459999999999996e+01  4.012213450741154e+05  -1.322935791351356e+06  -1.073719845607098e+06  -4.628861107285201e+05  -4.808218733077092e+05  1.427885805648287e+05  1.852161861677741e-03  -1.146128313893875e-04  5.380554531182333e-03
  1.469999999999996e+01  4.071034365003542e+05  -1.318625947761924e+06  -1.086016220631456e+06  -4.582500873988767e+05  -4.758934103458780e+05  1.460295637537571e+05  2.187921424930701e-03  6.782463063229262e-05  5.402399850808216e-03
  1.479999999999996e+01  4.067271820734107e+05  -1.327349028532236e+06  -1.088155356122436e+06  -4.553465453674980e+05  -4.684519809508037e+05  1.516953765267860e+05  1.038015794211530e-03  1.311200264528194e-03  3.023841844231216e-03
  1.489999999999996e+01  4.024630356315267e+05  -1.337603674954060e+06  -1.076356042173436e+06  -4.552181206455080e+05  -4.624731755337731e+05  1.555364726376399e+05  -1.304579459978105e-03  2.701795636317106e-03  -9.319986550389501e-04
  1.499999999999996e+01  3.994362656979764e+05  -1.335849790217418e+06  -1.056303919383191e+06  -4.564826375300381e+05  -4.614190143274994e+05  1.552530715356478e+05  -3.273338389769269e-03  3.248495097892571e-03  -4.713017608521428e-03
  1.509999999999996e+01  4.016949012219303e+05  -1.319348413815654e+06  -1.038970398895861e+06  -4.570983500046346e+05  -4.664989141999935e+05  1.513116397272914e+05  -3.564460886532331e-03  2.721463639702302e-03  -6.617120495357922e-03
  1.519999999999996e+01  4.102181567364236e+05  -1.298047165233355e+06  -1.032720548050839e+06  -4.558862346682883e+05  -4.757596166494073e+05  1.461762340298504e+05  -2.345488216425936e-03  1.825952408977576e-03  -5.979219512201170e-03
  1.529999999999996e+01  4.228589256540136e+05  -1.284983300304985e+06  -1.037752354705809e+06  -4.529347628206374e+05  -4.852777159896399e+05  1.426419670203694e+05  -9.946251791328380e-04  1.440622373634574e-03  -3.527024378150067e-03
  1.539999999999996e+01  4.356006874777389e+05  -1.285599733132324e+06  -1.047950927957441e+06  -4.496067450779548e+05  -4.917429169652840e+05  1.419613376015218e+05  -9.278349655100534e-04  1.784850432756430e-03  -8.775133235822255e-04
  1.549999999999996e+01  4.444316646844308e+05  -1.295143400894705e+06  -1.058087689196415e+06  -4.483721197399502e+05  -4.941653894441716e+05  1.427024897122858e+05  -2.653363665445818e-03  2.389717683894289e-03  4.550538750177530e-04
  1.559999999999996e+01  4.475692747787304e+05  -1.304424804014981e+06  -1.067719094148088e+06  -4.514460697255131e+05  -4.937308398361548e+05  1.424444800415826e+05  -5.608257140729219e-03  2.793618362412216e-03  -3.338789572410639e-05
  1.569999999999996e+01  4.464681990033141e+05  -1.307047023335247e+06  -1.078517390137612e+06  -4.583291123015825e+05  -4.920732684514620e+05  1.406224273891618e+05  -8.565814491939515e-03  2.941395360370767e-03  -1.641025777764009e-03
  1.579999999999996e+01  4.434559319946702e+05  -1.302791055897522e+06  -1.089922937717229e+06  -4.649830096832399e+05  -4.897921562954834e+05  1.389733891438491e+05  -1.024983267122375e-02  2.895470035697284e-03  -3.163853275044441e-03
  1.589999999999996e+01  4.388601306568360e+05  -1.296503256137469e+06  -1.097948814408569e+06  -4.666649099926331e+05  -4.867714336660985e+05  1.393403124153917e+05  -1.000472915289674e-02  2.498669956375698e-03  -3.830457225405008e-03
  1.599999999999996e+01  4.314829694770635e+05  -1.294003548038417e+06  -1.098370058784059e+06  -4.624140899784095e+05  -4.832542320229523e+05  1.412416045194475e+05  -8.099968583317223e-03  1.546493568301894e-03  -3.634998938573426e-03
  1.609999999999996e+01  4.218607489402465e+05  -1.297983964402115e+06  -1.090268791232507e+06  -4.564432154132372e+05  -4.805620408988214e+05  1.421050713730062e+05  -5.360002599823869e-03  1.851972055878236e-04  -2.868157353378387e-03
  1.619999999999996e+01  4.134509546268249e+05  -1.307288011483395e+06  -1.076777286298644e+06  -4.546136837179883e+05  -4.804236844720136e+05  1.399348680623236e+05  -2.442453829963657e-03  -9.875382064788113e-04  -1.678739778496446e-03
  1.629999999999996e+01  4.091523002347027e+05  -1.318795476660180e+06  -1.063354794454108e+06  -4.592321117443393e+05  -4.833978889385547e+05  1.351057070936987e+05  4.413926589070650e-04  -1.334753271201103e-03  -2.712654827540669e-04
  1.639999999999996e+01  4.076762925576604e+05  -1.329234277562766e+06  -1.055587156346687e+06  -4.674127209908472e+05  -4.881768174977618e+05  1.298427847621423e+05  3.051593151018304e-03  -7.547571264785626e-04  7.597939818819814e-04
  1.649999999999996e+01  4.051384729545729e+05  -1.335711505957259e+06  -1.057481267404539e+06  -4.742004343113086e+05  -4.923486020210400e+05  1.264966298016642e+05  4.733392982198575e-03  1.722883628817734e-04  6.375491983669362e-04
  1.659999999999997e+01  4.002958283807881e+05  -1.335830397924720e+06  -1.069524990180942e+06  -4.764531667365582e+05  -4.938392285473532e+05  1.261529233883657e+05  4.663249643658087e-03  5.970077804547739e-04  -8.549353129178789e-04
  1.669999999999997e+01  3.969665626806664e+05  -1.329080417172048e+06  -1.087197311426656e+06  -4.739473009422108e+05  -4.920494178968362e+05  1.281406698182375e+05  2.484426176229617e-03  -6.950654169550526e-06  -2.892880110700211e-03
  1.679999999999997e+01  4.006853362546942e+05  -1.318097488995804e+06  -1.102196333037318e+06  -4.680187116774864e+05  -4.881605264294956e+05  1.303170134416573e+05  -1.171219980105002e-03  -1.480770761973977e-03  -4.057456882955044e-03
  1.689999999999997e+01  4.132806722733583e+05  -1.307907192933520e+06  -1.106724082401164e+06  -4.602592758051996e+05  -4.847707215031491e+05  1.300694133540320e+05  -4.816047233115192e-03  -3.095891045030911e-03  -3.362624237471963e-03
  1.699999999999997e+01  4.305447557950899e+05  -1.303574015048142e+06  -1.098460077553217e+06  -4.527033242935887e+05  -4.846413382986923e+05  1.258096949037257e+05  -6.841710089314166e-03  -3.957631889284740e-03  -1.038724576357779e-03
  1.709999999999997e+01  4.449773110259656e+05  -1.307069719257143e+06  -1.082006817918039e+06  -4.479395296926863e+05  -4.889173254767970e+05  1.180574006440240e+05  -6.431901176146235e-03  -3.504511137265257e-03  1.599472079088234e-03
  1.719999999999997e+01  4.506103313571050e+05  -1.316437247954314e+06  -1.065339997756253e+06  -4.479402833809042e+05  -4.961749205501867e+05  1.091982080998412e+05  -4.075607529780121e-03  -1.911212349493469e-03  3.139594873032598e-03
  1.729999999999998e+01  4.461432735948797e+05  -1.327188960269975e+06  -1.054639939029101e+06  -4.525116660477864e+05  -5.033328810657980e+05  1.020127054022554e+05  -1.241877352754714e-03  -1.026627369233780e-04  3.050451261145076e-03
  1.739999999999998e+01  4.347177269158704e+05  -1.334904925041730e+06  -1.051596419046223e+06  -4.590911360485590e+05  -5.078518072955821e+05  9.814997860273391e+04  5.968643478093173e-04  7.791263885415421e-04  1.836906417109708e-03
  1.749999999999998e+01  4.215631219127991e+05  -1.336869440888037e+06  -1.054481024866090e+06  -4.642017199012943e+05  -5.091167711797362e+05  9.764061708420704e+04  9.052845244750043e-04  1.781145884928567e-04  3.376264880941343e-04
  1.759999999999998e+01  4.109724065747986e+05  -1.332810745678280e+06  -1.060553722300518e+06  -4.653129294024132e+05  -5.078254768054310e+05  9.953696891242078e+04  3.145793546599281e-04  -1.460795467460902e-03  -1.067206689565378e-03
  1.769999999999998e+01  4.048457461467995e+05  -1.325089783108405e+06  -1.067460026566440e+06  -4.619514465749197e+05  -5.045858019597086e+05  1.029652803494155e+05  -2.303234125766640e-05  -3.043939871066350e-03  -2.510630827310023e-03
  1.779999999999998e+01  4.032617311691315e+05  -1.317689046147669e+06  -1.073455213124718e+06  -4.558109163575160e+05  -4.994796444619024e+05  1.075109317271566e+05  5.583052901184277e-04  -3.619087536147821e-03  -4.072215709786907e-03
  1.789999999999998e+01  4.055268841438866e+05  -1.313665748018471e+06  -1.077476692801757e+06  -4.499924777567827e+05  -4.928490768362773e+05  1.128551415055723e+05  1.723107394081116e-03  -2.959947089087838e-03  -5.356146151901876e-03
  1.799999999999999e+01  4.108873335982038e+05  -1.313256831459085e+06  -1.079461059980836e+06  -4.475992855158748e+05  -4.860518787942505e+05  1.184875818322281e+05  2.541749178004287e-03  -1.594503489196125e-03  -5.666505471202651e-03
  1.809999999999999e+01  4.182845311069813e+05  -1.314601660552705e+06  -1.080439235231635e+06  -4.501079162306786e+05  -4.808937946821518e+05  1.238221137158812e+05  2.401023282914077e-03  -3.518963699694111e-04  -4.600533175329687e-03
  1.819999999999999e+01  4.260681107837608e+05  -1.316110776494144e+06  -1.081797151428980e+06  -4.564745281890889e+05  -4.783915965733322e+05  1.283463705388568e+05  1.567661704234923e-03  1.168466232611778e-04  -2.384446385827671e-03
  1.829999999999999e+01  4.324255178170523e+05  -1.318271933880129e+06  -1.084245244898931e+06  -4.640571491210009e+05  -4.780601327425193e+05  1.314241583415202e+05  9.277687971017567e-04  -3.814835668162918e-04  3.122249941338028e-04
  1.839999999999999e+01  4.361283546339264e+05  -1.322544656020118e+06  -1.087173427855168e+06  -4.704407781209020e+05  -4.783794024968950e+05  1.319348144584117e+05  1.148581167965047e-03  -1.584724671078663e-03  2.787868082108688e-03
  1.849999999999999e+01  4.370350258282715e+05  -1.329265037252217e+06  -1.088776901273708e+06  -4.746571667687655e+05  -4.780484650978044e+05  1.288920779249490e+05  2.099663982411602e-03  -2.913871930926367e-03  4.599316856187433e-03
  1.859999999999999e+01  4.358098196390448e+05  -1.337032165333153e+06  -1.086974716756723e+06  -4.769204625169362e+05  -4.769106362767025e+05  1.226985478347177e+05  3.088332823509277e-03  -3.645113553453105e-03  5.597802289593265e-03
  1.870000000000000e+01  4.330840883115522e+05  -1.343406460393723e+06  -1.080820425208848e+06  -4.774240851469094e+05  -4.758582615021268e+05  1.155267909041328e+05  3.576280823583631e-03  -3.203113395181726e-03  5.806174177634906e-03
  1.880000000000000e+01  4.292114789253259e+05  -1.346404525769605e+06  -1.071409066850104e+06  -4.759701347320860e+05  -4.760138368979974e+05  1.103259248526559e+05  3.660111152068653e-03  -1.482492234302825e-03  5.310685403292262e-03
  1.890000000000000e+01  4.246446515629301e+05  -1.345296312673878e+06  -1.061530861445340e+06  -4.726838377264369e+05  -4.778570084441332e+05  1.090757767004849e+05  3.805610023485417e-03  1.022040611806794e-03  4.182368035799741e-03
  1.900000000000000e+01  4.203800847670356e+05  -1.340514570000251e+06  -1.054187122805031e+06  -4.686048822988061e+05  -4.809347732310806e+05  1.117568852517357e+05  4.224389158166828e-03  3.407010996079418e-03  2.446632349353691e-03
  1.910000000000000e+01  4.177724017088712e+05  -1.333602280878921e+06  -1.051398756905176e+06  -4.653246555439653e+05  -4.842061144009883e+05  1.168770882333711e+05  4.637746113588520e-03  4.851348360766493e-03  2.155598659120399e-04
  1.920000000000000e+01  4.176390346051066e+05  -1.326531382651724e+06  -1.053846025841535e+06  -4.637880661398206e+05  -4.867539941580052e+05  1.227248608407184e+05  4.567337409297208e-03  5.032785889690678e-03  -2.125932943953797e-03
  1.930000000000000e+01  4.198293933221840e+05  -1.320802912001489e+06  -1.060768572461531e+06  -4.636351975761168e+05  -4.882420689813539e+05  1.284157953288554e+05  3.815732569700161e-03  4.215721403255933e-03  -3.866350845955073e-03
  1.940000000000001e+01  4.236047666907271e+05  -1.316993854073292e+06  -1.069493611810957e+06  -4.636586495544277e+05  -4.888889688778193e+05  1.340699032265041e+05  2.644352660881517e-03  3.024045280394514e-03  -4.160727216158402e-03
  1.950000000000001e+01  4.280300746279380e+05  -1.315051163660301e+06  -1.075686668204531e+06  -4.629086008597281e+05  -4.890224911913364e+05  1.401293074604358e+05  1.532101260400092e-03  2.095930025291710e-03  -2.517571206116949e-03
  1.960000000000001e+01  4.320822193115131e+05  -1.315300330594163e+06  -1.075445725657270e+06  -4.616146376116762e+05  -4.887556687062394e+05  1.467039178451751e+05  8.354175779059139e-04  1.832917018249808e-03  7.915410544212007e-04
  1.970000000000001e+01  4.343604824578001e+05  -1.318494651480708e+06  -1.068141029911196e+06  -4.609811899726313e+05  -4.880766179357108e+05  1.534350453854135e+05  6.056453594893330e-04  2.307017252551709e-03  4.684347833928454e-03
  1.980000000000001e+01  4.332837978526702e+05  -1.324710817065048e+06  -1.057624391878881e+06  -4.620760771764608e+05  -4.870746009419508e+05  1.597349934520437e+05  6.998420352586252e-04  3.294337523199662e-03  7.680366810478822e-03
  1.990000000000001e+01  4.281200881270234e+05  -1.332517806010140e+06  -1.050152287845613e+06  -4.647757392447980e+05  -4.860237935854546e+05  1.651707312006541e+05  9.998208371449664e-04  4.429309751259605e-03  8.673943398454679e-03
