TITLE = "Temporal Signal for receiver number 02319"
VARIABLES = "Time","xx","yy","zz","xy","yz","xz","u","v","w"
# x1       3.618769910000e+05
# x2       4.736566320000e+06
# x3       -1.500000000000e+03
  0.000000000000000e+00  0.000000000000000e+00  0.000000000000000e+00  0.000000000000000e+00  0.000000000000000e+00  0.000000000000000e+00  0.000000000000000e+00  0.000000000000000e+00  0.000000000000000e+00  0.000000000000000e+00
  1.000000000000000e-01  0.000000000000000e+00  0.000000000000000e+00  0.000000000000000e+00  0.000000000000000e+00  0.000000000000000e+00  0.000000000000000e+00  0.000000000000000e+00  0.000000000000000e+00  0.000000000000000e+00
  2.000000000000000e-01  0.000000000000000e+00  0.000000000000000e+00  0.000000000000000e+00  0.000000000000000e+00  0.000000000000000e+00  0.000000000000000e+00  0.000000000000000e+00  0.000000000000000e+00  0.000000000000000e+00
  3.000000000000000e-01  2.013949005078528e-04  -5.766612315489806e-04  1.521393354787064e-04  -1.853646996505654e-04  2.220390493766792e-05  9.074317576643826e-05  3.283312358547157e-11  2.463828043183501e-11  -9.032891592885195e-13
  4.000000000000000e-01  5.038679223633183e-02  1.316598395580005e-02  2.748019498080351e-02  -3.828369416784275e-03  1.064044091960375e-02  2.186170561615479e-02  -1.985515862171269e-09  -1.134302399281044e-09  -2.632075542771492e-09
  5.000000000000000e-01  4.036667466669437e-01  6.215809648918194e-02  1.595574283807315e-01  4.928038215280253e-02  8.242045964652682e-02  1.559630065205911e-01  -2.311685543294636e-08  -6.391409597548310e-09  -2.354938294602692e-08
  6.000000000000000e-01  8.988846549000731e-01  1.690878649226786e+00  5.459676398154931e-01  2.403515534324250e-01  6.315698431409520e-01  3.644657090905470e-01  -2.654007223530555e-08  -1.704383629915711e-07  -1.203138497137636e-07
  7.000000000000000e-01  1.781799744908535e+00  5.096613369455020e+00  1.005901597490756e+00  -1.072947589622021e+00  5.315731122315717e-01  -5.620348588269211e-01  1.436883141742614e-07  -4.558379088749992e-07  -1.956371415291744e-08
  7.999999999999999e-01  -4.639789577850182e+00  -6.371554463181544e+00  5.632518589186413e-01  -2.680422808958911e+00  1.218338321346406e+00  -2.001954674590687e+00  7.218354670575676e-07  3.960570921676046e-07  -7.818402531520769e-08
  8.999999999999999e-01  -5.218635974849669e+00  -2.145298171520469e+00  -8.579930299102717e+00  3.516690520663346e+00  -4.296107485049596e+00  1.022856533485127e+00  -3.534581660491452e-07  2.134300538048011e-07  7.512017917961239e-07
  9.999999999999999e-01  6.103633344242779e+01  4.953502349555043e+01  -2.696947984723884e+00  -3.021312841574829e+01  1.102084621192718e+01  -4.473215545540836e+00  -1.479488627250241e-06  -4.469962653234081e-06  -2.832928992565496e-06
  1.100000000000000e+00  8.798260357823635e+01  6.198604082783903e+02  3.282511016783816e+02  5.442844798701282e+01  2.080154698955307e+02  2.107290434652505e+01  -3.774631147842167e-06  -5.706466799876763e-05  -3.954047401312350e-05
  1.200000000000000e+00  7.069901168178551e+02  3.060334609829139e+03  7.674312012632389e+02  2.488148345975333e+02  1.089871095282080e+03  2.756283399169516e+02  -5.862155997864681e-05  -2.556705818887685e-04  -1.171253246402166e-04
  1.300000000000000e+00  -5.329037676270263e+01  6.043843778765863e+03  3.309720162176731e+02  9.849963943793995e+02  1.300453568080815e+03  6.851299567023106e+02  -1.430456708156136e-04  -4.437744134708811e-04  -3.760850646733924e-05
  1.400000000000000e+00  -1.220026445619829e+03  8.302501600331767e+03  -4.749743134114594e+02  2.136588047701914e+03  1.616305690008732e+03  1.288675172181758e+03  -2.686772413635038e-04  -5.150484175330588e-04  3.141255664761365e-05
  1.500000000000000e+00  -2.341899083129437e+03  1.167138855272193e+04  -2.563075845600604e+03  2.918143570358197e+03  2.357707226737471e+03  2.129006927416002e+03  -3.853526474029601e-04  -6.623240536196614e-04  1.893353195502289e-04
  1.600000000000000e+00  -2.535143854652511e+03  2.087904393762546e+04  -2.740190251877219e+03  3.005139550760622e+03  3.385283068022103e+03  2.848201387365495e+03  -4.247789420526645e-04  -1.174027724010244e-03  1.659914125779662e-04
  1.700000000000000e+00  -3.213213325615090e+03  2.916131393271083e+04  1.201894496583074e+03  3.425127483205638e+03  4.358694436005197e+03  2.184776914721719e+03  -2.274338961855582e-04  -1.541447192772688e-03  -3.902201064274592e-04
  1.800000000000000e+00  2.312714851114444e+03  4.460558025445290e+04  9.278830925659366e+03  -4.322848975137384e+02  9.026846670258768e+03  1.009892293597559e+03  1.096091087849776e-04  -2.852853115972926e-03  -1.356600171487287e-03
  1.900000000000001e+00  8.564805932177573e+03  7.746582205216691e+04  1.714086646099437e+04  -9.096313600544521e+03  3.780648953100634e+04  -3.721237280515838e+02  2.344631945046873e-04  -5.343080157594727e-03  -4.415180840853001e-03
  2.000000000000000e+00  3.843230842704538e+04  3.729234461978910e+05  4.027617258956753e+04  -2.355506312079293e+04  1.993800539110603e+04  3.555511933456727e+04  -2.652378237561533e-04  -2.559193357004161e-02  -3.081531576607766e-04
  2.100000000000001e+00  6.558227812249513e+04  5.158097059927153e+05  2.155098105742816e+05  -3.820800009654178e+04  1.232329809359394e+05  7.439675522874347e+04  4.320596733876159e-04  -4.076317944134053e-02  -1.678384432075695e-02
  2.200000000000001e+00  -3.564130599002865e+03  7.930578376210852e+05  1.535037678588098e+04  -2.522414589647231e+03  6.252843599189686e+05  4.033566443907894e+04  -1.477001188883675e-02  -5.888719474708442e-02  -3.427617035353552e-02
  2.300000000000001e+00  -1.730154080231125e+05  2.672016147450764e+06  1.768311256111148e+05  -4.477866803638519e+05  7.092917624587682e+05  -8.963247394859817e+04  2.943512359961183e-02  -2.060273537063884e-01  -4.953081093354267e-02
  2.400000000000001e+00  2.031738071067510e+05  2.466412906070890e+06  2.303788935678270e+06  -1.138044823851568e+06  8.820878557801085e+05  -3.363178352975253e+05  9.338481192561482e-02  -1.719191725657908e-01  -2.996257190898823e-01
  2.500000000000001e+00  -6.131873949484066e+05  -1.163351544193984e+05  4.247774545553352e+06  -1.105599392978223e+05  1.294842539466175e+06  -2.842112293015837e+05  -3.618584509328518e-02  1.408304434489362e-02  -5.584898085031925e-01
  2.600000000000001e+00  -1.580601168254777e+06  -6.541606055692715e+05  4.398704970651790e+06  5.342345449967574e+05  1.287020996744242e+06  9.729887284925120e+03  -1.579925831807594e-01  3.496994998579028e-02  -5.561346804363994e-01
  2.700000000000001e+00  -1.624448642268968e+06  1.091018045155579e+05  4.110141225891277e+06  4.404484218364931e+05  1.100961382756249e+06  2.380126084494273e+05  -1.760063405474949e-01  -2.537820341916509e-02  -4.715278950872565e-01
  2.800000000000001e+00  -1.553938900576517e+06  3.747677650616432e+05  4.206182351080882e+06  3.762617982382277e+05  1.017556059813592e+06  4.012883033698131e+05  -1.557744669067030e-01  -4.529552195875814e-02  -4.240623575534805e-01
  2.900000000000001e+00  -1.411263484223598e+06  4.555217646681880e+05  4.373149138265010e+06  2.776923837606222e+05  1.039837563661296e+06  5.495346380578039e+05  -1.450153368807591e-01  -3.406611813472930e-02  -4.085104509743816e-01
  3.000000000000001e+00  -1.222215424551574e+06  3.748140308285181e+05  4.419266942774205e+06  2.005244369669968e+05  9.872457122753891e+05  6.853345631108471e+05  -1.259097030586133e-01  -2.760590216926268e-02  -3.914303119177193e-01
  3.100000000000001e+00  -1.139686755832533e+06  3.722388904658662e+05  4.598141867429698e+06  1.947223530025669e+05  9.562899486070083e+05  8.418929818956901e+05  -1.138206255168904e-01  -2.334524377955390e-02  -3.924782540460887e-01
  3.200000000000002e+00  -1.114483390584832e+06  4.231273378235255e+05  4.639145540900293e+06  1.520111483563811e+05  1.017469667811540e+06  9.646844881461366e+05  -1.127729467546593e-01  -9.089545186111615e-03  -3.999538932538893e-01
  3.300000000000002e+00  -1.051426318590172e+06  4.100949596629931e+05  4.711661847122911e+06  1.305387422118601e+05  1.117170897027350e+06  1.115640112537363e+06  -1.225121488177076e-01  -1.038183234054430e-02  -4.250715027042916e-01
  3.400000000000002e+00  -1.116441279940688e+06  2.893326124223983e+05  4.591243259653886e+06  1.902696076534425e+05  1.270334859730061e+06  1.147589776402671e+06  -1.103259757075625e-01  -1.932784901037239e-02  -4.328691399572812e-01
  3.500000000000002e+00  -1.335305671601992e+06  -1.094738723339531e+04  4.471048736473436e+06  3.779101225901615e+05  1.457992859030346e+06  1.154202153632572e+06  -8.549787463852231e-02  -3.761139037968927e-02  -4.478720195704113e-01
  3.600000000000002e+00  -1.476975084681783e+06  -3.795234758026144e+05  4.418660885997894e+06  7.262962461543140e+05  1.608695052539133e+06  1.087042141652825e+06  -5.209102759674131e-02  -7.104801841587396e-02  -4.762664408826920e-01
  3.700000000000002e+00  -1.759712113609358e+06  -7.843038135061488e+05  3.723554618753959e+06  1.123732242375018e+06  1.651568186891138e+06  9.506604228411702e+05  -8.031258435020179e-04  -8.093691190805298e-02  -4.433587579548796e-01
  3.800000000000002e+00  -1.916185378886813e+06  -8.139040390952299e+05  2.614891251507692e+06  1.157018651044671e+06  1.826591945599802e+06  7.751006813734908e+05  1.943808231879234e-02  -4.607771492883688e-02  -3.651371801180917e-01
  3.900000000000002e+00  -1.988939762669559e+06  -4.604458144284331e+05  1.661209719381047e+06  1.007922068236804e+06  1.918257688792749e+06  5.740780748806817e+05  4.263222183495280e-02  -7.291246926025398e-03  -3.039944531566859e-01
  4.000000000000002e+00  -2.019193417611187e+06  -1.224729860715029e+05  1.055003105234955e+06  9.025383574409399e+05  1.856224028546537e+06  3.969776523413800e+05  8.171528616405492e-02  2.558399337975185e-03  -2.662679782382218e-01
  4.100000000000001e+00  -2.042470482575367e+06  4.796674942498287e+04  8.120164729431220e+05  8.379014826228614e+05  1.797177433592863e+06  2.948797323287362e+05  1.188174689788157e-01  -8.726098552739240e-03  -2.591279623605096e-01
  4.200000000000001e+00  -2.083740492543455e+06  1.337929719519073e+04  5.996901654127794e+05  7.684758396970556e+05  1.843440806417844e+06  4.137355650600723e+05  1.588843644639412e-01  5.658686685984843e-04  -2.606725015017815e-01
  4.300000000000001e+00  -2.145804950890951e+06  -1.018671202537290e+05  4.205804855126547e+05  6.735644407641228e+05  1.972038047588467e+06  6.629486434535671e+05  1.763779798533385e-01  3.480321050490719e-02  -2.474936170879189e-01
  4.400000000000000e+00  -2.114626854794178e+06  -2.576948020838376e+05  4.814209117541011e+05  6.161577808212243e+05  2.083941515133782e+06  8.345494402462519e+05  1.658970027794023e-01  5.706205828754583e-02  -2.210276427245026e-01
  4.500000000000000e+00  -1.987595359819288e+06  -3.868113575376892e+05  6.930426939759486e+05  6.067665591022215e+05  2.162148877461177e+06  8.969941615054676e+05  1.320108033807243e-01  5.491876181148266e-02  -1.958464729991821e-01
  4.600000000000000e+00  -1.879190862119661e+06  -3.995180215594452e+05  8.999282036308092e+05  5.860546006438413e+05  2.235619265576267e+06  8.982503805005774e+05  9.558483274815066e-02  5.205323615152947e-02  -1.993606075104813e-01
  4.699999999999999e+00  -1.949485772704448e+06  -4.674369710247695e+05  1.082789978639064e+06  5.231416396570667e+05  2.312068631144774e+06  8.858230366600894e+05  8.004934238780782e-02  5.576545273627720e-02  -2.227623692206949e-01
  4.799999999999999e+00  -1.961313116815594e+06  -5.368491605112407e+05  1.355495672166002e+06  4.979418564653521e+05  2.359416215767657e+06  8.624300730764809e+05  7.343221680010700e-02  5.533129556474268e-02  -2.071941700766388e-01
  4.899999999999999e+00  -1.693385173642117e+06  -5.258037934577211e+05  1.576801247185761e+06  5.691643060852422e+05  2.415404116907617e+06  9.326728681271726e+05  4.027381108698062e-02  5.115055184437426e-02  -1.434958412865900e-01
  4.999999999999998e+00  -1.356048187834768e+06  -3.832549851883466e+05  1.608059681322233e+06  6.928190789645447e+05  2.490864451926840e+06  1.080627548755300e+06  -1.873102776158164e-02  3.190063599275790e-02  -5.586317831664057e-02
  5.099999999999998e+00  -1.228262998148100e+06  -3.358734262245417e+05  1.697935741779779e+06  8.513573515324210e+05  2.523198234169334e+06  1.187137952223531e+06  -6.267660217622954e-02  -5.832802433132390e-03  1.004388566550588e-02
  5.199999999999998e+00  -1.293659173922428e+06  -6.157766588385925e+05  1.969791236641582e+06  9.345386703720295e+05  2.538437357928230e+06  1.209301569007903e+06  -7.031943605449488e-02  -3.249347718446707e-02  3.982559170636056e-02
  5.299999999999997e+00  -1.384061398036071e+06  -8.537521973255143e+05  2.266718553816108e+06  8.723014785815319e+05  2.535445998419338e+06  1.150389055156936e+06  -5.310068407683907e-02  -4.360654533137912e-02  8.361107583501556e-02
  5.399999999999997e+00  -1.394224815679038e+06  -9.755914856355032e+05  2.584483496646817e+06  8.529066794715635e+05  2.510258486554324e+06  1.067944461215355e+06  -2.032338646379611e-02  -4.155210113334170e-02  1.163486350495150e-01
  5.499999999999996e+00  -1.497294967542198e+06  -1.353133975929221e+06  2.877268595696153e+06  8.937185534192113e+05  2.461359277005558e+06  9.913148816640170e+05  6.061678979441943e-03  -1.698760456344525e-02  1.049771103706867e-01
  5.599999999999996e+00  -1.731958574225435e+06  -1.476595524604612e+06  2.984191252600146e+06  8.668099946248875e+05  2.384703957542768e+06  9.691023120011775e+05  3.288909565690123e-02  1.124127851031966e-03  9.943691370889469e-02
  5.699999999999996e+00  -2.114015339180002e+06  -1.242805751398212e+06  3.078248435355677e+06  8.321085665825877e+05  2.348769736220954e+06  9.875710647989020e+05  4.154499523029218e-02  -8.048215799507118e-03  1.086034850030169e-01
  5.799999999999995e+00  -2.511788191195002e+06  -1.060216252864636e+06  3.241818578531729e+06  8.656568754615248e+05  2.313636946602100e+06  9.689980529530343e+05  4.179132293695194e-02  -1.451193577887610e-02  1.091898961178217e-01
  5.899999999999995e+00  -2.793527341799495e+06  -9.340896037375615e+05  3.327472902552327e+06  8.523582388088792e+05  2.242337836025748e+06  9.170913231469358e+05  5.449967098062315e-02  -6.818491591476118e-03  1.008556780034309e-01
  5.999999999999995e+00  -3.003765898222806e+06  -7.304473815642411e+05  3.324222626693356e+06  7.863929987430333e+05  2.174855877537932e+06  8.707455051685389e+05  7.502637836217488e-02  -6.987955756711249e-03  9.176632689385059e-02
  6.099999999999994e+00  -3.230651162935102e+06  -5.171704316390213e+05  3.349677529259253e+06  7.484404906858664e+05  2.127278536271401e+06  8.580008092829820e+05  8.818123381409340e-02  -1.750159581014289e-02  8.175349519290856e-02
  6.199999999999994e+00  -3.437196535589908e+06  -3.735850644211057e+05  3.458223290923262e+06  7.293638519232329e+05  2.081937397854350e+06  8.467227384285658e+05  9.219685646209540e-02  -1.296358597438165e-02  7.285437106237047e-02
  6.299999999999994e+00  -3.568543077482660e+06  -2.568478289751391e+05  3.578255716573690e+06  7.069524997100090e+05  2.044143021944369e+06  7.686199761380835e+05  9.267465033508991e-02  8.947398826335580e-04  7.878553577841034e-02
  6.399999999999993e+00  -3.583658036190788e+06  -1.132842983441749e+05  3.675968284179933e+06  6.779660532260630e+05  2.008335415469757e+06  5.919888108657645e+05  8.792309540145343e-02  6.729705514661662e-03  1.039189878630240e-01
  6.499999999999993e+00  -3.503871082851799e+06  1.808160705431575e+04  3.835130926238253e+06  6.677730074613638e+05  1.975077744700787e+06  3.764095781969958e+05  8.101834488341716e-02  4.196380395884648e-03  1.315712296976538e-01
  6.599999999999993e+00  -3.401267025227614e+06  9.942782056876329e+04  4.051401837989707e+06  6.739349171735311e+05  1.915241303424434e+06  2.379737113197704e+05  7.851907023668644e-02  8.689018312237932e-04  1.505386164579082e-01
  6.699999999999992e+00  -3.310517586342778e+06  1.240284871697471e+05  4.235051363522328e+06  6.952420548162307e+05  1.829695983607764e+06  1.916274116028069e+05  7.221136826156531e-02  1.609995248465209e-03  1.568098475515225e-01
  6.799999999999992e+00  -3.323836479683751e+06  6.289636310658044e+04  4.317137743015624e+06  7.209244092229198e+05  1.785946001673202e+06  1.689569199120864e+05  6.442823548667410e-02  3.088224018102008e-03  1.503383544657914e-01
  6.899999999999991e+00  -3.411401971256901e+06  -4.209043563394509e+04  4.267390930197332e+06  7.348717806004477e+05  1.785240624493902e+06  1.569551646946507e+05  5.829148725676966e-02  1.180954297175159e-03  1.296237375936793e-01
  6.999999999999991e+00  -3.449804728323989e+06  -1.144028598883395e+05  4.133304263771650e+06  7.840436016357666e+05  1.771581778313329e+06  1.567269778349238e+05  5.382100625322241e-02  -3.048052365836828e-03  1.013328494004610e-01
  7.099999999999991e+00  -3.466553004351898e+06  -1.390156352211525e+05  4.010841483081730e+06  8.788237479392176e+05  1.733444419351332e+06  1.391895163438661e+05  5.517210225318314e-02  -9.247369497147811e-03  7.975543454989645e-02
  7.199999999999990e+00  -3.589790063253528e+06  -1.547019495467994e+05  3.969801525519413e+06  9.475734405633332e+05  1.675019570851428e+06  9.899902425627994e+04  5.952054201844177e-02  -1.351664255310274e-02  7.303586136412542e-02
  7.299999999999990e+00  -3.817337577098791e+06  -1.772788843883404e+05  4.035314725134087e+06  9.660689729889910e+05  1.616793437127348e+06  5.553950065798340e+04  6.043359234500620e-02  -1.083255624113121e-02  7.628109933789309e-02
  7.399999999999990e+00  -4.001215610862755e+06  -2.229363837992618e+05  4.111640838510474e+06  9.445426391150012e+05  1.578261848162516e+06  3.377112263783280e+04  6.094996932711671e-02  -3.176295541686362e-03  8.248748026421968e-02
  7.499999999999989e+00  -3.998274935706781e+06  -2.656393659819190e+05  4.128349816820148e+06  9.091319881454222e+05  1.568266114585595e+06  6.361355539265888e+04  6.116966800602595e-02  1.788033358024510e-03  8.560194117626105e-02
  7.599999999999989e+00  -3.943922542063084e+06  -2.831674669534888e+05  4.042962718560753e+06  8.748597160073717e+05  1.578847077186881e+06  8.399949307597132e+04  6.435331440833977e-02  3.899840481148242e-03  8.718266711309142e-02
  7.699999999999989e+00  -3.921580309659363e+06  -2.028542859556109e+05  3.948731185844284e+06  8.529514062606038e+05  1.601641004087337e+06  6.371560312876988e+04  6.446559528228199e-02  4.616938771985130e-03  8.068237142844220e-02
  7.799999999999988e+00  -3.952490551581406e+06  -1.015990730685288e+05  3.866508320134342e+06  8.317697385014520e+05  1.611766623268105e+06  -1.440246955016352e+03  6.375770149968031e-02  6.499651293635459e-03  7.051475467385317e-02
  7.899999999999988e+00  -3.811953905156110e+06  1.475178709865120e+04  3.926943990620078e+06  8.657308225956520e+05  1.649206914568040e+06  1.109453112919670e+04  4.968186931509454e-02  3.161265771572038e-03  4.140122930814756e-02
  7.999999999999988e+00  -3.536810119184112e+06  1.499091553081001e+05  4.068772689396122e+06  9.418192751418485e+05  1.729385948461322e+06  6.881290427387715e+04  2.677136141003900e-02  -4.562161848747170e-03  3.793407500605372e-03
  8.099999999999987e+00  -3.495563888495400e+06  1.952351074863254e+05  4.077624205741425e+06  9.817504665577887e+05  1.798226136202167e+06  6.436944171841878e+04  2.444450201035616e-02  -1.802431848129345e-03  -7.298910205012001e-03
  8.199999999999987e+00  -3.550795848803831e+06  2.065203570178926e+05  4.048659003116719e+06  9.889619585620555e+05  1.840290883970144e+06  5.217329275711543e+04  2.042954337637377e-02  1.068688205291205e-02  -1.169818148501538e-02
  8.299999999999986e+00  -3.558722796153456e+06  2.165627737432594e+05  4.022850789856610e+06  9.588505156174490e+05  1.862040605144029e+06  5.255605852862349e+04  1.076749215899852e-02  2.116451691967316e-02  -1.676231027702322e-02
  8.399999999999986e+00  -3.495787469336685e+06  2.547172742994659e+05  3.996090357968819e+06  9.122235736154208e+05  1.896057012966281e+06  7.727502799290676e+04  3.459943680223019e-03  2.225157655786278e-02  -1.852815671256331e-02
  8.499999999999986e+00  -3.383728826187945e+06  2.849913240142642e+05  3.955368430642403e+06  8.709134017305502e+05  1.947159725589964e+06  1.227007871258549e+05  -3.307218579940988e-03  2.244084051354735e-02  -1.531177300104026e-02
  8.599999999999985e+00  -3.288987578398922e+06  2.691695253434165e+05  3.892341748550990e+06  8.347316663492037e+05  1.996796644624085e+06  1.581837177336112e+05  -6.737042550533975e-03  2.600409391856253e-02  -8.652296424223913e-03
  8.699999999999985e+00  -3.229754042916246e+06  1.931815784305428e+05  3.795602106295120e+06  8.020191086075436e+05  2.014218764220171e+06  1.954933030698699e+05  -7.801025165131293e-03  2.885320154672886e-02  -7.833979802172809e-03
  8.799999999999985e+00  -3.147450429623287e+06  1.155350414525278e+05  3.761414062258109e+06  7.781171432132658e+05  2.017675038726064e+06  2.511628297482324e+05  -1.332687274505028e-02  2.849906299692021e-02  -1.457058749548243e-02
  8.899999999999984e+00  -3.144858189857329e+06  6.504892321948535e+04  3.737143195914537e+06  7.643544034844503e+05  2.023963083216901e+06  3.919274540186620e+05  -1.511642647956562e-02  2.896686259613295e-02  -3.596375338546792e-02
  8.999999999999984e+00  -3.242748530965672e+06  4.529859058098006e+04  3.663888301890558e+06  7.563801566767336e+05  2.031193124516591e+06  5.420061753442369e+05  -8.837485434247902e-03  3.431131694876375e-02  -6.249606204577388e-02
  9.099999999999984e+00  -3.336781216831550e+06  5.459395483463061e+04  3.667412387364910e+06  7.851060977117127e+05  2.037593530872990e+06  6.195189480677726e+05  3.520545900801498e-03  3.616742281765559e-02  -7.637017724590855e-02
  9.199999999999983e+00  -3.430119792619267e+06  7.230607967385906e+04  3.695049682809882e+06  7.901388867268673e+05  2.047337417376298e+06  6.754160265080009e+05  2.557112103852855e-02  3.393499616795681e-02  -7.711970720944133e-02
  9.299999999999983e+00  -3.363456870222792e+06  1.278376828738460e+05  3.623278371376522e+06  7.662058080481628e+05  2.050772413060164e+06  6.822350994528144e+05  2.619597234653121e-02  2.449583376581530e-02  -6.959421739132443e-02
  9.399999999999983e+00  -3.159611919934564e+06  1.855557427640472e+05  3.436418651962613e+06  7.925312270284133e+05  2.048005422270885e+06  6.417049940720366e+05  -3.628509521028969e-03  7.649156544577318e-03  -5.316753688385761e-02
  9.499999999999982e+00  -2.996980233134252e+06  2.223681802439126e+05  3.264454852309005e+06  8.644879691745052e+05  2.059375361661957e+06  6.428732373142221e+05  -3.286557701927025e-02  -4.974980417014400e-03  -3.118839170266576e-02
  9.599999999999982e+00  -2.943167436789431e+06  2.388338015865649e+05  3.203349677381649e+06  9.206103453231959e+05  2.071549227708929e+06  6.801365784760896e+05  -4.097409124098388e-02  -9.642390117233874e-03  -1.423167856712708e-02
  9.699999999999982e+00  -2.995951877173267e+06  2.315166352338437e+05  3.226425911494050e+06  9.062940703501061e+05  2.054282129285733e+06  6.809553950467622e+05  -2.815217883849903e-02  -7.123703665879218e-03  -9.006803826696703e-03
  9.799999999999981e+00  -3.083190682514521e+06  2.132667186295633e+05  3.256911764175257e+06  8.359972802130624e+05  2.011999631826154e+06  6.500162298049966e+05  -1.242247430745564e-02  7.319293458911271e-04  -1.329081204817760e-02
  9.899999999999981e+00  -3.116873693519610e+06  1.912221879090699e+05  3.248079110200291e+06  7.828159946989740e+05  1.981734621994763e+06  6.352149930586307e+05  -9.791276429396518e-03  8.320794138768194e-03  -1.782787885406809e-02
  9.999999999999980e+00  -3.114952139253765e+06  1.700541565203068e+05  3.216934441859279e+06  7.717864900920592e+05  1.979270894359241e+06  6.444534468082390e+05  -1.399952878623150e-02  1.264894652549639e-02  -1.684263413789776e-02
  1.009999999999998e+01  -3.126973795607070e+06  1.603542279197678e+05  3.195554123860005e+06  7.621737310574298e+05  1.991982599957911e+06  6.590901289532261e+05  -1.246128228258920e-02  1.554941247800750e-02  -1.612917885268334e-02
  1.019999999999998e+01  -3.151974665307327e+06  1.662559510143682e+05  3.213207681234362e+06  7.401846657251598e+05  2.009628571106020e+06  6.619664742502591e+05  -7.473916765904677e-03  1.716210573483468e-02  -1.940764078113070e-02
  1.029999999999998e+01  -3.179017819155562e+06  1.790038813327088e+05  3.264241725641128e+06  7.186333266737870e+05  2.020782607968365e+06  6.448946519912303e+05  -6.053479507480622e-03  1.729616629523008e-02  -1.913991446330081e-02
  1.039999999999998e+01  -3.196352015356940e+06  1.978229172109342e+05  3.290462767705352e+06  6.939103414009226e+05  2.014038998582547e+06  6.223042050453853e+05  -8.546124705832906e-03  1.894563416532816e-02  -1.340103533279002e-02
  1.049999999999998e+01  -3.177070844467536e+06  1.863449254782654e+05  3.280608800191591e+06  6.795778514012068e+05  2.003555796973512e+06  6.167290287047098e+05  -1.470292153735497e-02  1.977093611664934e-02  -1.329418028647613e-02
  1.059999999999998e+01  -3.120650407209546e+06  9.258539124568102e+04  3.324841043820252e+06  7.158258341778485e+05  2.013704817555366e+06  6.362838319518373e+05  -2.215606350241895e-02  1.251615600598557e-02  -2.476440329016828e-02
  1.069999999999998e+01  -3.094212202268023e+06  -5.580793977811387e+04  3.468042177672469e+06  8.043372057526797e+05  2.034082439694621e+06  6.586672570974437e+05  -2.505814252054988e-02  -7.480307798991148e-04  -3.504547669079055e-02
  1.079999999999998e+01  -3.129867433793172e+06  -1.519156775999865e+05  3.628099333730357e+06  8.826697233909315e+05  2.037804087067738e+06  6.391422599065221e+05  -2.300192725116453e-02  -1.023057989889959e-02  -2.773203169774851e-02
  1.089999999999998e+01  -3.198072090168873e+06  -1.504921945599776e+05  3.716794717018654e+06  9.050326459476339e+05  2.025425627093898e+06  5.698058200990583e+05  -2.013049837195229e-02  -1.151787710938548e-02  -5.787824954681641e-03
  1.099999999999998e+01  -3.266427487779099e+06  -1.184034621565441e+05  3.739860052984659e+06  8.955175947024606e+05  2.013639879062831e+06  4.997433354106685e+05  -1.751389363659890e-02  -8.958553775163853e-03  1.179534151124864e-02
  1.109999999999998e+01  -3.304493526791600e+06  -1.190062573731503e+05  3.736937824037925e+06  8.949372413803401e+05  1.999388550043864e+06  4.656593085392549e+05  -1.559029167103088e-02  -7.312583934037505e-03  1.635168003913420e-02
  1.119999999999998e+01  -3.297121818723453e+06  -1.353488092024520e+05  3.720537007478191e+06  9.075332988642883e+05  1.969454219403516e+06  4.481033986142447e+05  -1.505651974600323e-02  -6.799175789266362e-03  1.469944351031446e-02
  1.129999999999998e+01  -3.271547897995479e+06  -1.220276707794461e+05  3.691879104526194e+06  9.099622010513801e+05  1.933684780000784e+06  4.187149527945556e+05  -1.272782369650899e-02  -6.629514916492636e-03  1.290985878221300e-02
  1.139999999999998e+01  -3.275026212378666e+06  -7.571572073555605e+04  3.663713042373135e+06  8.868607193923531e+05  1.913821782442210e+06  3.805732304819534e+05  -7.056210069910678e-03  -5.592297188245247e-03  1.291837665875464e-02
  1.149999999999998e+01  -3.336802845520274e+06  -3.067564179264486e+04  3.652765949973410e+06  8.475284882903800e+05  1.919764705039840e+06  3.514950958530282e+05  -6.556353012605575e-04  -2.475243053799648e-03  1.533144319094610e-02
  1.159999999999997e+01  -3.426996522511307e+06  -8.761898048956415e+03  3.664274769351996e+06  8.148139207591945e+05  1.943264071320482e+06  3.451540946107578e+05  3.088190866670523e-03  4.505299277501940e-04  1.691983974384507e-02
  1.169999999999997e+01  -3.473695574938432e+06  -2.715801048859663e+03  3.684306313055543e+06  8.055774737239248e+05  1.961785452904642e+06  3.516637278581953e+05  1.406236423760535e-03  -6.045640572908428e-04  1.400881633098697e-02
  1.179999999999997e+01  -3.464689966878793e+06  -5.804887835921408e+03  3.683860188565876e+06  8.138196562093900e+05  1.960689622179425e+06  3.480782435166629e+05  -4.413383769376457e-03  -4.321628673795641e-03  8.496084579381320e-03
  1.189999999999997e+01  -3.445827295858781e+06  -2.020533718103769e+04  3.656927086232958e+06  8.164981368157737e+05  1.950614444099272e+06  3.319054867060384e+05  -9.986239638712233e-03  -6.389940112456869e-03  5.377898047320242e-03
  1.199999999999997e+01  -3.430327528567552e+06  -4.230827592684895e+04  3.628636331502812e+06  8.056848657245234e+05  1.946923302392298e+06  3.083680214440494e+05  -1.310458484458514e-02  -6.991170881539036e-03  6.282672248386864e-03
  1.209999999999997e+01  -3.404058811653006e+06  -6.640267008284447e+04  3.613954962962699e+06  7.996922088540317e+05  1.948435676219641e+06  2.730012416509132e+05  -1.446917689827509e-02  -9.286824378419057e-03  8.424922048042511e-03
  1.219999999999997e+01  -3.380146762505442e+06  -8.959895535499338e+04  3.606852559034724e+06  8.132952455825931e+05  1.945845141680602e+06  2.335001903083806e+05  -1.509447300908605e-02  -1.367718943858333e-02  9.007283273767399e-03
  1.229999999999997e+01  -3.381854216319470e+06  -1.034753545579690e+05  3.595944410634100e+06  8.335040001937235e+05  1.936865312344863e+06  2.083600624574087e+05  -1.564700714650386e-02  -1.726037794784192e-02  8.803953925560231e-03
  1.239999999999997e+01  -3.402138055107643e+06  -9.707557381564422e+04  3.577892286817456e+06  8.403280141616599e+05  1.927384912417925e+06  1.971415863653806e+05  -1.637076995789441e-02  -1.759740016557013e-02  1.018910083338413e-02
  1.249999999999997e+01  -3.422678260603628e+06  -7.862561723709341e+04  3.562553650562380e+06  8.405018578518904e+05  1.924812976532645e+06  1.883059217652395e+05  -1.615573959013273e-02  -1.539501055419989e-02  1.196450942924094e-02
  1.259999999999997e+01  -3.449048316803609e+06  -7.423167329397342e+04  3.558817271608256e+06  8.552501839440847e+05  1.931346844936081e+06  1.828743035071369e+05  -1.351764001917934e-02  -1.313625326970129e-02  1.100375064901558e-02
  1.269999999999997e+01  -3.490653745348309e+06  -8.841592917451756e+04  3.566410925762678e+06  8.817588656149544e+05  1.942489477366162e+06  1.844543825924488e+05  -8.879160065984736e-03  -1.202269564302753e-02  8.677649942756726e-03
  1.279999999999997e+01  -3.528477644617615e+06  -9.830562965810875e+04  3.579888345539217e+06  8.968382333480678e+05  1.951248078356470e+06  1.884280138623149e+05  -4.476951631367904e-03  -1.172527526990099e-02  9.001508495386654e-03
  1.289999999999997e+01  -3.535002540137483e+06  -9.747545557222153e+04  3.588431936942100e+06  8.922598467705157e+05  1.951886921612286e+06  1.917619457073760e+05  -2.264770659595609e-03  -1.209165019353801e-02  1.140338105808977e-02
  1.299999999999997e+01  -3.513382115315137e+06  -1.008229663416096e+05  3.585725535632507e+06  8.783753623733722e+05  1.941248174350994e+06  1.988558809641909e+05  -2.547725001828391e-03  -1.294034564949992e-02  1.138656444893603e-02
  1.309999999999997e+01  -3.493060717335692e+06  -1.091750276617164e+05  3.579363393921500e+06  8.621800289272380e+05  1.920409580825839e+06  2.154361991851912e+05  -3.988983536553875e-03  -1.374065942892819e-02  7.923686151504745e-03
  1.319999999999997e+01  -3.491538247583774e+06  -1.106176546543193e+05  3.578537897666716e+06  8.433262857808806e+05  1.896498770537555e+06  2.407097222628141e+05  -4.484635269197575e-03  -1.438830787428528e-02  4.473096638124575e-03
  1.329999999999997e+01  -3.502047373527646e+06  -1.069670202930976e+05  3.581417815738297e+06  8.236981014558616e+05  1.881108887897690e+06  2.679822055395747e+05  -2.459397728589155e-03  -1.442144550312660e-02  3.005572424478379e-03
  1.339999999999997e+01  -3.510366278687136e+06  -1.126767118888540e+05  3.582827829737678e+06  8.097698529214223e+05  1.880926209185685e+06  2.913046829791170e+05  1.544975896525784e-03  -1.211342438652811e-02  2.655137096792992e-03
  1.349999999999997e+01  -3.506622462008011e+06  -1.333075512614773e+05  3.581910123277947e+06  8.070254516910207e+05  1.889812699039025e+06  3.079384098194349e+05  5.184518510695624e-03  -6.768025660703732e-03  3.262830287407262e-03
  1.359999999999997e+01  -3.490714705932843e+06  -1.567671564400081e+05  3.575302382568050e+06  8.122567287729693e+05  1.895058381628413e+06  3.174631724839102e+05  6.789184286219415e-03  -5.733536035734279e-04  5.370872165041824e-03
  1.369999999999997e+01  -3.476429505691973e+06  -1.676590893250798e+05  3.560265985473179e+06  8.139327529892756e+05  1.893484507029529e+06  3.210570887609818e+05  7.064651119023103e-03  3.569549070468284e-03  7.669477244298988e-03
  1.379999999999997e+01  -3.478424826143959e+06  -1.621131041536446e+05  3.549826683365980e+06  8.036552947044948e+05  1.894913435047427e+06  3.233450107750839e+05  8.104079561778421e-03  4.505936373145957e-03  7.476579986451134e-03
  1.389999999999997e+01  -3.494801301479887e+06  -1.454360648406109e+05  3.560776695010284e+06  7.847148233869657e+05  1.904914216763763e+06  3.313802991912270e+05  1.054707609650360e-02  2.940303506540925e-03  4.013480324833053e-03
  1.399999999999997e+01  -3.505644036784516e+06  -1.197145326730026e+05  3.587836899428483e+06  7.679024450716511e+05  1.915881255352083e+06  3.464295963748926e+05  1.234073315181179e-02  5.334745294351760e-04  5.112935698809030e-05
  1.409999999999997e+01  -3.490336949308380e+06  -8.287656923340315e+04  3.608346525663945e+06  7.596303139695959e+05  1.921562764930706e+06  3.617007422451962e+05  1.115214098585396e-02  -1.049758891876740e-03  -1.008912810894989e-03
  1.419999999999997e+01  -3.452817361755216e+06  -4.321044800253990e+04  3.610292569253875e+06  7.555470517012093e+05  1.927585844139920e+06  3.720519996380196e+05  7.584973859056932e-03  -1.053542582777970e-03  1.150279103338277e-03
  1.429999999999997e+01  -3.422046465653778e+06  -2.398568250623100e+04  3.602956331461189e+06  7.486326737064609e+05  1.942408940956551e+06  3.825055851586659e+05  4.875265206841535e-03  -1.148693911980707e-04  3.752762614836857e-03
  1.439999999999996e+01  -3.417257844427269e+06  -4.141731367885113e+04  3.600288221421075e+06  7.400664851058833e+05  1.965076684470177e+06  4.007472080765523e+05  4.690153218295366e-03  1.552129186390931e-04  3.793780702766484e-03
  1.449999999999996e+01  -3.429778871481629e+06  -8.146907393944293e+04  3.605729033143539e+06  7.367592947361362e+05  1.985429855376499e+06  4.235474379660976e+05  5.131574202032621e-03  -1.554845519714121e-03  7.790943385411228e-04
  1.459999999999996e+01  -3.444947915587764e+06  -1.104123682586653e+05  3.612485676327355e+06  7.419109437409469e+05  1.993069555444781e+06  4.399680394057299e+05  4.098590033680840e-03  -4.726483853701750e-03  -2.941481688317252e-03
  1.469999999999996e+01  -3.455591916812970e+06  -1.085425577995494e+05  3.610330960492345e+06  7.529705754315850e+05  1.985257015827182e+06  4.457817300840848e+05  1.895104952857508e-03  -7.044801154039039e-03  -4.428114115447509e-03
  1.479999999999996e+01  -3.452986711433504e+06  -8.566900472733028e+04  3.593420905752454e+06  7.662315911234992e+05  1.968900027831489e+06  4.459703220401891e+05  -3.626959108718920e-04  -6.801267151772066e-03  -2.644462051796008e-03
  1.489999999999996e+01  -3.430774913898560e+06  -6.206669677981768e+04  3.568419637163297e+06  7.791387748030217e+05  1.954348594545428e+06  4.455533178051054e+05  -2.182198459139164e-03  -4.617152735304948e-03  8.564989834806898e-04
  1.499999999999996e+01  -3.400029850017373e+06  -4.476207441112338e+04  3.552926538607168e+06  7.878909729252030e+05  1.946662037683684e+06  4.449278189908000e+05  -3.132048080026394e-03  -2.424597168808262e-03  3.570263743094712e-03
  1.509999999999996e+01  -3.384040127193712e+06  -3.093380724017553e+04  3.556839177775284e+06  7.873353532943616e+05  1.944229668342009e+06  4.438630495536543e+05  -2.694194703267239e-03  -1.468879550169698e-03  4.202181997052495e-03
  1.519999999999996e+01  -3.391269509648117e+06  -2.079166819115786e+04  3.570524434505516e+06  7.771354145525157e+05  1.943943429238169e+06  4.444388807673114e+05  -1.265277881496630e-03  -1.584238783863574e-03  2.941669989682438e-03
  1.529999999999996e+01  -3.402570868817570e+06  -1.679543370281939e+04  3.577011648084935e+06  7.641940934769016e+05  1.944142988606743e+06  4.478902769421570e+05  -6.845674397745178e-04  -1.804948541931240e-03  4.395727389998816e-04
  1.539999999999996e+01  -3.391868674207840e+06  -1.769111386064275e+04  3.570807240552131e+06  7.556423336529385e+05  1.943249669885124e+06  4.510971141672311e+05  -2.872505560410723e-03  -1.171542466440506e-03  -2.381512557304534e-03
  1.549999999999996e+01  -3.357116557021357e+06  -2.145165812937097e+04  3.562335482170098e+06  7.535778147184486e+05  1.939720604284527e+06  4.497188233617321e+05  -7.569339954480542e-03  5.639456644545428e-04  -4.165751950969870e-03
  1.559999999999996e+01  -3.323320688767101e+06  -3.011839120998819e+04  3.565500106540572e+06  7.568699309621464e+05  1.933916975812702e+06  4.444882623302634e+05  -1.210757043461120e-02  2.662592388535154e-03  -4.011015721746526e-03
  1.569999999999996e+01  -3.313631872864518e+06  -4.467570859638129e+04  3.581027430262059e+06  7.636011070949886e+05  1.928406682271680e+06  4.399132325397105e+05  -1.378717216241764e-02  4.146366780743008e-03  -2.401719150240751e-03
  1.579999999999996e+01  -3.325992604315090e+06  -5.820077351662383e+04  3.594653202410594e+06  7.709381603212120e+05  1.925238999192475e+06  4.358324019856261e+05  -1.203045877518470e-02  4.709904969869221e-03  -6.596639425790797e-04
  1.589999999999996e+01  -3.342769753571043e+06  -6.095108743575230e+04  3.593476596659569e+06  7.761568519337225e+05  1.923553654984578e+06  4.254340103868737e+05  -8.122991614426384e-03  4.679330950052611e-03  3.737662135296943e-04
  1.599999999999996e+01  -3.354161883083734e+06  -5.185069716254215e+04  3.579031854975658e+06  7.790872682230991e+05  1.921402093180091e+06  4.037047433598884e+05  -3.683287835817947e-03  4.475847658562674e-03  7.841124682570042e-04
  1.609999999999996e+01  -3.364672021139030e+06  -4.057428649254048e+04  3.563333913453972e+06  7.810249596757352e+05  1.919348030793515e+06  3.744709446601634e+05  2.348108531042134e-04  4.464876241199591e-03  1.134314581018152e-03
  1.619999999999996e+01  -3.381094496781053e+06  -3.660730042253252e+04  3.558713510546447e+06  7.816853374861864e+05  1.921000925716202e+06  3.485500483157875e+05  3.273600805127588e-03  4.964785399225609e-03  2.035828077263714e-03
  1.629999999999996e+01  -3.401625490921281e+06  -3.941191913374041e+04  3.570622189991015e+06  7.800541224105852e+05  1.930110217054224e+06  3.358893375694533e+05  5.416907476356654e-03  6.083093384945833e-03  3.606808830555381e-03
  1.639999999999996e+01  -3.416754050331980e+06  -3.997214942736615e+04  3.595699102918174e+06  7.772871347989200e+05  1.946501521860074e+06  3.382633912227996e+05  6.389513562591317e-03  7.495204170016309e-03  5.205993239132913e-03
  1.649999999999996e+01  -3.419105229549907e+06  -3.012052976340200e+04  3.625537792375901e+06  7.760251485636109e+05  1.965070116698751e+06  3.488308110089867e+05  5.730274500743720e-03  8.444700893137827e-03  6.065661752295952e-03
  1.659999999999997e+01  -3.412172759680029e+06  -1.030820715671737e+04  3.651837261732226e+06  7.767757192090296e+05  1.978787505625088e+06  3.580149803942064e+05  3.644987822912876e-03  8.156524224145348e-03  5.972995595224483e-03
  1.669999999999997e+01  -3.409182048032389e+06  1.055279110325864e+04  3.668765120452149e+06  7.770485079587516e+05  1.983590386297249e+06  3.610326541232264e+05  1.457464186714035e-03  6.585383766925606e-03  5.020376132769760e-03
  1.679999999999997e+01  -3.421609605177019e+06  2.368920279679214e+04  3.674752419512557e+06  7.752981967007791e+05  1.982072397114073e+06  3.605477135416219e+05  6.787602359825997e-04  4.595546049286857e-03  3.157335969510328e-03
  1.689999999999997e+01  -3.448898473003640e+06  2.774956556195990e+04  3.672584499739323e+06  7.745997254070148e+05  1.980593774255937e+06  3.630111170088936e+05  1.644978652419704e-03  3.058412146064189e-03  2.861056382572601e-04
  1.699999999999997e+01  -3.478527048438486e+06  2.739719528764575e+04  3.664560444741887e+06  7.804924496139064e+05  1.981064548168563e+06  3.733974144403974e+05  3.321045084697041e-03  2.022424708449530e-03  -3.442615291265855e-03
  1.709999999999997e+01  -3.495524314327922e+06  2.729042633643391e+04  3.648423270110677e+06  7.942347554828763e+05  1.979438287444202e+06  3.911784441616742e+05  4.342352505267039e-03  1.180305781062241e-03  -7.510287620874923e-03
  1.719999999999997e+01  -3.493922016232791e+06  2.818347504118634e+04  3.620666718409814e+06  8.092579882683919e+05  1.972201449730271e+06  4.086730383861047e+05  4.086747098622941e-03  6.543635801646933e-04  -1.101153217029312e-02
  1.729999999999998e+01  -3.481787297584685e+06  2.783652367403886e+04  3.584537391030834e+06  8.167632982726180e+05  1.962908193563856e+06  4.163409311936820e+05  3.103223862423041e-03  8.518949011330977e-04  -1.280702010902910e-02
  1.739999999999998e+01  -3.475388018847911e+06  2.340476398419029e+04  3.551091803851869e+06  8.150138489434266e+05  1.957859717775451e+06  4.106832063664066e+05  2.564742367734007e-03  1.600780034751228e-03  -1.211508061425989e-02
  1.749999999999998e+01  -3.485083564756703e+06  1.429873354241006e+04  3.531337970063218e+06  8.119797753276959e+05  1.958008189829169e+06  3.982379777820450e+05  3.099791171965141e-03  1.889342778339836e-03  -9.383301625813805e-03
  1.759999999999998e+01  -3.506040024590771e+06  3.304697672314579e+03  3.528003616909303e+06  8.168121228509912e+05  1.958410599484075e+06  3.900108178773237e+05  4.044230611124249e-03  7.896477093381181e-04  -6.151265380789498e-03
  1.769999999999998e+01  -3.522571352759526e+06  -4.953753956572631e+03  3.533733213126596e+06  8.301390523697321e+05  1.954219950993349e+06  3.910732509407004e+05  4.043840617100261e-03  -1.530472036783984e-03  -3.862986821923859e-03
  1.779999999999998e+01  -3.521395674872653e+06  -6.853630459592952e+03  3.538377765043412e+06  8.445828406153021e+05  1.945204223836811e+06  3.970735646762247e+05  2.519999660103221e-03  -3.915940847142869e-03  -2.896532577101293e-03
  1.789999999999998e+01  -3.501780735432837e+06  -3.172460152557372e+03  3.537272203057367e+06  8.527645073006244e+05  1.934723460641554e+06  3.994963668484068e+05  3.500198116587193e-04  -5.067270826781424e-03  -2.519159262897976e-03
  1.799999999999999e+01  -3.473542308475210e+06  6.999593614549285e+02  3.531816145824854e+06  8.528274840718758e+05  1.926227106932431e+06  3.937443921787528e+05  -1.078703430506486e-03  -4.341039220073869e-03  -1.944436328114129e-03
  1.809999999999999e+01  -3.447637703416888e+06  -4.808011429916587e+02  3.525860520819951e+06  8.475247759233473e+05  1.921652932711361e+06  3.821498522552571e+05  -1.276161119382827e-03  -2.172316230684441e-03  -1.208340765097790e-03
  1.819999999999999e+01  -3.430117326357405e+06  -7.485979056785596e+03  3.523325056489431e+06  8.405513229097954e+05  1.921269681504372e+06  3.697378971418752e+05  -9.058200920547778e-04  1.787038805960798e-04  -8.780770917921853e-04
  1.829999999999999e+01  -3.422871523131832e+06  -1.739950570598471e+04  3.528071672504695e+06  8.347359460293091e+05  1.923592104084020e+06  3.596813963190672e+05  -8.243600365166674e-04  1.410695496081753e-03  -1.306775886995300e-03
  1.839999999999999e+01  -3.425577155890352e+06  -2.722115679287400e+04  3.543323057984850e+06  8.312980419884047e+05  1.926462446669594e+06  3.521028931725195e+05  -1.201933503836174e-03  9.707714062203090e-04  -2.073604544009437e-03
  1.849999999999999e+01  -3.434929154758336e+06  -3.569944834096600e+04  3.567863138361008e+06  8.287528257377715e+05  1.928795984802729e+06  3.454983755140498e+05  -1.585877218278318e-03  -6.075065814390985e-04  -2.076897986766351e-03
  1.859999999999999e+01  -3.444537450496459e+06  -4.243425593280838e+04  3.595500017050518e+06  8.234250826657685e+05  1.930969903880446e+06  3.391812716885989e+05  -1.529661966996495e-03  -2.176187026855710e-03  -3.918864140542419e-04
  1.870000000000000e+01  -3.448407061171743e+06  -4.668161234457005e+04  3.619792640080306e+06  8.129108371060611e+05  1.933676544888101e+06  3.346655584342936e+05  -1.028895382897302e-03  -2.941783288669729e-03  2.784037394573550e-03
  1.880000000000000e+01  -3.444434550186802e+06  -4.777287665450843e+04  3.638303934345523e+06  7.991047860921044e+05  1.936873866462388e+06  3.352257619104700e+05  -4.318014633010061e-04  -2.938236191205633e-03  6.128151603536259e-03
  1.890000000000000e+01  -3.434616159163001e+06  -4.653516794305439e+04  3.652022626600841e+06  7.874274761547681e+05  1.940073514672224e+06  3.433521495532910e+05  -9.957310367265400e-05  -2.698764256678774e-03  8.177949391137229e-03
  1.900000000000000e+01  -3.421506093767966e+06  -4.520795398281403e+04  3.661568188182043e+06  7.824313885492089e+05  1.943085466352053e+06  3.583643150650128e+05  -2.463777284080187e-04  -2.627676662765000e-03  8.187442050521264e-03
  1.910000000000000e+01  -3.406739514104238e+06  -4.636578093224482e+04  3.665717312139146e+06  7.832537020141527e+05  1.945756526982158e+06  3.760249671470869e+05  -8.731022746610619e-04  -2.646545809794446e-03  6.339674750848010e-03
  1.920000000000000e+01  -3.393219381549153e+06  -5.177289066473116e+04  3.663125852694832e+06  7.839544352862244e+05  1.947407467008333e+06  3.907344076523469e+05  -1.796580345577855e-03  -2.453036771298461e-03  3.329184732145159e-03
  1.930000000000000e+01  -3.386518470652545e+06  -6.119595517452072e+04  3.653995948587264e+06  7.788261200412483e+05  1.947403135313096e+06  3.991801243727214e+05  -2.793010573683761e-03  -1.936879534000835e-03  -1.506343723669158e-04
  1.940000000000001e+01  -3.391879794216515e+06  -7.158378800536875e+04  3.640082583521892e+06  7.671926936448477e+05  1.946199924976784e+06  4.015579038761478e+05  -3.690289635701770e-03  -1.232514432391717e-03  -3.478352897873932e-03
  1.950000000000001e+01  -3.408280588858199e+06  -7.757833914121956e+04  3.623431008748783e+06  7.539125002114223e+05  1.945495596333538e+06  4.006225431361778e+05  -4.333916688585847e-03  -5.842525642647496e-04  -6.194632384378508e-03
  1.960000000000001e+01  -3.426492427623296e+06  -7.504767458426689e+04  3.605761999783630e+06  7.449879271747688e+05  1.946986279473668e+06  3.994909750090204e+05  -4.530055384491606e-03  -1.815651786100553e-04  -8.145073867041499e-03
  1.970000000000001e+01  -3.435185240763417e+06  -6.571259641374036e+04  3.588317353315560e+06  7.428029228492598e+05  1.950972724356691e+06  3.993617756051662e+05  -4.139530324563431e-03  -4.414945568786499e-05  -9.449951161088007e-03
  1.980000000000001e+01  -3.429624574054399e+06  -5.694295658162922e+04  3.571957141173481e+06  7.452710751636775e+05  1.956429352233995e+06  3.992324529819841e+05  -3.278198297003481e-03  -2.700442598876867e-05  -1.031220315833520e-02
  1.990000000000001e+01  -3.414976455038029e+06  -5.585164604851893e+04  3.557391111197805e+06  7.484962608554281e+05  1.961928148249201e+06  3.973091143338260e+05  -2.336671745431152e-03  8.408885759057739e-05  -1.070949189633748e-02
