TITLE = "Temporal Signal for receiver number 02736"
VARIABLES = "Time","xx","yy","zz","xy","yz","xz","u","v","w"
# x1       3.542049760000e+05
# x2       4.732906990000e+06
# x3       -8.500000000000e+03
  0.000000000000000e+00  0.000000000000000e+00  0.000000000000000e+00  0.000000000000000e+00  0.000000000000000e+00  0.000000000000000e+00  0.000000000000000e+00  0.000000000000000e+00  0.000000000000000e+00  0.000000000000000e+00
  1.000000000000000e-01  0.000000000000000e+00  0.000000000000000e+00  0.000000000000000e+00  0.000000000000000e+00  0.000000000000000e+00  0.000000000000000e+00  0.000000000000000e+00  0.000000000000000e+00  0.000000000000000e+00
  2.000000000000000e-01  0.000000000000000e+00  0.000000000000000e+00  0.000000000000000e+00  0.000000000000000e+00  0.000000000000000e+00  0.000000000000000e+00  0.000000000000000e+00  0.000000000000000e+00  0.000000000000000e+00
  3.000000000000000e-01  -5.456599579451857e-22  -4.162923744851531e-22  -8.522471345018845e-22  -1.596614666879433e-22  -1.586778542054043e-22  -3.861210310216973e-22  -4.745644127717262e-29  -2.074027356163752e-29  -6.177746876500183e-29
  4.000000000000000e-01  -4.551079284742790e-13  -3.657101068735138e-13  -7.454382009088030e-13  7.552874951245073e-16  -6.417878067691599e-14  8.608352774142115e-15  -2.075625938068443e-20  -2.829690292858846e-20  -7.640858256325514e-20
  5.000000000000000e-01  4.448519477928138e-10  6.033732323679180e-10  8.166979639540242e-10  -5.082140461448958e-11  2.080480959616931e-10  -4.034057973135198e-11  1.005537634153541e-17  3.746636526570779e-17  6.860165086905617e-17
  6.000000000000000e-01  -2.425266270828003e-08  -3.645188972780610e-08  -2.000661019233001e-08  9.324424742373319e-09  -1.239059927949117e-08  1.501220253460191e-08  5.737789308758822e-16  -2.069336479062457e-15  -2.094347808870485e-15
  7.000000000000000e-01  -9.584951266670826e-07  -5.257015155730193e-07  -1.632902486265420e-06  -1.413755238397523e-07  -1.712625788808108e-07  -4.088353416318208e-07  -7.159975347178752e-14  -1.331150946759192e-14  -1.184361376698660e-13
  7.999999999999999e-01  1.054224459784952e-05  1.299816588864407e-05  1.573768658235183e-05  9.152703519491344e-08  5.734550929916463e-06  7.271431134922917e-07  2.356189187543804e-13  7.099595752059489e-13  1.121023657576338e-12
  8.999999999999999e-01  1.068924936821747e-04  6.400657517447426e-05  1.688067809208043e-04  2.200906947399669e-06  2.052773308353953e-05  2.490946023688838e-05  3.570837701779223e-12  1.447278818493726e-12  1.275937792404393e-11
  9.999999999999999e-01  1.044495483478650e-03  5.975690891108985e-04  1.074389003667436e-03  1.533970134950264e-04  7.570878385557118e-05  4.336749562403761e-04  7.664865011187910e-11  2.098062691777883e-11  1.053454711436078e-10
  1.100000000000000e+00  1.398148755121174e-02  7.694096608516635e-03  1.082132741728226e-02  1.378097449559850e-03  8.137126269200596e-04  5.600029018417971e-03  1.145104553004859e-09  1.977775463481002e-10  9.582129924614112e-10
  1.200000000000000e+00  9.445699505056866e-02  4.983735376369368e-02  6.866975696402471e-02  7.233644955420331e-03  4.023188838133306e-03  3.453422461414973e-02  7.525649043016017e-09  1.180587096259262e-09  5.542612301393757e-09
  1.300000000000000e+00  2.515547471581661e-01  1.395374700989327e-01  1.930983584425018e-01  2.213063719178631e-02  1.134757077841999e-02  9.277830117883448e-02  2.040776332178200e-08  3.856083415974682e-09  1.521021074497067e-08
  1.400000000000000e+00  5.549022948671947e-01  3.084541010743105e-01  3.912680120453382e-01  6.380258993628672e-02  1.184896248335961e-02  1.747479908759016e-01  4.480225836707622e-08  1.048133137696842e-08  2.976845429515390e-08
  1.500000000000000e+00  6.068602643968067e-01  4.354009370301588e-01  9.122787775498277e-01  1.649072047265096e-01  3.717094841959248e-02  2.862312348847235e-01  5.155844457211861e-08  1.921356392168706e-08  4.324372308144409e-08
  1.600000000000000e+00  -1.941984400453330e+01  -9.294015668727502e+00  -1.396221243035937e+01  -8.630905956046996e-01  -4.039347039511355e-01  -6.934551496951860e+00  -1.487581218051389e-06  -1.538164265820677e-07  -1.027744275442550e-06
  1.700000000000000e+00  5.278677464932536e+01  2.342766751198705e+01  3.534505422354688e+01  6.548193937200835e-01  9.332630516212945e-01  1.831045859772416e+01  4.003055368452569e-06  2.202489546506319e-07  2.739418914958347e-06
  1.800000000000000e+00  -6.232130380128455e+02  -2.660683921934181e+02  -4.276982866856534e+02  -1.508283429991023e+01  -1.122935784226643e+01  -2.367624511300508e+02  -4.492920113501589e-05  -2.084493293551666e-06  -3.048515608561169e-05
  1.900000000000001e+00  -1.627013869073117e+03  -6.306696377476923e+02  -1.107890914040529e+03  -1.206394810638209e+01  -1.345690646517216e+01  -6.897166914047430e+02  -1.171775452233036e-04  -1.335304341130278e-06  -8.119818328047025e-05
  2.000000000000000e+00  -2.164858602644214e+03  -6.941225627833497e+02  -1.396323848581641e+03  4.027178831919306e+01  6.370945009846992e+00  -1.077022298585047e+03  -1.595398948952558e-04  4.676577127377683e-06  -1.111392866432686e-04
  2.100000000000001e+00  -2.240430947016217e+03  -5.092560103254067e+02  -1.335304687573236e+03  1.208835810507036e+02  3.929013874746730e+01  -1.365769924653925e+03  -1.704516283830234e-04  1.319111331918824e-05  -1.196251848526250e-04
  2.200000000000001e+00  -3.225143502875843e+03  -6.791671072924033e+02  -1.951227415433793e+03  1.958888477461105e+02  5.293561496876411e+01  -2.064498300489550e+03  -2.433056797607464e-04  1.970071243626337e-05  -1.784215823679121e-04
  2.300000000000001e+00  -4.417623748766263e+03  -8.279871331402046e+02  -2.615080824445011e+03  2.708473358822569e+02  7.307933731468466e+01  -2.905745194401561e+03  -3.332883145337365e-04  2.477925131300653e-05  -2.425984556870955e-04
  2.400000000000001e+00  -6.263421195258186e+03  -1.167248047524751e+03  -3.856465913883368e+03  4.596195595204344e+02  1.219039457541281e+02  -4.241840735391270e+03  -4.681588434855911e-04  4.440572232812330e-05  -3.543115565513377e-04
  2.500000000000001e+00  -1.360506574428244e+04  -3.552870271758558e+03  -8.901024721834547e+03  7.494396002677817e+02  7.882422181708829e+01  -8.218022189725089e+03  -9.998243068000258e-04  6.504770548568996e-05  -7.581499714407957e-04
  2.600000000000001e+00  -4.749693511150328e+04  -1.592901487499308e+04  -2.914510073077811e+04  -3.895530389951760e+02  -3.189871574593649e+02  -2.134922161017982e+04  -3.484203014515122e-03  -8.974780338583426e-05  -2.229566996859617e-03
  2.700000000000001e+00  -1.315048791493617e+05  -4.628251692257940e+04  -8.259742903586348e+04  -1.648396161488379e+03  -8.408303436432892e+02  -5.668740041401241e+04  -9.393063840778922e-03  -1.958474026451650e-04  -6.075511782475774e-03
  2.800000000000001e+00  -5.088193247108891e+05  -1.789161023455259e+05  -2.892159297595570e+05  -4.879153729083007e+03  -6.313978648531345e+03  -1.996084246709987e+05  -3.648493891970885e-02  -6.443062286228136e-04  -2.150922552736651e-02
  2.900000000000001e+00  -1.701927100515342e+06  -5.452780010615501e+05  -7.370412732188444e+05  -4.396873103471877e+04  -1.842764332834244e+04  -4.488403635415264e+05  -1.196050141064424e-01  -4.747389524284875e-03  -4.473265755644894e-02
  3.000000000000001e+00  -2.672963325744252e+06  -6.613735768996672e+05  -7.967312508434866e+05  -8.257098365591603e+04  -2.420775160901727e+04  -5.422153271201191e+05  -1.831835752050543e-01  -7.618562923375430e-03  -4.193307655171558e-02
  3.100000000000001e+00  -2.006595704269752e+06  -1.510506603180030e+05  -1.807070374445124e+05  -6.614180932554118e+04  -4.370734124500660e+04  -5.869084846015754e+05  -1.329362416043808e-01  -4.225092438679618e-03  -3.509344808069391e-02
  3.200000000000002e+00  -2.522797696076789e+06  -1.219936342071882e+05  -2.259933924621014e+04  -1.224649954085564e+05  -6.657283305551596e+04  -8.275481248851364e+05  -1.621895652696902e-01  -7.653881991729593e-03  -4.569582532193472e-02
  3.300000000000002e+00  -2.921733003212112e+06  -3.582926622175385e+04  1.358472819767683e+05  -2.758241908740535e+05  -1.336480826825536e+05  -1.062748095926310e+06  -1.793832218287561e-01  -2.303133712575512e-02  -5.787466163603128e-02
  3.400000000000002e+00  -3.526905253256988e+06  5.335991444926990e+04  3.990992976165768e+05  -1.949559069867038e+05  -1.626178510416425e+05  -1.151445159661019e+06  -2.090337177161346e-01  -4.869688965202672e-03  -4.999143463848803e-02
  3.500000000000002e+00  -4.258103501744306e+06  2.646498840591912e+05  1.021789382748030e+06  -3.315665769128063e+05  -1.942711305866006e+05  -1.582312557943951e+06  -2.457845556693751e-01  -1.442350524294804e-02  -6.382054970936756e-02
  3.600000000000002e+00  -4.230194310814564e+06  9.239815201587552e+04  9.444071140730815e+05  -1.210274073686386e+06  -5.263484986858178e+05  -2.408754855274576e+06  -2.315867503977271e-01  -1.192307330027969e-01  -1.390710359484769e-01
  3.700000000000002e+00  -3.242028417117968e+06  -9.211991566034489e+04  3.277831673063428e+05  -1.655236879268888e+06  -7.414338727509268e+05  -2.117100743463022e+06  -1.516934001708019e-01  -1.693595371927079e-01  -1.177348677812005e-01
  3.800000000000002e+00  -2.721617771137876e+06  -1.090762670051086e+05  1.973535531529506e+05  -1.219384561645439e+06  -5.360905082051060e+05  -1.200976528908734e+06  -1.060963834738815e-01  -1.078856661542366e-01  -9.027128892014754e-03
  3.900000000000002e+00  -2.685459978932171e+06  4.705175840155415e+04  2.963683600044441e+05  -7.028186563925069e+05  -2.815216038135834e+05  -9.861375832324033e+05  -9.497270469415675e-02  -3.281980556938065e-02  2.966316136899608e-02
  4.000000000000002e+00  -2.674554761221534e+06  1.237909998213400e+05  9.660860899739170e+04  -5.503829220621672e+05  -2.654894580376710e+05  -1.184571286092321e+06  -8.843371204226343e-02  -9.533069479413120e-03  2.145024896110141e-03
  4.100000000000001e+00  -2.711963733467843e+06  1.764262295065390e+05  -1.659316750493327e+05  -4.861022154167502e+05  -2.631660644001282e+05  -1.323609759474321e+06  -8.028954307073707e-02  -5.460374815292850e-04  -1.110819165662289e-02
  4.200000000000001e+00  -2.689276793703480e+06  2.859844921351415e+05  -3.864394106614363e+05  -3.423173774542552e+05  -2.092191744654145e+05  -1.371302371416517e+06  -7.316825498873657e-02  1.730778103387257e-02  -1.475739483901775e-02
  4.300000000000001e+00  -2.529395390720862e+06  3.352293723878369e+05  -5.652290839754794e+05  -1.891591494464293e+05  -1.101466927142946e+05  -1.300854071292871e+06  -5.394325766133981e-02  2.376182965767277e-02  -8.450401763801638e-03
  4.400000000000000e+00  -2.401208827030353e+06  2.719683096850911e+05  -6.831295404125141e+05  -6.176992890384227e+04  2.712503226126594e+04  -1.223137995348639e+06  -3.242916706121280e-02  1.843668201923873e-02  4.582174398571256e-03
  4.500000000000000e+00  -2.167201347705395e+06  2.629102384742975e+05  -6.657220495451570e+05  -5.198829139374194e+04  2.984912836106954e+04  -1.186068701409570e+06  -1.181060554424865e-02  8.254456702953789e-03  4.318849963419015e-03
  4.600000000000000e+00  -2.004203742433960e+06  2.710405133873470e+05  -6.685124874767128e+05  -9.339240949798730e+04  -1.809278402991613e+04  -1.189950487678759e+06  1.122952760522677e-03  -7.534941180093106e-04  -2.125312070873935e-03
  4.699999999999999e+00  -2.012373778450296e+06  1.972513964859265e+05  -7.855042381665665e+05  -7.860163394708288e+04  -2.602361254921767e+04  -1.202454007959144e+06  4.110413677445890e-03  -3.491585456086714e-03  -8.449684513727572e-03
  4.799999999999999e+00  -2.028783288585346e+06  1.877320270366400e+05  -8.441854116629983e+05  -9.261030093049264e+04  -7.039274897728303e+04  -1.193674475761378e+06  3.868734678342837e-03  -9.663293511528691e-03  -1.297021663111858e-02
  4.899999999999999e+00  -2.048414541918613e+06  2.297597340828326e+05  -8.121599663087818e+05  -1.212596979611863e+05  -1.278812332644783e+05  -1.197954655971038e+06  2.012801039962872e-03  -1.440345951022469e-02  -1.240587412726610e-02
  4.999999999999998e+00  -2.105538512502680e+06  2.653229567166027e+05  -8.354115634068573e+05  -1.144485376078345e+05  -1.539422485691281e+05  -1.233772281468661e+06  8.635169028481091e-04  -1.312929293560469e-02  -1.234072666007339e-02
  5.099999999999998e+00  -2.146330633699903e+06  3.195966627294050e+05  -8.784588210297724e+05  -1.085081200554089e+05  -1.586326629702821e+05  -1.239746853515453e+06  3.739728096626001e-04  -8.765409015726288e-03  -9.007537067352448e-03
  5.199999999999998e+00  -2.210303760884934e+06  3.282091785314130e+05  -8.542295791390605e+05  -1.606586928045622e+05  -1.398439742413037e+05  -1.203915375756326e+06  -4.909929608994970e-03  -1.308231159771243e-02  1.090179658735480e-03
  5.299999999999997e+00  -2.299870088753311e+06  2.875211902389904e+05  -7.404725041633828e+05  -2.659405470749734e+05  -1.134399942676981e+05  -1.171297966712187e+06  -1.358210585990831e-02  -2.675586195398718e-02  1.364766088541780e-02
  5.399999999999997e+00  -2.363656051821599e+06  2.482594646680341e+05  -6.521670705205838e+05  -3.415299403357308e+05  -1.090215483787430e+05  -1.156182055700517e+06  -1.916083071494713e-02  -3.169628929897523e-02  2.095169723873290e-02
  5.499999999999996e+00  -2.417277833591059e+06  3.044237916846852e+05  -7.378256684429608e+05  -4.097806718055560e+05  -1.364849055859558e+05  -1.209559898674065e+06  -1.987983993681797e-02  -3.530417078507782e-02  1.059253644430438e-02
  5.599999999999996e+00  -2.420055637922362e+06  4.029467204298262e+05  -9.126478926348489e+05  -4.541063792676146e+05  -1.653833679432870e+05  -1.258009106975036e+06  -1.671380077880244e-02  -3.813801836540540e-02  -3.377837788799741e-03
  5.699999999999996e+00  -2.281159247307276e+06  2.756151398577430e+05  -1.056634690954775e+06  -3.088581043529715e+05  -1.662424722640446e+05  -1.149665755062243e+06  -3.242890826359413e-04  -1.229127512764933e-02  -4.748926653211547e-03
  5.799999999999995e+00  -1.944827140319184e+06  3.186522653387007e+05  -1.135740644306438e+06  2.230180433448000e+04  -1.422212083773576e+04  -9.395380258806515e+05  3.703586582766007e-02  4.970485273010235e-02  -5.697985707553657e-03
  5.899999999999995e+00  -1.526358701558079e+06  1.545929917909085e+06  -7.959129208766880e+05  3.250692970337435e+05  5.875198427239311e+05  -7.714060564906644e+05  7.484561856837213e-02  1.488706035199764e-01  1.541884842491328e-02
  5.999999999999995e+00  -3.665081054554085e+05  6.652739942553491e+06  -6.574495720143310e+05  -1.213507457740410e+06  2.907025098778743e+06  -7.169081500495744e+05  -4.070915598470188e-02  5.232082953551890e-01  3.937237873978621e-02
  6.099999999999994e+00  -3.227714997969562e+06  3.200166255319444e+06  1.206603340211038e+07  5.775972159783456e+04  5.054832144568433e+06  -3.034535292546135e+06  2.383865463011681e-01  9.772875450207633e-02  1.092534271735313e+00
  6.199999999999994e+00  1.060864917044288e+06  1.512719769406631e+06  1.084277357837373e+07  5.319298622429260e+05  4.266828310824011e+06  -1.310207208661360e+06  -1.179198189689667e-01  -1.776314531638818e-01  5.647143984086249e-01
  6.299999999999994e+00  2.208026910696006e+06  1.566595979832105e+06  7.557631668143418e+06  3.581334413907230e+05  4.926068068219366e+06  -1.754929149022251e+06  -3.830714164758122e-01  -1.718700661929941e-01  1.245109400323498e-01
  6.399999999999993e+00  2.011647281851513e+06  2.512917645236403e+06  6.951634063949168e+06  2.185561281665874e+05  4.378393843251006e+06  -2.633952130022654e+06  -3.090561879602449e-01  -1.622373092295372e-01  3.990113523233675e-02
  6.499999999999993e+00  2.357198147742866e+06  3.161719126520711e+06  6.129551719806725e+06  6.041670585037105e+05  4.375393532934687e+06  -2.088403463495099e+06  -1.221370226540985e-01  -6.031493583965907e-02  -2.935573463721486e-02
  6.599999999999993e+00  2.715753602183935e+06  3.491360891920147e+06  5.643519866493654e+06  9.426650546606310e+05  4.507312373808260e+06  -1.467404471356255e+06  -1.710985585838335e-04  1.582881649310621e-02  -7.556278232968981e-02
  6.699999999999992e+00  2.872642840719076e+06  3.637631971939893e+06  5.702156701460912e+06  9.690404386074181e+05  4.644436762669192e+06  -1.331994577024300e+06  2.956089172162837e-02  3.045998132241375e-02  -6.092063003795437e-02
  6.799999999999992e+00  2.813202223539361e+06  3.638694807637198e+06  5.901649391510577e+06  9.339014695625352e+05  4.579540374226454e+06  -1.376447589619160e+06  3.833932756095580e-02  2.318663856107520e-02  -5.773149123100915e-02
  6.899999999999991e+00  2.785224602176511e+06  3.685701409609401e+06  5.989829203816259e+06  9.458731017198927e+05  4.560763136853145e+06  -1.358158575798189e+06  3.308040228138515e-02  1.862996180713681e-02  -5.404872223588844e-02
  6.999999999999991e+00  2.869963194837077e+06  3.688081156473213e+06  5.995222352089155e+06  9.201230839235190e+05  4.582057628245826e+06  -1.275798957469311e+06  2.555595276057840e-02  1.405513216053420e-02  -4.247113725797144e-02
  7.099999999999991e+00  2.828638153066383e+06  3.691575919064008e+06  6.095449307896379e+06  9.387721229126460e+05  4.511421394338334e+06  -1.340068038737497e+06  3.098212309676942e-02  1.176337614266316e-02  -3.770953227776318e-02
  7.199999999999990e+00  2.805618430761488e+06  3.730365145888636e+06  6.048656515245316e+06  9.134319391289838e+05  4.498276023613571e+06  -1.367996608249364e+06  2.880318030654618e-02  4.124165156310904e-03  -3.732682051856346e-02
  7.299999999999990e+00  2.904602693231331e+06  3.636532346983352e+06  6.054439914082094e+06  8.499820864304747e+05  4.533631714805072e+06  -1.329937321746976e+06  3.545036037389818e-02  5.946812695039558e-03  -4.145491839150135e-02
  7.399999999999990e+00  2.932737557899311e+06  3.647726018072441e+06  5.993620492792043e+06  8.949310730387195e+05  4.489521915978647e+06  -1.256855720719226e+06  3.974299695330876e-02  8.836323042205777e-03  -4.284645542875454e-02
  7.499999999999989e+00  2.918876938026799e+06  3.636732536228103e+06  5.983861445260612e+06  9.456376091197054e+05  4.541952266446578e+06  -1.220080584915209e+06  4.411503022650298e-02  1.369545005010671e-02  -3.948757293626436e-02
  7.599999999999989e+00  2.990476945315871e+06  3.546191512846903e+06  5.932649507634116e+06  9.794009022150805e+05  4.627366524870637e+06  -1.203719518366471e+06  4.800958832823891e-02  2.301497475944782e-02  -4.147982068696891e-02
  7.699999999999989e+00  3.057478268451293e+06  3.523646442132330e+06  5.907289660823760e+06  1.064668889696368e+06  4.606594247500136e+06  -1.130787119921444e+06  5.062640389788071e-02  2.975392694694716e-02  -3.616006319594996e-02
  7.799999999999988e+00  3.098330390719195e+06  3.497130735582214e+06  6.033312998444562e+06  1.065971134840596e+06  4.534430084378485e+06  -1.044881706661131e+06  5.436385988582557e-02  2.487010015203896e-02  -2.896529233866261e-02
  7.899999999999988e+00  3.166064339179225e+06  3.454762271785032e+06  6.117278990405134e+06  1.007481303228215e+06  4.545988143071717e+06  -9.752601613088779e+05  7.075719165316857e-02  1.836103825984956e-02  -2.626211393873634e-02
  7.999999999999988e+00  3.198196227932428e+06  3.486364530304728e+06  6.124668342468035e+06  1.031666410788869e+06  4.564323970055727e+06  -8.951040703495551e+05  8.601696917900567e-02  1.298636506119151e-02  -2.301167101039699e-02
  8.099999999999987e+00  3.221046210954510e+06  3.474967337888244e+06  6.110834720055397e+06  1.075988201064128e+06  4.517419516140115e+06  -7.903550917989516e+05  8.447782852095259e-02  9.011836954280348e-03  -2.096416225105880e-02
  8.199999999999987e+00  3.244636330295604e+06  3.378662332752520e+06  6.106579661195670e+06  1.051674689456317e+06  4.448741111137508e+06  -7.168181412380759e+05  7.850148380910349e-02  6.506644511242200e-03  -2.220898946942197e-02
  8.299999999999986e+00  3.202880439603049e+06  3.325437603335925e+06  6.154783495360924e+06  1.026971934600116e+06  4.402975712554343e+06  -7.009573609896883e+05  7.471849854649348e-02  -1.561420890186524e-03  -1.596760766811748e-02
  8.399999999999986e+00  3.155230394078058e+06  3.319520560897199e+06  6.255694609885887e+06  1.010595189514354e+06  4.385247935611004e+06  -7.357959043439461e+05  6.409292508766626e-02  -1.104790171017691e-02  -5.366078089950663e-03
  8.499999999999986e+00  3.064064322113045e+06  3.291294653519338e+06  6.349186114502504e+06  9.712245025624344e+05  4.371805538643288e+06  -7.816038536510400e+05  4.960010737811001e-02  -1.441257039859779e-02  3.745394744967301e-03
  8.599999999999985e+00  2.964386318954998e+06  3.277916385637869e+06  6.379765455264646e+06  9.567133450053144e+05  4.343942427737705e+06  -7.722799734062416e+05  4.006366621864957e-02  -1.329201412440887e-02  1.065740498461152e-02
  8.699999999999985e+00  2.899268348215957e+06  3.224785687716404e+06  6.432964451269118e+06  9.681316223133757e+05  4.327629029762244e+06  -7.593197470376013e+05  2.674623470555298e-02  -1.278741029250236e-02  1.126122028771133e-02
  8.799999999999985e+00  2.778547407465155e+06  3.146948398929816e+06  6.553061014646471e+06  9.428411177283018e+05  4.340631602958461e+06  -8.229847414639354e+05  1.034949032519037e-02  -1.456945245734044e-02  1.010091705467153e-02
  8.899999999999984e+00  2.641311842001623e+06  3.132514843132976e+06  6.604143903775028e+06  8.992287449233987e+05  4.322828764384370e+06  -8.689877167901887e+05  -1.509833717214936e-03  -1.963124768726386e-02  1.347463583237543e-02
  8.999999999999984e+00  2.595545501129597e+06  3.162275124925741e+06  6.578951041184765e+06  9.027692661609766e+05  4.298124424675765e+06  -8.723984318206661e+05  -9.956433928442338e-03  -2.124342506349760e-02  2.350998347056324e-02
  9.099999999999984e+00  2.560883810670042e+06  3.182472717259098e+06  6.582731467600594e+06  9.278687744134768e+05  4.315826364533825e+06  -9.337469814006282e+05  -1.985596784509037e-02  -1.304890561108060e-02  3.332536974524785e-02
  9.199999999999983e+00  2.482546008696327e+06  3.211564059762245e+06  6.608733575850082e+06  9.134755956111512e+05  4.356119058461444e+06  -9.969265044233205e+05  -2.925715595535051e-02  -5.509889527146158e-03  3.092067095794196e-02
  9.299999999999983e+00  2.413743443646798e+06  3.246877946095879e+06  6.593796705964072e+06  8.879916831537994e+05  4.408875290074321e+06  -9.731882856082371e+05  -3.261157307693588e-02  -6.482784841016888e-03  1.756755034859803e-02
  9.399999999999983e+00  2.428295105055845e+06  3.244357860576465e+06  6.531359389638103e+06  8.728036157932950e+05  4.426980917883107e+06  -9.333645389528963e+05  -3.460670015063653e-02  -7.489886800716774e-03  6.370615622266645e-03
  9.499999999999982e+00  2.487268131976101e+06  3.195093536560570e+06  6.434085691215322e+06  8.995137463042163e+05  4.401532933086050e+06  -9.099639334429584e+05  -3.060734535299277e-02  1.094577764302530e-03  4.969804779366369e-03
  9.599999999999982e+00  2.494991251058477e+06  3.196708313176590e+06  6.313468799366790e+06  9.709193940707757e+05  4.393399741844943e+06  -8.748470116610592e+05  -1.588673305536322e-02  1.586169056390678e-02  5.577537524937476e-03
  9.699999999999982e+00  2.455538313398206e+06  3.264753791360117e+06  6.177995352960919e+06  1.007279316694930e+06  4.386185599527366e+06  -8.339788241219725e+05  -3.533536066551939e-03  2.187368150510494e-02  -2.926470653129922e-03
  9.799999999999981e+00  2.423151487201430e+06  3.345005692603516e+06  6.141711908981203e+06  9.986613936497085e+05  4.314706176568137e+06  -7.839689494829000e+05  8.358631183440857e-04  1.507492843161337e-02  -1.197589396607473e-02
  9.899999999999981e+00  2.458714329582233e+06  3.431624073032124e+06  6.317031910352836e+06  1.004814429858815e+06  4.228341566939631e+06  -7.763268372735624e+05  -1.299294951872224e-03  6.555921438075689e-03  -5.487589860987583e-03
  9.999999999999980e+00  2.542464198212811e+06  3.460874225983599e+06  6.493287786144930e+06  1.019020229808206e+06  4.191512107094160e+06  -8.399164665230890e+05  -9.418307863536961e-03  1.426246997427297e-03  3.411029251164336e-03
  1.009999999999998e+01  2.609798219842738e+06  3.425369720431730e+06  6.492095035955141e+06  1.009940932565154e+06  4.172536880186062e+06  -9.197052825797887e+05  -1.623412479698232e-02  -2.932911269067189e-03  -1.450060533389122e-03
  1.019999999999998e+01  2.663526771012275e+06  3.427198819214251e+06  6.443677996840449e+06  9.966390014869510e+05  4.148706259591121e+06  -9.913997392828530e+05  -1.873365031727807e-02  -6.123153791396319e-03  -8.734964595311539e-03
  1.029999999999998e+01  2.710657262348953e+06  3.462854459379668e+06  6.390814000090870e+06  1.005902252783344e+06  4.140092621570194e+06  -1.058641047617892e+06  -2.307664061424473e-02  -6.240861078700056e-03  -1.201147791801205e-02
  1.039999999999998e+01  2.735492659083380e+06  3.498908634185995e+06  6.334763374058721e+06  1.033567142905231e+06  4.152112818986036e+06  -1.090409908833406e+06  -2.845378788677058e-02  -3.722061850151121e-03  -1.355723251603060e-02
  1.049999999999998e+01  2.717646342795281e+06  3.548191270966491e+06  6.345577019814282e+06  1.047838398168020e+06  4.176114294183538e+06  -1.069037373468490e+06  -2.604768566055793e-02  -6.024475655241984e-05  -1.076386627040635e-02
  1.059999999999998e+01  2.671592744672386e+06  3.585945451779844e+06  6.443334535407195e+06  1.023447746387056e+06  4.207963514238724e+06  -1.034432424920827e+06  -1.493051554562546e-02  3.340207426668617e-03  -2.667207234896769e-03
  1.069999999999998e+01  2.618002886571210e+06  3.590653999204942e+06  6.582846065860648e+06  9.774660560152405e+05  4.249152254427213e+06  -1.020627950697853e+06  -2.493756421228224e-03  7.745126458511413e-03  5.435792892952001e-03
  1.079999999999998e+01  2.564284247192274e+06  3.595429808979663e+06  6.720877374898377e+06  9.535083845314955e+05  4.312566856152124e+06  -1.009750194653802e+06  6.916538329462762e-03  1.447140746989082e-02  9.847252019401349e-03
  1.089999999999998e+01  2.518712840752981e+06  3.613262931457399e+06  6.856443764563842e+06  9.627102053685533e+05  4.391962817193448e+06  -9.839381525124070e+05  1.165178733841062e-02  2.069532400463470e-02  1.339772379696062e-02
  1.099999999999998e+01  2.476891130907795e+06  3.613001531028104e+06  6.987301293003378e+06  9.667893771862518e+05  4.455229904123259e+06  -9.682387618794871e+05  1.212669291228046e-02  2.385592747936968e-02  1.999957287080831e-02
  1.109999999999998e+01  2.446255192350234e+06  3.587447262141342e+06  7.091393409730535e+06  9.354331248553762e+05  4.496857788250221e+06  -9.963653070495880e+05  1.022005894841825e-02  2.551725527656475e-02  2.939745706241807e-02
  1.119999999999998e+01  2.452271245374566e+06  3.566458718740948e+06  7.145234742016790e+06  8.896488591540498e+05  4.534178056009399e+06  -1.056887461500250e+06  5.706268907990309e-03  2.815830160242129e-02  3.591519462708055e-02
  1.129999999999998e+01  2.477582789249335e+06  3.559993417857767e+06  7.148838174019826e+06  8.744952346027620e+05  4.565901168103994e+06  -1.107516868208473e+06  -3.412589903417713e-04  3.110559669525552e-02  3.558434974046440e-02
  1.139999999999998e+01  2.470238887083079e+06  3.555428361766621e+06  7.156779406813590e+06  8.991559659810496e+05  4.578981547853108e+06  -1.136698288674649e+06  -4.586459405719498e-03  3.146927238742543e-02  3.357859734608034e-02
  1.149999999999998e+01  2.405949095558637e+06  3.540114800018888e+06  7.198524830672265e+06  9.258986612699631e+05  4.573719261149921e+06  -1.163391684358350e+06  -5.405002968117363e-03  2.807467596283241e-02  3.495890211266616e-02
  1.159999999999997e+01  2.322043970426213e+06  3.511512318555424e+06  7.245965652531276e+06  9.251752840120285e+05  4.567207570593181e+06  -1.180677119838420e+06  -2.853684834056587e-03  2.295194344582121e-02  3.720145777696299e-02
  1.169999999999997e+01  2.263517820805570e+06  3.479072097965105e+06  7.260876328189325e+06  9.028370859555654e+05  4.570789999181025e+06  -1.169906516720654e+06  1.949841083300289e-03  1.930436063158816e-02  3.663586168905326e-02
  1.179999999999997e+01  2.235377156251959e+06  3.458199431540404e+06  7.244654572575145e+06  8.669890680073397e+05  4.579486268728804e+06  -1.148481116959006e+06  6.132815796411678e-03  1.853127640455789e-02  3.447471696671218e-02
  1.189999999999997e+01  2.222205884479620e+06  3.446544561400294e+06  7.233825430488389e+06  8.250829420270276e+05  4.584902276435994e+06  -1.138523266516041e+06  7.834956620272920e-03  1.879146116271486e-02  3.299219674039754e-02
  1.199999999999997e+01  2.214495666212494e+06  3.430212593600104e+06  7.242958883143373e+06  7.988707251646462e+05  4.585388420822478e+06  -1.127066918317815e+06  8.444425840029468e-03  1.748277488355655e-02  3.219894650226669e-02
  1.209999999999997e+01  2.215995339601649e+06  3.410606172854665e+06  7.253571630920561e+06  7.960600221458008e+05  4.582236030182355e+06  -1.107654667374136e+06  9.039124811946020e-03  1.411154224402181e-02  3.196211552938966e-02
  1.219999999999997e+01  2.235567093266285e+06  3.399121002727394e+06  7.244182892911289e+06  8.021142368590592e+05  4.574001460810886e+06  -1.107432844470198e+06  9.511150331779409e-03  1.010100064985085e-02  3.228548592066634e-02
  1.229999999999997e+01  2.272674700902684e+06  3.392105464562148e+06  7.198998573273447e+06  8.100092634162265e+05  4.559564528365071e+06  -1.141133862009675e+06  1.064538615727599e-02  6.983667904413058e-03  3.134596099407866e-02
  1.239999999999997e+01  2.331891081780734e+06  3.377017068465022e+06  7.122758873655705e+06  8.209976187848829e+05  4.545139855188129e+06  -1.185724406000346e+06  1.170885740432579e-02  4.546941892866329e-03  2.735614326421880e-02
  1.249999999999997e+01  2.416726079960162e+06  3.352785564106309e+06  7.038639783658416e+06  8.332040440170179e+05  4.533372773429473e+06  -1.216325071082985e+06  9.679455595713321e-03  9.296959992454360e-04  2.085724577679208e-02
  1.259999999999997e+01  2.490530078771316e+06  3.334606981396452e+06  6.952838168460522e+06  8.513330693521407e+05  4.506848497696181e+06  -1.233073934830398e+06  3.865511971881999e-03  -5.404228673020513e-03  1.281357773381534e-02
  1.269999999999997e+01  2.512171083821729e+06  3.338054219985439e+06  6.866399321535545e+06  8.822018246237085e+05  4.450005639366930e+06  -1.253750480554829e+06  -4.061644814499655e-03  -1.390137269623971e-02  4.135574075173127e-03
  1.279999999999997e+01  2.502876777460698e+06  3.354124861601692e+06  6.794629227758124e+06  9.179282884092303e+05  4.382011317617484e+06  -1.292358690310329e+06  -1.373060602413790e-02  -2.251358301989172e-02  -3.299221095674800e-03
  1.289999999999997e+01  2.510728396855103e+06  3.358471835277231e+06  6.743196370810095e+06  9.428553511866032e+05  4.339883051762599e+06  -1.336351111292097e+06  -2.368720139000021e-02  -2.917010080422247e-02  -7.579276869797411e-03
  1.299999999999997e+01  2.538946519717884e+06  3.349048746249341e+06  6.714335843700952e+06  9.503270140456468e+05  4.337849309283835e+06  -1.347553999559380e+06  -2.857706442699334e-02  -3.216921700838677e-02  -7.519117528006533e-03
  1.309999999999997e+01  2.554144187144613e+06  3.338559610205710e+06  6.716741998265019e+06  9.432977924452972e+05  4.358927686092383e+06  -1.298424361090678e+06  -2.421232054710173e-02  -3.122837293788589e-02  -3.729492221770157e-03
  1.319999999999997e+01  2.543629745955494e+06  3.328877387426509e+06  6.742281734129312e+06  9.294423303863016e+05  4.379515711393903e+06  -1.207013677180625e+06  -1.338749869346133e-02  -2.776416179210659e-02  7.453346145566306e-04
  1.329999999999997e+01  2.526447457540480e+06  3.319004874817899e+06  6.767027769938722e+06  9.160551539689683e+05  4.389343925783020e+06  -1.125863095052089e+06  -3.053925242889921e-03  -2.316227274338218e-02  2.611976851131838e-03
  1.339999999999997e+01  2.513513894267915e+06  3.311560285199068e+06  6.779221434848446e+06  9.071365062507776e+05  4.392647847550469e+06  -1.095354795957951e+06  2.637081854578882e-03  -1.798403324191499e-02  1.344157165876502e-03
  1.349999999999997e+01  2.502218224630941e+06  3.305871035815552e+06  6.784826790357209e+06  9.052111688807735e+05  4.396534671434683e+06  -1.112740029841441e+06  4.100658916815121e-03  -1.317563320535504e-02  -9.036054396080514e-04
  1.359999999999997e+01  2.501163192211596e+06  3.298374098337547e+06  6.783156353881462e+06  9.069177810286202e+05  4.397795097641771e+06  -1.147682950283353e+06  2.070855957522852e-03  -1.085774000066465e-02  -3.088116339554792e-03
  1.369999999999997e+01  2.520748358617394e+06  3.292002374217875e+06  6.759816280555490e+06  9.005816376439190e+05  4.388499543514296e+06  -1.175057816766687e+06  -3.395280615535220e-03  -1.218389770756280e-02  -6.632467221284384e-03
  1.379999999999997e+01  2.543862126466065e+06  3.302634102799352e+06  6.719930290829099e+06  8.830899794351656e+05  4.373986012990490e+06  -1.184447846612643e+06  -9.048881776197233e-03  -1.465260884578570e-02  -1.112857184428326e-02
  1.389999999999997e+01  2.537525619589458e+06  3.341674199752284e+06  6.699324464640974e+06  8.678470634742319e+05  4.367421908316418e+06  -1.173305513506319e+06  -9.448907811119591e-03  -1.431827857922469e-02  -1.308851769436903e-02
  1.399999999999997e+01  2.493402809347843e+06  3.392050227493093e+06  6.723196398200728e+06  8.633253423456997e+05  4.369536154313419e+06  -1.147111794613026e+06  -3.769828300753112e-03  -1.056850049960419e-02  -1.098538110234369e-02
  1.409999999999997e+01  2.438252101594191e+06  3.424256799072679e+06  6.777563673654183e+06  8.601487440721892e+05  4.372802975278400e+06  -1.122605414574950e+06  2.753570103968793e-03  -6.047706374962398e-03  -7.130278712855327e-03
  1.419999999999997e+01  2.399922905608634e+06  3.429993916211828e+06  6.825885473170839e+06  8.495812350401992e+05  4.376911397315939e+06  -1.116987846306443e+06  5.345311790292974e-03  -2.904391884705691e-03  -3.977590416828586e-03
  1.429999999999997e+01  2.383231176749260e+06  3.425747921080056e+06  6.842002054868986e+06  8.388100873533194e+05  4.384136925655086e+06  -1.130687862963183e+06  4.248050004620195e-03  -1.020798896238319e-03  -2.035342173114174e-03
  1.439999999999996e+01  2.382109180490525e+06  3.430773442818165e+06  6.826599057036264e+06  8.391924997299433e+05  4.388462101826486e+06  -1.147563581266706e+06  2.094655851162215e-03  6.076816783080146e-04  -1.272524747198087e-03
  1.449999999999996e+01  2.396007866493335e+06  3.448134839135760e+06  6.795292074878879e+06  8.492677532618745e+05  4.381755726568718e+06  -1.154451114676568e+06  6.369356659872439e-05  1.865293795049152e-03  -1.977215133637018e-03
  1.459999999999996e+01  2.427377430937478e+06  3.464832615755730e+06  6.761956810859376e+06  8.575839884906481e+05  4.366470797196733e+06  -1.152723908189507e+06  -1.919627134459294e-03  1.597271609123309e-03  -3.582817633727292e-03
  1.469999999999996e+01  2.471257220396371e+06  3.467965956563782e+06  6.737310539813268e+06  8.574099035409468e+05  4.354379797459736e+06  -1.150102153433538e+06  -3.269870680986126e-03  -3.651854028729430e-04  -4.589997762047740e-03
  1.479999999999996e+01  2.510723492836304e+06  3.458975282753534e+06  6.728689732093591e+06  8.534517594142176e+05  4.353865561000337e+06  -1.148782416921097e+06  -2.738112627630688e-03  -2.294967834189868e-03  -4.601202884295979e-03
  1.489999999999996e+01  2.527806192727372e+06  3.452172917184128e+06  6.734418786845878e+06  8.559023293148652e+05  4.362194320931715e+06  -1.144231679127875e+06  2.548369564968379e-04  -2.233779560894322e-03  -5.011079630712323e-03
  1.499999999999996e+01  2.519733969873196e+06  3.459887841526301e+06  6.745299464982957e+06  8.701275344484363e+05  4.369277681620239e+06  -1.133132933371776e+06  4.655282223193302e-03  -2.861463763402002e-04  -6.923905418251670e-03
  1.509999999999996e+01  2.500160496751686e+06  3.478704574315540e+06  6.751086578780973e+06  8.914421115964019e+05  4.367135725681006e+06  -1.120763911547329e+06  7.950363250872953e-03  1.404799479046110e-03  -9.609591600069503e-03
  1.519999999999996e+01  2.487761827011987e+06  3.494260786713636e+06  6.745188656220232e+06  9.091729205048891e+05  4.356818618014078e+06  -1.118153829697002e+06  7.775702089551037e-03  1.162847590049603e-03  -1.149965577610051e-02
  1.529999999999996e+01  2.494511423760659e+06  3.496861792678174e+06  6.729801530579692e+06  9.168177168765588e+05  4.348526098919005e+06  -1.131142384261668e+06  4.064377374133286e-03  -2.308381103076069e-04  -1.159164764967363e-02
  1.539999999999996e+01  2.516130025619460e+06  3.487566409094826e+06  6.715447500941548e+06  9.174803907784051e+05  4.352890837232543e+06  -1.152759389109237e+06  -5.072503379097436e-04  -6.375167094620586e-04  -9.821335685472403e-03
  1.549999999999996e+01  2.533769555720426e+06  3.474236944120198e+06  6.712306810986051e+06  9.179327100740435e+05  4.369741828860592e+06  -1.168755390454290e+06  -2.702545475291160e-03  1.026991382910999e-03  -7.033138790214865e-03
  1.559999999999996e+01  2.530929092495564e+06  3.465100774254938e+06  6.723160796266881e+06  9.202937357276776e+05  4.387981925154848e+06  -1.171087622566246e+06  -1.450355172676131e-03  4.058144654602721e-03  -4.532239530271322e-03
  1.569999999999996e+01  2.509228001601607e+06  3.461501703574692e+06  6.742629139066877e+06  9.218644959428402e+05  4.397197268824957e+06  -1.164073010801675e+06  1.668173784371388e-03  6.968834796273963e-03  -3.156540059661535e-03
  1.579999999999996e+01  2.484337988796410e+06  3.456662719638435e+06  6.761045314554840e+06  9.207498461014725e+05  4.395348728216715e+06  -1.157193218638767e+06  4.140583952222021e-03  8.513804477788083e-03  -2.774605285438369e-03
  1.589999999999996e+01  2.469853011427289e+06  3.444548192797898e+06  6.770822394812097e+06  9.183015115033279e+05  4.385702293205610e+06  -1.155462633781598e+06  4.420195136941475e-03  8.143693993178869e-03  -2.701140653889181e-03
  1.599999999999996e+01  2.467821483303691e+06  3.428726568892897e+06  6.770772071516518e+06  9.161290534405268e+05  4.372865665924804e+06  -1.157889420529108e+06  2.556586822764825e-03  6.229211127276181e-03  -2.334627954285266e-03
  1.609999999999996e+01  2.471027962205561e+06  3.419473003513751e+06  6.765233227268821e+06  9.133083861983191e+05  4.362910608188882e+06  -1.161573901364095e+06  -2.277493529050218e-04  3.889825961519829e-03  -1.379110197001071e-03
  1.619999999999996e+01  2.470101343110051e+06  3.422882199280981e+06  6.759518398752233e+06  9.080872503516315e+05  4.361819687129650e+06  -1.163702352409532e+06  -2.360613302035455e-03  2.279234205975348e-03  1.696961896525470e-04
  1.629999999999996e+01  2.461322960920330e+06  3.434469075280486e+06  6.755378465647805e+06  9.005674040652990e+05  4.370861175681734e+06  -1.161285897975416e+06  -2.755428634543809e-03  1.903044091748054e-03  1.921122733884684e-03
  1.639999999999996e+01  2.449158978606115e+06  3.442933942050471e+06  6.751127502773332e+06  8.922116454295130e+05  4.385005004829117e+06  -1.153108654699069e+06  -1.541446836689661e-03  2.386600937063901e-03  3.116853305771809e-03
  1.649999999999996e+01  2.441457055788319e+06  3.440245453614799e+06  6.746368484064256e+06  8.835944504799000e+05  4.397384731097584e+06  -1.142731468848799e+06  -3.560141051830583e-05  2.784244203517639e-03  3.151454050965276e-03
  1.659999999999997e+01  2.441483850550933e+06  3.427606160268700e+06  6.744063817749670e+06  8.737194784442212e+05  4.404898159435140e+06  -1.136505138204853e+06  3.121216860751055e-04  2.322283456555641e-03  2.173552888634241e-03
  1.669999999999997e+01  2.444969713945606e+06  3.412372969479193e+06  6.747281560780643e+06  8.613456368860626e+05  4.409025149252711e+06  -1.137488127213973e+06  -8.864144658867013e-04  1.044214263142690e-03  9.764507074063774e-04
  1.679999999999997e+01  2.444223742100128e+06  3.401347321417121e+06  6.756012677641745e+06  8.473406749054788e+05  4.412361225761323e+06  -1.142829671947563e+06  -2.832746583134359e-03  -3.014965428791077e-04  2.521959255552871e-04
  1.689999999999997e+01  2.436265739540326e+06  3.397401043711075e+06  6.766977488184267e+06  8.362226218079665e+05  4.415331751986037e+06  -1.147053551042229e+06  -4.320807235491915e-03  -1.002983956093216e-03  -1.298343867468311e-05
  1.699999999999997e+01  2.427075565383009e+06  3.399783726748833e+06  6.775598629832728e+06  8.341083985641036e+05  4.415948358566531e+06  -1.145769894126920e+06  -4.433891057881242e-03  -1.002203011176022e-03  -3.074593696544796e-04
  1.709999999999997e+01  2.426723115004731e+06  3.405498255361238e+06  6.778939157224293e+06  8.435474387507349e+05  4.413150447612033e+06  -1.137330524709498e+06  -2.846009710993154e-03  -8.109876736514238e-04  -8.316708021483761e-04
  1.719999999999997e+01  2.439127225269963e+06  3.410979190998276e+06  6.776835531660282e+06  8.604826427082036e+05  4.409846654705427e+06  -1.123786421913065e+06  1.606933624772608e-05  -9.000411886670190e-04  -1.254794604734222e-03
  1.729999999999998e+01  2.457702995241389e+06  3.413726064271577e+06  6.770873277206680e+06  8.770776647566182e+05  4.410437476382361e+06  -1.110693936118666e+06  3.071066214525396e-03  -1.304192560016383e-03  -1.142323291101811e-03
  1.739999999999998e+01  2.472143858590450e+06  3.413201836683701e+06  6.763027623784594e+06  8.874250148172255e+05  4.414960309438148e+06  -1.103283988922595e+06  5.207173694538779e-03  -1.831266481170378e-03  -3.931613977944458e-04
  1.749999999999998e+01  2.477398041120947e+06  3.410560221609742e+06  6.753803157671517e+06  8.904636821965723e+05  4.418624646537807e+06  -1.102342185229001e+06  5.840825352447320e-03  -2.391850237682460e-03  6.366588261820633e-04
  1.759999999999998e+01  2.475426555244645e+06  3.408314969835377e+06  6.741209900061603e+06  8.883601914640045e+05  4.418165620377009e+06  -1.104800785189841e+06  4.971737077424641e-03  -2.897737578457374e-03  1.277183842415613e-03
  1.769999999999998e+01  2.471075870343906e+06  3.409977830575332e+06  6.723141280881294e+06  8.841655177352170e+05  4.416523408065515e+06  -1.107490584389651e+06  2.998069356037428e-03  -3.036416301130159e-03  8.969516193754875e-04
  1.779999999999998e+01  2.468193232723298e+06  3.418227668683254e+06  6.702120678991977e+06  8.808350928823393e+05  4.419142114429489e+06  -1.108679107112714e+06  6.597690744439556e-04  -2.460523699144783e-03  -5.253141913664751e-04
  1.789999999999998e+01  2.467951416471821e+06  3.432110254052357e+06  6.686573761031164e+06  8.808981769083398e+05  4.427345865574130e+06  -1.107397270335657e+06  -1.160030715577465e-03  -1.223229090050014e-03  -2.179323694902847e-03
  1.799999999999999e+01  2.469418754492070e+06  3.446197658513597e+06  6.685012582841012e+06  8.855260370218239e+05  4.436917900213106e+06  -1.103685704818855e+06  -1.837477304113146e-03  1.171219805373212e-04  -3.053214816737429e-03
  1.809999999999999e+01  2.471438758465024e+06  3.453105314472953e+06  6.698887878612823e+06  8.936968207838155e+05  4.441849236077221e+06  -1.099501446221177e+06  -1.340160161887634e-03  8.401936978928055e-04  -2.785157442213203e-03
  1.819999999999999e+01  2.474331562677793e+06  3.448126595330902e+06  6.721561062285743e+06  9.025473222673188e+05  4.438194101766950e+06  -1.097908893943509e+06  -1.685321298259424e-04  5.476226927765022e-04  -1.797865287235335e-03
  1.829999999999999e+01  2.478831627928130e+06  3.432773405082036e+06  6.743797704677176e+06  9.089892894714712e+05  4.425836954650635e+06  -1.100791531844723e+06  1.084946919924658e-03  -5.558911524304022e-04  -7.017482427995369e-04
  1.839999999999999e+01  2.482942684964688e+06  3.414846671588528e+06  6.759663658772589e+06  9.109828006574822e+05  4.408734979258954e+06  -1.107797961646597e+06  2.126427393812047e-03  -1.733545059923836e-03  2.009478595350592e-04
  1.849999999999999e+01  2.480890108039797e+06  3.404614525231528e+06  6.767748929322888e+06  9.076796931235446e+05  4.393366697920972e+06  -1.117218162913576e+06  2.911468741537396e-03  -2.130747986633038e-03  7.985677258456885e-04
  1.859999999999999e+01  2.467586283844810e+06  3.408794503601362e+06  6.768953801179062e+06  8.994633420714856e+05  4.385137937844236e+06  -1.126802315832994e+06  3.402679817848136e-03  -1.303039585503667e-03  8.976963964687725e-04
  1.870000000000000e+01  2.445042191775511e+06  3.425827775519280e+06  6.765231180392203e+06  8.885433645637924e+05  4.385119579408729e+06  -1.133851961090326e+06  3.478377219011338e-03  4.256422790956511e-04  3.714347742221790e-04
  1.880000000000000e+01  2.422860190283861e+06  3.446139018769561e+06  6.760079827965391e+06  8.788446610153288e+05  4.390004134875340e+06  -1.136382026049867e+06  2.999880207910078e-03  2.079111744854746e-03  -5.007295208665472e-04
  1.890000000000000e+01  2.411079139688441e+06  3.458376240109408e+06  6.758211809852566e+06  8.742615733638145e+05  4.395134456501178e+06  -1.134932464413468e+06  1.887220257037770e-03  2.642034401801474e-03  -1.095318749044354e-03
  1.900000000000000e+01  2.412820997713156e+06  3.457402773103049e+06  6.762784802225641e+06  8.764433401352783e+05  4.397733280072170e+06  -1.132475846508275e+06  2.360796876172937e-04  1.772598103325741e-03  -9.527137436557868e-04
  1.910000000000000e+01  2.423539883970062e+06  3.446978760464873e+06  6.772278227078618e+06  8.841178282294167e+05  4.397691385509618e+06  -1.131577705054996e+06  -1.565411640490025e-03  -1.929507912180676e-05  -1.645811636954260e-04
  1.920000000000000e+01  2.436592997600043e+06  3.435072465559416e+06  6.780781670673892e+06  8.940738836022891e+05  4.396080891583538e+06  -1.131776351159893e+06  -2.932541427505497e-03  -1.835039312927768e-03  7.633029716734828e-04
  1.930000000000000e+01  2.448490252651579e+06  3.426995057782177e+06  6.782103372352630e+06  9.027271641371095e+05  4.393834170316975e+06  -1.130182466335339e+06  -3.459523524193241e-03  -2.977130563629111e-03  1.369199643044746e-03
  1.940000000000001e+01  2.458888953351257e+06  3.422936366364656e+06  6.773898766840505e+06  9.074509805445371e+05  4.391874909349419e+06  -1.124805767080130e+06  -3.238935174877702e-03  -3.171925085391509e-03  1.512382864930611e-03
  1.950000000000001e+01  2.466750567725170e+06  3.420965579516717e+06  6.758679191418753e+06  9.075186424507892e+05  4.391567741285220e+06  -1.117201378595396e+06  -2.792189075197792e-03  -2.476371462203049e-03  1.307373723343608e-03
  1.960000000000001e+01  2.468879453969030e+06  3.420770522583197e+06  6.741958381740201e+06  9.042893168373989e+05  4.393818650307734e+06  -1.111768691217427e+06  -2.619691730289202e-03  -1.152403663588215e-03  9.349336116747342e-04
  1.970000000000001e+01  2.462996445709846e+06  3.423414801460298e+06  6.729766975360160e+06  9.002878126359690e+05  4.397484249153362e+06  -1.112288705328911e+06  -2.794555365010280e-03  3.591220564371543e-04  5.378083401847444e-04
  1.980000000000001e+01  2.451305943654618e+06  3.428445807153967e+06  6.726447184432607e+06  8.977608641775801e+05  4.399702737102496e+06  -1.119014456401767e+06  -2.997814347368132e-03  1.529354041374674e-03  1.536291989028308e-04
  1.990000000000001e+01  2.439586066603679e+06  3.432889449463105e+06  6.732856608471249e+06  8.975381932718382e+05  4.398213496853822e+06  -1.128425585961227e+06  -2.926481246104908e-03  1.952263397774456e-03  -3.244903626009448e-04
