TITLE = "Temporal Signal for receiver number 02663"
VARIABLES = "Time","xx","yy","zz","xy","yz","xz","u","v","w"
# x1       3.632308760000e+05
# x2       4.737212090000e+06
# x3       -7.000000000000e+03
  0.000000000000000e+00  0.000000000000000e+00  0.000000000000000e+00  0.000000000000000e+00  0.000000000000000e+00  0.000000000000000e+00  0.000000000000000e+00  0.000000000000000e+00  0.000000000000000e+00  0.000000000000000e+00
  1.000000000000000e-01  0.000000000000000e+00  0.000000000000000e+00  0.000000000000000e+00  0.000000000000000e+00  0.000000000000000e+00  0.000000000000000e+00  0.000000000000000e+00  0.000000000000000e+00  0.000000000000000e+00
  2.000000000000000e-01  0.000000000000000e+00  0.000000000000000e+00  0.000000000000000e+00  0.000000000000000e+00  0.000000000000000e+00  0.000000000000000e+00  0.000000000000000e+00  0.000000000000000e+00  0.000000000000000e+00
  3.000000000000000e-01  6.361542894215841e-06  1.488021538655281e-06  3.325871898463612e-06  2.518967371222066e-06  -2.146034596211411e-08  -3.206146495724889e-06  3.166474585928317e-13  -9.395096575861007e-14  1.769563763000626e-15
  4.000000000000000e-01  1.885899622200706e-04  1.680535832924761e-03  9.670920397973268e-04  -1.377777678858206e-03  -5.524239059506403e-04  2.639704710437886e-04  1.698364636215680e-11  -2.382215374021550e-11  8.060554397670586e-11
  5.000000000000000e-01  -1.488119405620901e-02  -2.490047881831172e-02  2.650137870569294e-04  -2.826927409763116e-02  3.838247352695347e-03  1.173426628740671e-02  -7.395705003849525e-10  2.325677835662763e-09  5.917329215055477e-10
  6.000000000000000e-01  -6.924106265212027e-02  -1.903020012407287e-01  -1.044201916063310e-01  -7.691929446288391e-02  1.978545678370671e-01  3.468177066312593e-03  2.465126620233004e-09  1.481548893746080e-08  -9.648912190023338e-09
  7.000000000000000e-01  2.212027734699221e+00  3.662236357520301e+00  3.104037075264362e+00  6.487450708526378e-01  -1.054200580096182e+00  -7.436552383136543e-01  -5.567949958208196e-08  -1.994173130861830e-07  1.339989739234284e-07
  7.999999999999999e-01  3.865396503714534e+00  9.505174393635148e+00  5.487299646601668e+00  1.765723493857962e+00  -3.353959135576773e+00  -1.516135805530886e+00  -1.403588178679771e-07  -5.390664794561192e-07  3.389570803422487e-07
  8.999999999999999e-01  -2.129348829254005e+01  -4.100087852903638e+01  -2.757966404805360e+01  -7.233052435336762e+00  1.305688594087062e+01  6.246514830663439e+00  8.868529296756557e-07  2.570292718584038e-06  -1.542798173462750e-06
  9.999999999999999e-01  1.144967783632770e+02  2.314939152052118e+02  1.507193092035274e+02  4.546793745695984e+01  -8.054260821405644e+01  -3.026874311653968e+01  -4.987486663781620e-06  -1.498771919383840e-05  9.396820843632673e-06
  1.100000000000000e+00  7.101836354470299e+02  1.683189239229905e+03  8.958270307837839e+02  3.729658541366480e+02  -6.147177636038762e+02  -2.164999809839806e+02  -3.696709910297650e-05  -1.082996760485657e-04  5.857982191577845e-05
  1.200000000000000e+00  1.144349685364940e+03  3.733842710468205e+03  8.533116848158134e+02  1.157952893016899e+03  -1.029506062241686e+03  -5.405464860172328e+02  -9.773702464568502e-05  -2.329135488106279e-04  6.509890899081876e-05
  1.300000000000000e+00  6.028445463980531e+02  4.440141650161113e+03  -8.311825263834597e+02  1.931897545252010e+03  -6.676930381224639e+02  -7.488624468058310e+02  -1.332445692510700e-04  -2.578478805464787e-04  -1.902868614293602e-05
  1.400000000000000e+00  3.381550998491103e+02  5.890342989276097e+03  -2.244068894919778e+03  2.980043117901699e+03  -3.144182534156241e+02  -1.142988490783128e+03  -1.846902843334577e-04  -3.071139948073893e-04  -8.739044270455016e-05
  1.500000000000000e+00  6.284253233289924e+02  9.914198037418657e+03  -4.389257578771363e+03  5.168951710417366e+03  2.395261865343748e+02  -1.884282504924201e+03  -3.111872094471216e-04  -4.858300845323421e-04  -2.084149273465835e-04
  1.600000000000000e+00  7.677244903325293e+02  1.437081726658526e+04  -4.760797516065048e+03  7.132801898007534e+03  -6.864642069033199e+02  -3.010184791871861e+03  -3.781742488750103e-04  -6.645545498974419e-04  -1.026139194990419e-04
  1.700000000000000e+00  9.254465532941360e+02  1.631509012385773e+04  1.252903804715897e+03  6.768941927430638e+03  -5.192102634125828e+03  -4.072242414034073e+03  -2.142908194927539e-04  -6.840844572103002e-04  5.726370358632803e-04
  1.800000000000000e+00  3.864240554029047e+03  2.275867313735518e+04  5.910665568709896e+03  9.037046782411469e+03  -9.113938763811957e+03  -5.401550064644833e+03  -3.184665591504339e-04  -1.001292134678659e-03  1.044041158549046e-03
  1.900000000000001e+00  1.282632326955270e+04  4.616652930189520e+04  6.191965131323360e+03  1.947704199530856e+04  -1.266189470664366e+04  -9.169101896411245e+03  -1.139355460551824e-03  -2.376898901707177e-03  1.145192808877612e-03
  2.000000000000000e+00  2.622259815356325e+04  8.732796959116364e+04  9.009658062136837e+02  4.043007015698341e+04  -1.740046427331291e+04  -1.661301247570844e+04  -2.668724174612828e-03  -4.776877939422828e-03  1.038780628173276e-03
  2.100000000000001e+00  4.846488217491618e+04  1.466293858279863e+05  -2.019866519370230e+04  7.997399403656926e+04  -1.527600834272935e+04  -2.921258360414123e+04  -5.503061040181556e-03  -8.010240739707157e-03  -3.079462014512137e-05
  2.200000000000001e+00  7.069658472752171e+04  1.941370064505703e+05  -9.066873048807937e+04  1.388168721561706e+05  1.512206528974395e+04  -3.655889242772831e+04  -9.079663098866731e-03  -1.003963438412953e-02  -4.275916875501121e-03
  2.300000000000001e+00  1.101052294463542e+05  2.420439829294818e+05  -1.968459810501344e+05  2.175142508017049e+05  7.495146933610977e+04  -4.019358549674579e+04  -1.351248380691907e-02  -1.121540446194155e-02  -1.064826237274174e-02
  2.400000000000001e+00  1.558081388940240e+05  2.344651423932324e+05  -3.351959438429835e+05  2.985382058349955e+05  1.695101101537880e+05  -2.587595515862815e+04  -1.648199294962769e-02  -8.082515315367366e-03  -1.839898806545199e-02
  2.500000000000001e+00  1.547675646293320e+05  9.224926733858365e+04  -4.092220740036293e+05  2.869777319960542e+05  2.455431046341128e+05  3.480785017090220e+04  -8.721347414558557e-03  3.992148662850173e-03  -1.907956159204572e-02
  2.600000000000001e+00  5.794037785645121e+04  -1.862447673251290e+05  -2.889060394799528e+05  9.814842581352056e+04  2.375287039745143e+05  1.185808269474461e+05  1.570205225923106e-02  2.530148090660836e-02  -1.886563164435351e-03
  2.700000000000001e+00  -1.450119081035733e+05  -5.125072210303246e+05  -2.372290205908505e+04  -2.106824401596531e+05  1.467472384621675e+05  1.989754722745093e+05  5.011151602917691e-02  4.807111786690766e-02  2.653233105867409e-02
  2.800000000000001e+00  -5.137842075706226e+05  -8.741167832616143e+05  2.772811770474474e+05  -6.264774984775708e+05  3.542146957106028e+04  2.583240342627460e+05  9.237968871463989e-02  7.279603785673242e-02  5.914745137076498e-02
  2.900000000000001e+00  -9.164982769121254e+05  -1.090588581242635e+06  5.589560538463151e+05  -1.004510751474797e+06  -7.519484594299423e+04  2.998346940644406e+05  1.301871237675515e-01  8.635543933676754e-02  8.802212711277634e-02
  3.000000000000001e+00  -1.380145880039647e+06  -1.290837037836746e+06  7.273356701436648e+05  -1.328798876001078e+06  -2.092132248732749e+05  2.560269516256438e+05  1.619710039532713e-01  9.694665035495295e-02  1.138551936598293e-01
  3.100000000000001e+00  -1.899561321911855e+06  -1.499443402060376e+06  9.066157195491127e+05  -1.660159237349542e+06  -3.426066086096985e+05  1.754344440145591e+05  1.935070699919589e-01  1.099581456024133e-01  1.426766101533238e-01
  3.200000000000002e+00  -2.111842148269306e+06  -1.382156882280268e+06  1.148397216934842e+06  -1.787467662018033e+06  -4.189485796280957e+05  1.307915363875126e+05  2.016704322015879e-01  1.001692831246642e-01  1.594509635136009e-01
  3.300000000000002e+00  -2.056131408564569e+06  -9.399958580491788e+05  1.386600083418147e+06  -1.679387526779893e+06  -4.688538726325844e+05  6.744560481771582e+04  1.873025800917510e-01  6.678785101081065e-02  1.688190973761023e-01
  3.400000000000002e+00  -2.257371722148220e+06  -7.396541242935250e+05  1.540689205845057e+06  -1.665212554023652e+06  -5.384201187659303e+05  -8.247962039299491e+04  1.882945377880726e-01  5.298835025575437e-02  1.867113507141448e-01
  3.500000000000002e+00  -2.237221686218168e+06  -4.734158601644423e+05  1.694497279074777e+06  -1.596635417155616e+06  -5.268266377318120e+05  -2.089448681058194e+05  1.736108419266108e-01  3.960370199368456e-02  2.000443876879539e-01
  3.600000000000002e+00  -2.048513206707748e+06  -2.558072383540851e+05  1.780072016388583e+06  -1.503115091559232e+06  -4.669375773588269e+05  -3.879509693026422e+05  1.455938487937817e-01  3.139926202019259e-02  2.116792776982687e-01
  3.700000000000002e+00  -2.007247687559149e+06  -5.077552273830748e+04  1.768653589571559e+06  -1.341414132785998e+06  -3.954355644035558e+05  -5.644288520194108e+05  1.273372315826956e-01  1.614749644503556e-02  2.204245347755658e-01
  3.800000000000002e+00  -1.987760494378688e+06  1.878442996200593e+05  1.741536712328605e+06  -1.150389298696638e+06  -1.520455508797926e+05  -7.938192997513207e+05  1.117214459168149e-01  4.304311744410647e-03  2.354440167130132e-01
  3.900000000000002e+00  -1.224157922192908e+06  -4.649874526402199e+04  9.689041293080542e+05  -8.718942859849529e+05  -8.657292147719298e+02  -4.787360849300144e+05  5.340931020469337e-02  -3.978650688104883e-03  1.716706688328887e-01
  4.000000000000002e+00  -1.015959098992271e+05  -4.768879987481847e+05  3.287613020191214e+04  -6.003693772197571e+05  -4.520050537646455e+04  4.191741050372178e+04  -1.507809673778292e-02  -7.557630436988440e-03  8.818769181532046e-02
  4.100000000000001e+00  4.441866429718823e+05  -6.769989340456976e+05  -3.236919176183176e+05  -4.081250954452409e+05  -9.221291057455688e+04  3.965717223662399e+05  -4.178400919148387e-02  -1.230268195100983e-02  3.555629282540781e-02
  4.200000000000001e+00  5.350717373411912e+05  -6.971694003247819e+05  -4.474096335772282e+05  -3.321362835739658e+05  -9.487076756687168e+04  7.324140576446656e+05  -4.134360387893737e-02  -2.013680369300618e-02  -9.602669760595041e-03
  4.300000000000001e+00  5.601043789859421e+05  -5.912678961989366e+05  -5.003424380779038e+05  -3.440269180153782e+05  -5.265153526493986e+04  1.002405994694310e+06  -3.343195362037857e-02  -2.313499425756870e-02  -4.197285811731750e-02
  4.400000000000000e+00  5.806660462474794e+05  -4.585811148068328e+05  -4.436501074609193e+05  -3.837040840466551e+05  -3.937142912901783e+04  1.088428105133087e+06  -2.311717538403068e-02  -2.247768002667609e-02  -4.852503014739186e-02
  4.500000000000000e+00  5.335918369382562e+05  -3.748306809901879e+05  -3.459208726462797e+05  -3.856414139430003e+05  -1.872858840911699e+04  1.082220251085482e+06  -1.363768357418487e-02  -2.397202917789371e-02  -4.532681407919194e-02
  4.600000000000000e+00  4.083233806987463e+05  -3.103974210613320e+05  -2.921179633046981e+05  -4.245763005725780e+05  -6.549194058298793e+02  1.016230410441401e+06  -5.894830812917996e-03  -1.763405521777065e-02  -4.021260159329753e-02
  4.699999999999999e+00  3.328339138744446e+05  -3.190068148540785e+05  -2.718537387159957e+05  -5.232930594463294e+05  -5.210483995008041e+04  9.805538828502489e+05  3.405076130598414e-04  -6.153828657736470e-03  -3.735435693389055e-02
  4.799999999999999e+00  2.786534440745891e+05  -3.697960479323829e+05  -2.621024533495931e+05  -6.279249339342797e+05  -9.180871665477069e+04  9.780988524869957e+05  7.684171530746661e-03  3.768894005743346e-03  -3.572398068989175e-02
  4.899999999999999e+00  2.504344513592327e+05  -4.141932293961229e+05  -2.476221274473802e+05  -6.854604379940664e+05  -6.760497092060150e+04  9.326749429258608e+05  1.214537275321747e-02  8.756766922855260e-03  -3.024519509128191e-02
  4.999999999999998e+00  2.875542148531213e+05  -4.863045176580849e+05  -2.488366584924338e+05  -7.343633767512059e+05  -1.312106169929416e+05  9.574516641714443e+05  1.731514732266064e-02  1.326379918774691e-02  -2.267301171082182e-02
  5.099999999999998e+00  3.086092733872663e+05  -5.438317954481661e+05  -2.914973676498579e+05  -7.969474508201688e+05  -2.276860657282245e+05  1.001434961688708e+06  2.330467017735796e-02  2.006277526577353e-02  -1.607749450801408e-02
  5.199999999999998e+00  3.221603617498867e+05  -5.582296360969695e+05  -4.138828743227403e+05  -7.660690160325798e+05  -1.549468859474405e+05  1.001106798073578e+06  1.791827947443654e-02  2.337192922220913e-02  -2.849270237437818e-02
  5.299999999999997e+00  3.484238872246493e+05  -5.325269829889433e+05  -5.606653539678038e+05  -6.265431432989504e+05  7.118086890160067e+04  1.000252201928765e+06  4.577546311937512e-03  1.997325670988384e-02  -5.829431209764056e-02
  5.399999999999997e+00  3.843524305366487e+05  -4.446765993046273e+05  -6.746908445491102e+05  -4.848210087079674e+05  3.370409580160476e+05  1.031685950734011e+06  -7.074594119456005e-03  1.508398144821022e-02  -8.883733033967915e-02
  5.499999999999996e+00  4.757078890074672e+05  -3.490892909345780e+05  -7.247059397283343e+05  -4.181128471413035e+05  5.496960170651141e+05  1.058592747864988e+06  -1.512170771783685e-02  1.692530529381738e-02  -1.071621057611034e-01
  5.599999999999996e+00  5.415853682288146e+05  -3.376561035748891e+05  -7.212889472398676e+05  -3.803655302306551e+05  6.544593003947961e+05  1.039906194898418e+06  -1.869203794066541e-02  2.083860129514587e-02  -1.106481320082448e-01
  5.699999999999996e+00  5.465253750441413e+05  -3.324510640113456e+05  -7.071478792593987e+05  -3.424282148923728e+05  6.668119244808957e+05  1.050436189412672e+06  -1.745122456974024e-02  1.675556536027411e-02  -1.082679378759528e-01
  5.799999999999995e+00  5.117904985167987e+05  -2.833769288653120e+05  -6.826374216727064e+05  -3.825739990622620e+05  6.489197785729383e+05  1.128054528257595e+06  -7.943419296498255e-03  1.199583060590387e-02  -1.053388323861827e-01
  5.899999999999995e+00  5.242448000053208e+05  -2.109288048746970e+05  -5.734887903503967e+05  -4.819153969166318e+05  6.553411137616533e+05  1.212283931654949e+06  7.124589385689735e-03  1.395317043715232e-02  -9.609664324364721e-02
  5.999999999999995e+00  5.399679488989367e+05  -1.633009714829520e+05  -4.203298572051042e+05  -5.582711432785947e+05  6.724563733510458e+05  1.254041657069359e+06  2.325420895544283e-02  1.839783271698985e-02  -7.879711580871940e-02
  6.099999999999994e+00  4.844894608637224e+05  -1.753769429517419e+05  -2.926462164175331e+05  -6.071881483417684e+05  6.608711676241054e+05  1.252332985672696e+06  3.302622566459588e-02  2.056517052551184e-02  -6.179626680480211e-02
  6.199999999999994e+00  3.923468517802936e+05  -2.416404340480158e+05  -1.564189940006431e+05  -6.495251397399419e+05  6.045526108102930e+05  1.238100795530688e+06  3.270036538921033e-02  1.769021032750257e-02  -5.014959639450328e-02
  6.299999999999994e+00  2.956951886160622e+05  -3.356352614234567e+05  -7.028734616934721e+04  -6.736997003338557e+05  5.422518168861783e+05  1.230621568299002e+06  2.684966462690197e-02  1.168263750894005e-02  -4.501048616976658e-02
  6.399999999999993e+00  2.037479145483248e+05  -3.985600888307902e+05  -1.300676845592316e+05  -6.723148704684644e+05  5.183815114391146e+05  1.190086386170122e+06  1.878984448520505e-02  7.811056119316716e-03  -4.499509751515735e-02
  6.499999999999993e+00  1.260355991636213e+05  -4.155854976200686e+05  -2.380862949640225e+05  -6.654940426767264e+05  4.997362493937845e+05  1.123497415453397e+06  1.225271046764322e-02  6.737345143043577e-03  -4.539153395974941e-02
  6.599999999999993e+00  4.377846591128884e+04  -4.337804758246230e+05  -2.532879511143943e+05  -6.621725950148478e+05  4.300038480497392e+05  1.112105577415604e+06  1.163143333336760e-02  3.845343572029807e-03  -4.416106388266484e-02
  6.699999999999992e+00  -6.556214013392552e+04  -4.804643935675599e+05  -1.847952671811904e+05  -6.659713777295563e+05  3.434158517886878e+05  1.161993842243164e+06  1.786886609556658e-02  -1.371861183785237e-03  -4.186383167443789e-02
  6.799999999999992e+00  -1.531850100885938e+05  -4.985220474559962e+05  -1.077020766300795e+05  -6.598784678482200e+05  2.721392711745959e+05  1.180864159802326e+06  2.283842648969543e-02  -9.341209192055267e-03  -3.816099592238509e-02
  6.899999999999991e+00  -3.094277727814699e+05  -4.781193173901063e+05  -2.218690213035010e+04  -6.452675133614105e+05  1.699220633906359e+05  1.111091128160594e+06  2.654532092469238e-02  -1.829992521671573e-02  -2.580834420592625e-02
  6.999999999999991e+00  -5.543180984928211e+05  -4.219724914935760e+05  9.217711297478003e+04  -6.341545196037691e+05  7.154252829162659e+04  1.001552811910253e+06  3.270481135481854e-02  -2.419882910325375e-02  -3.523602458808344e-03
  7.099999999999991e+00  -8.133864767810170e+05  -3.615567451585545e+05  1.822181178949442e+05  -6.439717178265873e+05  4.184040204344256e+04  9.561364976861442e+05  4.341341880476918e-02  -2.459871181342705e-02  1.552689861049691e-02
  7.199999999999990e+00  -1.023775966630664e+06  -3.271470568617464e+05  2.531547623409350e+05  -6.663009874482348e+05  4.491786287892911e+04  9.956030222304999e+05  5.417244106956159e-02  -2.052328624911881e-02  2.180695328167790e-02
  7.299999999999990e+00  -1.214562577951483e+06  -3.132916661923833e+05  3.554001449903175e+05  -6.911155483155934e+05  1.937668014990616e+04  1.013615626559381e+06  6.340183038095246e-02  -1.368219622444889e-02  2.404655961274324e-02
  7.399999999999990e+00  -1.425131102050180e+06  -2.801637477210731e+05  4.674277654721352e+05  -7.183761287136427e+05  -3.950959208055325e+04  9.435894464710616e+05  7.454095884527323e-02  -7.513631455821999e-03  3.268013482682448e-02
  7.499999999999989e+00  -1.586800385863540e+06  -2.079535884259098e+05  5.065834868563604e+05  -7.209986522578349e+05  -8.500344393580405e+04  8.671105636087019e+05  8.461541071128030e-02  -4.559848424972848e-03  4.114226848991168e-02
  7.599999999999989e+00  -1.647154057115908e+06  -1.186635475330609e+05  5.124370343028443e+05  -6.893018422863586e+05  -8.109254313054821e+04  8.568730044670308e+05  8.761847846175744e-02  -1.729042498461093e-03  4.552211263235362e-02
  7.699999999999989e+00  -1.355745192114154e+06  4.380024031601375e+04  6.525275757384030e+05  -5.996345220542339e+05  -5.759383570008165e+04  8.815225050672697e+05  6.601667672323960e-02  -2.224290859393841e-03  5.147299599246947e-02
  7.799999999999988e+00  -1.175176889355618e+06  1.309965460838110e+05  7.994740135294665e+05  -5.294208228381741e+05  -5.513909289478141e+04  8.959019407088637e+05  5.133122171023128e-02  -3.701440440971746e-03  5.753714913840319e-02
  7.899999999999988e+00  -1.313906990835422e+06  7.613805042274728e+04  8.275958804407902e+05  -5.434623912245320e+05  -5.877251672386980e+04  8.973016791125655e+05  5.818578753971382e-02  2.664386755802987e-04  5.892235219712009e-02
  7.999999999999988e+00  -1.459112895469968e+06  1.135900184184707e+04  8.221613844677560e+05  -5.666607593102080e+05  -8.239860123077052e+04  8.760476248256101e+05  6.490813194629885e-02  5.113309112084528e-03  6.019680319267477e-02
  8.099999999999987e+00  -1.484780763033019e+06  -2.269167226095247e+04  8.454766786129273e+05  -5.552319889668565e+05  -1.525506206912790e+05  8.201423309817269e+05  6.267727468498506e-02  6.586297935708986e-03  6.833564355555286e-02
  8.199999999999987e+00  -1.512712003484696e+06  -6.913449830518688e+04  8.718517652053222e+05  -5.514125984391195e+05  -2.117225952869708e+05  7.615858528446096e+05  5.926840255403896e-02  8.317291214420132e-03  7.707849361933880e-02
  8.299999999999986e+00  -1.473866571053547e+06  -1.164227721320233e+05  9.041878007404383e+05  -5.697929445398939e+05  -2.335309218893629e+05  6.942896462059655e+05  4.885538748818209e-02  1.089340157942467e-02  8.236271767150202e-02
  8.399999999999986e+00  -1.437493533505325e+06  -1.977678758419112e+05  9.104644351447691e+05  -5.984454310653225e+05  -2.445769385848307e+05  6.053036930081140e+05  3.680658793457914e-02  1.371719303688376e-02  8.716142830843414e-02
  8.499999999999986e+00  -1.398744221882775e+06  -2.732320926759514e+05  9.115689039307722e+05  -5.995510736314987e+05  -2.481723129504208e+05  5.381538614978598e+05  2.635572435646212e-02  1.434487604982301e-02  8.934461876103438e-02
  8.599999999999985e+00  -1.360156634557451e+06  -3.542188742680315e+05  8.672663220406370e+05  -5.723692475681793e+05  -2.577242307768349e+05  4.810305311029787e+05  1.844941994692187e-02  1.545540140537331e-02  9.014152318594404e-02
  8.699999999999985e+00  -1.232609988956229e+06  -4.018778682626639e+05  7.828113653093387e+05  -5.365193982206610e+05  -2.561053307049801e+05  4.220262844235651e+05  7.912600115351939e-03  1.624059898673105e-02  8.746185204761921e-02
  8.799999999999985e+00  -1.088455513826986e+06  -4.559069569328726e+05  6.070820774797052e+05  -5.260822015773017e+05  -2.182964687685283e+05  4.645097334879038e+05  -1.506845198170143e-03  1.726932472816491e-02  6.953794987093941e-02
  8.899999999999984e+00  -9.037038996912554e+05  -4.823599785168787e+05  3.752697460322161e+05  -4.981733139538696e+05  -1.943355703179815e+05  5.642004067233157e+05  -1.437611736082126e-02  1.504477175975304e-02  4.738445402669888e-02
  8.999999999999984e+00  -7.307913696380195e+05  -4.411376869409264e+05  2.015468369246166e+05  -4.146488486275357e+05  -1.974736116156213e+05  6.283146519971591e+05  -2.704795270203388e-02  6.487631398843691e-03  3.408871129899339e-02
  9.099999999999984e+00  -6.831805640026497e+05  -3.860582926507113e+05  1.490704356033799e+05  -3.587198743297330e+05  -1.701337141369670e+05  7.002762706716871e+05  -2.926493784745376e-02  -1.309426746655450e-03  2.205832248507876e-02
  9.199999999999983e+00  -7.120832149497499e+05  -3.566849370453538e+05  1.904760735399170e+05  -3.901583964846845e+05  -9.503066839147020e+04  8.031085866525334e+05  -2.349984700881097e-02  -1.298478453914919e-03  7.521445510767487e-03
  9.299999999999983e+00  -7.293751093925099e+05  -3.383276861252513e+05  2.308324068437794e+05  -4.479888249193255e+05  -1.996525438859529e+04  8.894149533975965e+05  -1.912254082279433e-02  2.369062216562591e-03  -3.173692883384275e-03
  9.399999999999983e+00  -7.113899639053829e+05  -2.942163023893425e+05  2.499151247354088e+05  -4.780111106296434e+05  2.106597383734104e+04  9.306163297082023e+05  -1.938576223744517e-02  4.198265898483689e-03  -5.814883421860897e-03
  9.499999999999982e+00  -7.253995194354837e+05  -2.373626611742210e+05  2.681805295039613e+05  -5.038643877057689e+05  4.449380152568425e+04  9.397198908053119e+05  -1.736190503045407e-02  5.228776714317204e-03  -3.033275275299877e-03
  9.599999999999982e+00  -7.602146473010095e+05  -1.832593602365509e+05  2.925611201493218e+05  -5.346796073931076e+05  7.162565978545867e+04  9.262779146283640e+05  -1.274216994294258e-02  6.484717176158439e-03  -5.098620977828341e-04
  9.699999999999982e+00  -7.688019066003950e+05  -1.402374664604252e+05  3.086808089089674e+05  -5.504713420973630e+05  9.734830864039212e+04  9.034532380273544e+05  -1.176478227096546e-02  6.877622588017607e-03  -2.974697994845873e-03
  9.799999999999981e+00  -7.747630922394913e+05  -1.217828877834571e+05  3.150976963172331e+05  -5.632065555836674e+05  1.154955463646439e+05  8.847084919819447e+05  -1.569563295024282e-02  7.219737632748491e-03  -6.889268502473898e-03
  9.899999999999981e+00  -7.955464109412575e+05  -1.211829454684830e+05  3.062400938836335e+05  -5.840037263855607e+05  1.256593306374934e+05  8.787924605363678e+05  -2.004339382102941e-02  6.884208397116084e-03  -7.352079334612516e-03
  9.999999999999980e+00  -8.220241589361494e+05  -1.170459464038524e+05  2.722155295200596e+05  -6.062486589412935e+05  1.325700462510443e+05  8.882664083853327e+05  -1.918663594195948e-02  6.168723716124484e-03  -6.108812919774729e-03
  1.009999999999998e+01  -8.711773198241030e+05  -1.013501950129968e+05  2.710360641547728e+05  -6.219608931309349e+05  1.595666377406383e+05  8.873046339816189e+05  -1.164352144948704e-02  7.360781506277760e-03  -3.028317965950628e-03
  1.019999999999998e+01  -9.116612100174858e+05  -8.944034457815335e+04  3.298217909327482e+05  -6.145689525278895e+05  2.026199627349219e+05  8.725324418525751e+05  -4.977273306703727e-03  8.496927715699714e-03  -3.811577562454623e-04
  1.029999999999998e+01  -8.900930536599250e+05  -1.091166932351492e+05  3.698885256477922e+05  -5.847156315847354e+05  2.116369848884877e+05  8.984834875545173e+05  -5.834646473730520e-03  5.173206470916241e-03  -4.975713070708401e-03
  1.039999999999998e+01  -8.253306617442095e+05  -1.455234889411170e+05  3.582466477901257e+05  -5.706767573726742e+05  1.675297275159450e+05  9.796578485025107e+05  -1.131122651976254e-02  -1.409166019516812e-03  -1.515542783391642e-02
  1.049999999999998e+01  -7.788991856473481e+05  -1.626091612588701e+05  3.274040849230752e+05  -5.913637535045177e+05  9.828876831173919e+04  1.081688229496023e+06  -1.466392229263531e-02  -7.578892336460497e-03  -2.539560889038523e-02
  1.059999999999998e+01  -7.644354879480916e+05  -1.559330834587739e+05  2.812055571694369e+05  -6.214879299060012e+05  3.635869187248178e+04  1.168989621473317e+06  -1.431481741055749e-02  -1.197544735670197e-02  -3.418169544156567e-02
  1.069999999999998e+01  -7.582195940889374e+05  -1.470301477052283e+05  2.238167353334486e+05  -6.268383425115722e+05  1.112681981006445e+04  1.210015138314883e+06  -1.282749918451256e-02  -1.376457227448995e-02  -3.983594405320104e-02
  1.079999999999998e+01  -7.375970828772064e+05  -1.481604733179441e+05  1.964214144705587e+05  -6.018562861959228e+05  3.118439111007435e+04  1.204490212736039e+06  -1.184614423973340e-02  -1.214841198914219e-02  -4.038180422311766e-02
  1.089999999999998e+01  -7.141211611424892e+05  -1.583334092608472e+05  1.991909421134305e+05  -5.704430094978737e+05  7.346210278091884e+04  1.190497013074321e+06  -1.036083560604639e-02  -7.645104420852348e-03  -3.817887078558290e-02
  1.099999999999998e+01  -7.038716031829731e+05  -1.621657596816159e+05  2.036943452104898e+05  -5.483159092585579e+05  1.056388237017183e+05  1.190598233218698e+06  -6.723136098915805e-03  -3.831330171956050e-03  -3.631762405281667e-02
  1.109999999999998e+01  -6.925063872019417e+05  -1.492586580333848e+05  1.978990706012656e+05  -5.384937864777505e+05  1.130432382570535e+05  1.176208041498700e+06  -2.845044990578378e-03  -2.992513872945652e-03  -3.450723219049328e-02
  1.119999999999998e+01  -6.714843264029229e+05  -1.337130201668228e+05  1.702045325319657e+05  -5.469614213100036e+05  1.043547337846807e+05  1.125513802610556e+06  -1.939686776649666e-03  -2.295028294542164e-03  -3.237296300608383e-02
  1.129999999999998e+01  -6.463214832991838e+05  -1.244822267584393e+05  1.329615798516750e+05  -5.626815517138399e+05  8.771291215078172e+04  1.065701852661215e+06  -4.642605423802498e-03  -8.907792153293733e-04  -3.056491304917449e-02
  1.139999999999998e+01  -6.295752951866291e+05  -1.203763256975659e+05  1.176362349482776e+05  -5.599155984074206e+05  6.773113516309216e+04  1.028074849628723e+06  -9.662939024125431e-03  -1.561787732107925e-03  -2.905413855299612e-02
  1.149999999999998e+01  -6.232612395900144e+05  -1.161596881203253e+05  1.370377953125046e+05  -5.392733399792196e+05  5.129400279637545e+04  1.021674799094991e+06  -1.458210000069667e-02  -4.539929046360137e-03  -2.739001701360535e-02
  1.159999999999997e+01  -6.053764612761000e+05  -1.077044971653585e+05  1.636838778048089e+05  -5.219902993384106e+05  3.879636527802267e+04  1.039505394092538e+06  -1.691848465457488e-02  -6.849894332426608e-03  -2.647875004658120e-02
  1.169999999999997e+01  -5.653396506241250e+05  -9.991446075060862e+04  1.671283205443122e+05  -5.137407138769750e+05  2.246192002985213e+04  1.052796832724697e+06  -1.622978232782045e-02  -6.877137407440376e-03  -2.595843938851822e-02
  1.179999999999997e+01  -5.185706785386176e+05  -9.675577740976401e+04  1.614645585366852e+05  -5.099966475965232e+05  -1.867801932617699e+02  1.040144416040566e+06  -1.430509127567820e-02  -5.673821139909026e-03  -2.309876728775600e-02
  1.189999999999997e+01  -4.829197348054908e+05  -1.026290746389136e+05  1.768564008163840e+05  -5.130524196004598e+05  -1.505620301380213e+04  1.017220918139409e+06  -1.304017361877058e-02  -4.436826823222681e-03  -1.742358506331692e-02
  1.199999999999997e+01  -4.635338034195115e+05  -1.169848260649154e+05  2.171299064744502e+05  -5.249483453945228e+05  -6.067834490540530e+03  1.001661296225228e+06  -1.295370264511067e-02  -3.493309940996878e-03  -1.126125447394671e-02
  1.209999999999997e+01  -4.613115932831386e+05  -1.309444042197764e+05  2.607160812631002e+05  -5.391196171095039e+05  2.366669509752310e+04  9.944985676229952e+05  -1.341105500339486e-02  -2.410567841151277e-03  -6.887045756257430e-03
  1.219999999999997e+01  -4.804547006387842e+05  -1.444293992286295e+05  2.849629554779846e+05  -5.499012635842580e+05  5.092507800247156e+04  9.984676188132975e+05  -1.334466287306062e-02  -5.060043105252378e-04  -5.762036179968983e-03
  1.229999999999997e+01  -5.222463326569954e+05  -1.634970021988208e+05  2.934767004509228e+05  -5.609525798145750e+05  5.709944181628095e+04  1.006470289587969e+06  -1.137695970610056e-02  2.450820020880289e-03  -6.799550867275729e-03
  1.239999999999997e+01  -5.831198492388235e+05  -1.857794515682037e+05  3.125162060045102e+05  -5.773848785549059e+05  5.108417574842776e+04  9.941094395341830e+05  -6.573707718804470e-03  5.890854663171399e-03  -5.875723628207714e-03
  1.249999999999997e+01  -6.565793450890876e+05  -2.076370614288943e+05  3.485951315550426e+05  -5.954298564194144e+05  5.268463959675933e+04  9.541378607009616e+05  3.947565854569834e-05  8.499456340806134e-03  -1.004447516226636e-03
  1.259999999999997e+01  -7.274992162152819e+05  -2.332859608121392e+05  3.749279762763394e+05  -6.054421674604918e+05  6.117796373827950e+04  9.120457026010859e+05  5.519237555520839e-03  9.138716559595379e-03  4.969557723357948e-03
  1.269999999999997e+01  -7.761181226380381e+05  -2.606913023401431e+05  3.752197448794291e+05  -6.068740617575939e+05  6.157448934673982e+04  8.887994017051343e+05  7.387955561379103e-03  8.169248050103687e-03  9.467136994351947e-03
  1.279999999999997e+01  -8.014249599559063e+05  -2.772211589542626e+05  3.699164325305016e+05  -6.115205517164922e+05  5.101275273082805e+04  8.725842740008528e+05  6.226300853701692e-03  7.268697445989808e-03  1.391609649057104e-02
  1.289999999999997e+01  -8.193182158733710e+05  -2.784028929576506e+05  3.838027609721175e+05  -6.253080325909746e+05  3.681808613080141e+04  8.423695729369343e+05  4.300956233063454e-03  7.360047398767704e-03  1.974040690365649e-02
  1.299999999999997e+01  -8.365235362790823e+05  -2.721793401598586e+05  4.140812630943526e+05  -6.388921854905770e+05  2.238101928395687e+04  8.009522441117599e+05  2.513696159160193e-03  7.714658477341560e-03  2.462554517090721e-02
  1.309999999999997e+01  -8.483519411301165e+05  -2.675393814979809e+05  4.370170513666715e+05  -6.396637999113993e+05  9.052684609198715e+03  7.687458794253441e+05  9.362906339720716e-04  7.173259330089300e-03  2.563847519422403e-02
  1.319999999999997e+01  -8.492782887432475e+05  -2.698056080451301e+05  4.345824341834974e+05  -6.255902521140764e+05  -2.327187671206481e+02  7.537846008065739e+05  -2.954743952092088e-05  5.448392307078659e-03  2.345324158246630e-02
  1.329999999999997e+01  -8.370044766001246e+05  -2.826236241778542e+05  4.114597303017243e+05  -6.048895801676896e+05  -5.319010530181403e+03  7.449166716206196e+05  -2.922135046858695e-04  3.220953385475016e-03  2.140937259053555e-02
  1.339999999999997e+01  -8.155077713555477e+05  -3.049528578645522e+05  3.849225145731394e+05  -5.862959064638407e+05  -8.726435881624973e+03  7.318825129779141e+05  -4.159895950701680e-04  1.124655501810609e-03  2.139643580443023e-02
  1.349999999999997e+01  -7.960000375507716e+05  -3.265111313154564e+05  3.621666461279679e+05  -5.749025786454036e+05  -1.114811346334159e+04  7.200931228360891e+05  -9.455120136507255e-04  -8.681168178430425e-04  2.172842312374535e-02
  1.359999999999997e+01  -7.887281187601568e+05  -3.343534169811879e+05  3.335410145387020e+05  -5.739870530752579e+05  -1.195436859244424e+04  7.226813251989603e+05  -1.783830911833374e-03  -2.706862556821223e-03  1.934913443432539e-02
  1.369999999999997e+01  -7.903475868645995e+05  -3.261223120761131e+05  2.889303910738685e+05  -5.815062128071089e+05  -1.132172359085563e+04  7.420139927237806e+05  -2.492603645180321e-03  -3.940312787999408e-03  1.364393619690354e-02
  1.379999999999997e+01  -7.862450868454142e+05  -3.144264162605826e+05  2.367326965246967e+05  -5.866173728265172e+05  -9.489298883318330e+03  7.650271717076212e+05  -2.756699190659428e-03  -4.557289918582293e-03  7.362340546591534e-03
  1.389999999999997e+01  -7.673884196286725e+05  -3.149831114306175e+05  2.022587672260350e+05  -5.790709745646105e+05  -7.760568640712218e+03  7.756791137624725e+05  -2.670624928842473e-03  -5.165390156247797e-03  4.150786464429699e-03
  1.399999999999997e+01  -7.407749682878857e+05  -3.313876158699012e+05  2.046317499179920e+05  -5.611212915755964e+05  -1.084026144127701e+04  7.688686525013960e+05  -3.062336417404344e-03  -6.063533304659616e-03  5.260812309147688e-03
  1.409999999999997e+01  -7.246648311761376e+05  -3.524220851920987e+05  2.363579003273252e+05  -5.451925227157295e+05  -2.282528579257931e+04  7.547691468781576e+05  -4.795016847238793e-03  -6.904451166520270e-03  8.321544744912297e-03
  1.419999999999997e+01  -7.334216195360968e+05  -3.624289995819406e+05  2.697510070430523e+05  -5.409884406341582e+05  -3.933710611099291e+04  7.495262899268867e+05  -7.461706603416365e-03  -7.348544242377499e-03  9.637669121843882e-03
  1.429999999999997e+01  -7.636803238344631e+05  -3.540402819186373e+05  2.826049556941870e+05  -5.474624860818514e+05  -4.874206555001874e+04  7.603074365275665e+05  -9.606871100967918e-03  -7.302820588399160e-03  7.706067813967868e-03
  1.439999999999996e+01  -7.979297670897668e+05  -3.325607095863309e+05  2.711117472917642e+05  -5.568253164956616e+05  -4.310061203539017e+04  7.815076278053960e+05  -1.020994609386911e-02  -6.665424258517996e-03  3.910561019507819e-03
  1.449999999999996e+01  -8.216087385409804e+05  -3.092865155635002e+05  2.438098518645650e+05  -5.625467615126334e+05  -2.495505776583845e+04  8.035531518867812e+05  -9.350408966031613e-03  -5.700365194157145e-03  3.629993358733807e-04
  1.459999999999996e+01  -8.323526903460642e+05  -2.919335894996083e+05  2.139830597818463e+05  -5.629467635466366e+05  -2.883114493095276e+03  8.209569768458147e+05  -7.629772889482791e-03  -5.107323793194434e-03  -1.819617087209520e-03
  1.469999999999996e+01  -8.334413246611157e+05  -2.801147333873202e+05  1.952746154347580e+05  -5.613895153168981e+05  1.656414016150401e+04  8.335783462613780e+05  -5.472851977959131e-03  -5.043263739697084e-03  -2.441411530394932e-03
  1.479999999999996e+01  -8.259264102534688e+05  -2.701276936310743e+05  1.938763956232383e+05  -5.623367353205836e+05  3.052115999166068e+04  8.444710489057731e+05  -3.097820360071780e-03  -4.941327695937113e-03  -1.702294064704271e-03
  1.489999999999996e+01  -8.109612899441068e+05  -2.630568321455388e+05  2.040856627690480e+05  -5.655827440925759e+05  3.672695177274851e+04  8.563179097769647e+05  -1.015926280223945e-03  -4.489412179010086e-03  -1.616485826448704e-04
  1.499999999999996e+01  -7.946955948482221e+05  -2.623953849195020e+05  2.184934522828159e+05  -5.690689137428509e+05  3.292807483217320e+04  8.666453797286414e+05  -1.257218538551716e-04  -3.914333020416268e-03  1.409558938554799e-03
  1.509999999999996e+01  -7.870483879013051e+05  -2.660634813848445e+05  2.369994308958343e+05  -5.766771468349743e+05  1.973430461994376e+04  8.684665534753504e+05  -8.188238304948090e-04  -3.417858514978408e-03  2.457162845799892e-03
  1.519999999999996e+01  -7.950784906883764e+05  -2.683420540380985e+05  2.599024756159511e+05  -5.955332202517891e+05  3.216431638187165e+03  8.594782067308739e+05  -2.220331902277961e-03  -2.941588406868641e-03  2.750253511207315e-03
  1.529999999999996e+01  -8.165241630800333e+05  -2.669514179740810e+05  2.804874266969188e+05  -6.248874451129505e+05  -6.850545282736983e+03  8.481100401204315e+05  -2.891310789350836e-03  -2.363231342202850e-03  2.159525060039798e-03
  1.539999999999996e+01  -8.394496583304637e+05  -2.623278392886691e+05  2.916411369539388e+05  -6.536302356978972e+05  -3.897138268478803e+03  8.466447992739292e+05  -2.334965906391784e-03  -1.681734030421933e-03  6.294060526889849e-04
  1.549999999999996e+01  -8.501108649893998e+05  -2.538079177067643e+05  2.957308990288132e+05  -6.698031535336216e+05  9.487016771308081e+03  8.592379799944788e+05  -1.513340899047160e-03  -1.176472916569709e-03  -1.547381217686035e-03
  1.559999999999996e+01  -8.443571862345114e+05  -2.433658829951976e+05  3.015208059508526e+05  -6.703789485104084e+05  2.390221294963180e+04  8.780192442351525e+05  -1.698887382166558e-03  -1.278496158459938e-03  -3.559843921106111e-03
  1.569999999999996e+01  -8.297690507619078e+05  -2.380352450511214e+05  3.132501096889432e+05  -6.620860080998999e+05  3.210368167352795e+04  8.904726130140085e+05  -3.035717136148598e-03  -2.004011566966976e-03  -4.359376837625785e-03
  1.579999999999996e+01  -8.167438237427884e+05  -2.418174800670433e+05  3.266363256613564e+05  -6.540521596745887e+05  3.501246923705182e+04  8.904679445950445e+05  -4.445223654381642e-03  -2.641453570651993e-03  -3.411238627539071e-03
  1.589999999999996e+01  -8.116586557871937e+05  -2.491942003292374e+05  3.349609584735265e+05  -6.497152444075927e+05  3.852075288858505e+04  8.825055387229264e+05  -4.702396668596274e-03  -2.366787228861409e-03  -1.242355774294932e-03
  1.599999999999996e+01  -8.169863178528114e+05  -2.515763065465304e+05  3.362026589375031e+05  -6.457094493289669e+05  4.539213553707975e+04  8.766735812865656e+05  -3.352067904320401e-03  -1.195225925485411e-03  9.391547485847354e-04
  1.609999999999996e+01  -8.323521794582608e+05  -2.474518885767713e+05  3.326658091739723e+05  -6.386213663962710e+05  5.194528571102010e+04  8.804360898377475e+05  -8.375902363318736e-04  1.014981877415727e-05  2.088403714441290e-03
  1.619999999999996e+01  -8.530972727676126e+05  -2.418655508333536e+05  3.268382489958522e+05  -6.307116663901483e+05  5.278418860843578e+04  8.936352296881577e+05  1.832423233048940e-03  5.207472388594573e-04  1.802240515459439e-03
  1.629999999999996e+01  -8.707782997424388e+05  -2.385178895457722e+05  3.211637858551776e+05  -6.273791878825098e+05  4.675005947570265e+04  9.095826559343658e+05  3.607340414560701e-03  3.932952805722014e-04  3.236202771514469e-04
  1.639999999999996e+01  -8.792000731206601e+05  -2.374735611815650e+05  3.187728899132347e+05  -6.308824762096977e+05  3.713156119536077e+04  9.203434885184215e+05  3.933506801699106e-03  5.382662168056687e-05  -1.662573824758613e-03
  1.649999999999996e+01  -8.794678138424037e+05  -2.377293102717238e+05  3.216728096743308e+05  -6.382687396986237e+05  2.777884195637653e+04  9.213029180137406e+05  2.967686970492915e-03  -3.522206164285601e-04  -3.227116153709063e-03
  1.659999999999997e+01  -8.768394297621606e+05  -2.371700242327544e+05  3.290405226554589e+05  -6.439638045367199e+05  2.043613197458901e+04  9.128204977811835e+05  1.371949282844520e-03  -9.379654681305506e-04  -3.563610526009072e-03
  1.669999999999997e+01  -8.746708186944409e+05  -2.329149908664843e+05  3.361610095338628e+05  -6.428925760407548e+05  1.483961587554017e+04  8.997358732431839e+05  -3.592464431371533e-05  -1.664371366485678e-03  -2.609093857679750e-03
  1.679999999999997e+01  -8.729616838116932e+05  -2.251362195047146e+05  3.361446679593279e+05  -6.332949280326176e+05  1.024761186504495e+04  8.887443294315655e+05  -6.033183720117034e-04  -2.196452536254495e-03  -1.231096963252006e-03
  1.689999999999997e+01  -8.701137354461728e+05  -2.182523864399496e+05  3.263135562349593e+05  -6.186153314439094e+05  7.063623842779884e+03  8.841291695382576e+05  -1.311146701257625e-04  -2.135632739674596e-03  -4.587943547429192e-04
  1.699999999999997e+01  -8.653358965533816e+05  -2.170931625631066e+05  3.112065721543353e+05  -6.052067911648980e+05  7.315558496182154e+03  8.855111620870146e+05  1.027445746813369e-03  -1.326753623236007e-03  -5.971411360736256e-04
  1.709999999999997e+01  -8.599608994997328e+05  -2.224604601567069e+05  2.978707120990304e+05  -5.969808777547631e+05  1.288505765327303e+04  8.899089387342645e+05  2.206527829719643e-03  -2.393151574333924e-05  -1.260657934323777e-03
  1.719999999999997e+01  -8.555011700916322e+05  -2.300404949559495e+05  2.903732955194032e+05  -5.929207969359248e+05  2.267975500943260e+04  8.950400348432633e+05  2.842248611894379e-03  1.192929630893117e-03  -2.031850124327944e-03
  1.729999999999998e+01  -8.517554971099877e+05  -2.339048332892296e+05  2.886086059415682e+05  -5.896147546006552e+05  3.212381887895041e+04  9.005465215605941e+05  2.807197073673438e-03  1.758291728392088e-03  -2.856033040196904e-03
  1.739999999999998e+01  -8.486178349845046e+05  -2.315722040784663e+05  2.903373376970384e+05  -5.850181627456503e+05  3.664975243440823e+04  9.068083689492019e+05  2.465583354276694e-03  1.510447102777153e-03  -3.810688685577358e-03
  1.749999999999998e+01  -8.481767073492834e+05  -2.255691625511872e+05  2.938680794544365e+05  -5.798303769588068e+05  3.572850128985312e+04  9.128912773813162e+05  2.318834186953945e-03  7.758366923592922e-04  -4.661765919219059e-03
  1.759999999999998e+01  -8.525022979404225e+05  -2.201753639730756e+05  2.983051251723621e+05  -5.763936548522549e+05  3.273114397170680e+04  9.160842241996613e+05  2.521942681168483e-03  4.647624568337614e-05  -4.928825574288917e-03
  1.769999999999998e+01  -8.595883174940117e+05  -2.167175708849324e+05  3.017006201293917e+05  -5.765434598805230e+05  3.086271512216975e+04  9.140810083926934e+05  2.821981532679937e-03  -4.436784512518882e-04  -4.441193888821621e-03
  1.779999999999998e+01  -8.639248123964871e+05  -2.128300206380319e+05  3.008039405056388e+05  -5.799146496936004e+05  3.008543529937599e+04  9.072681826386349e+05  2.948041710453202e-03  -7.810843036713392e-04  -3.610001842204346e-03
  1.789999999999998e+01  -8.615278760874220e+05  -2.065245027684453e+05  2.943346059443671e+05  -5.839138547446533e+05  2.843067262273446e+04  8.982982632222155e+05  2.903508516566107e-03  -1.058106883739010e-03  -3.027318488136199e-03
  1.799999999999999e+01  -8.533810818493676e+05  -2.001572358431921e+05  2.859354163102788e+05  -5.857669657419526e+05  2.544948481426426e+04  8.899458551208581e+05  2.867422509810829e-03  -1.150523840819757e-03  -2.880530113139522e-03
  1.809999999999999e+01  -8.438905704408891e+05  -1.989576637509156e+05  2.826193550303706e+05  -5.848328331842902e+05  2.326813559089749e+04  8.839795868336320e+05  2.991456918850148e-03  -8.698107538732898e-04  -2.813230814044707e-03
  1.819999999999999e+01  -8.373307699537334e+05  -2.056326855712846e+05  2.888854646427440e+05  -5.825447223757911e+05  2.439136415404032e+04  8.812441918310430e+05  3.346555449408334e-03  -2.051424206584263e-04  -2.333790911113044e-03
  1.829999999999999e+01  -8.356458225977006e+05  -2.168717630198311e+05  3.018443429027044e+05  -5.803900664608806e+05  2.923241879984802e+04  8.817336850425581e+05  3.898109883455659e-03  6.770093688248583e-04  -1.330147393983856e-03
  1.839999999999999e+01  -8.377877606979094e+05  -2.250247305214918e+05  3.124624121626823e+05  -5.788780654949393e+05  3.580733797388170e+04  8.844830767381589e+05  4.451017052111495e-03  1.583150977027289e-03  -1.976749342930005e-04
  1.849999999999999e+01  -8.404563404975535e+05  -2.235388304826432e+05  3.122364711801284e+05  -5.784863483738849e+05  4.107249913790482e+04  8.877243335450711e+05  4.725174873451059e-03  2.354317450076508e-03  5.232269950680758e-04
  1.859999999999999e+01  -8.401630223290144e+05  -2.119098172241059e+05  2.998106156890724e+05  -5.803503016258827e+05  4.237308584179641e+04  8.893874030662219e+05  4.555859032805819e-03  2.860348858158617e-03  6.333921941315514e-04
  1.870000000000000e+01  -8.352852987909802e+05  -1.962389718038529e+05  2.819707988200559e+05  -5.852095815697899e+05  3.859318502264251e+04  8.878796640091300e+05  4.011155652278372e-03  3.048127330636312e-03  3.962343999879395e-04
  1.880000000000000e+01  -8.265702913217919e+05  -1.848945752035120e+05  2.681703730959906e+05  -5.923644532181135e+05  3.086389016226710e+04  8.830030720766768e+05  3.299973631050187e-03  2.996108620738309e-03  1.972669252478685e-04
  1.890000000000000e+01  -8.159057943080635e+05  -1.825239935987920e+05  2.637688050559732e+05  -6.001795679593630e+05  2.220585518032332e+04  8.766354730836669e+05  2.599148764623968e-03  2.842295363299890e-03  1.788196839772158e-04
  1.900000000000000e+01  -8.052644394555432e+05  -1.876467285190723e+05  2.674490669880454e+05  -6.072741364603004e+05  1.590092681653037e+04  8.723855208477665e+05  2.007086614406258e-03  2.675184968685549e-03  2.171399513476182e-04
  1.910000000000000e+01  -7.966837997089792e+05  -1.952270385425429e+05  2.738600614414460e+05  -6.128073647853909e+05  1.354137663086221e+04  8.737168494556666e+05  1.575172907069909e-03  2.520809956551435e-03  1.471912413028041e-04
  1.920000000000000e+01  -7.921931145666891e+05  -2.010276659040240e+05  2.780034019769596e+05  -6.160811837947374e+05  1.436624577732485e+04  8.813631510030603e+05  1.271048370340113e-03  2.373162526898108e-03  -5.906704428174742e-05
  1.930000000000000e+01  -7.924423055019928e+05  -2.038541601792218e+05  2.783028698888554e+05  -6.166138877777329e+05  1.651052643446748e+04  8.921314131722075e+05  9.114009166914581e-04  2.180240552886300e-03  -2.777543140649638e-04
  1.940000000000001e+01  -7.955910487498012e+05  -2.052531741470043e+05  2.768206995580033e+05  -6.145556125748476e+05  1.889654771146989e+04  9.006080190463567e+05  2.271796902412040e-04  1.863834330676499e-03  -3.120532917437304e-04
  1.950000000000001e+01  -7.985438278894265e+05  -2.079175708438883e+05  2.771314427228933e+05  -6.106647314946696e+05  2.182514550011920e+04  9.029231858913501e+05  -9.051770007640167e-04  1.418433989095786e-03  1.340553882149936e-05
  1.960000000000001e+01  -7.994607618927505e+05  -2.136544081021607e+05  2.815640269284059e+05  -6.059479691003514e+05  2.584911910322083e+04  8.995073313205487e+05  -2.282033470575484e-03  9.648873911844704e-04  7.521101557012305e-04
  1.970000000000001e+01  -7.990636797026107e+05  -2.218658906981121e+05  2.894113156411880e+05  -6.014956587014637e+05  3.048049240862678e+04  8.945632662341973e+05  -3.445670377339421e-03  6.266633211501289e-04  1.760634636044204e-03
  1.980000000000001e+01  -7.997143334272866e+05  -2.299561890817707e+05  2.971682505864154e+05  -5.985622175167680e+05  3.412905190383073e+04  8.929387228453991e+05  -3.957604586685173e-03  3.625795332718579e-04  2.718278647763795e-03
  1.990000000000001e+01  -8.029848966617500e+05  -2.354628381324547e+05  3.010203025570902e+05  -5.982366730338264e+05  3.506481551047361e+04  8.969721246720947e+05  -3.673982619006003e-03  4.924622867246977e-06  3.312910874709740e-03
