TITLE = "Temporal Signal for receiver number 02407"
VARIABLES = "Time","xx","yy","zz","xy","yz","xz","u","v","w"
# x1       3.596205160000e+05
# x2       4.735490050000e+06
# x3       -3.000000000000e+03
  0.000000000000000e+00  0.000000000000000e+00  0.000000000000000e+00  0.000000000000000e+00  0.000000000000000e+00  0.000000000000000e+00  0.000000000000000e+00  0.000000000000000e+00  0.000000000000000e+00  0.000000000000000e+00
  1.000000000000000e-01  0.000000000000000e+00  0.000000000000000e+00  0.000000000000000e+00  0.000000000000000e+00  0.000000000000000e+00  0.000000000000000e+00  0.000000000000000e+00  0.000000000000000e+00  0.000000000000000e+00
  2.000000000000000e-01  0.000000000000000e+00  0.000000000000000e+00  0.000000000000000e+00  0.000000000000000e+00  0.000000000000000e+00  0.000000000000000e+00  0.000000000000000e+00  0.000000000000000e+00  0.000000000000000e+00
  3.000000000000000e-01  -7.040642042770456e-04  -2.878622147181426e-04  -3.266469556978156e-04  5.511758017345142e-05  2.509623609340172e-04  -3.234353985528139e-04  -4.493768529702495e-11  1.701900138750690e-12  -3.618811226054948e-11
  4.000000000000000e-01  1.486203883910914e-01  1.360912310616958e-02  -1.433965800635362e-02  -2.751401796951960e-02  -1.435184514428202e-02  2.458330709066490e-02  1.102981430921034e-08  -1.744852382219932e-09  -1.594596353025119e-10
  5.000000000000000e-01  1.779755975327928e+00  1.284962889140282e+00  8.607737648139596e-01  -6.695283653256228e-01  -1.104215846174930e-01  1.683267544091996e-01  1.460302269369468e-07  -9.714679322006607e-08  1.260166227617727e-08
  6.000000000000000e-01  -1.319317813536617e+00  -1.440639922355241e+00  -1.631186179959484e+00  4.169891018752152e-01  -7.351357577449610e-01  3.023487906455457e-02  -8.528544636375240e-08  1.375894646565222e-07  7.901459876748404e-08
  7.000000000000000e-01  -8.084480098906740e+00  -9.314906493206154e+00  -5.609547576821471e+00  4.516457359074834e+00  -1.641272153029288e+00  3.023307430060528e+00  -6.805496648675536e-07  8.236804486835275e-07  6.229746754972443e-07
  7.999999999999999e-01  1.986522076891278e+01  1.678621151250629e+01  1.801204403297120e+01  -9.687053437110448e+00  3.666607413881098e+00  -3.252927310733928e+00  1.706555821840635e-06  -1.639251928327005e-06  -9.933925333363902e-07
  8.999999999999999e-01  -2.984305554961430e+01  -5.832252549935423e+01  -3.095353496331249e+01  2.133418955894965e+01  -1.955048034163782e+01  1.339005031069588e+01  -2.928671873415925e-06  4.304496854248521e-06  1.698783735916753e-06
  9.999999999999999e-01  5.594337723706086e+02  -1.784663502893013e+01  -1.820625091930791e+02  -1.740562437212583e+02  -2.966082931696828e+02  1.785412174442168e+02  4.593591105697303e-05  2.504359041977445e-06  4.451421684703618e-05
  1.100000000000000e+00  1.613660115683222e+03  -2.424168084203608e+02  -7.675310076716522e+02  -6.243617955241937e+02  -1.070634556269202e+03  5.828859855338291e+02  1.285142401464736e-04  1.430252800459625e-05  1.401735790209324e-04
  1.200000000000000e+00  3.427598330468987e+03  -2.089541591362487e+02  -1.711882350121046e+03  -1.607370464072523e+03  -2.277786850235563e+03  1.177897706148285e+03  2.427239698921713e-04  -1.303372690359513e-05  2.464882198043706e-04
  1.300000000000000e+00  5.613784283253342e+03  -1.480394927266841e+03  -3.410506200314440e+03  -2.580542841172595e+03  -4.885686381279949e+03  2.959515627765248e+03  3.838090681070163e-04  8.650791197543373e-05  5.493243437097734e-04
  1.400000000000000e+00  4.925789171437637e+03  -2.353734266942669e+03  -2.907472480594064e+03  -3.000764625402164e+03  -5.993052093663011e+03  3.526630079416101e+03  2.229177106457765e-04  9.382276847864946e-05  4.088067351031107e-04
  1.500000000000000e+00  8.928395936322096e+02  -5.173591725590998e+02  3.081540288766706e+02  -2.418474388308350e+03  -3.470721591275632e+03  2.355872701573593e+03  -3.536117567096526e-04  -1.730189151605160e-04  -3.548711397088862e-04
  1.600000000000000e+00  5.554792045579303e+02  -9.911589206113611e+01  -9.427413473600731e+02  -1.566791503657183e+03  -2.560303455360279e+03  3.179260063287410e+03  -5.962458667831489e-04  -2.247235639006824e-04  -5.494049161928963e-04
  1.700000000000000e+00  8.151313887263143e+03  -2.884013912737709e+03  -8.146464044863921e+03  -2.322525444573959e+03  -7.441702004223372e+03  6.783539758768175e+03  -5.791894075264746e-05  7.552760621399569e-05  2.561876214263195e-04
  1.800000000000000e+00  2.651697514402776e+04  -8.297123529972851e+03  -1.845281822617941e+04  -5.297771852856173e+03  -1.948341662977184e+04  1.445404576032299e+04  1.269920003673524e-03  6.441751648686044e-04  1.855138229092532e-03
  1.900000000000001e+00  5.788352516795578e+04  -8.974386091043030e+03  -3.375902253923356e+04  -1.728487282417456e+04  -3.688823951520623e+04  2.423625633421181e+04  3.252342824871755e-03  4.510643241379850e-04  3.817822082936597e-03
  2.000000000000000e+00  1.817887606497822e+05  1.573014311286207e+04  -6.119345199687686e+04  -5.899970126653841e+04  -6.106935799191035e+04  2.852656687490294e+04  1.263908542015220e-02  -2.068111856091707e-03  6.498835131172299e-03
  2.100000000000001e+00  3.795122242194400e+05  6.354848796869323e+04  -3.185122226328430e+04  -1.318111319697930e+05  -8.117600788135295e+04  1.674836306679027e+04  2.596935471210550e-02  -7.286314640023732e-03  3.858939540762027e-03
  2.200000000000001e+00  5.854838275502272e+05  1.435924728964668e+05  2.783013314742528e+04  -2.045641492581341e+05  -2.110813060316297e+04  -8.115010708224261e+04  4.069930011448251e-02  -1.727158992264471e-02  -1.167164698052242e-02
  2.300000000000001e+00  3.439117402676515e+05  2.826553213995972e+05  4.860168483281159e+05  -2.173546754129679e+05  3.181327989330172e+05  -4.293925360942952e+05  1.347622041090279e-02  -4.077667028633055e-02  -9.091557796517570e-02
  2.400000000000001e+00  -3.784158980187069e+05  3.875165718044563e+05  1.518781665373597e+06  -1.099550201071773e+05  7.629324798922651e+05  -8.734940541617967e+05  -5.509839870848526e-02  -5.781445632035053e-02  -2.174518472395291e-01
  2.500000000000001e+00  -9.294653000009146e+05  4.389203213299406e+05  2.599232685817666e+06  -8.943483121494935e+03  9.385564967414646e+05  -1.165162320918145e+06  -1.040205133664142e-01  -5.919115614780778e-02  -3.182743329620552e-01
  2.600000000000001e+00  -1.273385058896366e+06  4.165265016438105e+05  3.220292026051308e+06  -2.135400801346665e+04  9.000069365706693e+05  -1.254830659189976e+06  -1.283315160662006e-01  -5.860870669640702e-02  -3.573145027728714e-01
  2.700000000000001e+00  -1.500574409072352e+06  4.128508245006096e+05  3.771806889134690e+06  -8.528984984298566e+04  8.596779643080136e+05  -1.288231361555676e+06  -1.398740914740112e-01  -6.052724728392154e-02  -3.831251998470084e-01
  2.800000000000001e+00  -1.635117862093322e+06  4.290853250786561e+05  4.229823888435737e+06  -1.145642219032951e+05  8.250358723139340e+05  -1.303286739025221e+06  -1.459516179691360e-01  -5.433724380421158e-02  -4.005640419832392e-01
  2.900000000000001e+00  -1.700958844325233e+06  4.613600025095927e+05  4.610337487366606e+06  -1.446961643218420e+05  7.958521190814860e+05  -1.289044008950223e+06  -1.520162163470866e-01  -5.226578594908458e-02  -4.207263731146200e-01
  3.000000000000001e+00  -1.735059203454777e+06  5.156498214781756e+05  4.976556833182059e+06  -1.974008266344893e+05  7.360669457206643e+05  -1.270547898134445e+06  -1.526618008254116e-01  -5.122302745652629e-02  -4.537923632451747e-01
  3.100000000000001e+00  -1.732972297890269e+06  5.222073804756152e+05  5.181599740776961e+06  -2.531533366392157e+05  7.043103707340466e+05  -1.268674815347412e+06  -1.471749002769949e-01  -5.605429872646903e-02  -4.756404172332656e-01
  3.200000000000002e+00  -1.729355350050298e+06  4.845420067953238e+05  5.249033752544516e+06  -2.992213318548974e+05  6.531989022130313e+05  -1.205169759477051e+06  -1.418495170706153e-01  -5.149675575519774e-02  -4.863189993189238e-01
  3.300000000000002e+00  -1.973256098215522e+06  -8.410474549349169e+04  4.733335171953860e+06  -4.036687455172206e+05  5.149537059345367e+05  -1.159133922799729e+06  -1.334502569380858e-01  -5.399299859555404e-02  -4.455252815435933e-01
  3.400000000000002e+00  -2.135339762525522e+06  -6.508060217181375e+05  4.344620992505974e+06  -4.974885603236227e+05  4.357538707709539e+05  -1.136367238533862e+06  -1.275891148512533e-01  -6.856066026432729e-02  -4.184140555082935e-01
  3.500000000000002e+00  -2.126198914329221e+06  -1.232548487143496e+06  4.004791197901696e+06  -5.213595914919138e+05  3.719373899480176e+05  -1.099960386037590e+06  -1.281556584463190e-01  -8.251058028028121e-02  -3.928084625117651e-01
  3.600000000000002e+00  -2.030104064135645e+06  -1.563050588274289e+06  3.242473806914531e+06  -4.034397879433472e+05  4.515962834467687e+05  -1.150850414880839e+06  -1.076963174727828e-01  -5.711992914322449e-02  -3.148222966597132e-01
  3.700000000000002e+00  -1.776267219348032e+06  -1.265156600082716e+06  2.062937568692572e+06  -1.546291178807324e+05  6.648104367797575e+05  -1.437941854514790e+06  -4.157632782468904e-02  -3.037254551689999e-03  -2.069653590070566e-01
  3.800000000000002e+00  -1.602894743050303e+06  -8.041419248061205e+05  8.923385529091884e+05  1.002278578957759e+05  9.059009150775227e+05  -1.884357581623052e+06  3.497970847285804e-02  4.056983681546225e-02  -1.003746198135074e-01
  3.900000000000002e+00  -1.464012585645188e+06  -4.471094591209800e+05  2.532427272751101e+05  2.752245776161001e+05  1.032421182826530e+06  -2.152713181556202e+06  5.993236784221191e-02  5.630644054020102e-02  -4.064825601224049e-02
  4.000000000000002e+00  -1.318651115962864e+06  -2.160396452174011e+05  -1.184205798963106e+05  4.334853302548779e+05  1.100457741294166e+06  -2.139451013044624e+06  3.171897749248292e-02  4.752130925979525e-02  -1.002732261081088e-02
  4.100000000000001e+00  -1.263129582500643e+06  -1.194728427860207e+04  -4.814507789859753e+05  5.917804921808882e+05  1.171805393070222e+06  -1.978747224568258e+06  -2.483657540579827e-02  3.091450132213916e-02  -4.554555694643087e-03
  4.200000000000001e+00  -1.395168501103461e+06  8.515022813181461e+04  -7.958742078587782e+05  6.671417487370503e+05  1.230871033187889e+06  -1.870390207309271e+06  -7.742265422958422e-02  1.971840734765303e-02  -2.540105502264578e-02
  4.300000000000001e+00  -1.646592041814798e+06  4.132491472295712e+04  -8.315442546212061e+05  6.146505854323255e+05  1.255202976607691e+06  -1.866701027196561e+06  -9.738470425505308e-02  7.595834962736392e-03  -5.984411882537961e-02
  4.400000000000000e+00  -1.812499992264579e+06  -1.503258918442612e+05  -7.599875846332822e+05  5.220508961879246e+05  1.293109013984625e+06  -1.859484886461325e+06  -9.366786132228667e-02  -6.625424451808580e-03  -7.353733256559609e-02
  4.500000000000000e+00  -1.841497897753857e+06  -3.637730636774351e+05  -7.403504962418381e+05  4.776558548196097e+05  1.352280887343285e+06  -1.823520899174535e+06  -8.380416540151804e-02  -2.079039817016176e-02  -7.839571611581644e-02
  4.600000000000000e+00  -1.850328287940037e+06  -5.086977398379483e+05  -7.708643910320927e+05  4.342679087839211e+05  1.344862323261647e+06  -1.827233126656632e+06  -6.773501304339664e-02  -2.557011848274811e-02  -1.000802060100298e-01
  4.699999999999999e+00  -1.882132984705953e+06  -5.198762988358677e+05  -8.875354171026084e+05  3.430201993861531e+05  1.306698762906533e+06  -1.867756662294466e+06  -4.872804690300227e-02  -2.528109608047434e-02  -1.236398778804654e-01
  4.799999999999999e+00  -1.917171105954009e+06  -4.979836325789056e+05  -1.064876629352334e+06  2.566430029526133e+05  1.268136141919449e+06  -1.887762222465074e+06  -2.594592735711695e-02  -2.229814178413474e-02  -1.369676306795026e-01
  4.899999999999999e+00  -1.848186897559988e+06  -5.418105916769836e+05  -1.117416822285827e+06  2.349067232147334e+05  1.304022941257172e+06  -1.909829856785947e+06  2.191649447924483e-03  -1.140591766711788e-02  -1.517815750746635e-01
  4.999999999999998e+00  -1.795701944874209e+06  -5.996302968353756e+05  -1.169682013965936e+06  2.970869219781993e+05  1.397143201316016e+06  -1.933958303667265e+06  2.462857464006489e-02  7.348832483082589e-03  -1.593982456116634e-01
  5.099999999999998e+00  -1.867433360372933e+06  -5.961199755421677e+05  -1.279012024217051e+06  4.623052958885380e+05  1.491715050858379e+06  -1.890155752863088e+06  3.027840611052671e-02  1.904550237131997e-02  -1.674402106864450e-01
  5.199999999999998e+00  -2.005777220644673e+06  -6.264257102723613e+05  -1.255077417558497e+06  6.792446080367297e+05  1.562528827436545e+06  -1.790430596228869e+06  4.023888648955357e-02  2.320651887234179e-02  -1.725431194785575e-01
  5.299999999999997e+00  -2.075217922721938e+06  -6.796286217663634e+05  -1.149160975258814e+06  7.800591984670528e+05  1.550017751259837e+06  -1.651223681041104e+06  7.195216956387296e-02  3.048549075773553e-02  -1.489074911110529e-01
  5.399999999999997e+00  -2.242574455316928e+06  -5.872664107191011e+05  -1.158053930482124e+06  7.075687794708953e+05  1.466227882691901e+06  -1.496112515075264e+06  1.249738370145364e-01  3.400679318136211e-02  -8.684990656252012e-02
  5.499999999999996e+00  -2.543300363948802e+06  -3.936782363204992e+05  -1.102630681383337e+06  5.520146346256273e+05  1.433844605310074e+06  -1.467468706476066e+06  1.710786983470269e-01  3.401693328435586e-02  1.047223600578821e-03
  5.599999999999996e+00  -2.868601651488974e+06  -3.322747075196848e+05  -8.187628270700290e+05  4.240706073151447e+05  1.420934606002515e+06  -1.539643711104104e+06  1.901556269478737e-01  3.541490113235807e-02  6.584697062555823e-02
  5.699999999999996e+00  -3.128676862091720e+06  -3.482320478604870e+05  -4.721738806788998e+05  3.361638096547294e+05  1.381986421828267e+06  -1.629760979903677e+06  1.862227158828289e-01  3.341369733915458e-02  8.701031205500678e-02
  5.799999999999995e+00  -3.375122564420173e+06  -3.862664678595681e+05  -1.918649407712334e+05  3.128433117288481e+05  1.389382118436859e+06  -1.718852132246667e+06  1.779725726804274e-01  2.602225407513839e-02  9.571004752468697e-02
  5.899999999999995e+00  -3.552557041292906e+06  -4.577716702157241e+05  1.714261313531444e+05  3.746001639824768e+05  1.415793877199669e+06  -1.718657003472832e+06  1.679960400437205e-01  1.749228504967025e-02  1.057596568116505e-01
  5.999999999999995e+00  -3.671647887213480e+06  -5.704925359988250e+05  5.992142323199133e+05  4.467734200620176e+05  1.370923479513834e+06  -1.609109768802041e+06  1.595878776090571e-01  1.033162673502225e-02  1.228498279217422e-01
  6.099999999999994e+00  -3.777382704983799e+06  -6.530924693088070e+05  9.737526388281138e+05  4.908512584639610e+05  1.302879441912685e+06  -1.456441457205086e+06  1.511199557122028e-01  -2.737235556097143e-04  1.457434910107482e-01
  6.199999999999994e+00  -3.932972466013826e+06  -7.028609733149449e+05  1.267243149650195e+06  5.428382654222578e+05  1.299466063046988e+06  -1.327508392453902e+06  1.443374755940961e-01  -1.847037416196160e-02  1.553339575290817e-01
  6.299999999999994e+00  -4.163790807394015e+06  -7.332395602912669e+05  1.489204089250132e+06  5.711191838240195e+05  1.324175121108046e+06  -1.309664407288034e+06  1.446214570257413e-01  -2.963688878824263e-02  1.519679274721404e-01
  6.399999999999993e+00  -4.388384882425138e+06  -6.969887971983389e+05  1.668240388546561e+06  5.416058877484222e+05  1.306945924576850e+06  -1.415616123094956e+06  1.477946782280399e-01  -2.688004050878105e-02  1.499279840317024e-01
  6.499999999999993e+00  -4.537641663471070e+06  -6.062221581218252e+05  1.809228208417406e+06  4.890830399326976e+05  1.262617742071635e+06  -1.539286177943577e+06  1.449256234164509e-01  -2.070971584818893e-02  1.510596212380752e-01
  6.599999999999993e+00  -4.613931199005526e+06  -5.042550235825313e+05  1.912492463830655e+06  4.578156818664275e+05  1.247860912461260e+06  -1.626453060621069e+06  1.360826440044315e-01  -1.937537203117914e-02  1.540715181007596e-01
  6.699999999999992e+00  -4.670686276591023e+06  -4.212252736807897e+05  1.960928114056648e+06  4.735042498550286e+05  1.256262401477707e+06  -1.683974192507886e+06  1.327527132431679e-01  -2.003282189793058e-02  1.543271668652438e-01
  6.799999999999992e+00  -4.719405105411598e+06  -3.375998935885678e+05  1.956022830521167e+06  5.139578278350172e+05  1.246885904777093e+06  -1.707699540369442e+06  1.357363363207783e-01  -1.690741723100626e-02  1.468246116657714e-01
  6.899999999999991e+00  -4.766674549731720e+06  -2.643769101344019e+05  1.915766689053207e+06  5.347958795985460e+05  1.200244817528581e+06  -1.725484300871021e+06  1.345904385546794e-01  -1.200803759380823e-02  1.359524958923198e-01
  6.999999999999991e+00  -4.807561528274435e+06  -1.881421197782461e+05  1.878536547658662e+06  5.387926957388755e+05  1.148113342756870e+06  -1.792682942094932e+06  1.213882840472350e-01  -1.148163424262757e-02  1.263821071219365e-01
  7.099999999999991e+00  -4.847389173085775e+06  -1.186697210587616e+05  1.807543721808329e+06  5.645055946935411e+05  1.107489636175513e+06  -1.922394312388098e+06  1.028504531654498e-01  -1.269540347966355e-02  1.170067599604352e-01
  7.199999999999990e+00  -4.834957477878056e+06  -7.335000979369770e+04  1.700911237591569e+06  6.239414123670046e+05  1.080442889919207e+06  -2.055341095915013e+06  8.566138085669779e-02  -1.087056401668888e-02  1.069255919885757e-01
  7.299999999999990e+00  -4.739361750459422e+06  1.194455085517842e+02  1.630445063056319e+06  6.853194239119946e+05  1.052318134799424e+06  -2.129065228457524e+06  6.554381404838747e-02  -8.452871091081225e-03  9.230631594475180e-02
  7.399999999999990e+00  -4.437508529431093e+06  2.212684533428045e+05  1.798574002061482e+06  7.586664345016646e+05  1.049536225434673e+06  -2.046067951253422e+06  2.796211516369359e-02  -1.390279664010993e-02  5.003141688776684e-02
  7.499999999999989e+00  -4.292791400621117e+06  2.885789206769280e+05  1.762621556523170e+06  7.967293541696797e+05  1.031525371303908e+06  -2.024626398147096e+06  9.294113838757294e-03  -8.791926496871614e-03  2.442072082915729e-02
  7.599999999999989e+00  -4.297413062509014e+06  1.563179194290292e+05  1.580381326318584e+06  8.015000667168521e+05  1.022305617791826e+06  -1.998698979248913e+06  1.141696183954011e-02  1.266704659862225e-02  1.837953626050546e-02
  7.699999999999989e+00  -4.239807857820461e+06  -2.014607904014429e+04  1.444274157904078e+06  8.106091879143899e+05  1.027989625000049e+06  -1.849777509876461e+06  1.119061118547919e-02  3.858238232927232e-02  2.036361602852362e-02
  7.799999999999988e+00  -4.175227253582216e+06  -2.086720196015418e+05  1.376424993895709e+06  8.253552210110232e+05  1.058063260329327e+06  -1.650705211898208e+06  8.739711752643573e-03  6.370133168866081e-02  2.443644675006039e-02
  7.899999999999988e+00  -4.134717924714701e+06  -3.190965349579025e+05  1.439807077444029e+06  8.435850505781348e+05  1.113931890360488e+06  -1.404612448825942e+06  4.126549773736797e-03  8.290423459982017e-02  9.427194922265104e-03
  7.999999999999988e+00  -4.211506857301750e+06  -3.207940264183203e+05  1.486917450238945e+06  8.496979479308513e+05  1.143339939682057e+06  -1.210719157030839e+06  -7.317517266927767e-04  8.503015634433357e-02  -1.756932029505544e-02
  8.099999999999987e+00  -4.414695521847133e+06  -2.409749224478705e+05  1.390283400394303e+06  8.304891492469605e+05  1.140642558345854e+06  -1.183776116494738e+06  -4.031190579601823e-03  7.004759651112512e-02  -3.478170307324067e-02
  8.199999999999987e+00  -4.608175141132066e+06  -1.498491785598929e+05  1.273628739021702e+06  8.095117844484935e+05  1.142282035028553e+06  -1.312606451167918e+06  -4.926806932118257e-03  4.992455575539559e-02  -4.332966740561688e-02
  8.299999999999986e+00  -4.623141567086037e+06  -9.283409575600954e+04  1.192742566400177e+06  8.189073815478674e+05  1.158333628642342e+06  -1.470806200787979e+06  -9.659923239470311e-03  3.489912785776518e-02  -4.513737561045773e-02
  8.399999999999986e+00  -4.456903085013833e+06  -8.351062990882609e+04  9.745923882853732e+05  8.719602937538526e+05  1.187247157239308e+06  -1.540425083118750e+06  -2.361564535014891e-02  2.289805536483516e-02  -3.397155972713559e-02
  8.499999999999986e+00  -4.230937507962210e+06  -9.399404547127138e+04  6.473263717765401e+05  9.495122072501616e+05  1.237145078612308e+06  -1.506110830980998e+06  -4.439069951418608e-02  8.692429442975914e-03  -1.584965838987855e-02
  8.599999999999985e+00  -4.066739383740151e+06  -7.658202519215217e+04  4.817054322021990e+05  1.003560147356459e+06  1.304234774323985e+06  -1.462759440074411e+06  -5.952657316256502e-02  -2.104244757150211e-03  -6.171759077025168e-03
  8.699999999999985e+00  -4.071889092855468e+06  -4.193886566138461e+04  5.281051505221874e+05  1.000306939063339e+06  1.351470161302992e+06  -1.478791052102662e+06  -5.595365108248228e-02  -1.935290243409319e-03  -8.684286566123058e-03
  8.799999999999985e+00  -4.171601153914689e+06  -1.311072929963259e+04  6.159818999698468e+05  9.604283767897921e+05  1.355409365278491e+06  -1.513248054415204e+06  -4.013430998634440e-02  4.201668110505146e-03  -1.683463144395179e-02
  8.899999999999984e+00  -4.217688111555431e+06  2.839850576347699e+04  6.313708003158959e+05  9.048821859344506e+05  1.328312685343542e+06  -1.538908011453435e+06  -2.671661906416634e-02  9.711391690611802e-03  -2.225062751395416e-02
  8.999999999999984e+00  -4.163451435588710e+06  7.059435530860270e+04  5.800495605584936e+05  8.473012753929304e+05  1.288729028439364e+06  -1.568109406613508e+06  -2.250498364276647e-02  1.149151886425037e-02  -2.390779885397154e-02
  9.099999999999984e+00  -4.112103601068372e+06  9.283720279600695e+04  5.332749724029225e+05  8.153650000836732e+05  1.278357690196930e+06  -1.606406096697028e+06  -2.277176323148614e-02  1.013129526097991e-02  -2.321134871086126e-02
  9.199999999999983e+00  -4.133367577149021e+06  9.629521402213346e+04  5.445336457519408e+05  8.238539061288965e+05  1.305382754819304e+06  -1.643417013575822e+06  -2.203879506664238e-02  6.107370251955878e-03  -2.168760480061767e-02
  9.299999999999983e+00  -4.177109409709411e+06  9.481554121361562e+04  5.747317171492476e+05  8.372360474200884e+05  1.326030890282963e+06  -1.668581718014326e+06  -1.948546650817702e-02  1.897689025507294e-03  -2.351732046847663e-02
  9.399999999999983e+00  -4.170827346811685e+06  1.051007656734937e+05  5.595366322724170e+05  8.205683680315962e+05  1.316327505073328e+06  -1.674797342740519e+06  -1.665438615660966e-02  7.152339473676619e-04  -2.783188674530781e-02
  9.499999999999982e+00  -4.122323616847697e+06  1.334024592290721e+05  4.982132227172208e+05  7.892303958267411e+05  1.303903669853817e+06  -1.678637155241429e+06  -1.512049431185777e-02  2.387863131494843e-03  -2.845512857676512e-02
  9.599999999999982e+00  -4.093503342205369e+06  1.567974567200187e+05  4.482846328484807e+05  7.679344421218865e+05  1.306331642259704e+06  -1.687176365569839e+06  -1.220417098525336e-02  6.070704021977727e-03  -2.561807018982984e-02
  9.699999999999982e+00  -4.097816004528646e+06  1.323416355521722e+05  4.550466870668529e+05  7.577902774298389e+05  1.300701828312637e+06  -1.678654522151926e+06  -7.021099719610079e-03  1.025409773795690e-02  -2.433147764668199e-02
  9.799999999999981e+00  -4.092417571689179e+06  9.732310279887024e+04  4.697414529542958e+05  7.431485589484456e+05  1.301088201801897e+06  -1.658122827020358e+06  -5.686222076222602e-03  1.401482520530830e-02  -2.221312774865688e-02
  9.899999999999981e+00  -4.109045737833587e+06  1.146949102855129e+05  4.342851001339785e+05  7.264943041975517e+05  1.326437040506357e+06  -1.638201086741611e+06  -5.924655547296914e-03  1.671770300295657e-02  -1.840435362794730e-02
  9.999999999999980e+00  -4.133222368071937e+06  9.292347873656946e+04  4.235585334333361e+05  7.396239209429949e+05  1.327126688432745e+06  -1.575790995694645e+06  -7.427620586300533e-03  7.836892326444090e-03  -2.602613174374670e-02
  1.009999999999998e+01  -4.055624680605601e+06  -5.528537117818719e+04  5.013997483721361e+05  7.759915635439665e+05  1.285119975325353e+06  -1.473366850765266e+06  -1.801734630013993e-02  -1.492092466598845e-02  -4.203283176551224e-02
  1.019999999999998e+01  -3.933196231746081e+06  -2.090819123404714e+05  5.739313912411857e+05  7.836188830404715e+05  1.264845833321993e+06  -1.418850034344260e+06  -2.931652093507485e-02  -2.879522505899859e-02  -4.256934722600173e-02
  1.029999999999998e+01  -3.902931864282578e+06  -2.341010182295842e+05  5.818987109142169e+05  7.476854674648436e+05  1.290359121001693e+06  -1.435432699644180e+06  -2.601158334550695e-02  -1.882891942760611e-02  -2.729162155927142e-02
  1.039999999999998e+01  -3.950403674671052e+06  -1.790427557880273e+05  5.957601111180632e+05  7.009212041704688e+05  1.311046817901476e+06  -1.470577216242367e+06  -1.139346066184593e-02  -7.716442825265118e-04  -1.556235796121203e-02
  1.049999999999998e+01  -3.992468218286484e+06  -1.262749432101149e+05  6.707618468566199e+05  6.748865567282015e+05  1.301100301995045e+06  -1.508054272231371e+06  7.616004149390136e-04  5.756928275556540e-03  -1.087222100478600e-02
  1.059999999999998e+01  -4.018935197471061e+06  -8.874063286071573e+04  7.642932430698581e+05  6.762081788706168e+05  1.282950070155654e+06  -1.547444394260455e+06  3.646246585393853e-03  8.479914721521269e-04  -5.006208266706154e-03
  1.069999999999998e+01  -4.063866657820309e+06  -8.230498850838086e+04  8.258174169352630e+05  6.793941129830665e+05  1.266912121580685e+06  -1.564575414121105e+06  5.157144559870469e-04  -4.566919264782717e-03  3.218325088698283e-03
  1.079999999999998e+01  -4.128111587391106e+06  -1.150672249983036e+05  8.842317562212123e+05  6.560492278315326e+05  1.252609632894908e+06  -1.563189190899215e+06  -1.553085222558198e-03  -3.864633128480370e-03  1.066281853626046e-02
  1.089999999999998e+01  -4.187078059238758e+06  -1.593963680754267e+05  9.714932537290383e+05  6.204896000704579e+05  1.254528558922722e+06  -1.569689701827994e+06  7.021972113191246e-07  5.763661212753878e-04  1.666188492115218e-02
  1.099999999999998e+01  -4.228188990149829e+06  -1.849712373154421e+05  1.059567300973881e+06  6.097421792800985e+05  1.275716081703706e+06  -1.584242777449175e+06  2.653123821420536e-03  2.893933906175746e-03  2.132771641631497e-02
  1.109999999999998e+01  -4.254547894965114e+06  -1.826117296783819e+05  1.111013402001346e+06  6.300029924910280e+05  1.295498780633949e+06  -1.599154230771681e+06  4.911902674811356e-03  2.195442317740262e-03  2.435386171378302e-02
  1.119999999999998e+01  -4.269409568057640e+06  -1.564160462399696e+05  1.133562047201922e+06  6.561126499052460e+05  1.300069504346158e+06  -1.628314843154601e+06  7.565272358906405e-03  1.949065190289116e-03  2.740084442174926e-02
  1.129999999999998e+01  -4.277920916951669e+06  -1.165612265341189e+05  1.147529602378476e+06  6.733833877966669e+05  1.295555677073316e+06  -1.688932875633174e+06  1.040526302332398e-02  2.688560894375766e-03  3.220621489899625e-02
  1.139999999999998e+01  -4.280916941681548e+06  -7.801031232186577e+04  1.139825123291780e+06  6.900847915726786e+05  1.285407595837455e+06  -1.768936881282080e+06  1.091577425141243e-02  1.385705690726964e-03  3.666723648513859e-02
  1.149999999999998e+01  -4.271811691928827e+06  -4.721703237553667e+04  1.105931602221083e+06  7.101825973311749e+05  1.266519570326770e+06  -1.832164656073326e+06  7.309044079214234e-03  -2.220197452326401e-03  3.672610881525397e-02
  1.159999999999997e+01  -4.264910477942456e+06  -2.809253895839489e+04  1.075101119198767e+06  7.271630004772814e+05  1.248069909036114e+06  -1.856927749984994e+06  2.112633026055120e-03  -4.481018852786091e-03  3.124542538817426e-02
  1.169999999999997e+01  -4.274188985788279e+06  -3.511766200954635e+04  1.066540416198977e+06  7.413550924249539e+05  1.247022667032246e+06  -1.848566241341528e+06  -9.694471556528765e-04  -4.389348533665982e-03  2.413364645554056e-02
  1.179999999999997e+01  -4.284343271830817e+06  -7.166793688186140e+04  1.070106262096553e+06  7.551036781146915e+05  1.263753663067014e+06  -1.825122647448493e+06  -2.671113756929251e-03  -4.775322972203166e-03  2.033930566586623e-02
  1.189999999999997e+01  -4.283956620667015e+06  -1.101590215183656e+05  1.066485787311296e+06  7.631712936849168e+05  1.279779066563921e+06  -1.811398035781529e+06  -4.491874546489497e-03  -6.681625327591130e-03  2.000655700808667e-02
  1.199999999999997e+01  -4.279766303313371e+06  -1.240431531319525e+05  1.040478523288941e+06  7.644582820206224e+05  1.282863768522597e+06  -1.828756719291351e+06  -5.484806207376330e-03  -8.469184213510457e-03  2.014832139832563e-02
  1.209999999999997e+01  -4.268415982207690e+06  -1.263404638690879e+05  9.933260842567770e+05  7.665496737360623e+05  1.275282459582027e+06  -1.875855631640760e+06  -5.858982236767492e-03  -9.587499977411118e-03  1.980943952204643e-02
  1.219999999999997e+01  -4.243928635760138e+06  -1.476285985513202e+05  9.536232179738306e+05  7.729242742166148e+05  1.260682631253405e+06  -1.926613950842162e+06  -7.102528020609828e-03  -1.124436974223459e-02  1.954900958558073e-02
  1.229999999999997e+01  -4.228663896318468e+06  -1.918405254151023e+05  9.482843328439032e+05  7.769310605852553e+05  1.242261125960097e+06  -1.956464003122895e+06  -8.844047447892614e-03  -1.415697533328928e-02  1.879798876825042e-02
  1.239999999999997e+01  -4.245577363899427e+06  -2.330736325333070e+05  9.651310449742334e+05  7.709343278684635e+05  1.224908844150292e+06  -1.965020798486790e+06  -9.257268318127005e-03  -1.725188509442535e-02  1.739162631724505e-02
  1.249999999999997e+01  -4.275986455551152e+06  -2.466900362173731e+05  9.702739396185647e+05  7.581602573579942e+05  1.210320911154360e+06  -1.966114993495264e+06  -7.853046688184801e-03  -1.853340080343289e-02  1.627842867561278e-02
  1.259999999999997e+01  -4.287967794027251e+06  -2.350497477556884e+05  9.525482546219444e+05  7.524528709829913e+05  1.199144055563480e+06  -1.965642239117299e+06  -6.175234256523930e-03  -1.689297562446039e-02  1.495965690674030e-02
  1.269999999999997e+01  -4.280451392442385e+06  -2.211202825551143e+05  9.279622061908423e+05  7.625971118814949e+05  1.194652619315690e+06  -1.960682974926371e+06  -5.812932428211039e-03  -1.352257186992828e-02  1.193561182707013e-02
  1.279999999999997e+01  -4.270081854497262e+06  -2.180182591927240e+05  9.119612369805668e+05  7.786234232530659e+05  1.195570584390875e+06  -1.949374546236380e+06  -6.687332978245775e-03  -1.116367130335599e-02  7.696938205372338e-03
  1.289999999999997e+01  -4.267710846828854e+06  -2.150178761028855e+05  9.047875778205891e+05  7.803266715210997e+05  1.195499730713283e+06  -1.932790387874816e+06  -7.575234512726305e-03  -1.102974382721106e-02  4.482281921982394e-03
  1.299999999999997e+01  -4.280145594935383e+06  -2.002602565652069e+05  9.020981825169249e+05  7.612887090987910e+05  1.194394374202276e+06  -1.912167512020414e+06  -7.524810840946104e-03  -1.165900862147778e-02  2.704151505515131e-03
  1.309999999999997e+01  -4.309208274493277e+06  -1.826520438866832e+05  9.057808572488435e+05  7.368959623897964e+05  1.198795369415294e+06  -1.887743722169210e+06  -6.199119511140424e-03  -1.107194558525668e-02  7.309964792308981e-06
  1.319999999999997e+01  -4.347689015423163e+06  -1.772739756891342e+05  9.120664920214760e+05  7.255828364972108e+05  1.209046500530589e+06  -1.861688262161232e+06  -3.342946025127983e-03  -8.525582529089743e-03  -4.819386342717905e-03
  1.329999999999997e+01  -4.381462447100625e+06  -1.778461168239464e+05  9.068496710898961e+05  7.295722800362525e+05  1.216085671103131e+06  -1.838507323123303e+06  9.548567051901974e-04  -4.726585772401069e-03  -9.597827807712041e-03
  1.339999999999997e+01  -4.398533974631411e+06  -1.677147322690070e+05  8.829916508083788e+05  7.385679563851784e+05  1.213397553901052e+06  -1.819578644792688e+06  5.328472197087260e-03  -1.772755376429995e-03  -1.143858047804998e-02
  1.349999999999997e+01  -4.398126652061593e+06  -1.476865040252942e+05  8.525088739300920e+05  7.456970767354638e+05  1.205826929973659e+06  -1.800403953620749e+06  7.641005855427228e-03  -1.603144312123785e-03  -1.008917056526685e-02
  1.359999999999997e+01  -4.389403962887070e+06  -1.284287992878362e+05  8.358769975903616e+05  7.524885643717641e+05  1.202507131184235e+06  -1.776489273610731e+06  6.879228723196538e-03  -3.467432691146324e-03  -8.256459780262350e-03
  1.369999999999997e+01  -4.379894537749669e+06  -1.116107973941114e+05  8.416000406201724e+05  7.603283727111433e+05  1.205657893322824e+06  -1.749940503518022e+06  4.006660923997448e-03  -4.633512968536696e-03  -8.564754766306091e-03
  1.379999999999997e+01  -4.366234019694536e+06  -9.493775049502197e+04  8.602042453248722e+05  7.642060546056866e+05  1.210665120462258e+06  -1.727270494589410e+06  9.891968486257902e-04  -3.735787550191232e-03  -1.032874319536044e-02
  1.389999999999997e+01  -4.341911897257451e+06  -8.278185802328476e+04  8.739152938524386e+05  7.585926819756801e+05  1.214202239243548e+06  -1.712999137033983e+06  -6.069652407831557e-04  -1.658936289421290e-03  -1.096634830918445e-02
  1.399999999999997e+01  -4.311194389224061e+06  -8.284077516723727e+04  8.707936385111627e+05  7.456712879356727e+05  1.217620017161045e+06  -1.706185859816162e+06  -3.274936952319075e-04  3.144712214067250e-04  -1.009251269455385e-02
  1.409999999999997e+01  -4.287643996275645e+06  -9.696938886474834e+04  8.527119329945496e+05  7.325034256685091e+05  1.222093212053669e+06  -1.701694428002038e+06  1.275383274746030e-03  1.763158890810470e-03  -9.630862335430408e-03
  1.419999999999997e+01  -4.279653040989679e+06  -1.172982769370161e+05  8.303733187958858e+05  7.218981752144810e+05  1.223541566822092e+06  -1.695335301901693e+06  3.260780184205172e-03  2.897365103906290e-03  -1.035494214356587e-02
  1.429999999999997e+01  -4.282596661464918e+06  -1.306764849887566e+05  8.148571489598653e+05  7.119138548553415e+05  1.217160264067147e+06  -1.687431793137314e+06  4.669961739842571e-03  3.905184671055065e-03  -1.056582766895752e-02
  1.439999999999996e+01  -4.286796696953453e+06  -1.288930748571863e+05  8.152912563485472e+05  7.027815904187788e+05  1.206342389132818e+06  -1.680834746194976e+06  4.568816888786130e-03  4.619069906040695e-03  -8.423823988762055e-03
  1.449999999999996e+01  -4.290161203768900e+06  -1.149962676791475e+05  8.355932574712413e+05  6.969080448308573e+05  1.200406915627602e+06  -1.677374298005926e+06  2.457625065098796e-03  4.914983015897433e-03  -4.400679843513617e-03
  1.459999999999996e+01  -4.297627633611467e+06  -9.947321696366863e+04  8.652775601590670e+05  6.919881510213292e+05  1.204160160770773e+06  -1.677207782708021e+06  -1.143459677139594e-03  5.245637259260971e-03  -8.407733858047312e-04
  1.469999999999996e+01  -4.308523260652588e+06  -9.210376985551839e+04  8.795507604928687e+05  6.814345453627311e+05  1.216191676594045e+06  -1.680173395969125e+06  -4.726416736735939e-03  6.006970054472624e-03  3.455549421657281e-04
  1.479999999999996e+01  -4.311565038095092e+06  -9.605799264970580e+04  8.611256097418013e+05  6.630310283394564e+05  1.234068679802486e+06  -1.685917676999216e+06  -6.699239032588501e-03  6.672969755483146e-03  -8.435549046671474e-04
  1.489999999999996e+01  -4.295383833522457e+06  -1.066214175240027e+05  8.222087692447035e+05  6.430499579340816e+05  1.253548290132227e+06  -1.692867934600747e+06  -6.448198964218836e-03  6.291614511375822e-03  -2.691219288824126e-03
  1.499999999999996e+01  -4.261198101813618e+06  -1.156429905665764e+05  7.952180315203314e+05  6.310955613815533e+05  1.265984804585755e+06  -1.698950410434547e+06  -4.692011383321746e-03  4.491540913047863e-03  -3.278185150776460e-03
  1.509999999999996e+01  -4.224536713221163e+06  -1.191300603030982e+05  8.009641237912033e+05  6.321106158240832e+05  1.264364270299868e+06  -1.703118784313620e+06  -2.819025055403972e-03  1.669285861245076e-03  -2.056578562821263e-03
  1.519999999999996e+01  -4.205268610676371e+06  -1.203219267764127e+05  8.314747163788399e+05  6.420484539733109e+05  1.251416492104035e+06  -1.705906806285578e+06  -1.741530943160556e-03  -1.253483929308513e-03  3.922142634435091e-05
  1.529999999999996e+01  -4.213274694458168e+06  -1.234649551624438e+05  8.619061466522311e+05  6.508313705010237e+05  1.238347349246292e+06  -1.710033713435802e+06  -1.425696925078019e-03  -2.964252349415488e-03  1.665539024724041e-03
  1.539999999999996e+01  -4.242392132215550e+06  -1.273766998264911e+05  8.731932560054463e+05  6.517772739937177e+05  1.235877578375042e+06  -1.718723068793587e+06  -1.433551586016151e-03  -2.432341195517893e-03  2.006218038207639e-03
  1.549999999999996e+01  -4.276405865306559e+06  -1.272881873134790e+05  8.642463320061784e+05  6.480435543101345e+05  1.246709558524195e+06  -1.730511686627630e+06  -1.660211525303754e-03  -3.305547980406453e-05  9.994520623617263e-04
  1.559999999999996e+01  -4.299367548586838e+06  -1.208325793331657e+05  8.476813627201398e+05  6.480971232252468e+05  1.264506148220369e+06  -1.737823989789471e+06  -2.470155292151393e-03  2.462266212289893e-03  -7.263673902293077e-04
  1.569999999999996e+01  -4.304203533186891e+06  -1.113898456933390e+05  8.367584336026062e+05  6.564634340361528e+05  1.279199075068044e+06  -1.733632046783963e+06  -4.037164462642896e-03  3.502465460253162e-03  -1.977865264059517e-03
  1.579999999999996e+01  -4.295569346303945e+06  -1.056596953630543e+05  8.355990504930094e+05  6.706288884116506e+05  1.284804698106839e+06  -1.717905061069991e+06  -5.609363627409082e-03  3.172834602296331e-03  -1.721563929968342e-03
  1.589999999999996e+01  -4.284678162624853e+06  -1.080239458933052e+05  8.399724249285233e+05  6.847932268255836e+05  1.282974387115067e+06  -1.696458704379363e+06  -5.790833370574885e-03  2.654994116095225e-03  -4.446181959964573e-05
  1.599999999999996e+01  -4.280870887637746e+06  -1.173347027543616e+05  8.464676930252039e+05  6.942568962434053e+05  1.279322468291818e+06  -1.676683742921094e+06  -3.746334778952114e-03  2.426540538528623e-03  1.976569261872528e-03
  1.609999999999996e+01  -4.286982940988936e+06  -1.283090701994916e+05  8.584899652407407e+05  6.974916525290164e+05  1.277964546035299e+06  -1.665894162330721e+06  -9.391323380324985e-05  1.668081176425212e-03  3.412759829416282e-03
  1.619999999999996e+01  -4.300348936581411e+06  -1.355785870159504e+05  8.803120144207596e+05  6.968185699625940e+05  1.279674559478054e+06  -1.668645517522114e+06  3.369032690474676e-03  -2.892912374843805e-04  4.097017823473617e-03
  1.629999999999996e+01  -4.316622996790859e+06  -1.374570955901061e+05  9.061422177350888e+05  6.972026663009702e+05  1.282992890783895e+06  -1.681726943934872e+06  4.885891229065008e-03  -2.607233621265094e-03  4.187286096665584e-03
  1.639999999999996e+01  -4.331090939705395e+06  -1.366435582705449e+05  9.209545785040493e+05  7.026275539023717e+05  1.285334037859398e+06  -1.694528313699955e+06  3.887700358359726e-03  -3.661243358405245e-03  3.755913966012757e-03
  1.649999999999996e+01  -4.337699345954764e+06  -1.371797008780545e+05  9.155095752446260e+05  7.131650894161786e+05  1.283735562116597e+06  -1.698047836572988e+06  1.290355142666808e-03  -2.826965624973645e-03  3.093501801594254e-03
  1.659999999999997e+01  -4.332553715586261e+06  -1.399224870751686e+05  8.971231366833349e+05  7.256660571453044e+05  1.276035817675747e+06  -1.692857213861884e+06  -9.858480822143155e-04  -1.015131738684383e-03  2.847714178784095e-03
  1.669999999999997e+01  -4.320303056340170e+06  -1.400847731647669e+05  8.820743490511498e+05  7.365180228947585e+05  1.262052045421553e+06  -1.687002777244340e+06  -1.086031455186548e-03  4.365313712663315e-04  3.376784137775571e-03
  1.679999999999997e+01  -4.312508161654014e+06  -1.307035406977312e+05  8.793053115474379e+05  7.432955577702867e+05  1.243910792325275e+06  -1.688046262466212e+06  1.466504906290831e-03  8.812735909342942e-04  4.319149199020769e-03
  1.689999999999997e+01  -4.316617379877672e+06  -1.115476820426185e+05  8.847528017022079e+05  7.451132726134688e+05  1.225466954727115e+06  -1.698288192692712e+06  5.261614644107368e-03  4.319321522731383e-04  5.074570870806170e-03
  1.699999999999997e+01  -4.328744168430506e+06  -9.396464694261167e+04  8.897447364147466e+05  7.430398831011561e+05  1.211173876220847e+06  -1.715299671058310e+06  7.975927084784963e-03  -4.604463339865297e-04  5.446243113567316e-03
  1.709999999999997e+01  -4.339327792064518e+06  -9.231599194919541e+04  8.909110205205872e+05  7.397503792075476e+05  1.204851191150731e+06  -1.734348251734661e+06  8.068765762308068e-03  -1.215492736877805e-03  5.657751053701743e-03
  1.719999999999997e+01  -4.342949398087544e+06  -1.087334677626500e+05  8.911761641611916e+05  7.374155953293426e+05  1.207949161601516e+06  -1.749830784087559e+06  5.756389864212683e-03  -1.191324824383087e-03  5.830456398679867e-03
  1.729999999999998e+01  -4.341105005202568e+06  -1.289580676794517e+05  8.936770284113502e+05  7.354662882295948e+05  1.218064774679855e+06  -1.757192845980147e+06  2.561052393682112e-03  -4.327302194583872e-06  5.570218782643776e-03
  1.739999999999998e+01  -4.338012086003884e+06  -1.356382808440368e+05  8.973949401120511e+05  7.310681213436252e+05  1.229415505729750e+06  -1.755723968937089e+06  9.723617700332345e-05  2.036937005955882e-03  4.186918012422569e-03
  1.749999999999998e+01  -4.336433951884644e+06  -1.240228075162491e+05  8.991063418753827e+05  7.225333351475585e+05  1.236147972023522e+06  -1.749583245818358e+06  -8.228895960390572e-04  3.811419017346618e-03  1.432281754389934e-03
  1.759999999999998e+01  -4.336808942623504e+06  -1.043294876865557e+05  8.976713807963687e+05  7.121519908245001e+05  1.236026266843047e+06  -1.744548931598723e+06  -3.301909136425947e-04  4.023276023777970e-03  -2.019144374193857e-03
  1.769999999999998e+01  -4.337321864947026e+06  -9.071171766458578e+04  8.957526989840080e+05  7.048756854162503e+05  1.231186706102097e+06  -1.743125621697574e+06  9.231427586756272e-04  2.273608327835873e-03  -4.906974354436894e-03
  1.779999999999998e+01  -4.334907259847939e+06  -8.955307909685698e+04  8.970817227439391e+05  7.040645991500835e+05  1.225609544075614e+06  -1.743589751935441e+06  2.289128549668719e-03  -4.339000341863240e-04  -6.265581318819319e-03
  1.789999999999998e+01  -4.328006074105628e+06  -9.700210969341670e+04  9.020470707552395e+05  7.090859501848593e+05  1.222109307010032e+06  -1.743582765716151e+06  3.270467228315119e-03  -2.356414790963239e-03  -6.003140211329973e-03
  1.799999999999999e+01  -4.318016751678414e+06  -1.044249674788308e+05  9.066226252628979e+05  7.167793892164433e+05  1.221467765541467e+06  -1.743179962544546e+06  3.390791362487837e-03  -2.379995721708428e-03  -4.733958409363678e-03
  1.809999999999999e+01  -4.307960959344998e+06  -1.052639124011018e+05  9.060368174502107e+05  7.242367446764025e+05  1.223498397266430e+06  -1.743895099362479e+06  2.245921729402886e-03  -8.486635368976346e-04  -3.302804628234027e-03
  1.819999999999999e+01  -4.300695284231188e+06  -9.868094570949129e+04  8.995191744506008e+05  7.299268321955187e+05  1.227905692158228e+06  -1.745837777485429e+06  -8.641931253711998e-05  8.505012306934051e-04  -2.437839370622260e-03
  1.829999999999999e+01  -4.298272201281802e+06  -8.911131769725497e+04  8.915974220411887e+05  7.331276484957068e+05  1.234149388809837e+06  -1.747071007116415e+06  -2.735955586150628e-03  1.429397593806295e-03  -2.556358324018181e-03
  1.839999999999999e+01  -4.301665256287501e+06  -8.346244634913528e+04  8.885878710347663e+05  7.332826802958604e+05  1.241116200618677e+06  -1.745459898057600e+06  -4.399853074928629e-03  6.040858135092949e-04  -3.642063647020177e-03
  1.849999999999999e+01  -4.309672399927037e+06  -8.708418208885475e+04  8.938447256267142e+05  7.300046152369737e+05  1.247556264226334e+06  -1.740444874959328e+06  -4.190639570073962e-03  -8.972021422745511e-04  -5.195393166063374e-03
  1.859999999999999e+01  -4.318560193394983e+06  -9.999176543361980e+04  9.054903538321254e+05  7.236107878602439e+05  1.253111966461702e+06  -1.733084753733323e+06  -2.303435020563054e-03  -2.118670134187739e-03  -6.492215839896461e-03
  1.870000000000000e+01  -4.324032559050990e+06  -1.162873839101978e+05  9.177355990015633e+05  7.156933653805939e+05  1.258589494726230e+06  -1.724985982774091e+06  1.061378793941454e-04  -2.608927135129567e-03  -7.021754814441584e-03
  1.880000000000000e+01  -4.324020448707459e+06  -1.278170670729361e+05  9.244920670552978e+05  7.088882106778504e+05  1.264809426897791e+06  -1.717435054124987e+06  1.774303663381138e-03  -2.458914019249240e-03  -6.747726075945258e-03
  1.890000000000000e+01  -4.319442802739176e+06  -1.294251989173303e+05  9.223661242265011e+05  7.055724295254269e+05  1.271129909336330e+06  -1.711351058260127e+06  2.126319754019193e-03  -1.876497013807312e-03  -6.045138413756833e-03
  1.900000000000000e+01  -4.312270079327678e+06  -1.218754345233863e+05  9.113333298468031e+05  7.062763690107334e+05  1.275335210539931e+06  -1.707750392279803e+06  1.428231584253615e-03  -9.564710893987799e-04  -5.398554713590032e-03
  1.910000000000000e+01  -4.303686577327584e+06  -1.104774175734387e+05  8.941463106054721e+05  7.090785353756772e+05  1.275274435868684e+06  -1.707907945284277e+06  3.447711704186236e-04  1.392627282591862e-04  -5.099937533294585e-03
  1.920000000000000e+01  -4.294780900632598e+06  -1.014034351548017e+05  8.758046831187725e+05  7.109411562688302e+05  1.270688186731974e+06  -1.712564330547384e+06  -5.378751345366965e-04  1.016578721140738e-03  -5.117931705164259e-03
  1.930000000000000e+01  -4.288173460960231e+06  -9.889723679744759e+04  8.623521083787612e+05  7.102788104328817e+05  1.263437201002694e+06  -1.720730849647741e+06  -8.477650740257472e-04  1.236089249208497e-03  -5.188074109036924e-03
  1.940000000000001e+01  -4.287126575554969e+06  -1.041369331968092e+05  8.575246829780455e+05  7.082164696282867e+05  1.256104318127798e+06  -1.729399552656121e+06  -4.358695655541027e-04  6.643811948265951e-04  -5.117964013281840e-03
  1.950000000000001e+01  -4.292270841566618e+06  -1.151765029530820e+05  8.591481275133814e+05  7.069847939877980e+05  1.250517702432888e+06  -1.735272650772852e+06  4.894165420176529e-04  -3.518906349126848e-04  -4.991508839144661e-03
  1.960000000000001e+01  -4.299967474014484e+06  -1.277647762291194e+05  8.598627636787103e+05  7.071337012112617e+05  1.247222314208382e+06  -1.737331933140973e+06  1.255837844014020e-03  -1.148636748385296e-03  -5.009879224694211e-03
  1.970000000000001e+01  -4.304955870908245e+06  -1.373441502400886e+05  8.528290692387312e+05  7.068348054539206e+05  1.245718729245330e+06  -1.737661567122647e+06  1.037665280148699e-03  -1.153924378464453e-03  -5.158708846959998e-03
  1.980000000000001e+01  -4.304394736596982e+06  -1.413867618730639e+05  8.377539729819187e+05  7.041259409817763e+05  1.244897911210837e+06  -1.739414321949943e+06  -4.887184008024369e-04  -3.320398120304426e-04  -5.045836148616588e-03
  1.990000000000001e+01  -4.299300167550420e+06  -1.405971298556851e+05  8.212372178415755e+05  6.994945846829113e+05  1.243799964518554e+06  -1.743774038792899e+06  -2.769741040534356e-03  7.237392091275277e-04  -4.167987143677908e-03
