TITLE = "Temporal Signal for receiver number 02900"
VARIABLES = "Time","xx","yy","zz","xy","yz","xz","u","v","w"
# x1       3.582666310000e+05
# x2       4.734844280000e+06
# x3       -1.100000000000e+04
  0.000000000000000e+00  0.000000000000000e+00  0.000000000000000e+00  0.000000000000000e+00  0.000000000000000e+00  0.000000000000000e+00  0.000000000000000e+00  0.000000000000000e+00  0.000000000000000e+00  0.000000000000000e+00
  1.000000000000000e-01  0.000000000000000e+00  0.000000000000000e+00  0.000000000000000e+00  0.000000000000000e+00  0.000000000000000e+00  0.000000000000000e+00  0.000000000000000e+00  0.000000000000000e+00  0.000000000000000e+00
  2.000000000000000e-01  0.000000000000000e+00  0.000000000000000e+00  0.000000000000000e+00  0.000000000000000e+00  0.000000000000000e+00  0.000000000000000e+00  0.000000000000000e+00  0.000000000000000e+00  0.000000000000000e+00
  3.000000000000000e-01  1.302997814540907e-16  4.483286372464357e-17  3.633997268369961e-17  -2.733697812642491e-17  3.789598246365402e-18  2.105835745900530e-17  8.788709963122702e-24  -3.569548704665045e-24  2.760214190185193e-24
  4.000000000000000e-01  -2.046738610892597e-10  -2.374952734756454e-10  -2.904317482905958e-10  1.283022114495514e-10  4.561751290238027e-11  6.788373183431170e-11  -1.967263661820236e-17  9.170448490900972e-18  -8.997281068803070e-18
  5.000000000000000e-01  4.467631974574470e-08  3.895052815275456e-08  5.419025958793862e-08  -1.975956311926697e-09  -1.055845210220531e-08  -1.031704481792064e-08  1.875291076307109e-15  9.296560331342200e-16  1.817331842416778e-15
  6.000000000000000e-01  4.392057971255136e-06  1.536863798259846e-06  1.859892411623712e-06  -1.325883916201250e-06  5.727376267485861e-07  -4.854074332283548e-07  3.937139688301866e-13  -1.490402314058702e-13  -5.534715587510969e-14
  7.000000000000000e-01  6.828630492127623e-06  -1.975903280690419e-05  -4.595280337144382e-05  -1.525871976219156e-05  -3.168291689956341e-06  1.679504403930955e-05  -1.022126224392120e-12  -4.875536632479923e-13  1.000061192342309e-12
  7.999999999999999e-01  -2.086897046701304e-04  1.950159720184724e-05  -4.114747029184022e-04  -2.080820772456927e-04  3.795497325833256e-05  2.009416897706309e-04  -1.430091911458965e-11  -2.829103452745792e-11  1.315935674262586e-11
  8.999999999999999e-01  -2.509008484969136e-03  1.026715109401428e-03  -8.665710472543294e-04  -1.714708087318044e-03  4.900898073377004e-04  5.130156770006411e-04  2.145002192766399e-11  -3.065627999083523e-10  -3.818710280222484e-11
  9.999999999999999e-01  -1.596455385146080e-02  1.039829582883391e-02  1.726149357752991e-02  -3.387950116489605e-03  1.538401704404811e-04  -4.600287845331735e-03  -1.232158803861958e-10  -5.031746223899225e-10  -8.481633709794689e-10
  1.100000000000000e+00  3.024652879555291e-02  2.576707097770024e-02  -2.943812218325093e-02  -1.519214371224593e-02  6.065096316521082e-03  1.196461503060095e-02  2.373676952729393e-09  1.048880843778280e-09  1.306579386308372e-09
  1.200000000000000e+00  2.197901654174252e-01  -2.638892833418192e-02  -1.570220082499842e-01  6.307126011496914e-02  1.020588723973734e-01  2.811979836569251e-02  1.541803027677219e-08  1.338023768136530e-09  7.228380727778809e-09
  1.300000000000000e+00  -5.501986255068135e-01  5.335324119090251e-01  1.575854144170534e+00  -3.094446931545236e-01  -5.075425254299015e-01  -3.572596566391089e-01  -6.718650921463473e-08  -8.126239073357270e-09  -2.409728699866247e-08
  1.400000000000000e+00  6.408654820635212e-01  -3.093304836538404e+00  -1.124556003514725e+01  1.366632069102480e+00  3.991828536671287e+00  -6.273101546688917e-01  1.889993825542122e-07  1.418874406392105e-07  -2.863449794022115e-07
  1.500000000000000e+00  -8.607747880655765e+00  -3.733318110097134e+00  -3.678395657549851e+00  1.315350664340644e+00  -3.412637409505822e+00  -1.046089026208892e+01  -1.145368662048500e-06  -8.540473370439338e-08  -3.756190142877327e-07
  1.600000000000000e+00  1.804825560209323e+02  1.336901818308654e+02  3.135933764016960e+02  -2.247732332040217e+01  -4.341457640443569e+01  1.112792476759306e+02  1.284286176526525e-05  -4.221572742368128e-06  2.124937868487686e-05
  1.700000000000000e+00  7.096717952184983e+02  3.729765564324929e+02  8.668781883443639e+02  -7.464560946540111e+01  -6.679530700229901e+01  4.590262386880094e+02  5.588484537723748e-05  -8.586968378595501e-06  6.277492722057568e-05
  1.800000000000000e+00  1.225475901488897e+03  3.956697995139261e+02  9.471045167032737e+02  -1.272624636013931e+02  4.248949853745785e+00  8.468579967999739e+02  1.048068836462998e-04  -4.642268239420017e-06  7.640191892543130e-05
  1.900000000000001e+00  1.347520361420324e+03  1.374255405719684e+02  5.166639296080044e+02  -1.648525442433469e+02  9.434236888101427e+01  1.097023877793321e+03  1.255568673516552e-04  5.957833968990881e-06  4.772649507289965e-05
  2.000000000000000e+00  1.889459722885427e+03  8.878210453251617e+01  4.437619657417600e+02  -2.452677379618676e+02  1.944617551840503e+02  1.615357497932983e+03  1.742261348683042e-04  1.130967935347018e-05  5.482893642014367e-05
  2.100000000000001e+00  2.939177078173886e+03  2.094944677038606e+02  8.415575189242913e+02  -3.833161615703877e+02  2.709502120943593e+02  2.372522913779881e+03  2.577963023077867e-04  1.126021726251798e-05  1.000990851907025e-04
  2.200000000000001e+00  4.141214653053087e+03  3.815541102728544e+02  1.362291089908285e+03  -6.534594745820594e+02  2.266877074490741e+02  3.494512471384442e+03  3.472397397913393e-04  1.662904888425687e-05  1.622046068868034e-04
  2.300000000000001e+00  5.745815081552932e+03  -3.010670989073318e+03  -1.453359883490560e+03  -6.298485032626172e+02  2.658396442813821e+03  5.268132318400457e+03  5.271947931186776e-04  1.246623161187712e-04  -1.093465229467868e-04
  2.400000000000001e+00  1.745902619282950e+04  1.488393223490109e+04  2.877562967435989e+04  -3.219669445094299e+03  -4.473160913053375e+03  1.008533902810538e+04  1.758968977657157e-03  -5.703185570200751e-04  2.440977889386608e-03
  2.500000000000001e+00  -1.729671869700313e+04  -1.060182463633251e+05  -1.585584076467853e+05  2.042576372399842e+04  6.514130738096606e+04  -1.649126429797631e+04  -1.527326326118499e-03  6.804558997090888e-03  -8.438897558281340e-03
  2.600000000000001e+00  5.414855158068569e+05  5.235910274987702e+05  1.041446955790285e+06  -1.086647596871884e+05  -2.355325842908522e+05  2.856922392200973e+05  3.700710525736872e-02  -3.116825884561132e-02  6.879689745990622e-02
  2.700000000000001e+00  1.308823935025059e+06  1.027135152102963e+06  2.228344322901865e+06  -3.964887022395626e+05  -4.865669928091553e+05  1.083205389426541e+06  1.119115834557663e-01  -5.802232398147460e-02  1.675118299834387e-01
  2.800000000000001e+00  1.133343185719334e+06  4.630406160390496e+05  2.320402654525234e+06  -6.960865977302609e+05  -3.927016832992256e+05  1.790660487378282e+06  1.618238064865303e-01  -3.329851424473311e-02  1.747533635664600e-01
  2.900000000000001e+00  7.579469036378748e+05  -1.631971413194464e+05  2.878116961092376e+06  -9.851200398372313e+05  -3.157372262150604e+05  2.569371048120915e+06  2.034373704028726e-01  -6.610751589144891e-03  1.889715928428390e-01
  3.000000000000001e+00  2.758209668172489e+05  -5.925168278410301e+05  3.535079348504107e+06  -1.012289072454214e+06  -1.921034353207391e+05  2.863753713199448e+06  1.512280399943872e-01  4.233906252933069e-03  2.080824132018964e-01
  3.100000000000001e+00  3.677518185995632e+04  -4.706221148443983e+05  4.073874406478191e+06  -7.140059201043353e+05  -1.413955764589376e+03  2.350844661420220e+06  1.721164354405541e-02  5.684370321121785e-04  2.296633673822800e-01
  3.200000000000002e+00  -5.709659690885304e+04  -2.142508544462123e+05  4.298584540101691e+06  -3.387316066556328e+05  1.550395345129712e+05  1.753958317729415e+06  -9.880915295263738e-02  -6.153931234236738e-03  2.389019058062046e-01
  3.300000000000002e+00  -1.237879092154640e+05  -5.045469754849467e+04  4.157797624688431e+06  -1.045331052295442e+05  2.765197475386782e+05  1.527270136726304e+06  -1.481516056722477e-01  -3.679447539173373e-03  2.136582979299421e-01
  3.400000000000002e+00  -4.280223790606992e+04  4.300712160623677e+04  3.817728651221504e+06  -2.782308586300912e+04  3.668338474645727e+05  1.542783934102627e+06  -1.341150224279750e-01  -1.451875389469816e-02  1.625727215943717e-01
  3.500000000000002e+00  2.796358353271707e+05  8.507798927356445e+04  3.383011113676502e+06  -2.949832046743549e+04  4.473332404772493e+05  1.666224524054173e+06  -9.103128327299347e-02  -2.745320272042875e-02  1.139006422532281e-01
  3.600000000000002e+00  6.985873820364284e+05  -2.106930550346695e+04  2.871004468165752e+06  -1.210762535580886e+04  4.175819356906260e+05  1.840556825806735e+06  -5.665243749493876e-02  -3.965041270100155e-02  6.998872849244481e-02
  3.700000000000002e+00  1.041820763693200e+06  -1.726203308711565e+05  2.530198259836454e+06  4.751220360041382e+03  3.029168145558328e+05  2.008445289638934e+06  -3.966196984855929e-02  -5.301814755420674e-02  4.092531289796386e-02
  3.800000000000002e+00  1.242277423165574e+06  -1.991818035527769e+05  2.346362557565287e+06  -4.414200987533572e+04  2.007929279871034e+05  2.090331274300619e+06  -3.594041821717081e-02  -5.340758882726079e-02  1.710281099181973e-02
  3.900000000000002e+00  1.366980124807329e+06  -1.096594095677211e+05  2.188097711653761e+06  -1.272385515892357e+05  1.319815748248291e+05  2.042713199287792e+06  -3.477730472128852e-02  -4.561047192204922e-02  -4.653166848928275e-03
  4.000000000000002e+00  1.460664022932930e+06  -1.451414733334504e+03  2.088611898846402e+06  -1.551321589829836e+05  1.385722550057071e+05  1.985930613574143e+06  -2.818964665177403e-02  -3.367153516528729e-02  -6.967709695907297e-03
  4.100000000000001e+00  1.507900388933421e+06  5.749536812257332e+04  2.042280158417386e+06  -1.564584108565135e+05  1.535011317588519e+05  2.004134287183937e+06  -2.238711850624571e-02  -2.529943762781789e-02  -5.505423416051911e-03
  4.200000000000001e+00  1.502347133908514e+06  8.466684869699083e+04  2.025515548196134e+06  -1.514347113768842e+05  1.482978088790722e+05  2.055048175699290e+06  -1.934683156720972e-02  -1.884287456619381e-02  -1.311416623585447e-02
  4.300000000000001e+00  1.527934307980334e+06  1.464684882199565e+05  2.018863651633592e+06  -1.469105534656236e+05  1.675860241636849e+05  2.111718690862350e+06  -1.372953502361559e-02  -1.264677980102230e-02  -1.933324648042925e-02
  4.400000000000000e+00  1.531631187624036e+06  1.619166866711306e+05  1.971547365489932e+06  -1.144937650196492e+05  2.233233561558443e+05  2.147082937747934e+06  -8.794296414611108e-03  -2.305588549264796e-03  -1.996656025686168e-02
  4.500000000000000e+00  1.497641271220613e+06  1.585523341605722e+05  1.963480932153192e+06  -7.899756304166411e+04  2.503154360583191e+05  2.136000282705984e+06  -7.365007002099620e-03  2.978002220511705e-03  -1.784602106542843e-02
  4.600000000000000e+00  1.451630038021776e+06  1.614264469356458e+05  2.026751384889827e+06  -6.504591868207705e+04  2.186980735113835e+05  2.107488642995555e+06  -7.155513868167988e-03  1.442727574859790e-03  -1.354115068125025e-02
  4.699999999999999e+00  1.382458909791966e+06  1.447093146122524e+05  2.077080559229778e+06  -3.114837153719637e+04  2.041022534565494e+05  2.097951521039153e+06  -7.846336493747745e-03  1.654766488524086e-03  -1.195600172330590e-02
  4.799999999999999e+00  1.327451244985074e+06  1.235882268883052e+05  2.087222459660111e+06  1.111210198146131e+04  2.168720170195648e+05  2.093322952790875e+06  -1.371374591886504e-02  3.498216177510152e-03  -1.292700738364308e-02
  4.899999999999999e+00  1.278005059054025e+06  9.893948156632812e+04  2.059451158070098e+06  3.432298208398082e+04  2.041223359192520e+05  2.078761629445938e+06  -2.263281107909488e-02  4.906797589396777e-03  -1.185662558554754e-02
  4.999999999999998e+00  1.199199780956100e+06  7.297294415418287e+04  2.010591280729663e+06  6.611670357285115e+04  2.145253488898112e+05  2.049233415463069e+06  -2.985986188695734e-02  6.738777573759160e-03  -1.149373567671273e-02
  5.099999999999998e+00  1.138524895232902e+06  5.765709157506889e+04  2.010814385781959e+06  1.024381450473135e+05  2.475278463822315e+05  2.011529245013395e+06  -3.321019672146727e-02  8.696685878131393e-03  -1.177815625483104e-02
  5.199999999999998e+00  1.107405535868804e+06  4.319985802959290e+04  2.041974522173807e+06  1.433351404913168e+05  2.045920229166073e+05  1.962791139135464e+06  -3.941796078654965e-02  8.172063314951459e-03  -1.022761646907331e-02
  5.299999999999997e+00  1.075070240078272e+06  7.163631586667281e+04  2.043870863869363e+06  2.128597231419059e+05  1.299972362971081e+05  1.917002229539565e+06  -4.765148887747883e-02  4.996820100419162e-03  -1.010370282210705e-02
  5.399999999999997e+00  1.100059620243997e+06  1.272079064923252e+05  1.979682401250340e+06  2.484260911139847e+05  1.533160301825884e+05  1.893632606154789e+06  -4.134242043503734e-02  3.402355180832446e-03  -1.649540496088018e-02
  5.499999999999996e+00  1.242933986954684e+06  1.378494021258195e+05  1.802618088628677e+06  1.776991676946994e+05  2.666887259473198e+05  1.866341020305284e+06  -1.831812612751111e-02  5.759891138187760e-03  -3.250245920740199e-02
  5.599999999999996e+00  1.437400998033181e+06  1.358380314436518e+05  1.579533648720817e+06  4.874828174455163e+04  3.816547657440886e+05  1.834459126063844e+06  4.629026915089811e-03  8.139334408434666e-03  -5.374151573875364e-02
  5.699999999999996e+00  1.547208002577696e+06  1.515067890571847e+05  1.439725025021276e+06  -4.836397841678705e+04  4.455857949786620e+05  1.823255076572913e+06  1.492409694775031e-02  8.613258865855223e-03  -6.950254176735589e-02
  5.799999999999995e+00  1.516016477724866e+06  1.555190712583503e+05  1.407367776869646e+06  -8.079236527697672e+04  4.450885525225720e+05  1.824266576365473e+06  1.477645171053849e-02  8.503759347230503e-03  -7.291060664493135e-02
  5.899999999999995e+00  1.482163171930451e+06  1.840408089636219e+05  1.507876855998841e+06  -6.464021491080317e+04  4.237278708744107e+05  1.809093196679299e+06  8.300732335476905e-03  1.010337753294146e-02  -6.081975370500882e-02
  5.999999999999995e+00  1.496008766186472e+06  2.188163775303968e+05  1.613301728863743e+06  -3.896881939572006e+04  4.261290817570725e+05  1.771925009469759e+06  -2.157480087516179e-04  1.359439116754059e-02  -4.606055160552711e-02
  6.099999999999994e+00  1.512685485644442e+06  2.343151215298600e+05  1.649696026341506e+06  -3.386466840659587e+04  4.461427698379241e+05  1.719502037344391e+06  -7.025855114323183e-03  1.711987752096917e-02  -3.758981288908377e-02
  6.199999999999994e+00  1.559030674537698e+06  2.543716733521764e+05  1.734012434167469e+06  -4.552756992554452e+04  4.693412121683498e+05  1.625684834393191e+06  -1.546383632889233e-02  2.100463467243727e-02  -2.953538934161115e-02
  6.299999999999994e+00  1.643704354274614e+06  2.770948876541024e+05  1.876466731789125e+06  -5.998236717029841e+04  4.815794504726937e+05  1.488435471233594e+06  -2.703407357261648e-02  2.347878495820364e-02  -2.046574825442734e-02
  6.399999999999993e+00  1.748659525989980e+06  2.920138863277085e+05  2.029185458958407e+06  -7.619673376410533e+04  4.856599927755606e+05  1.329671544545489e+06  -4.096175789784491e-02  2.387444441710306e-02  -9.150064545176688e-03
  6.499999999999993e+00  1.910400754368317e+06  3.086765974178395e+05  2.193108435547722e+06  -8.851077876591567e+04  4.930525778184512e+05  1.165241203855091e+06  -5.901029277523117e-02  2.169276546773319e-02  6.546358578549991e-03
  6.599999999999993e+00  2.027393805124057e+06  2.464820854771882e+05  2.178176849130782e+06  -1.108623864321448e+05  5.072564553095141e+05  1.021018637693654e+06  -7.436490043228391e-02  1.916005968604605e-02  1.062080250468212e-02
  6.699999999999992e+00  2.132947446146327e+06  1.271020113766538e+05  2.007557542149999e+06  -1.570111985743078e+05  4.954683389244044e+05  9.094962089136303e+05  -8.469483501617316e-02  1.542687624956636e-02  -5.304071429038317e-04
  6.799999999999992e+00  2.328739569506492e+06  3.668430369999916e+04  1.892902596768307e+06  -1.894743167304759e+05  4.189951473172482e+05  8.247982523621984e+05  -8.951513844342637e-02  5.470908166967939e-03  -7.653293184507793e-03
  6.899999999999991e+00  2.688121890339417e+06  1.444108981054155e+04  1.932187224086867e+06  -1.564722912262951e+05  3.139182888433944e+05  8.176897658374954e+05  -8.970373681058688e-02  -7.108706107423997e-03  -1.633622308432055e-03
  6.999999999999991e+00  2.735415465202102e+06  -1.878472559932082e+04  2.005672068212782e+06  -7.405320905219422e+04  2.402505045655844e+05  9.967064644630277e+05  -5.386806392056224e-02  -1.471006481696993e-02  1.122689796446710e-02
  7.099999999999991e+00  2.529493810787359e+06  2.446928381985083e+04  2.245312141311895e+06  -2.033392093121996e+04  2.523372650425037e+05  1.188605101471293e+06  2.978460004430626e-03  -1.018084018908812e-02  4.325302046941443e-02
  7.199999999999990e+00  2.203035054901254e+06  1.095023666621608e+05  2.561664352763114e+06  -1.537989532360048e+04  3.741584429717663e+05  1.491565300312335e+06  6.737672551453239e-02  5.144333782293776e-03  7.173771888233947e-02
  7.299999999999990e+00  1.715403316233780e+06  1.788715009208858e+05  2.939964319064152e+06  -1.232590925833549e+05  5.853073273518899e+05  1.786116474628089e+06  1.363063942395762e-01  3.207911370626584e-02  1.003209841536327e-01
  7.399999999999990e+00  1.067398806089883e+06  2.241620351311427e+05  3.514543854993461e+06  -3.655762344696462e+05  7.972665087395177e+05  1.600538371501984e+06  1.949142492366581e-01  7.017432431260552e-02  1.655860467934856e-01
  7.499999999999989e+00  5.924735942554176e+05  2.262527021620139e+05  4.026044453298324e+06  -5.832425455753732e+05  8.151276556872223e+05  1.093011662504609e+06  2.144201977417202e-01  9.559653886703230e-02  2.327786741246589e-01
  7.599999999999989e+00  8.701035353139667e+05  2.696486369016303e+05  3.740465492931009e+06  -4.878941732995478e+05  7.716858787887223e+05  9.925259941601836e+05  1.614694187568803e-01  7.563624222641029e-02  1.897576034862935e-01
  7.699999999999989e+00  1.852423313547515e+06  3.598366472203666e+05  2.642109859824082e+06  -8.816381767966473e+04  8.626513189700225e+05  1.398103362267463e+06  5.879339062700384e-02  2.764670306799965e-02  4.630195325401996e-02
  7.799999999999988e+00  2.699939842802287e+06  3.905197172076687e+05  1.702548199693988e+06  2.267567015036956e+05  9.236442204851019e+05  1.782549677416826e+06  -1.461544128335400e-02  -5.471088748019723e-03  -5.886558583675174e-02
  7.899999999999988e+00  2.888724181776520e+06  3.469917848783929e+05  1.527409743955520e+06  2.428470762157023e+05  8.403196250319101e+05  1.885348762309601e+06  -2.313782202595783e-02  -1.521430943167157e-02  -7.183476170740423e-02
  7.999999999999988e+00  2.637112944841535e+06  2.758996785730952e+05  1.820487366075001e+06  1.152872321620520e+05  7.274623418201646e+05  1.850541717523142e+06  -2.551597346872483e-04  -1.448686549948187e-02  -4.454568956427310e-02
  8.099999999999987e+00  2.342472303485508e+06  2.203858754839150e+05  2.154650891850618e+06  3.325148673169367e+04  6.726627517680621e+05  1.865655217865993e+06  1.567962792567356e-02  -1.388680110348036e-02  -1.867247783806368e-02
  8.199999999999987e+00  2.160001001436773e+06  1.781602196373342e+05  2.400499251090741e+06  8.062813026757090e+03  6.492626253957734e+05  1.953091219341867e+06  2.153554630336719e-02  -1.691343852426901e-02  -5.940326221935404e-04
  8.299999999999986e+00  2.101987821259309e+06  1.572518918102174e+05  2.579353717034110e+06  -2.196635276167162e+04  6.125888277202119e+05  2.007834493643590e+06  2.819922180030225e-02  -2.004875342975134e-02  1.403335032187615e-02
  8.399999999999986e+00  2.110733823464430e+06  1.503360315627497e+05  2.669742659208922e+06  -7.125983250648734e+04  5.595588224212200e+05  2.007032668051471e+06  3.895337177527779e-02  -2.065831039794973e-02  2.462515563639803e-02
  8.499999999999986e+00  2.112031699161269e+06  1.344613350362166e+05  2.680177088500196e+06  -1.162627385617468e+05  5.144926008706666e+05  2.020076765318712e+06  4.533113339390473e-02  -2.008406640265020e-02  2.833143544455032e-02
  8.599999999999985e+00  2.055912385485595e+06  9.565402667607779e+04  2.680516188945952e+06  -1.271037044856644e+05  4.971735325411552e+05  2.080907367544442e+06  4.253403550285124e-02  -2.079337715566737e-02  2.415242199289629e-02
  8.699999999999985e+00  1.968985788790622e+06  5.534236248370849e+04  2.731398220972507e+06  -1.126509123815724e+05  4.985375903710216e+05  2.148175641878596e+06  3.503109260004517e-02  -2.211544825910974e-02  1.693237373760138e-02
  8.799999999999985e+00  1.883375407864874e+06  1.324843114003298e+04  2.786846452662658e+06  -9.452362239187642e+04  4.871237305533680e+05  2.174923150867095e+06  3.038357364432571e-02  -2.237097191576391e-02  1.196692632236247e-02
  8.899999999999984e+00  1.805623231266738e+06  -2.506575718552660e+04  2.806395124669204e+06  -7.768918128954925e+04  4.598992694280063e+05  2.139883576356031e+06  3.101512170261508e-02  -2.058224585774135e-02  1.195863360194008e-02
  8.999999999999984e+00  1.744682587149269e+06  -3.309277674598507e+04  2.813304978946192e+06  -6.140222163674334e+04  4.517553660985610e+05  2.049221538108863e+06  3.079999472542625e-02  -1.515403719900862e-02  1.606598925290865e-02
  9.099999999999984e+00  1.689054901784035e+06  -3.436619298972615e+04  2.789034663823233e+06  -3.708255668883690e+04  4.778522376562162e+05  1.950292975866904e+06  2.527239619143655e-02  -7.263592924460105e-03  1.901944883047879e-02
  9.199999999999983e+00  1.657261192640256e+06  -3.984268885883648e+04  2.756267086087863e+06  -3.145799230769230e+03  5.201267198447954e+05  1.891286602916036e+06  1.745638161932862e-02  3.662049251405233e-04  2.039947580900619e-02
  9.299999999999983e+00  1.669155056073083e+06  -3.647410197298726e+04  2.728284567268196e+06  3.733544290627828e+04  5.553226617916682e+05  1.881876635848330e+06  1.081908832854395e-02  5.948886116095712e-03  2.019937238256258e-02
  9.399999999999983e+00  1.707572021169189e+06  -3.141484745737787e+04  2.676816566599250e+06  8.561944112855564e+04  5.625235722531333e+05  1.885194185504704e+06  5.465664679656785e-03  8.730430905111546e-03  1.654086713055690e-02
  9.499999999999982e+00  1.736542001714753e+06  -1.742649228973887e+04  2.625877083325362e+06  1.290342197518423e+05  5.454450324228588e+05  1.848959143269956e+06  -4.416768912979202e-04  8.892482794530870e-03  1.120295956174499e-02
  9.599999999999982e+00  1.753777291975219e+06  1.164485646934277e+04  2.581920715504718e+06  1.484909557158078e+05  5.191371517517450e+05  1.769588695281876e+06  -9.322960165565098e-03  6.505467699172956e-03  4.683123205239711e-03
  9.699999999999982e+00  1.782923602873506e+06  2.904050491141374e+04  2.511369472339374e+06  1.525009683724218e+05  4.922037280571093e+05  1.691796156080941e+06  -1.986943356143878e-02  3.158484557394021e-03  -2.361115820004267e-03
  9.799999999999981e+00  1.800306971262318e+06  3.035600946786642e+04  2.442652149096361e+06  1.691811509001729e+05  4.930386682459152e+05  1.641984185154555e+06  -2.512259214906744e-02  2.482878855968369e-03  -4.584285838628945e-03
  9.899999999999981e+00  1.771517840189880e+06  4.417608054353888e+04  2.417471908041264e+06  1.955004360281532e+05  5.310415018340494e+05  1.624426763595031e+06  -2.128271849589243e-02  5.327019858451029e-03  -2.881670194450365e-03
  9.999999999999980e+00  1.776034506386119e+06  6.676866370938682e+04  2.379466042773816e+06  1.881613803152914e+05  5.437001533052101e+05  1.644054833207655e+06  -1.778613985859814e-02  7.393297270973542e-03  -9.686656882489354e-03
  1.009999999999998e+01  1.883549196902792e+06  6.360766965794281e+04  2.254242055643938e+06  1.183576190918960e+05  4.784939710477291e+05  1.698640201883535e+06  -2.237122170325936e-02  6.161900236139136e-03  -3.084786218557810e-02
  1.019999999999998e+01  2.013086757823942e+06  5.859530963471338e+04  2.132888483193931e+06  1.867893577143926e+04  3.812045667952247e+05  1.774413431146026e+06  -2.630273909817350e-02  3.631598932646393e-03  -5.055817686884143e-02
  1.029999999999998e+01  2.049702042777602e+06  8.872336528918429e+04  2.128415401316701e+06  -4.891329044195827e+04  3.318377818408842e+05  1.852012745782996e+06  -1.871714390716778e-02  2.519762446803407e-03  -5.266904793363379e-02
  1.039999999999998e+01  2.004406015925052e+06  1.417935829725965e+05  2.211381222308654e+06  -6.149295301551747e+04  3.436784233053951e+05  1.904771608961112e+06  -3.802157581952478e-03  3.270294612284721e-03  -4.065962811418912e-02
  1.049999999999998e+01  1.954971291350238e+06  1.974652739650265e+05  2.292653360592628e+06  -4.515783054761453e+04  3.802513229789548e+05  1.913275008786208e+06  6.738206775963062e-03  4.011247001446210e-03  -2.811023288647466e-02
  1.059999999999998e+01  1.935038720152385e+06  2.487020035294996e+05  2.328266973568681e+06  -3.169339705138272e+04  4.061097075456409e+05  1.883054886472648e+06  7.736782792094297e-03  2.896481331490858e-03  -2.257858016223934e-02
  1.069999999999998e+01  1.940247704684369e+06  2.866581968691900e+05  2.346912985886198e+06  -3.007045715858704e+04  4.106422030472588e+05  1.832154734035450e+06  2.573830866384106e-03  7.347659346399307e-04  -2.082619630213912e-02
  1.079999999999998e+01  1.945352690518265e+06  2.991027101071114e+05  2.379509713541938e+06  -3.495618058001129e+04  4.074886260867685e+05  1.775786714747324e+06  -2.394833604593693e-03  -2.597562472903242e-04  -1.799022608793371e-02
  1.089999999999998e+01  1.935032052763077e+06  2.930713595114172e+05  2.412708841019996e+06  -4.312777825396157e+04  4.122174985226366e+05  1.723680111941573e+06  -4.845256245701291e-03  1.866257035251655e-04  -1.468487799298287e-02
  1.099999999999998e+01  1.923628633028946e+06  2.911895591286542e+05  2.423703652476585e+06  -4.892417837754005e+04  4.305253304274842e+05  1.685479218489664e+06  -6.463170942255331e-03  1.419507254129504e-03  -1.350771973624349e-02
  1.109999999999998e+01  1.924541906836479e+06  3.007681018849682e+05  2.413789694896098e+06  -4.021652942568967e+04  4.542130512037786e+05  1.665649786746930e+06  -9.011456568695521e-03  3.326769259759289e-03  -1.422962413844568e-02
  1.119999999999998e+01  1.936595507835168e+06  3.123069705974396e+05  2.404051665824197e+06  -1.465844844677428e+04  4.652907843639278e+05  1.656710857410974e+06  -1.325127866791133e-02  4.573071891141005e-03  -1.464615124686077e-02
  1.129999999999998e+01  1.954496400232475e+06  3.240194509470675e+05  2.414721595936121e+06  9.498949984604016e+03  4.568654124691865e+05  1.642420530943765e+06  -1.867486249894405e-02  3.055583411473766e-03  -1.279033038649350e-02
  1.139999999999998e+01  1.973161879978171e+06  3.411622877148849e+05  2.443621873338436e+06  1.242236539480105e+04  4.448476376321936e+05  1.611231875812413e+06  -2.360505575028732e-02  -4.643438455319193e-04  -8.218378883412206e-03
  1.149999999999998e+01  1.993142834101214e+06  3.523895370718747e+05  2.462699328933017e+06  -2.953971513024090e+03  4.457931105448172e+05  1.570877731544644e+06  -2.708200086128076e-02  -3.128586040376414e-03  -3.308592850395959e-03
  1.159999999999997e+01  2.024319417237996e+06  3.435703557075321e+05  2.460110820720294e+06  -1.765784158958842e+04  4.571718167662869e+05  1.539601891808202e+06  -3.032415822153059e-02  -3.578179431237435e-03  -9.996576309682988e-04
  1.169999999999997e+01  2.062878592459108e+06  3.184834098566610e+05  2.452542914958685e+06  -2.232914022093899e+04  4.674446536384192e+05  1.522539685856239e+06  -3.463509748751195e-02  -2.602207020281004e-03  -1.760964026680851e-03
  1.179999999999997e+01  2.089299886874596e+06  2.973951600682624e+05  2.470451115224211e+06  -2.448086362343875e+04  4.759866592902678e+05  1.510738519935410e+06  -3.791950605265611e-02  -7.647504682516026e-04  -2.491458540407320e-03
  1.189999999999997e+01  2.086789106065737e+06  2.937467026872166e+05  2.524767255281195e+06  -3.342063830151132e+04  4.919175393459984e+05  1.503078290890875e+06  -3.576829381858969e-02  2.484460597394359e-03  2.779421309664701e-04
  1.199999999999997e+01  2.053294460916668e+06  2.892689059225511e+05  2.579205678952470e+06  -4.811921180893394e+04  5.127120942729668e+05  1.505881753262358e+06  -2.719023405634605e-02  6.432647897136394e-03  6.245832731008204e-03
  1.209999999999997e+01  2.011314305533533e+06  2.627692810436618e+05  2.611296878401754e+06  -6.265432210492653e+04  5.263109466422964e+05  1.514088186738882e+06  -1.676405127823661e-02  9.131996214559427e-03  1.350423832101293e-02
  1.219999999999997e+01  1.981091880023617e+06  2.181563773205595e+05  2.639181192408037e+06  -7.941179155684696e+04  5.279773771665615e+05  1.520207876107717e+06  -9.413881122631669e-03  9.738295220481115e-03  2.005240555926451e-02
  1.229999999999997e+01  1.957163852967548e+06  1.717826863113044e+05  2.679066334785658e+06  -1.076967133134431e+05  5.239231478693828e+05  1.528408665569534e+06  -6.090970130265867e-03  9.166295511729677e-03  2.362349642178447e-02
  1.239999999999997e+01  1.926247880495034e+06  1.353867854277098e+05  2.732906293593884e+06  -1.453250561065398e+05  5.230267150674068e+05  1.542218576254437e+06  -4.782908001983559e-03  8.442938967227169e-03  2.381116481334822e-02
  1.249999999999997e+01  1.887580135589144e+06  1.137114889592359e+05  2.796226641058235e+06  -1.740808767133182e+05  5.289008299123156e+05  1.554035187880678e+06  -3.334151169503938e-03  7.538095728354201e-03  2.276337579465266e-02
  1.259999999999997e+01  1.845824410696818e+06  1.016941593152623e+05  2.847812180594196e+06  -1.799730565709807e+05  5.387536800092927e+05  1.558325062358170e+06  -1.110482978778477e-03  6.014761714817215e-03  2.204026911852904e-02
  1.269999999999997e+01  1.808629603132475e+06  8.818483776552833e+04  2.862661919119237e+06  -1.691020796771122e+05  5.471625896495982e+05  1.562974137707458e+06  1.396701162839800e-03  4.158634922685370e-03  2.133838515675186e-02
  1.279999999999997e+01  1.786253313768029e+06  6.829046099229285e+04  2.844024680025775e+06  -1.568632274502171e+05  5.495559864566439e+05  1.577745190668121e+06  4.012276939131377e-03  3.005182135815255e-03  2.086579522976190e-02
  1.289999999999997e+01  1.779351828804428e+06  5.046028522725785e+04  2.822539845118599e+06  -1.495969757639646e+05  5.463412398724946e+05  1.601811399713124e+06  7.420130474499382e-03  3.159466536786931e-03  2.218618504625173e-02
  1.299999999999997e+01  1.774974654797839e+06  4.606387598053585e+04  2.817904053346135e+06  -1.416241106274407e+05  5.460152682059080e+05  1.627628899363810e+06  1.205357073939794e-02  4.180218464343406e-03  2.547633410561546e-02
  1.309999999999997e+01  1.763047313146360e+06  5.336790932527078e+04  2.817375228639089e+06  -1.252865016337353e+05  5.564035175514729e+05  1.650691371878964e+06  1.715836821208715e-02  5.185190572640579e-03  2.803583600696029e-02
  1.319999999999997e+01  1.748318880640347e+06  6.252779786348888e+04  2.806016051519802e+06  -1.021248807953907e+05  5.731458605128147e+05  1.671015096570673e+06  2.146974771779217e-02  5.709766437415139e-03  2.729797294681490e-02
  1.329999999999997e+01  1.733116802497965e+06  6.642015969006275e+04  2.788378393525540e+06  -8.346759779618679e+04  5.824628298039598e+05  1.686816267494550e+06  2.423901606209811e-02  5.727844806272532e-03  2.359258687242893e-02
  1.339999999999997e+01  1.709482573176127e+06  6.044874138822749e+04  2.773443132815011e+06  -7.819626838376674e+04  5.744833612405683e+05  1.691944431995694e+06  2.520572260606533e-02  4.985699290286559e-03  1.915659884282149e-02
  1.349999999999997e+01  1.683019834741855e+06  4.795928337423749e+04  2.766684929584052e+06  -8.287959142608799e+04  5.528088227061002e+05  1.680474669933442e+06  2.413057463858926e-02  3.177046394335525e-03  1.610906027867360e-02
  1.359999999999997e+01  1.675179456742708e+06  4.101237506402629e+04  2.764346132439724e+06  -8.595973367016485e+04  5.289430281692212e+05  1.652887869887818e+06  2.107400933437617e-02  7.666797880333114e-04  1.474026928067993e-02
  1.369999999999997e+01  1.697046763377287e+06  4.643788188997012e+04  2.748987023978234e+06  -7.961173001523728e+04  5.086647077999638e+05  1.617449471140321e+06  1.647124607093385e-02  -1.432987096200612e-03  1.324704949195891e-02
  1.379999999999997e+01  1.742481562889446e+06  5.942789773448021e+04  2.707588325621021e+06  -6.412944995634962e+04  4.885047539829897e+05  1.584215117364916e+06  1.044939706067861e-02  -3.511432376356009e-03  9.915868877780799e-03
  1.389999999999997e+01  1.799870156475006e+06  7.158189307599203e+04  2.643491799629402e+06  -4.298070942980872e+04  4.642797732312616e+05  1.558473539010068e+06  2.936633797764028e-03  -6.147073892272702e-03  4.872302974335991e-03
  1.399999999999997e+01  1.859169344100274e+06  8.021135778271843e+04  2.568440698568737e+06  -1.867627312924099e+04  4.391932458836059e+05  1.539466625983891e+06  -5.367946760693360e-03  -9.264830482746235e-03  -4.806718183652531e-04
  1.409999999999997e+01  1.912981563238418e+06  8.858968512997711e+04  2.495914017811617e+06  6.023930420099630e+03  4.205884730814089e+05  1.523817877840339e+06  -1.287081624435975e-02  -1.209436754978127e-02  -4.937865517113153e-03
  1.419999999999997e+01  1.955301534936135e+06  9.881891153675427e+04  2.439750881104455e+06  2.534203255956060e+04  4.096512501217888e+05  1.510542073673828e+06  -1.790513498179809e-02  -1.429471664920336e-02  -8.330499866933766e-03
  1.429999999999997e+01  1.978909856389141e+06  1.083912498986218e+05  2.409473959491619e+06  3.110579374614534e+04  4.005043457290544e+05  1.502900378939467e+06  -1.941789047379709e-02  -1.599721489749470e-02  -1.109435722462535e-02
  1.439999999999996e+01  1.977942403799760e+06  1.145784357155169e+05  2.405220808051861e+06  1.793314347552900e+04  3.911089282849067e+05  1.505446778881194e+06  -1.716598441897066e-02  -1.682469581700773e-02  -1.324067003372091e-02
  1.449999999999996e+01  1.957310227207373e+06  1.192231448952243e+05  2.420324542462518e+06  -1.078200737045163e+04  3.886407138232092e+05  1.519975336503446e+06  -1.195952011099941e-02  -1.583738381190040e-02  -1.406885460727560e-02
  1.459999999999996e+01  1.933853780794626e+06  1.250024143889315e+05  2.445390418648897e+06  -4.305325882727714e+04  3.999021545623709e+05  1.543149703054265e+06  -5.866136373625123e-03  -1.284363160204567e-02  -1.325864620183157e-02
  1.469999999999996e+01  1.923406970494996e+06  1.294287908916646e+05  2.466977430010770e+06  -6.606805349509357e+04  4.200961620846777e+05  1.567200599489306e+06  -1.429522924264633e-03  -9.258597632337417e-03  -1.187956748898135e-02
  1.479999999999996e+01  1.929891870309433e+06  1.284436440068810e+05  2.470977511351082e+06  -7.446144677695668e+04  4.363136997610332e+05  1.584956571823804e+06  -6.137811495173775e-05  -7.030439935021043e-03  -1.159174729604856e-02
  1.489999999999996e+01  1.946988292730350e+06  1.255474583169134e+05  2.453637470231711e+06  -7.271843561527642e+04  4.409634785768827e+05  1.595273261527707e+06  -1.215073221393346e-03  -6.642244944210159e-03  -1.292792772323520e-02
  1.499999999999996e+01  1.963617222131040e+06  1.311707491732220e+05  2.426313488557511e+06  -7.019208235287058e+04  4.381557391212794e+05  1.602682925434476e+06  -3.046818670506600e-03  -6.658717678953398e-03  -1.480088325048687e-02
  1.509999999999996e+01  1.967054777219295e+06  1.509880930338350e+05  2.407918441636309e+06  -7.226283492631857e+04  4.379672079273683e+05  1.612003710664266e+06  -3.724412641242336e-03  -5.341951134702165e-03  -1.550213207548723e-02
  1.519999999999996e+01  1.949255417304442e+06  1.790626474556583e+05  2.412394908944485e+06  -7.593551727772593e+04  4.468852455274274e+05  1.624101834961195e+06  -2.395744042145447e-03  -2.327194907607786e-03  -1.400692601941732e-02
  1.529999999999996e+01  1.913331963294907e+06  2.024224068746419e+05  2.438743531230246e+06  -7.540414364978710e+04  4.634884285701584e+05  1.636810901562810e+06  4.954371669950536e-04  1.344149508741236e-03  -1.061247443035127e-02
  1.539999999999996e+01  1.872124876779153e+06  2.109887375400748e+05  2.474571461248531e+06  -7.036085657309831e+04  4.818548361446206e+05  1.647289698247466e+06  3.569867907267133e-03  4.431206733083518e-03  -6.370376376117999e-03
  1.549999999999996e+01  1.839496817299631e+06  2.050698653783034e+05  2.509623763816300e+06  -6.611930265160599e+04  4.971649337170320e+05  1.653018601642166e+06  5.445147698718840e-03  6.390704354364796e-03  -2.059244823813504e-03
  1.559999999999996e+01  1.820645050609363e+06  1.923000971010068e+05  2.539851501558222e+06  -6.681621463065020e+04  5.074818758421809e+05  1.652848338391092e+06  5.679379449053772e-03  7.238815802343159e-03  1.820548184599752e-03
  1.569999999999996e+01  1.811090487849149e+06  1.793695387578789e+05  2.562459099027918e+06  -7.144875427244378e+04  5.127038042281447e+05  1.647566387358809e+06  4.855711904087766e-03  7.121187762338940e-03  4.635429470722739e-03
  1.579999999999996e+01  1.804777599076177e+06  1.688616585997566e+05  2.575362222088152e+06  -7.585988574215569e+04  5.136674408552810e+05  1.639424252460215e+06  3.914272736122855e-03  6.260017618177795e-03  5.892231342006545e-03
  1.589999999999996e+01  1.799063330270420e+06  1.604313899333196e+05  2.579186223844585e+06  -7.647544424262928e+04  5.112512380870344e+05  1.631937579534220e+06  3.533118757092780e-03  5.033134210855518e-03  5.714541490927557e-03
  1.599999999999996e+01  1.793609590534114e+06  1.536768807847982e+05  2.577731455752196e+06  -7.271825160148356e+04  5.059280025599795e+05  1.628779448013247e+06  3.832029339565409e-03  3.857700476711584e-03  4.838842813430784e-03
  1.609999999999996e+01  1.789764114568795e+06  1.504641459435650e+05  2.575314298459257e+06  -6.745735383416947e+04  4.983133169321511e+05  1.630934513844512e+06  4.315823734966423e-03  2.936312048286857e-03  4.107466539948973e-03
  1.619999999999996e+01  1.790973864516788e+06  1.529850499086411e+05  2.570979961774546e+06  -6.485107440003475e+04  4.893772945669717e+05  1.635086898411664e+06  4.134520584780232e-03  2.056138611843549e-03  3.809147305837714e-03
  1.629999999999996e+01  1.801428260082264e+06  1.603340969910215e+05  2.559081407937781e+06  -6.678740530926725e+04  4.801766838266927e+05  1.635200641772481e+06  2.582522124289015e-03  7.505628483564713e-04  3.595478326173981e-03
  1.639999999999996e+01  1.822638627691654e+06  1.683922345713867e+05  2.538239349394003e+06  -7.177373093294495e+04  4.718888892105634e+05  1.626501249500093e+06  -4.116923657463085e-04  -1.160907900267000e-03  3.064698812497698e-03
  1.649999999999996e+01  1.850357322916003e+06  1.733771542615313e+05  2.515670477325957e+06  -7.771709393174207e+04  4.657918509242142e+05  1.609905619363190e+06  -4.083836035615789e-03  -3.148264668289911e-03  2.211535920123256e-03
  1.659999999999997e+01  1.875375690209721e+06  1.749816529851621e+05  2.500920579282432e+06  -8.407761925413617e+04  4.630729856876537e+05  1.592378305191449e+06  -7.147355479773102e-03  -4.269037517640756e-03  1.260424316020904e-03
  1.669999999999997e+01  1.889042641641639e+06  1.750866079096762e+05  2.496852258986170e+06  -9.059262889872925e+04  4.646642079140185e+05  1.581987211735763e+06  -8.618974214940065e-03  -4.044685004108158e-03  3.080114159645633e-04
  1.679999999999997e+01  1.889856758242918e+06  1.740710564324845e+05  2.498689155690048e+06  -9.547432590326633e+04  4.706801600100354e+05  1.581920204156357e+06  -8.535149766192735e-03  -2.953363413444065e-03  -7.770605879215717e-04
  1.689999999999997e+01  1.884430659578690e+06  1.705148488461318e+05  2.501441480106705e+06  -9.600743519505094e+04  4.796783407216601e+05  1.588668716750237e+06  -7.805792495144106e-03  -1.945623159429600e-03  -2.101437610370017e-03
  1.699999999999997e+01  1.880763818971961e+06  1.642946882382249e+05  2.506058793663320e+06  -9.106372038582693e+04  4.887124567481217e+05  1.595960543965473e+06  -7.220338685096353e-03  -1.559939944161523e-03  -3.471443568524846e-03
  1.709999999999997e+01  1.880145562268858e+06  1.581393441326617e+05  2.516790873994488e+06  -8.286466018149479e+04  4.939781939466326e+05  1.600401714155335e+06  -6.596788748006325e-03  -1.615780129449323e-03  -4.497266447559470e-03
  1.719999999999997e+01  1.876995427694452e+06  1.551002848015757e+05  2.534296227648104e+06  -7.597880484473448e+04  4.924446919355192e+05  1.603229091338414e+06  -5.077669040031930e-03  -1.662477998698929e-03  -4.885927481540900e-03
  1.729999999999998e+01  1.866642499141831e+06  1.555914655646297e+05  2.553901180082034e+06  -7.429796711759616e+04  4.841219074673690e+05  1.607059983071801e+06  -2.252921989534766e-03  -1.484324025463096e-03  -4.548785572698902e-03
  1.739999999999998e+01  1.852073549641907e+06  1.571767791672101e+05  2.568900643593089e+06  -7.842259626469387e+04  4.726718881569547e+05  1.611860949702524e+06  1.094889958958277e-03  -1.200771244903199e-03  -3.524911677015537e-03
  1.749999999999998e+01  1.841441453776913e+06  1.571561611954243e+05  2.574442428975814e+06  -8.571723205532957e+04  4.635399436019253e+05  1.615003721046883e+06  3.479162143375058e-03  -1.032752375312433e-03  -1.984776641823326e-03
  1.759999999999998e+01  1.839633340074696e+06  1.552225291836220e+05  2.569817853519497e+06  -9.258917139115187e+04  4.612488318382319e+05  1.614904692174074e+06  3.953236653100385e-03  -1.000423198775098e-03  -2.873521551891029e-04
  1.769999999999998e+01  1.843876205062408e+06  1.531002015716416e+05  2.558588144767024e+06  -9.670531193649018e+04  4.670894446325024e+05  1.613271898324966e+06  2.851468780776412e-03  -8.773774767195842e-04  1.060902746756239e-03
  1.779999999999998e+01  1.847711139467422e+06  1.519044293970566e+05  2.546564743361580e+06  -9.762639001573542e+04  4.779663581606884e+05  1.613274544265268e+06  1.339155773058582e-03  -4.610233521227410e-04  1.649993170618272e-03
  1.789999999999998e+01  1.847811776106542e+06  1.506058215207521e+05  2.538936179153698e+06  -9.568349772563729e+04  4.877546158362831e+05  1.616222003221751e+06  4.223978356625571e-04  1.728953544393388e-04  1.433230286810325e-03
  1.799999999999999e+01  1.845558175425733e+06  1.474401823930065e+05  2.537463272824639e+06  -9.081768794368091e+04  4.914893975462278e+05  1.621288571877502e+06  4.598434655457565e-04  7.651550983422867e-04  7.470012499428014e-04
  1.809999999999999e+01  1.843064903792114e+06  1.420454816844292e+05  2.540033818878017e+06  -8.288433908527275e+04  4.893608540998549e+05  1.627652414061712e+06  1.340676057255359e-03  1.173193424874381e-03  5.588439608699419e-05
  1.819999999999999e+01  1.839971233874396e+06  1.358021953292338e+05  2.543388459346475e+06  -7.305311297722789e+04  4.861449184561867e+05  1.634877529429126e+06  2.691902762778969e-03  1.454065730662772e-03  -3.033790512453122e-04
  1.829999999999999e+01  1.834745061171774e+06  1.303869262322872e+05  2.545907111595897e+06  -6.445805557561902e+04  4.861761893411984e+05  1.641070141253277e+06  3.824110708251699e-03  1.602533184542115e-03  -2.273801612198340e-04
  1.839999999999999e+01  1.827562270263779e+06  1.267816971669391e+05  2.547809696037286e+06  -6.068451490193504e+04  4.891134222978611e+05  1.642873650584502e+06  3.883503052514925e-03  1.374455245111186e-03  1.449104628540240e-04
  1.849999999999999e+01  1.820595804312322e+06  1.258012843736801e+05  2.549554026860558e+06  -6.308088553064430e+04  4.911630721653858e+05  1.639093258198575e+06  2.491996597574560e-03  5.551902751624713e-04  5.009200108018094e-04
  1.859999999999999e+01  1.815846050780082e+06  1.288320457241032e+05  2.550926744194683e+06  -6.950527727756793e+04  4.899552950243789e+05  1.633450556385089e+06  2.531000047724924e-04  -6.228885167393095e-04  5.283513602708439e-04
  1.870000000000000e+01  1.813584590282415e+06  1.369485164015440e+05  2.551369644915586e+06  -7.610837568484414e+04  4.870228515253271e+05  1.631832251445508e+06  -1.608326971258470e-03  -1.486784868911479e-03  8.935373102804518e-05
  1.880000000000000e+01  1.813061179664502e+06  1.489893429850331e+05  2.550075960199413e+06  -8.049309750861573e+04  4.856572558128000e+05  1.636827400159337e+06  -2.210558375969407e-03  -1.483898337325104e-03  -7.291644926946482e-04
  1.890000000000000e+01  1.814291667522520e+06  1.610763736115481e+05  2.546494195736519e+06  -8.280902841296572e+04  4.873751072125180e+05  1.645744253493359e+06  -1.631247421664772e-03  -7.251499090917988e-04  -1.683217167702761e-03
  1.900000000000000e+01  1.818541530401173e+06  1.686429702636700e+05  2.541292241312619e+06  -8.403978002257807e+04  4.910520486716352e+05  1.653749514590870e+06  -6.791989900962122e-04  1.348342349657549e-04  -2.457678288819444e-03
  1.910000000000000e+01  1.827010380325218e+06  1.691807702572344e+05  2.536601287698890e+06  -8.401948356054403e+04  4.947883670409743e+05  1.657777090381163e+06  -1.782926922641448e-04  5.236328130909088e-04  -2.784997229407876e-03
  1.920000000000000e+01  1.839039762690195e+06  1.635619484466683e+05  2.534667250939445e+06  -8.169254471345285e+04  4.971748420778725e+05  1.657289903625729e+06  -4.566432069669664e-04  3.940968023371440e-04  -2.588880788698489e-03
  1.930000000000000e+01  1.851504483512884e+06  1.551416583463951e+05  2.535729627731792e+06  -7.665614056509743e+04  4.970160067309244e+05  1.652903191294355e+06  -1.284651751804752e-03  8.011071692995567e-05  -2.048296930796020e-03
  1.940000000000001e+01  1.860029535931442e+06  1.479207397305279e+05  2.537515998987116e+06  -6.980311036313603e+04  4.934965939724404e+05  1.646000456969797e+06  -2.086552989787115e-03  -1.084742919537808e-04  -1.463653886170104e-03
  1.950000000000001e+01  1.861682319736917e+06  1.452308112560277e+05  2.537134689415233e+06  -6.265740484843207e+04  4.874935038625740e+05  1.639345744421707e+06  -2.261374799654343e-03  -6.815058952945611e-05  -1.029547261299623e-03
  1.960000000000001e+01  1.857502993809360e+06  1.489661250264823e+05  2.533106623039933e+06  -5.653728855792712e+04  4.820379619487041e+05  1.636467567798440e+06  -1.519392092560667e-03  1.799118775530032e-04  -7.518867490411297e-04
  1.970000000000001e+01  1.852345849202682e+06  1.586207710888408e+05  2.525708113241825e+06  -5.237253599452855e+04  4.803635980051005e+05  1.639166285730263e+06  -9.407942252654581e-05  5.587981355529762e-04  -5.713419410200805e-04
  1.980000000000001e+01  1.851717795114823e+06  1.710290564994219e+05  2.516208175987580e+06  -5.057739639438343e+04  4.833007692922255e+05  1.645543206674314e+06  1.362999423689419e-03  8.961371406844095e-04  -4.893616651999262e-04
  1.990000000000001e+01  1.857866252026385e+06  1.815408112920252e+05  2.506353822367941e+06  -5.069041512515867e+04  4.890037086806801e+05  1.651102785529383e+06  2.213184686876788e-03  9.703624687820404e-04  -5.444928584627662e-04
