TITLE = "Temporal Signal for receiver number 02776"
VARIABLES = "Time","xx","yy","zz","xy","yz","xz","u","v","w"
# x1       3.582666310000e+05
# x2       4.734844280000e+06
# x3       -9.000000000000e+03
  0.000000000000000e+00  0.000000000000000e+00  0.000000000000000e+00  0.000000000000000e+00  0.000000000000000e+00  0.000000000000000e+00  0.000000000000000e+00  0.000000000000000e+00  0.000000000000000e+00  0.000000000000000e+00
  1.000000000000000e-01  0.000000000000000e+00  0.000000000000000e+00  0.000000000000000e+00  0.000000000000000e+00  0.000000000000000e+00  0.000000000000000e+00  0.000000000000000e+00  0.000000000000000e+00  0.000000000000000e+00
  2.000000000000000e-01  0.000000000000000e+00  0.000000000000000e+00  0.000000000000000e+00  0.000000000000000e+00  0.000000000000000e+00  0.000000000000000e+00  0.000000000000000e+00  0.000000000000000e+00  0.000000000000000e+00
  3.000000000000000e-01  1.041674175602513e-12  -4.610827629824395e-14  6.098364927933339e-13  1.395226859543084e-12  7.689540598325739e-13  4.309776228312237e-13  -8.563499354240570e-21  1.353584321239908e-19  -2.621278978026917e-20
  4.000000000000000e-01  8.911482289355142e-08  -5.224073794302232e-09  6.666285056754129e-08  3.008154676166632e-09  -9.485827355522858e-09  5.847577603367604e-08  4.735389374986258e-15  -2.220287421791210e-17  7.503600190281508e-15
  5.000000000000000e-01  1.607207037424753e-06  4.017305483272392e-06  -1.835951580244790e-06  -1.821599662549320e-06  -3.232691966935616e-07  -3.804992648017973e-06  2.341645429461539e-13  -4.250981721389393e-13  -4.341617684065794e-13
  6.000000000000000e-01  1.229494322280055e-04  -2.102593556603093e-05  9.002348156304224e-05  -2.796866369503518e-06  -4.452835054100821e-05  5.276784651084997e-05  9.546920588490702e-12  7.282304492941925e-12  1.518583848162534e-11
  7.000000000000000e-01  -1.012755130201417e-03  -7.491023486903169e-04  -1.695006744927269e-03  1.087811409467523e-03  3.515888455034828e-04  1.116846882916524e-04  -7.960429394073141e-11  1.391400010570409e-10  -9.790892949823951e-11
  7.999999999999999e-01  3.321016614163699e-02  2.430008897434405e-02  3.403728647907343e-02  -3.604445988136601e-03  -8.863058260527312e-03  1.831774884083695e-02  2.449360566412989e-09  -1.140806471467071e-09  3.402690127092782e-09
  8.999999999999999e-01  3.585936460271372e-01  1.882236781675511e-01  3.009072317819326e-01  -7.475679863761242e-02  -4.820249345763446e-02  1.680670504870379e-01  2.831398637547506e-08  -9.893988297933597e-09  2.678979610908777e-08
  9.999999999999999e-01  1.728371117201908e+00  8.051024832647207e-01  1.036761621686444e+00  -3.187952811789268e-01  -1.004101497297466e-01  4.133699079187765e-01  1.295383235779078e-07  -4.190096040077924e-08  5.219263755392241e-08
  1.100000000000000e+00  -4.625893722960079e-01  2.116422538550879e-03  6.204159113244088e-03  4.395205407500814e-03  -7.852984691356275e-02  7.975663588711929e-02  -2.224798826449286e-08  9.947653488899979e-09  -1.437057993165620e-08
  1.200000000000000e+00  -1.437686880722943e+01  -8.655409640750696e+00  -1.535125753450667e+01  1.053677384993751e+00  1.878946566322969e+00  -5.736228076964762e+00  -9.371033943929943e-07  3.037323764855834e-07  -9.348899398203306e-07
  1.300000000000000e+00  1.604063110053418e+02  8.856066610768796e+01  1.645216530174954e+02  -2.004088842259300e+01  -1.775809402593584e+01  7.634757532005699e+01  1.178960486864093e-05  -2.906092093851230e-06  1.156981078747697e-05
  1.400000000000000e+00  5.015844223194980e+02  9.618657089662045e+01  1.048157167623593e+02  -3.538405643756847e+01  4.926025237573280e+01  2.363074028434257e+02  3.980631985513123e-05  2.696699102500802e-06  9.676496942231568e-06
  1.500000000000000e+00  1.204753152118396e+03  7.109212548297426e+00  -3.036276855630045e+02  -5.797585620698899e+01  2.706535539247251e+02  4.955329788781659e+02  9.499039873391047e-05  2.022812192660024e-05  -1.396751154655801e-05
  1.600000000000000e+00  1.755085396348492e+03  -3.212961546655491e+02  -1.194140840619423e+03  -4.359456596898249e+01  5.955320440450163e+02  6.498370941188089e+02  1.283784505771095e-04  4.505923374135000e-05  -6.337624441005281e-05
  1.700000000000000e+00  2.950230953444654e+03  -5.051087791029717e+02  -1.977837790913464e+03  -9.922272160290458e+01  1.011051967033715e+03  9.562817508121905e+02  2.026371760752530e-04  6.999196201482575e-05  -1.043910465314659e-04
  1.800000000000000e+00  4.570552321024003e+03  -6.705727754600201e+02  -2.761624493698402e+03  -1.838596527397855e+02  1.499737703397771e+03  1.516544719364891e+03  2.895738257402373e-04  9.278644067690893e-05  -1.272600199864922e-04
  1.900000000000001e+00  7.311563348920406e+03  -8.367599798931686e+02  -3.801985955025628e+03  -4.558012982104967e+02  2.151302207847832e+03  2.554208845550962e+03  4.577146220813644e-04  1.187319157411762e-04  -1.492952747943826e-04
  2.000000000000000e+00  1.225263597875108e+04  -6.651095876507223e+02  -5.515458481958151e+03  -9.372332932655511e+02  3.293659119573096e+03  4.138959947813541e+03  7.936315893761046e-04  1.602135638593241e-04  -2.172310443316769e-04
  2.100000000000001e+00  1.845945395666193e+04  2.998608275520489e+03  -4.706081708570101e+03  -2.199342635069165e+03  3.374075509678486e+03  6.153575558566849e+03  1.046867775138196e-03  -1.220363913808100e-04  -9.403129343035722e-05
  2.200000000000001e+00  4.413871956979547e+04  -9.429257383909837e+03  -9.396222755938725e+03  7.787068537280035e+03  1.588307865374288e+04  1.528102952166728e+04  1.850361716502495e-03  1.427275977651670e-03  -9.572266523873256e-04
  2.300000000000001e+00  1.390020099827893e+05  -2.395296617762430e+05  -1.238017932328427e+05  9.413816509309955e+04  1.099642837470884e+05  1.224091984016836e+05  -4.290682341508156e-03  1.961131552587472e-02  2.488823111383192e-03
  2.400000000000001e+00  3.984477315432696e+06  2.294490366758764e+06  3.763398262379332e+06  -2.765893332867500e+06  -1.358795826427957e+06  3.023508411797700e+06  5.390678157843660e-01  -1.665687228540574e-01  2.860514817095954e-01
  2.500000000000001e+00  1.304181842914315e+06  -1.538625807085208e+06  8.724288312408905e+06  -3.499288558047721e+06  2.179458909804215e+05  6.538216644537560e+06  2.512702474368301e-01  3.767701045210092e-02  5.751220885734570e-01
  2.600000000000001e+00  1.516485600151960e+06  -2.583970936726217e+05  9.997224239269646e+06  -1.293938862695260e+06  1.742674542794053e+06  5.694370315092646e+06  -1.972040220850281e-01  -1.846825221959007e-02  4.857067058601057e-01
  2.700000000000001e+00  1.882193128015870e+06  1.073678852567887e+06  1.007266448017118e+07  -4.940385330306280e+05  1.992872777620557e+06  5.751373608729756e+06  -2.130967820469601e-01  -5.313930542291757e-02  3.421142019670522e-01
  2.800000000000001e+00  2.511589103600186e+06  1.712369801836382e+06  1.030907991467056e+07  -2.797108906560788e+05  2.506324081457409e+06  6.300480233757589e+06  -2.104688489588684e-01  -6.098254579656755e-02  3.170470782132589e-01
  2.900000000000001e+00  2.775836728363391e+06  2.103755188155422e+06  1.129067451152367e+07  -1.896987748099525e+05  2.892961179713209e+06  6.623609424928268e+06  -1.991979380894780e-01  -6.108107392900160e-02  2.862725953487329e-01
  3.000000000000001e+00  3.378161759974389e+06  2.415181519247755e+06  1.132335414709039e+07  9.144955992412445e+04  3.276425388334788e+06  6.931942294741973e+06  -1.569337078837452e-01  -3.962874421160349e-02  2.093674778914255e-01
  3.100000000000001e+00  4.520290313274935e+06  2.732536403337471e+06  1.105758991569282e+07  1.545234386528146e+05  3.863757690324584e+06  7.185582700546863e+06  -8.335165523329931e-02  -1.957221621002982e-02  1.461707712221446e-01
  3.200000000000002e+00  5.047060312850542e+06  2.810386990256323e+06  1.108599623444519e+07  2.422101477943304e+05  4.071572705385136e+06  7.406138459793448e+06  -4.949623632084732e-02  -3.087158959733540e-02  9.111929559158712e-02
  3.300000000000002e+00  5.270782640802095e+06  2.560758642755973e+06  1.149809107194573e+07  2.957205405606730e+05  4.194547406049340e+06  7.537445071847158e+06  -7.561926777022189e-02  -4.902977728833768e-02  9.923555920078089e-02
  3.400000000000002e+00  5.787357070139823e+06  2.227460188695070e+06  1.180442546996812e+07  3.001029816235370e+05  4.171716626659180e+06  7.576060048329520e+06  -8.470688406083349e-02  -6.682421018196792e-02  7.903144633093109e-02
  3.500000000000002e+00  6.098595291074756e+06  2.331054042967675e+06  1.174505392246615e+07  2.206503065779330e+05  3.975948690495699e+06  7.555959912395427e+06  -6.605817185200123e-02  -5.533073256996398e-02  1.825725037015536e-02
  3.600000000000002e+00  6.106159615747020e+06  2.496727113116243e+06  1.172532211784814e+07  1.689760421733980e+05  3.830953554731831e+06  7.472654845080615e+06  -4.732449707144819e-02  -3.322399070450653e-02  -6.934988956339341e-03
  3.700000000000002e+00  6.161574612503172e+06  2.594284429163005e+06  1.186928277208152e+07  1.625537850056481e+05  3.780234829610350e+06  7.479931226530622e+06  -2.854632776471529e-02  -1.882228369204460e-02  -1.211183153082591e-02
  3.800000000000002e+00  6.188505436825335e+06  2.785370230060324e+06  1.188942111273943e+07  2.239035303074660e+05  3.823047060627859e+06  7.586589966708423e+06  -1.583367107003551e-02  -7.172306126913656e-03  -1.523751472005430e-02
  3.900000000000002e+00  6.246002021178195e+06  2.898803482076972e+06  1.188909466838586e+07  3.109176121991610e+05  3.819226980401989e+06  7.615573122534584e+06  -1.424541101290759e-02  -5.708104467120403e-03  -1.460740947770171e-02
  4.000000000000002e+00  6.293517705797574e+06  2.861487776423270e+06  1.200859414461621e+07  3.140540262557052e+05  3.777543866547634e+06  7.568664843671444e+06  -3.400080794486557e-03  -5.870061278067689e-03  -2.216176125270064e-02
  4.100000000000001e+00  6.298921170915009e+06  2.876256226542491e+06  1.215755593607744e+07  2.743258202993957e+05  3.795724663893586e+06  7.536843047632366e+06  7.128546612004003e-03  -3.559795369180392e-03  -2.213290037622153e-02
  4.200000000000001e+00  6.307454893815421e+06  2.966866394893971e+06  1.221233851727952e+07  2.809617098231930e+05  3.816712968937481e+06  7.557789406763217e+06  4.063244704881688e-03  -4.483556729275980e-04  -9.183378782263744e-03
  4.300000000000001e+00  6.283962974910845e+06  3.016148113398483e+06  1.225484967317803e+07  3.310434069966102e+05  3.815404841537709e+06  7.573713323360101e+06  -6.733086465877512e-03  8.110074686483040e-05  1.436646027031008e-03
  4.400000000000000e+00  6.162607950303671e+06  2.925483720535558e+06  1.233507647135498e+07  3.659903461310923e+05  3.818325468711395e+06  7.551974963127253e+06  -1.638048296938004e-02  2.361429611847497e-04  5.015809371525902e-04
  4.500000000000000e+00  6.050548904673152e+06  2.852845505647489e+06  1.243275349890925e+07  3.326162475585800e+05  3.820409634730037e+06  7.465999727338120e+06  -1.659101429403566e-02  5.320644485798541e-04  -1.462446291645142e-03
  4.600000000000000e+00  6.005506828421008e+06  2.839357823875858e+06  1.242743361111479e+07  3.437852650844171e+05  3.801166375620261e+06  7.410415190663322e+06  -1.707681592196957e-02  1.380268206592086e-03  -2.816173217731501e-03
  4.699999999999999e+00  5.998517530656584e+06  2.819711016892991e+06  1.230650722153781e+07  3.922687564315173e+05  3.770596607687468e+06  7.386677683416838e+06  -2.391555181124947e-02  -2.408480670153771e-03  -7.307744143633886e-03
  4.799999999999999e+00  5.986580994779831e+06  2.846559621963735e+06  1.226461435585148e+07  4.204690725879063e+05  3.737438222407687e+06  7.346646714802367e+06  -3.358485661684162e-02  -6.820941098684993e-03  -9.802302844123383e-03
  4.899999999999999e+00  5.963836855296751e+06  2.919337114441440e+06  1.223804223976464e+07  4.603041786357777e+05  3.686926043734278e+06  7.336117343138255e+06  -3.942091256653071e-02  -8.471560116216817e-03  -1.309037556396538e-02
  4.999999999999998e+00  5.969006541819211e+06  2.937333566161676e+06  1.217032838771047e+07  5.141882702966637e+05  3.665519035018728e+06  7.334242071866273e+06  -3.488928543238620e-02  -5.833279197143560e-03  -2.114192200610752e-02
  5.099999999999998e+00  5.903055120384832e+06  3.026188364320142e+06  1.216966476932988e+07  5.946964155772690e+05  3.627129057684456e+06  7.310250362983424e+06  -3.852745577916724e-02  -5.578564030849486e-03  -2.354388264297168e-02
  5.199999999999998e+00  5.894508322670897e+06  3.080227065437343e+06  1.212120020069655e+07  6.129925568618217e+05  3.630131926994277e+06  7.293763102790786e+06  -3.639641624335008e-02  -4.138534956677425e-03  -3.075053630192266e-02
  5.299999999999997e+00  6.169531447583058e+06  2.939904945766143e+06  1.193312678207357e+07  5.109977261562573e+05  3.780289479412701e+06  7.277973467615078e+06  -4.318998768904787e-03  9.869697574431123e-03  -5.781378189582356e-02
  5.399999999999997e+00  6.438013026045287e+06  2.852815289732732e+06  1.174275757194715e+07  3.922500005134119e+05  3.962151576279427e+06  7.229280555697968e+06  2.719294402394474e-02  2.336015100226352e-02  -8.045973105495034e-02
  5.499999999999996e+00  6.415004255532275e+06  2.907387498286062e+06  1.170628961636117e+07  3.379949997621568e+05  4.033631524149142e+06  7.167040382392980e+06  2.356891848723636e-02  2.367036622233106e-02  -7.849774277355258e-02
  5.599999999999996e+00  6.316217782769581e+06  3.010012755027749e+06  1.191056914263767e+07  3.360725446186039e+05  4.016370209539275e+06  7.094087789665039e+06  3.385076379535392e-04  1.788758713417156e-02  -6.540643535973306e-02
  5.699999999999996e+00  6.263460095127431e+06  3.039493266413313e+06  1.207350656914818e+07  3.487299958879820e+05  3.957369042448802e+06  7.014813463720772e+06  -1.402474667233146e-02  1.764547261021757e-02  -5.977313612962280e-02
  5.799999999999995e+00  6.287153469007484e+06  3.033143003711381e+06  1.208413861074686e+07  3.522212771453866e+05  3.945757559706887e+06  6.916983823807648e+06  -2.342203596579666e-02  2.180700667802772e-02  -5.183007551764413e-02
  5.899999999999995e+00  6.420589546720335e+06  3.062240061277113e+06  1.208546069052687e+07  3.408847390254714e+05  3.999192012906245e+06  6.774951223792654e+06  -3.654706302707037e-02  2.714619897093698e-02  -3.649867559532149e-02
  5.999999999999995e+00  6.550795137361400e+06  3.082544535633213e+06  1.220269715277073e+07  3.066449976136026e+05  4.027114023752385e+06  6.612105508602197e+06  -4.786072678751075e-02  2.965032068107086e-02  -1.930343217603521e-02
  6.099999999999994e+00  6.660760264114815e+06  3.029592640445294e+06  1.236882383715198e+07  2.394273303059568e+05  4.010415587110758e+06  6.419861962356783e+06  -6.426270638478562e-02  2.384568020533404e-02  -8.808066366619479e-03
  6.199999999999994e+00  6.858453539015264e+06  2.919537571657617e+06  1.247874227859594e+07  1.890403320858879e+05  3.956376773006583e+06  6.253605709037917e+06  -8.309571799716295e-02  9.902555011881239e-03  -7.295977131859339e-03
  6.299999999999994e+00  6.994966964376779e+06  2.775504767505755e+06  1.231693526369026e+07  2.193939260614797e+05  3.851319121886253e+06  6.271177938700845e+06  -7.415196112760229e-02  -3.672524450855921e-03  -1.934045463290602e-02
  6.399999999999993e+00  6.999189039733954e+06  2.743464305742091e+06  1.222391598023229e+07  3.429707785245254e+05  3.748971369038073e+06  6.511298411917130e+06  -3.144194870188669e-02  -1.410747245444219e-02  -1.854895389322490e-02
  6.499999999999993e+00  6.812758181819597e+06  2.788660108087100e+06  1.233510201804202e+07  4.558116571017891e+05  3.751729585152587e+06  6.901289893245053e+06  3.032283874399912e-02  -1.536219868236994e-02  -4.978617082877902e-03
  6.599999999999993e+00  6.515015240992504e+06  2.856743178372119e+06  1.240181750489119e+07  5.099299881441430e+05  3.864436100793415e+06  7.276852260827310e+06  8.685464496268334e-02  -4.120820098683696e-03  8.598701509622759e-04
  6.699999999999992e+00  6.093661406924944e+06  2.939900632146315e+06  1.259365710344513e+07  4.662757509123522e+05  4.028237398024725e+06  7.605222122044529e+06  1.491185846450920e-01  1.795121979005563e-02  1.437050266618026e-02
  6.799999999999992e+00  6.180053189310635e+06  3.243382271826941e+06  1.318910950362868e+07  3.224303461720681e+05  4.220513880622953e+06  7.815054787127544e+06  1.745192815348783e-01  4.713272788770052e-02  5.009062908532178e-02
  6.899999999999991e+00  6.300359167510116e+06  3.510902374291199e+06  1.342381336035443e+07  3.080371490519866e+05  4.359942472013436e+06  7.745621713306097e+06  1.629945679658852e-01  6.093131199919842e-02  7.134027075922771e-02
  6.999999999999991e+00  6.295161338304279e+06  3.555731367263861e+06  1.330471938216085e+07  2.940922210126983e+05  4.354136849743896e+06  7.382286816232439e+06  1.347714947244915e-01  7.062568921156237e-02  9.602172290454165e-02
  7.099999999999991e+00  6.183935066071704e+06  3.464548553040694e+06  1.327131205002051e+07  2.527579121096389e+05  4.291454357219873e+06  7.067888637694146e+06  1.146550460554844e-01  6.691147644247299e-02  1.172486149882437e-01
  7.199999999999990e+00  6.245456260933908e+06  3.367081065699806e+06  1.322069819683198e+07  2.397617190172742e+05  4.227798877661664e+06  6.811065760028832e+06  9.276241092313607e-02  5.575341660251954e-02  1.274060915760954e-01
  7.299999999999990e+00  6.513859498139159e+06  3.131060181849582e+06  1.307085870057555e+07  1.623462850181893e+05  4.117181048374468e+06  6.296175015237112e+06  6.683175634943569e-02  6.127796064148854e-02  1.694619153131899e-01
  7.399999999999990e+00  6.941834893319985e+06  3.041870785319808e+06  1.276473048749449e+07  3.226110581539469e+05  4.141624416541432e+06  6.351823920731148e+06  3.536471864561763e-02  3.894322389911774e-02  1.435970656092046e-01
  7.499999999999989e+00  7.352586256006334e+06  3.092660494199953e+06  1.233667604616241e+07  6.881160591756954e+05  4.350812031469134e+06  7.226524646764310e+06  4.876641343096292e-03  -7.958060452618135e-03  1.958884635733287e-02
  7.599999999999989e+00  7.481958219753270e+06  3.107989925110346e+06  1.223450492065945e+07  7.977289883677131e+05  4.469140781065131e+06  7.871021985582898e+06  -3.018869133392908e-03  -2.486482737150691e-02  -4.792661815740482e-02
  7.699999999999989e+00  7.232185244400385e+06  3.077826756066796e+06  1.248960293781014e+07  6.698974180833303e+05  4.368379438236405e+06  7.924838505089136e+06  1.611179831911641e-02  -2.089551794202661e-02  -2.221555209240196e-02
  7.799999999999988e+00  6.950209515434516e+06  3.061798316168142e+06  1.282402281559297e+07  5.446241145077719e+05  4.236814227377622e+06  7.843088958216771e+06  3.584051261664237e-02  -2.168240148485200e-02  1.258408511112391e-02
  7.899999999999988e+00  6.859965641866918e+06  3.041507031452446e+06  1.304954684889911e+07  4.682134116075767e+05  4.186235159714164e+06  7.859081523624573e+06  4.530033090410084e-02  -2.390255289941277e-02  2.769868271124162e-02
  7.999999999999988e+00  6.838402716914875e+06  3.004073579043678e+06  1.318744760036920e+07  4.343750682922132e+05  4.159217010598110e+06  7.919489413004309e+06  4.655537740849192e-02  -2.723228797126425e-02  3.537787911477053e-02
  8.099999999999987e+00  6.776464105343439e+06  2.973526598402664e+06  1.326492521755967e+07  4.191573072403069e+05  4.130536243492072e+06  7.940033215190990e+06  4.391359308731718e-02  -2.853613597067406e-02  3.746807631152650e-02
  8.199999999999987e+00  6.710864580111542e+06  2.995114866713867e+06  1.331743981091485e+07  3.964490899265277e+05  4.100988728074530e+06  7.946105565190768e+06  4.080446515618816e-02  -2.359023975190636e-02  3.674323044692030e-02
  8.299999999999986e+00  6.674429477791343e+06  2.988963205932900e+06  1.330750072112540e+07  3.821136085270836e+05  4.048737698754937e+06  7.945819050446278e+06  3.554286115506857e-02  -2.037562259920776e-02  3.350851512980538e-02
  8.399999999999986e+00  6.645749326438576e+06  2.940727607034261e+06  1.326766487470073e+07  4.026789593339128e+05  4.017110513577031e+06  7.899652320666431e+06  2.586021479665044e-02  -1.799873105683278e-02  3.165631148943304e-02
  8.499999999999986e+00  6.579570214700990e+06  2.915135684347633e+06  1.325495769627997e+07  4.553051456788388e+05  4.043543912815256e+06  7.858933805341545e+06  1.375421112737454e-02  -9.810153230969183e-03  3.174853174925236e-02
  8.599999999999985e+00  6.528468584331627e+06  2.916152729803076e+06  1.328787602305373e+07  4.982956664928876e+05  4.081634614642739e+06  7.817739834753379e+06  4.076596886345618e-03  -1.867065761897719e-03  3.218372120038985e-02
  8.699999999999985e+00  6.487092527184368e+06  2.911243716180575e+06  1.333918730430786e+07  5.051918735390537e+05  4.118878443964822e+06  7.748755538795467e+06  1.592420359562126e-03  3.492615177871577e-03  3.140149091593240e-02
  8.799999999999985e+00  6.438297305901757e+06  2.890576657363349e+06  1.330713033127788e+07  5.188910805384781e+05  4.147323402934164e+06  7.707178846893126e+06  3.403254297804723e-03  5.948622364289742e-03  2.388603127065872e-02
  8.899999999999984e+00  6.436333495994612e+06  2.900101540863111e+06  1.321357031944893e+07  5.647784081764790e+05  4.122526024315491e+06  7.682913935978790e+06  6.310320129433950e-05  5.363156943890959e-03  1.622179568544097e-02
  8.999999999999984e+00  6.470408560191303e+06  2.940482660410657e+06  1.312518936853947e+07  6.193215043654559e+05  4.057751301427598e+06  7.602174199017851e+06  -9.279113531899261e-03  6.354027281699480e-03  1.189076428766384e-02
  9.099999999999984e+00  6.496479657689787e+06  2.978292508239305e+06  1.306512710775496e+07  6.409716694320084e+05  4.008649119078001e+06  7.490244817156918e+06  -1.946455275636250e-02  8.548347640185082e-03  5.796758641570730e-03
  9.199999999999983e+00  6.524499610754685e+06  2.990069091359254e+06  1.302251436797961e+07  6.278990169563018e+05  4.008060114157637e+06  7.435409383990065e+06  -2.684574168646866e-02  9.157231195719144e-03  -2.334861514856530e-03
  9.299999999999983e+00  6.514678043190324e+06  2.988260288782528e+06  1.298690875672834e+07  6.336474693018931e+05  4.062668257347531e+06  7.435945263806646e+06  -2.812117177521385e-02  9.311574631963346e-03  -6.070366506286100e-03
  9.399999999999983e+00  6.474641884596310e+06  3.004569948232783e+06  1.296480695629709e+07  6.635432620779069e+05  4.119871520456336e+06  7.452666603009847e+06  -2.365511819323347e-02  1.018758542218037e-02  -5.870980639892337e-03
  9.499999999999982e+00  6.454679962943563e+06  3.019880202490980e+06  1.292693898360882e+07  6.809262123569649e+05  4.136606789144094e+06  7.473653809259471e+06  -1.497033743181485e-02  1.192824156443932e-02  -8.069139150638957e-03
  9.599999999999982e+00  6.447326327205536e+06  3.047727813266336e+06  1.287625578143299e+07  6.804646515661665e+05  4.126976543541652e+06  7.486070063373880e+06  -1.941383527848745e-03  1.183965464785232e-02  -1.161448257067819e-02
  9.699999999999982e+00  6.463258531004354e+06  3.083451240734490e+06  1.279163026675323e+07  6.425608748757441e+05  4.086867968368610e+06  7.504586671485497e+06  7.513578615695037e-03  7.424193800959689e-03  -1.800820782235894e-02
  9.799999999999981e+00  6.568462852479300e+06  3.075604783542893e+06  1.267029110109999e+07  5.545636445921066e+05  4.001045461662485e+06  7.568112294539388e+06  4.885772958917662e-03  2.645504681984260e-03  -3.040339722930758e-02
  9.899999999999981e+00  6.726706297865827e+06  3.042714436174452e+06  1.262438088147929e+07  4.861143777890156e+05  3.900990366960559e+06  7.665288893593895e+06  -5.116864551302088e-03  -2.043931112732625e-03  -3.917599082611835e-02
  9.999999999999980e+00  6.788227975923914e+06  3.028490539783766e+06  1.265252815463485e+07  4.915063366986038e+05  3.843177676475599e+06  7.728496103744019e+06  -1.012626563495688e-02  -9.356486977647771e-03  -3.894736706793091e-02
  1.009999999999998e+01  6.741574013266015e+06  3.072065526069619e+06  1.271062655123334e+07  5.210320417398603e+05  3.843847815782479e+06  7.710063391042335e+06  -7.636922558407942e-03  -1.418849753421087e-02  -3.200892202617231e-02
  1.019999999999998e+01  6.674127915284474e+06  3.147344247507330e+06  1.275978189063642e+07  5.144335617940421e+05  3.884864094550789e+06  7.632105583405563e+06  -4.191660719076617e-03  -1.029322198328965e-02  -2.731577746702348e-02
  1.029999999999998e+01  6.628497860344751e+06  3.209997524632273e+06  1.277950345382306e+07  4.841814249884036e+05  3.936542199201591e+06  7.541972386495751e+06  -5.508669367037263e-03  -1.696703792494784e-03  -2.978849564883228e-02
  1.039999999999998e+01  6.613064420118812e+06  3.259046410213995e+06  1.281961717615851e+07  4.779309257810034e+05  3.964067192180715e+06  7.464843790978371e+06  -1.100998026795383e-02  2.557324069712199e-03  -3.126439890644855e-02
  1.049999999999998e+01  6.599660211190713e+06  3.280206678409063e+06  1.288538492847621e+07  5.011458131859866e+05  3.969033155939666e+06  7.421990262632397e+06  -1.422167622689508e-02  2.299201882303031e-03  -2.636901938673885e-02
  1.059999999999998e+01  6.597347198179196e+06  3.261999170170353e+06  1.291743106352264e+07  5.208523226827181e+05  3.978774398373822e+06  7.422649857823108e+06  -1.251785473850388e-02  2.898215021942017e-03  -2.018863562679845e-02
  1.069999999999998e+01  6.641398657564835e+06  3.241008262720159e+06  1.289581432224538e+07  5.203917270326364e+05  3.994416846036090e+06  7.441833370026107e+06  -9.956058013637657e-03  4.441041760936667e-03  -1.662213505122473e-02
  1.079999999999998e+01  6.680876927401316e+06  3.246387183093483e+06  1.285762541020980e+07  5.141938252813105e+05  4.003585187185906e+06  7.449761436557853e+06  -1.040707259145665e-02  3.657845052025353e-03  -1.448043079076430e-02
  1.089999999999998e+01  6.666177954061924e+06  3.274188232231575e+06  1.284979474119652e+07  5.152102254334439e+05  4.008309133781461e+06  7.435598576441678e+06  -1.536674805379066e-02  8.520091828717658e-04  -1.275568473732292e-02
  1.099999999999998e+01  6.643492553891614e+06  3.298785658875713e+06  1.288035794373319e+07  5.155642808758774e+05  4.013841381244679e+06  7.395598528054046e+06  -2.413196294719176e-02  -1.031388325753775e-03  -1.213554816450724e-02
  1.109999999999998e+01  6.670227668594698e+06  3.303033196364604e+06  1.291945728557702e+07  5.090987876744372e+05  4.024345419400399e+06  7.347257386080883e+06  -3.208465749543445e-02  -3.393802011855889e-04  -1.280889885117025e-02
  1.119999999999998e+01  6.737247737610888e+06  3.291772052989506e+06  1.294036911187691e+07  5.050881342379123e+05  4.040323706960727e+06  7.319477516846830e+06  -3.463191312975644e-02  1.504145170096945e-03  -1.353072672664878e-02
  1.129999999999998e+01  6.793084530157914e+06  3.277711782752899e+06  1.294524706879268e+07  5.061265766838548e+05  4.056972509905330e+06  7.310988789725627e+06  -3.255175570606296e-02  3.225593676922235e-03  -1.114797147544585e-02
  1.139999999999998e+01  6.812550967236281e+06  3.268760277547199e+06  1.296691123040607e+07  5.037964165079533e+05  4.067284534056823e+06  7.302391676196312e+06  -2.920509593449516e-02  4.533364310018958e-03  -4.420323838120885e-03
  1.149999999999998e+01  6.803380779115784e+06  3.256100789376302e+06  1.302909893790730e+07  4.938320254303628e+05  4.070568912902840e+06  7.289337678630113e+06  -2.649492117720085e-02  5.284986913882639e-03  3.430716365533693e-03
  1.159999999999997e+01  6.778053087929544e+06  3.230528472490675e+06  1.311503917062053e+07  4.723190321797132e+05  4.074495719802964e+06  7.278865743983531e+06  -2.265145538806623e-02  6.374236133394409e-03  9.445010740141088e-03
  1.169999999999997e+01  6.736329185505379e+06  3.198036068244776e+06  1.318687449749532e+07  4.350380986792077e+05  4.075516279628803e+06  7.269519930183277e+06  -1.607618519943151e-02  8.222641087766887e-03  1.435257103459872e-02
  1.179999999999997e+01  6.683652471544105e+06  3.163210048428049e+06  1.324285763311308e+07  3.936941933788436e+05  4.065582934828729e+06  7.260704094230220e+06  -8.720690499775356e-03  9.170049589575209e-03  1.996106474104740e-02
  1.189999999999997e+01  6.639706617448120e+06  3.117634786512762e+06  1.328666576549449e+07  3.643414689892573e+05  4.059327825243159e+06  7.264585183101447e+06  -3.500058095914321e-03  8.300381037348287e-03  2.492157729922875e-02
  1.199999999999997e+01  6.620312015962336e+06  3.067017118814107e+06  1.330962490370982e+07  3.461791089214784e+05  4.074073700276854e+06  7.281931551562651e+06  -1.420015870978857e-03  6.711036764148660e-03  2.724195981361653e-02
  1.209999999999997e+01  6.613332261110845e+06  3.038995402790320e+06  1.331640955888306e+07  3.328353436192349e+05  4.099074453734854e+06  7.300462091171203e+06  -1.111199551706469e-03  5.665310930535530e-03  2.766389522277365e-02
  1.219999999999997e+01  6.592900700368093e+06  3.043020861055159e+06  1.332519462438775e+07  3.290485005026863e+05  4.110255266310036e+06  7.318070765305759e+06  4.143370050687955e-04  4.978929513582754e-03  2.791519005651953e-02
  1.229999999999997e+01  6.553293804412699e+06  3.054972693574622e+06  1.334237239281079e+07  3.406421745046277e+05  4.104299389467999e+06  7.337986174014064e+06  4.371709647289401e-03  4.440474711509210e-03  2.955942179836844e-02
  1.239999999999997e+01  6.511789630940950e+06  3.045425491367640e+06  1.335390917047122e+07  3.626366857387042e+05  4.097678222227066e+06  7.355769204316957e+06  9.275029386081969e-03  4.537945019555977e-03  3.233458321944280e-02
  1.249999999999997e+01  6.489352201680005e+06  3.022780598557170e+06  1.335137290368479e+07  3.809043540756784e+05  4.102410132107374e+06  7.372624082368012e+06  1.403491761226501e-02  5.770850124783716e-03  3.391315770309106e-02
  1.259999999999997e+01  6.481784386828343e+06  3.015089338753322e+06  1.334099242511726e+07  3.867412937322306e+05  4.115705720859459e+06  7.389922220187731e+06  1.857609597638704e-02  7.856450102223448e-03  3.237117996911600e-02
  1.269999999999997e+01  6.468767947061450e+06  3.028144355389511e+06  1.332662520969758e+07  3.865830480175558e+05  4.126851091172564e+06  7.394000610681188e+06  2.206502715281565e-02  9.224930206829178e-03  2.856491882366898e-02
  1.279999999999997e+01  6.441789638956450e+06  3.044305851331433e+06  1.331435867487487e+07  3.976080952928055e+05  4.125951903105957e+06  7.371836549132594e+06  2.276178739322043e-02  7.979795459344031e-03  2.484120583279251e-02
  1.289999999999997e+01  6.412262609847820e+06  3.050912657701130e+06  1.331527155099817e+07  4.266126506780863e+05  4.110834425361229e+06  7.337745453780629e+06  1.982499409228045e-02  4.218099115817703e-03  2.217827531403346e-02
  1.299999999999997e+01  6.399827669397158e+06  3.041389668039369e+06  1.331855372973384e+07  4.597092467564584e+05  4.089284349380669e+06  7.319572059350763e+06  1.489858044548771e-02  -2.170793938030116e-06  1.935624223635376e-02
  1.309999999999997e+01  6.413255651786547e+06  3.013885377710879e+06  1.329191038218277e+07  4.764856243982505e+05  4.074063118738505e+06  7.322907998643436e+06  1.074896886802391e-02  -2.783916903395592e-03  1.598239432450275e-02
  1.319999999999997e+01  6.441583473137741e+06  2.980944063488932e+06  1.323034890972182e+07  4.726887773882517e+05  4.067568338766653e+06  7.327085630745139e+06  8.553895203459366e-03  -4.280470005780325e-03  1.368538296280310e-02
  1.329999999999997e+01  6.467919856761325e+06  2.966143608923164e+06  1.315768923229024e+07  4.629392029394972e+05  4.056531882172092e+06  7.315315732426105e+06  6.820793210552948e-03  -6.002958804234420e-03  1.268561676418409e-02
  1.339999999999997e+01  6.490886340551878e+06  2.981341760765273e+06  1.309452267571349e+07  4.659654495087218e+05  4.029823196802492e+06  7.291369128257055e+06  3.509699055123168e-03  -8.924919870728645e-03  1.073996839648745e-02
  1.349999999999997e+01  6.522351781983201e+06  3.015076249499798e+06  1.304673756238438e+07  4.881232964233298e+05  3.995152433875136e+06  7.268073552792369e+06  -2.073174318140203e-03  -1.236574608053503e-02  6.663388505405125e-03
  1.359999999999997e+01  6.568847905478757e+06  3.040045365911265e+06  1.300990514848459e+07  5.196345153717205e+05  3.966586371441321e+06  7.252554025226080e+06  -9.090038351031542e-03  -1.502481533898632e-02  1.243058312715687e-03
  1.369999999999997e+01  6.621734084354955e+06  3.041082171050400e+06  1.297641511967200e+07  5.422990992012006e+05  3.947767889460469e+06  7.246691827399846e+06  -1.577641048386260e-02  -1.617196741911345e-02  -4.443191188798035e-03
  1.379999999999997e+01  6.660297947203891e+06  3.028981915345999e+06  1.294850688920306e+07  5.444313475857808e+05  3.937370958222410e+06  7.250828290958026e+06  -1.993989375117673e-02  -1.603121643254017e-02  -9.602641650428142e-03
  1.389999999999997e+01  6.666831900208781e+06  3.026366880398171e+06  1.293833186764120e+07  5.270151518663955e+05  3.939092491238196e+06  7.263704315829164e+06  -2.010970243337026e-02  -1.520930145098609e-02  -1.289219452816503e-02
  1.399999999999997e+01  6.641886958833569e+06  3.040328790178380e+06  1.295098072863800e+07  4.989513645602379e+05  3.953694625303653e+06  7.279495327479915e+06  -1.659301924940586e-02  -1.413361414422292e-02  -1.330444475584483e-02
  1.409999999999997e+01  6.603929492100772e+06  3.059130067784749e+06  1.297090038975036e+07  4.697983542101784e+05  3.970368027251287e+06  7.292450292569025e+06  -1.125041950041458e-02  -1.278662664311869e-02  -1.168705820550658e-02
  1.419999999999997e+01  6.576436515645469e+06  3.070441094566771e+06  1.297914160311146e+07  4.496614666422480e+05  3.975392401789870e+06  7.303778785012867e+06  -6.112897146318692e-03  -1.123206222327198e-02  -1.006917344144736e-02
  1.429999999999997e+01  6.576132589636231e+06  3.073916195935630e+06  1.297078602089602e+07  4.460768743924442e+05  3.967596113130350e+06  7.320463574036384e+06  -2.621904963491793e-03  -9.706891507043873e-03  -9.657611168460169e-03
  1.439999999999996e+01  6.604103519801267e+06  3.071072237031382e+06  1.294918302836546e+07  4.569896059700407e+05  3.958416285043160e+06  7.344493119230786e+06  -1.312582694263477e-03  -8.409774267053072e-03  -1.075709447851298e-02
  1.449999999999996e+01  6.642569766710057e+06  3.065601261647987e+06  1.291835624737499e+07  4.691449332230726e+05  3.959494616184214e+06  7.367858999565473e+06  -1.815711873508017e-03  -7.024868439851447e-03  -1.307013210066035e-02
  1.459999999999996e+01  6.664447273571032e+06  3.071490963195777e+06  1.289073135442065e+07  4.697558284023810e+05  3.972784489268767e+06  7.380791421094447e+06  -2.807688048895382e-03  -4.688937832434085e-03  -1.562247476227955e-02
  1.469999999999996e+01  6.653746510508894e+06  3.102374338783000e+06  1.288193841214495e+07  4.572298171662761e+05  3.992613235053231e+06  7.384761056021105e+06  -2.612549458694676e-03  -7.109232220843115e-04  -1.719718317415274e-02
  1.479999999999996e+01  6.620289519861811e+06  3.146337798903842e+06  1.289781561237469e+07  4.407731113605418e+05  4.013712000896933e+06  7.389585547279848e+06  -4.447474463361618e-04  4.034797101743345e-03  -1.706168456565318e-02
  1.489999999999996e+01  6.590488595340543e+06  3.173859807155599e+06  1.293095047418277e+07  4.308708564921839e+05  4.034217721067644e+06  7.399406994803854e+06  2.726666907189416e-03  7.258391188892992e-03  -1.494009327518312e-02
  1.499999999999996e+01  6.579384471440148e+06  3.170817269878831e+06  1.296903894604420e+07  4.334751685108814e+05  4.049764920264691e+06  7.407417581211425e+06  5.251158656673439e-03  7.240858167523800e-03  -1.112270584187400e-02
  1.509999999999996e+01  6.576569255236750e+06  3.152612217661011e+06  1.300316721889050e+07  4.465940533108970e+05  4.051973371539768e+06  7.405409607099067e+06  6.355318123211494e-03  4.816158234411394e-03  -6.320406204426879e-03
  1.519999999999996e+01  6.564208535891282e+06  3.141538198578961e+06  1.303210740407617e+07  4.597962747088579e+05  4.036806524905492e+06  7.392438651062538e+06  6.466887875115945e-03  2.850124435815917e-03  -1.465708725650556e-03
  1.529999999999996e+01  6.541520443532467e+06  3.144954210873297e+06  1.305701861661251e+07  4.606871422237481e+05  4.012463287353393e+06  7.376615045947075e+06  6.344314931088918e-03  3.760566008137174e-03  2.528408601174066e-03
  1.539999999999996e+01  6.522585285880129e+06  3.152943633053208e+06  1.307636792519465e+07  4.483073270939745e+05  3.994589543993304e+06  7.369097730297196e+06  6.414548062978523e-03  7.159420383385826e-03  4.883085814577349e-03
  1.549999999999996e+01  6.516292790287110e+06  3.152967619934363e+06  1.308553834693611e+07  4.354624794345230e+05  3.993803308032225e+06  7.375423978996902e+06  6.540106154734537e-03  1.010761696623407e-02  5.411135611174625e-03
  1.559999999999996e+01  6.517219744439953e+06  3.141068504783935e+06  1.308300565189694e+07  4.354550604553368e+05  4.007875209631715e+06  7.390433157575997e+06  6.319720958664663e-03  9.734161698400606e-03  4.718049241900718e-03
  1.569999999999996e+01  6.515899911014821e+06  3.124595708179918e+06  1.307188347745515e+07  4.477173363985596e+05  4.026019053463513e+06  7.402484046948965e+06  5.283181564757504e-03  5.934681449860102e-03  3.948674010877515e-03
  1.579999999999996e+01  6.510976644410020e+06  3.113498338408317e+06  1.305652436932814e+07  4.599902990238868e+05  4.037521677063938e+06  7.401465875863210e+06  3.119611023177637e-03  1.091456307959507e-03  3.889866999123952e-03
  1.589999999999996e+01  6.507802651183776e+06  3.112680281088050e+06  1.303918957338048e+07  4.607048799649260e+05  4.038184194349431e+06  7.386066325608105e+06  -6.096144194045361e-05  -2.238534707812630e-03  4.431387056068620e-03
  1.599999999999996e+01  6.509251811987784e+06  3.118710979486786e+06  1.302346780383787e+07  4.488947960201704e+05  4.031671469829158e+06  7.364057607375505e+06  -3.413983350210486e-03  -3.238917292040541e-03  4.647969046178683e-03
  1.609999999999996e+01  6.513326209850670e+06  3.124178578517195e+06  1.301357784486011e+07  4.327279425213638e+05  4.025457185655256e+06  7.346212697961740e+06  -5.839389519327264e-03  -2.857805579623437e-03  3.624830374210544e-03
  1.619999999999996e+01  6.519473518325119e+06  3.122527813371302e+06  1.301052014882202e+07  4.218756693640225e+05  4.023421826011817e+06  7.338319863403620e+06  -6.879674506644395e-03  -2.708988040339058e-03  1.233420877379952e-03
  1.629999999999996e+01  6.531205902702906e+06  3.113277818061240e+06  1.300938082309617e+07  4.204416672991866e+05  4.023854612604108e+06  7.339060053217158e+06  -7.101264784571110e-03  -3.668499047948305e-03  -1.667579428368846e-03
  1.639999999999996e+01  6.549205781465131e+06  3.101443301215164e+06  1.300388043564807e+07  4.263628346330883e+05  4.023945135029560e+06  7.343275778057620e+06  -7.202707639481467e-03  -5.243846960849480e-03  -3.965908315010439e-03
  1.649999999999996e+01  6.565892346344274e+06  3.094635196874256e+06  1.299246779055624e+07  4.338341299994623e+05  4.024003278030069e+06  7.348421326143326e+06  -7.073488309426721e-03  -5.915010989714698e-03  -4.891002035180069e-03
  1.659999999999997e+01  6.571533883499951e+06  3.096271081827908e+06  1.298172153022069e+07  4.379598614705343e+05  4.024682300290689e+06  7.356542797275079e+06  -5.966791785569962e-03  -4.672534721689579e-03  -4.295255381108824e-03
  1.669999999999997e+01  6.566388186158473e+06  3.103385738655235e+06  1.297986685576141e+07  4.378297719620511e+05  4.023573781209318e+06  7.369890013609170e+06  -3.786754775665558e-03  -2.163304866401873e-03  -2.595131463302700e-03
  1.679999999999997e+01  6.561865779355517e+06  3.108850672852712e+06  1.298778055718154e+07  4.362948034948701e+05  4.017510595960000e+06  7.384798070482535e+06  -1.535905619915685e-03  -1.836601114134032e-04  -6.266075756738138e-04
  1.689999999999997e+01  6.567200834026506e+06  3.108655154709625e+06  1.299797937073740e+07  4.353049484257469e+05  4.008304364267432e+06  7.393818516597139e+06  -3.222186258049008e-04  1.456153205339714e-04  9.593248113732865e-04
  1.699999999999997e+01  6.578004119697299e+06  3.105035581344840e+06  1.300516588112229e+07  4.337391108200350e+05  4.002885654447684e+06  7.393393384958236e+06  -1.382806604169139e-04  -7.195247079061715e-04  2.097203006396891e-03
  1.709999999999997e+01  6.580686960317457e+06  3.103975470060918e+06  1.301156795167300e+07  4.300517462804936e+05  4.006540964192534e+06  7.387464224461296e+06  -3.748276374521817e-05  -1.494383740584993e-03  2.985913081191881e-03
  1.719999999999997e+01  6.566561074119564e+06  3.108313162439966e+06  1.302161466980832e+07  4.259360757401832e+05  4.016721960572185e+06  7.382320716149181e+06  6.525219359846435e-04  -1.416219163748391e-03  3.464338738595624e-03
  1.729999999999998e+01  6.539946958587973e+06  3.114445474797579e+06  1.303630685024165e+07  4.257911130229670e+05  4.024951349340270e+06  7.380116913459490e+06  1.678628512038920e-03  -7.856321085346830e-04  3.032010534830550e-03
  1.739999999999998e+01  6.513264284281331e+06  3.116770218150522e+06  1.305247363972419e+07  4.316711753266925e+05  4.025625620765232e+06  7.379459724616511e+06  2.392453968693381e-03  -2.890250759439707e-04  1.576704405048791e-03
  1.749999999999998e+01  6.496779051166045e+06  3.112884200729433e+06  1.306668155851656e+07  4.413106955022666e+05  4.021631429322334e+06  7.379700269860590e+06  2.710788372397133e-03  -1.541967395281932e-04  -2.746591574859617e-04
  1.759999999999998e+01  6.493195290054153e+06  3.105338368457884e+06  1.307680668359331e+07  4.502017970214359e+05  4.020881658464343e+06  7.382395828623396e+06  3.106554327657837e-03  4.606741758233429e-05  -1.574614888256827e-03
  1.769999999999998e+01  6.498660065015825e+06  3.097713851398706e+06  1.308225420325719e+07  4.552797679453166e+05  4.027072504027316e+06  7.387655072589910e+06  3.781476444252874e-03  6.295050310788150e-04  -1.900986005698050e-03
  1.779999999999998e+01  6.507381763320034e+06  3.091856472441413e+06  1.308297991986471e+07  4.557115761553959e+05  4.035190910251067e+06  7.391996137780877e+06  4.159663937853733e-03  1.191241020449900e-03  -1.543319812134728e-03
  1.789999999999998e+01  6.514949356499069e+06  3.086986647815899e+06  1.307973339745439e+07  4.524747034424207e+05  4.036395694289872e+06  7.391670291755731e+06  3.618000123640114e-03  9.417401551617062e-04  -1.057605489402636e-03
  1.799999999999999e+01  6.519055709153915e+06  3.082456976824646e+06  1.307298177108143e+07  4.473272180850395e+05  4.028013057342003e+06  7.387990908454600e+06  2.429165683023383e-03  -1.670119953733143e-04  -6.699990003105082e-04
  1.809999999999999e+01  6.519082080384989e+06  3.079675186432007e+06  1.306274014940769e+07  4.425348300589412e+05  4.017538215226899e+06  7.386138311059801e+06  1.671639059079494e-03  -1.132424683274229e-03  -3.368236919096714e-04
  1.819999999999999e+01  6.516751465766234e+06  3.081978490064242e+06  1.304849749785220e+07  4.396149971126034e+05  4.015903849778952e+06  7.389014160241460e+06  2.028364207864967e-03  -8.193476402303801e-04  -7.820544631014093e-05
  1.829999999999999e+01  6.516462982032595e+06  3.090197073551101e+06  1.303120540366362e+07  4.389959101951239e+05  4.026274994495425e+06  7.393730448397158e+06  3.045009970215565e-03  7.805730172915068e-04  -9.058468673369317e-05
  1.839999999999999e+01  6.522711476400580e+06  3.100431890937714e+06  1.301393658568180e+07  4.402949857673059e+05  4.040909335891384e+06  7.395368963125104e+06  3.592383347638979e-03  2.514009410807544e-03  -4.553818248448179e-04
  1.849999999999999e+01  6.535030814253565e+06  3.106639838366613e+06  1.300130836358305e+07  4.433695180341983e+05  4.048558718327331e+06  7.392161023876356e+06  2.972490011470841e-03  3.101406727446242e-03  -1.023438261061751e-03
  1.859999999999999e+01  6.546558016678359e+06  3.107432110993043e+06  1.299663364855018e+07  4.478174149428137e+05  4.044001661181372e+06  7.386481193249728e+06  1.400322548054705e-03  2.231180703026945e-03  -1.526473698721395e-03
  1.870000000000000e+01  6.549121867858975e+06  3.107629737817548e+06  1.300053695847322e+07  4.524968414874749e+05  4.030204139090703e+06  7.381436980631236e+06  -3.359906012891952e-04  6.354456311913464e-04  -1.812578424959217e-03
  1.880000000000000e+01  6.540393982544574e+06  3.113451748980969e+06  1.301053387794760e+07  4.557466694191327e+05  4.014599442678628e+06  7.378537097901847e+06  -1.558801367386902e-03  -5.768256228628098e-04  -1.844524791772110e-03
  1.890000000000000e+01  6.525850474404190e+06  3.125468270703487e+06  1.302224206434253e+07  4.572349065537685e+05  4.004704627804239e+06  7.377864168532748e+06  -1.987167366902550e-03  -7.609668198604121e-04  -1.748567566453833e-03
  1.900000000000000e+01  6.514392293302839e+06  3.138314022636628e+06  1.303019496476395e+07  4.582767427194904e+05  4.005117084024985e+06  7.379526584839562e+06  -1.752437135641702e-03  -9.823558541477835e-05  -1.768881494472523e-03
  1.910000000000000e+01  6.512087486781584e+06  3.145155050410740e+06  1.303041261837640e+07  4.606605891382949e+05  4.014779792623998e+06  7.383641640996071e+06  -1.238762519221532e-03  5.618954979557011e-04  -2.127892433927767e-03
  1.920000000000000e+01  6.519473580850374e+06  3.143154959368005e+06  1.302221923714515e+07  4.645651243478061e+05  4.027222233074171e+06  7.389572255967397e+06  -8.832678449064671e-04  4.532438456739336e-04  -2.775893034544839e-03
  1.930000000000000e+01  6.532694612832325e+06  3.134495161054920e+06  1.300914053719576e+07  4.684656614772710e+05  4.034995466506832e+06  7.395410375515834e+06  -8.969441823315346e-04  -4.589357647211650e-04  -3.405004272948770e-03
  1.940000000000001e+01  6.546416112924753e+06  3.124556828800891e+06  1.299703902095481e+07  4.703427718370527e+05  4.035120857275168e+06  7.399129935704657e+06  -1.204552923895234e-03  -1.427240026596691e-03  -3.599599611188041e-03
  1.950000000000001e+01  6.556262935532059e+06  3.117705582711918e+06  1.299150935127753e+07  4.697354988163546e+05  4.029852930837458e+06  7.399711871165118e+06  -1.556205009770750e-03  -1.643165361470686e-03  -3.133589840940935e-03
  1.960000000000001e+01  6.560327478058618e+06  3.115257716053261e+06  1.299429895298280e+07  4.680866918987797e+05  4.023294965471533e+06  7.397598169961348e+06  -1.731026846701586e-03  -8.954054918986292e-04  -2.164071043995330e-03
  1.970000000000001e+01  6.559513211370547e+06  3.115737011872314e+06  1.300247660441000e+07  4.675918831698127e+05  4.017950159919557e+06  7.393871549312347e+06  -1.559996000455723e-03  3.435315968993404e-04  -1.257784593125930e-03
  1.980000000000001e+01  6.556499111506893e+06  3.117443009196835e+06  1.301030237847096e+07  4.689457444782981e+05  4.014238808205642e+06  7.389656610011138e+06  -9.929006005803117e-04  1.427022181640581e-03  -9.954649358695311e-04
  1.990000000000001e+01  6.553638329573493e+06  3.119134646679969e+06  1.301339663425785e+07  4.709480984273950e+05  4.011484012222117e+06  7.385645508479495e+06  -1.805166931908787e-04  1.935693612096826e-03  -1.528870264023783e-03
