TITLE = "Temporal Signal for receiver number 02202"
VARIABLES = "Time","xx","yy","zz","xy","yz","xz","u","v","w"
# x1       3.510459110000e+05
# x2       4.731400200000e+06
# x3       0.000000000000e+00
  0.000000000000000e+00  0.000000000000000e+00  0.000000000000000e+00  0.000000000000000e+00  0.000000000000000e+00  0.000000000000000e+00  0.000000000000000e+00  0.000000000000000e+00  0.000000000000000e+00  0.000000000000000e+00
  1.000000000000000e-01  0.000000000000000e+00  0.000000000000000e+00  0.000000000000000e+00  0.000000000000000e+00  0.000000000000000e+00  0.000000000000000e+00  0.000000000000000e+00  0.000000000000000e+00  0.000000000000000e+00
  2.000000000000000e-01  0.000000000000000e+00  0.000000000000000e+00  0.000000000000000e+00  0.000000000000000e+00  0.000000000000000e+00  0.000000000000000e+00  0.000000000000000e+00  0.000000000000000e+00  0.000000000000000e+00
  3.000000000000000e-01  0.000000000000000e+00  0.000000000000000e+00  0.000000000000000e+00  0.000000000000000e+00  0.000000000000000e+00  0.000000000000000e+00  0.000000000000000e+00  0.000000000000000e+00  0.000000000000000e+00
  4.000000000000000e-01  -7.949252894672003e-20  -4.141403663340594e-20  -8.981192391501106e-20  4.128576333145997e-20  -2.973004140685022e-20  4.630630099089660e-20  -1.307604920974300e-26  4.533834051809262e-27  1.170088108449764e-26
  5.000000000000000e-01  9.519588261955430e-15  4.777534736275568e-15  7.943620253500178e-15  -3.929986419005632e-15  2.262420394694313e-15  -4.620233182116836e-15  1.256233358683469e-21  -5.720453947324230e-22  -9.736185439811227e-22
  6.000000000000000e-01  1.308122434471674e-12  3.759620938342312e-13  8.524438343111402e-13  -1.773284518471894e-13  2.792941294045003e-13  -6.022891731695079e-13  4.819189169600000e-20  -6.965907439403194e-20  -4.445697829369152e-20
  7.000000000000000e-01  7.793581951326969e-11  2.995212021410934e-11  4.506592700852220e-11  1.166259493572416e-12  8.308097138517366e-12  -2.214209309390872e-11  4.726676910206635e-18  -3.011843739247503e-18  -2.366041832983797e-18
  7.999999999999999e-01  7.760633251772545e-10  3.334439846834204e-10  4.144542720535771e-10  1.301832747125617e-10  4.779688793685446e-11  -1.408573142277418e-10  5.416410576384734e-17  -9.057915478421130e-18  5.830026517603054e-18
  8.999999999999999e-01  -1.259149684344000e-09  7.795438308845924e-12  -9.908030559145733e-10  -2.795966624714116e-10  2.162185599010032e-10  1.104394508067565e-09  -2.029664766016672e-16  -1.072490162312693e-17  3.048871237705631e-16
  9.999999999999999e-01  -2.634910885046560e-08  -1.154420328545424e-08  -1.867336585740831e-08  4.822983829718641e-09  -4.748799021691632e-09  7.189258836233554e-09  -3.319683268967048e-15  2.796486448727020e-16  7.446035795380661e-16
  1.100000000000000e+00  3.713296948701188e-07  1.465850761289219e-07  2.260604126815188e-07  -3.888519045762714e-09  2.369301511062667e-08  -1.323110455877393e-07  3.915223713176744e-14  -6.845551925580898e-15  -1.987488451755509e-14
  1.200000000000000e+00  1.591919290884769e-07  1.458938327345216e-07  2.162228496803603e-08  1.395659864769459e-09  1.050692562199913e-07  2.922219107261248e-07  1.717475320182133e-14  3.264059420555004e-14  6.266812346476514e-14
  1.300000000000000e+00  -5.584865541059294e-06  -1.606556853929420e-06  -1.627389410624453e-06  -6.271315358227127e-07  -8.114445261186926e-07  5.129137103939672e-07  -6.645129623199710e-13  -8.386617614680211e-14  -8.493665800214815e-14
  1.400000000000000e+00  4.288751644018657e-07  -3.470152403641617e-06  -9.426183691668051e-06  -4.269215898286005e-06  -6.873355526473349e-07  2.284993375838424e-06  4.512737066328846e-13  -6.585772845762773e-13  1.630797455361534e-12
  1.500000000000000e+00  -5.103838505475517e-05  -1.576652391441378e-05  -3.008606444647828e-05  2.225224105174564e-05  -1.301127521501455e-05  1.925574514253113e-05  -4.018743651693200e-12  6.749345851448760e-12  1.081806770108210e-12
  1.600000000000000e+00  2.814479555376696e-04  1.350743916652813e-04  2.889090507722746e-04  -3.290098523961685e-06  -5.137598452852753e-05  -2.041415612406024e-04  3.521236957468039e-11  3.720221784557282e-12  -4.679476980450087e-11
  1.700000000000000e+00  -4.015474593965682e-04  -3.869969035124006e-04  -4.596639561521095e-04  -2.323640006324938e-05  1.256388109317922e-04  3.597189954087334e-04  -4.561746085731085e-11  1.054113377218773e-11  1.096551776180945e-10
  1.800000000000000e+00  1.241933562331418e-03  8.489469970321738e-04  2.407335364085771e-03  7.431475564310817e-06  -1.403694573336878e-05  -1.694859035881507e-03  1.162416218710092e-10  -3.203265166890757e-11  -4.453085631656516e-10
  1.900000000000001e+00  -1.428337473150875e-03  -9.438758155513333e-04  -5.538322984486683e-03  -5.839309644167860e-04  1.572331409300861e-03  4.056436241772693e-03  -2.869075310227856e-10  -2.649574350530499e-10  1.069517966503146e-09
  2.000000000000000e+00  4.984891797102099e-03  3.148592509322912e-03  1.419035129218611e-02  2.830294453820683e-03  -5.796625970885864e-03  -1.150555245134028e-02  7.546198464088523e-10  8.884323227651497e-10  -2.535656839987920e-09
  2.100000000000001e+00  -5.241809518330867e-02  -1.930362910391743e-02  -6.215018452281076e-02  -5.275386707405899e-03  1.089923445998464e-02  5.557971323433664e-02  -6.541249068818388e-09  -1.863585541431642e-09  1.001066271598659e-08
  2.200000000000001e+00  3.366274080561704e-01  1.682381371890734e-01  3.935125021932774e-01  2.534432842595758e-02  -2.828355011039142e-02  -2.760486726648722e-01  3.884453475223944e-08  7.141896766950060e-09  -5.282679334307229e-08
  2.300000000000001e+00  -1.292467250920360e+00  -6.443005568996428e-01  -1.351212037772094e+00  -4.481455011469856e-02  6.723323278316934e-02  8.971295372206840e-01  -1.541365080067426e-07  -1.778659886526947e-08  1.844483421022750e-07
  2.400000000000001e+00  3.730824390439107e+00  2.014011473085666e+00  3.748019709210094e+00  2.782031290963796e-01  -3.391334529320081e-01  -2.316004636078653e+00  4.429171004692419e-07  5.237464466776803e-08  -4.913820590950281e-07
  2.500000000000001e+00  -5.014133320710665e+00  -2.696087637469351e+00  -3.955623043525642e+00  -8.637680046798389e-02  7.765705936918335e-01  2.227765236097323e+00  -6.070033372108349e-07  -9.445778157318310e-08  4.475719501543981e-07
  2.600000000000001e+00  -3.628060891453902e+00  -4.265982871740221e+00  -9.954585979762530e+00  -1.537863445974750e+00  -4.960666821969454e-01  3.554831916732777e+00  -5.153420279477085e-07  -8.911766479773929e-08  1.425130543750021e-06
  2.700000000000001e+00  4.700318714174517e+01  2.807616803760462e+01  5.716853776600809e+01  6.749536878674794e+00  -4.456136774706882e+00  -2.110421016818644e+01  5.352813215433738e-06  1.200038685259764e-06  -6.460125909191928e-06
  2.800000000000001e+00  -1.797971430188742e+02  -9.383544312483043e+01  -1.816380135421983e+02  -1.204239994268642e+01  1.987601178838369e+01  8.899896846400924e+01  -2.189182243080756e-05  -4.320139355829072e-06  2.167661097699334e-05
  2.900000000000001e+00  -8.136874152344747e+02  -4.439604979424911e+02  -9.057772079799208e+02  -7.525717897767142e+01  6.855032103362072e+01  3.950746821239225e+02  -9.765469640793860e-05  -1.787317089410651e-05  1.082934177122405e-04
  3.000000000000001e+00  -1.005085336334755e+03  -5.114986196507665e+02  -1.097553193338725e+03  -8.367284530432991e+01  7.054135835702951e+01  4.994028732241561e+02  -1.227739561193140e-04  -1.803047385634148e-05  1.366065380713908e-04
  3.100000000000001e+00  -6.299870881811418e+02  -2.324365309533842e+02  -5.561299416642481e+02  -3.315400569333529e+01  4.718025608095309e+01  3.937602376749215e+02  -8.480951006144152e-05  -7.142271185955750e-06  8.183038453026465e-05
  3.200000000000002e+00  -7.816252565073138e+02  -2.820508386646347e+02  -6.509137366918274e+02  -7.204940598274203e+01  7.578079642632304e+01  5.215801934456856e+02  -1.113251757376088e-04  -1.661153006525997e-05  8.187171897373809e-05
  3.300000000000002e+00  -1.317536123836664e+03  -5.269621267172028e+02  -1.206679196297083e+03  -1.096085405504920e+02  1.032422095388611e+02  7.528584106777045e+02  -1.844695268695820e-04  -2.671131325858928e-05  1.301100757164790e-04
  3.400000000000002e+00  -1.855952184189943e+03  -7.215169628940295e+02  -1.725231597351071e+03  -1.333313553302727e+02  1.693504179078957e+02  1.182021707487541e+03  -2.600906174466662e-04  -3.313073856593943e-05  2.422420032083087e-04
  3.500000000000002e+00  -3.504400362342701e+03  -1.563215540235068e+03  -3.549599911021529e+03  -2.722614816418119e+02  3.394736004383140e+02  2.472430719792145e+03  -4.637181191385116e-04  -6.070716593676873e-05  5.750094601581872e-04
  3.600000000000002e+00  -8.517442615053478e+03  -4.106112454432346e+03  -8.884703363095647e+03  -6.408570612631181e+02  8.581457305829405e+02  5.243392313294337e+03  -1.084775265721962e-03  -1.685349528881043e-04  1.253938253770785e-03
  3.700000000000002e+00  -2.615040067642363e+04  -1.346123656185511e+04  -2.863137502005295e+04  -2.084770560902341e+03  2.444418032662736e+03  1.413419876551011e+04  -3.275265285547333e-03  -5.530915776756752e-04  3.654340496798092e-03
  3.800000000000002e+00  -5.640753292527302e+04  -2.956197585238944e+04  -6.396294591843594e+04  -4.838045186404685e+03  5.122274372249633e+03  2.990742988942941e+04  -7.048982025368917e-03  -1.217481416308698e-03  8.052129872796309e-03
  3.900000000000002e+00  -9.041108346012868e+04  -4.704785866494328e+04  -1.052937977407906e+05  -7.466350571351871e+03  8.450489341890261e+03  4.995243317364202e+04  -1.137947242019580e-02  -1.896981650968773e-03  1.338733431802745e-02
  4.000000000000002e+00  -1.175920289472723e+05  -6.090289559429932e+04  -1.442155724351697e+05  -9.703860976116324e+03  1.177602517400415e+04  7.071295926647165e+04  -1.510825046801385e-02  -2.443808344732441e-03  1.851533179881112e-02
  4.100000000000001e+00  -1.316463543754690e+05  -6.632263479276678e+04  -1.692858273594503e+05  -1.035294548630309e+04  1.441855416817669e+04  8.764637375147980e+04  -1.758562464531976e-02  -2.746557562133079e-03  2.177918836743449e-02
  4.200000000000001e+00  -1.349628124313918e+05  -6.704591592703864e+04  -1.907724050563368e+05  -1.013221821008442e+04  1.661490326219711e+04  1.039419607302197e+05  -1.916140946535889e-02  -2.841542981724917e-03  2.497203625812959e-02
  4.300000000000001e+00  -1.058697312331118e+05  -4.880215258922063e+04  -1.795416513154336e+05  -6.088947250012458e+03  1.671428788681298e+04  1.100976522555354e+05  -1.693143731117686e-02  -2.130305461268424e-03  2.553755933373720e-02
  4.400000000000000e+00  -6.896857282077789e+04  -3.032310626114028e+04  -1.771818311855243e+05  6.314967302830631e+02  1.751405433732787e+04  1.201228104308638e+05  -1.363474786049872e-02  -8.907089600536546e-04  2.961987895469232e-02
  4.500000000000000e+00  -4.333048992011613e+04  -2.654883419269867e+04  -2.137800765436038e+05  4.581452109534335e+03  2.073706235114396e+04  1.429412819837818e+05  -1.218587682809663e-02  -5.520525885229019e-05  4.011547858189423e-02
  4.600000000000000e+00  2.483046727191606e+03  -5.752164018572992e+03  -2.135984507902703e+05  1.160412218954447e+04  2.221097038148468e+04  1.525184598121625e+05  -9.980344237593104e-03  9.851085262989644e-04  4.779076098195058e-02
  4.699999999999999e+00  6.150316536814104e+04  2.623369254405777e+04  -1.807342641502773e+05  1.853297595118037e+04  2.358389298746892e+04  1.486886255025632e+05  -8.686484744145760e-03  1.521162940571379e-03  5.226182869273876e-02
  4.799999999999999e+00  1.196502289274369e+05  6.056080685359768e+04  -1.426544665011409e+05  2.467617347203428e+04  2.266072324883402e+04  1.455093419092804e+05  -9.238240974239286e-03  2.082310538371231e-03  5.641092089376016e-02
  4.899999999999999e+00  1.687124075979592e+05  8.331204797181976e+04  -1.338394855438330e+05  3.161818143440171e+04  2.586825500949130e+04  1.518979245014155e+05  -1.086278559486918e-02  2.126079124695643e-03  6.343474651444928e-02
  4.999999999999998e+00  2.506065015913034e+05  1.284736987501020e+05  -1.111873820419809e+05  4.565214699725489e+04  2.136684356022263e+04  1.521309371110190e+05  -7.436991121443925e-03  4.473987591981103e-03  6.263154659875633e-02
  5.099999999999998e+00  3.795592144434243e+05  2.105670306220280e+05  -2.406011440873279e+04  7.110264176858962e+04  8.972413835423309e+03  1.561600516143737e+05  1.935028470894230e-03  9.700079823405953e-03  5.665944550902748e-02
  5.199999999999998e+00  5.402250899391186e+05  2.893467632146730e+05  6.347900843197467e+04  9.999882512011459e+04  8.306185189377100e+03  1.957852655906131e+05  1.693296256843174e-02  1.535079265021127e-02  6.139443609463958e-02
  5.299999999999997e+00  7.281380165611374e+05  3.550628370552940e+05  7.283843364179382e+04  1.339736005976757e+05  9.998672862898884e+03  2.538875384851863e+05  3.857344237367075e-02  2.232274020405625e-02  7.316970866518266e-02
  5.399999999999997e+00  9.179437992568080e+05  4.099460575731390e+05  3.056932782276025e+04  1.681093154404954e+05  1.080304247925281e+04  2.889988073539829e+05  6.072238516779413e-02  2.800107645263469e-02  7.835358002274992e-02
  5.499999999999996e+00  1.091428329382811e+06  4.641732569023806e+05  6.481451822527349e+04  1.837809108073229e+05  2.718297709286451e+04  2.752316100382247e+05  7.902931002376003e-02  2.718761964171990e-02  6.733791354106254e-02
  5.599999999999996e+00  1.158066645224531e+06  4.951890912678822e+05  1.946303399353674e+05  1.634607285654782e+05  5.737840981417418e+04  2.320930037783200e+05  8.221083980866770e-02  1.856379816938180e-02  4.263771100211042e-02
  5.699999999999996e+00  1.023855944532243e+06  4.763775370489159e+05  3.750835250170809e+05  1.070482152858459e+05  9.020584806197582e+04  2.208923818780583e+05  5.656807431093153e-02  5.440541614178674e-03  7.156143490884865e-03
  5.799999999999995e+00  6.696601014031366e+05  4.028355113317423e+05  5.951071979742562e+05  2.448933735194246e+04  1.281811069840482e+05  3.007541630672631e+05  -1.523206596841454e-03  -1.215592424321321e-02  -3.848231999385938e-02
  5.899999999999995e+00  2.181638166971150e+05  3.161442590022374e+05  8.475592217917580e+05  -6.359529937233627e+04  1.757660786887159e+05  4.781252904008651e+05  -7.409137127817889e-02  -3.304840639652574e-02  -8.340178884917020e-02
  5.999999999999995e+00  -9.706296165864140e+04  2.891902178581953e+05  1.080552642730986e+06  -1.120728378973217e+05  2.106912114468561e+05  6.417042688159188e+05  -1.241107450172709e-01  -4.354323648694883e-02  -1.188013533931603e-01
  6.099999999999994e+00  -2.410094970439510e+05  2.759880569950268e+05  1.142479323250685e+06  -1.203746994599349e+05  2.138712848915518e+05  6.666727647016607e+05  -1.381339585080440e-01  -3.900301157692680e-02  -1.347907192529605e-01
  6.199999999999994e+00  -3.742132929924051e+05  1.736427479609213e+05  9.614166590327249e+05  -1.416336012389748e+05  2.092066601360156e+05  5.862597273160497e+05  -1.377062787846339e-01  -3.460938206446290e-02  -1.172317189049625e-01
  6.299999999999994e+00  -5.507889516102012e+05  1.234761891847730e+04  7.091179127438519e+05  -1.935394411174415e+05  2.225505229073647e+05  5.147613937478998e+05  -1.421522764931828e-01  -4.008720348524207e-02  -7.910741645075287e-02
  6.399999999999993e+00  -7.000047207668654e+05  -1.088262362585838e+05  5.876348440955065e+05  -2.551334160164597e+05  2.377172019601440e+05  4.914447763741602e+05  -1.519873962769412e-01  -5.110224203182993e-02  -5.423845626214049e-02
  6.499999999999993e+00  -7.704959682774897e+05  -1.537912525313126e+05  5.661654183123413e+05  -2.996115813303564e+05  2.139110538207432e+05  4.534561946633363e+05  -1.571949225680422e-01  -5.921449161435060e-02  -5.441072424324522e-02
  6.599999999999993e+00  -7.724956743286977e+05  -1.442118598225425e+05  4.467781967397144e+05  -2.928555294566436e+05  1.374677396796411e+05  3.054093702445612e+05  -1.483573150668322e-01  -5.904826422670632e-02  -6.754946079615021e-02
  6.699999999999992e+00  -7.436712090001358e+05  -1.224985359405477e+05  1.226925199721286e+05  -2.204037522291598e+05  4.530859666638328e+04  4.799317267756135e+04  -1.260741985602536e-01  -5.077979099068848e-02  -8.426595060833791e-02
  6.799999999999992e+00  -6.465678918479439e+05  -9.433301889672510e+04  -2.803038741340929e+05  -9.929384666158198e+04  -1.729004983773748e+04  -2.079371204715451e+05  -9.334131624466734e-02  -3.607570332185810e-02  -1.035721442038209e-01
  6.899999999999991e+00  -4.126332965039261e+05  -2.551454198553657e+04  -5.175656720626111e+05  3.690861212745457e+04  -5.762596890550476e+04  -4.000459498551788e+05  -5.482803264582885e-02  -1.845133450847616e-02  -1.235835495047415e-01
  6.999999999999991e+00  -1.176372460168502e+05  7.088426234434855e+04  -4.832863828983488e+05  1.445758515571163e+05  -1.140879392587867e+05  -5.857982415715399e+05  -2.953773008512076e-02  -7.145682978009103e-03  -1.392144679268078e-01
  7.099999999999991e+00  8.645766138261682e+04  1.533509444250059e+05  -2.916758438724863e+05  1.972579323791209e+05  -1.964046899619643e+05  -8.086778842619784e+05  -3.433887502256239e-02  -8.875728437697619e-03  -1.509676595431078e-01
  7.199999999999990e+00  2.354911704827946e+05  2.525851230250796e+05  -8.969318201394244e+04  2.409536394900141e+05  -2.805451977102146e+05  -1.021357941067584e+06  -4.814559517478608e-02  -1.464687403976489e-02  -1.684041633592107e-01
  7.299999999999990e+00  5.053678060042203e+05  4.191135110933479e+05  6.231661271518589e+04  3.376579934838958e+05  -3.416686385721690e+05  -1.122970591161813e+06  -2.904844091591454e-02  -7.000362080198258e-03  -1.983382614300346e-01
  7.399999999999990e+00  9.417599819803957e+05  6.567271521541928e+05  1.908861765276914e+05  4.678947720056483e+05  -3.765830992285206e+05  -1.100790538515731e+06  3.669273729685649e-02  2.211657365413745e-02  -2.414427098353817e-01
  7.499999999999989e+00  1.270890564763285e+06  8.290049435620636e+05  1.785018066129201e+05  5.621534869799700e+05  -3.628808717241046e+05  -1.022342572622283e+06  1.079374929736044e-01  5.894618099084389e-02  -2.628064976603448e-01
  7.599999999999989e+00  1.238843213775437e+06  8.122445581901753e+05  -8.629347759797727e+04  5.938953805692096e+05  -3.135615271224548e+05  -9.156218986946967e+05  1.413476780967207e-01  9.064505952394959e-02  -2.376992070370082e-01
  7.699999999999989e+00  9.498272846849938e+05  6.464485732802062e+05  -4.623580312689110e+05  5.773534474488402e+05  -2.724240994332585e+05  -7.933097172326071e+05  1.386891952456566e-01  1.083383003509815e-01  -1.991220665907145e-01
  7.799999999999988e+00  6.595479441952952e+05  4.509113151911654e+05  -6.773236674393768e+05  5.231966489740181e+05  -2.750366898054185e+05  -6.658301094646783e+05  1.263343735937724e-01  1.054920709301639e-01  -1.938953047472805e-01
  7.899999999999988e+00  4.963112220124835e+05  2.585961823796794e+05  -6.710267288389035e+05  4.307168404031172e+05  -3.056319273861254e+05  -5.016922774214245e+05  1.249046871685419e-01  8.269214616346926e-02  -2.176984510067346e-01
  7.999999999999988e+00  4.319889321749606e+05  3.949530241832147e+04  -5.892886109181878e+05  3.062187185226881e+05  -3.156536343871414e+05  -2.649384911809140e+05  1.351293448875285e-01  4.935078329496479e-02  -2.229093494324799e-01
  8.099999999999987e+00  3.463786603941518e+05  -2.038031518390225e+05  -5.564075717821178e+05  1.813160463928604e+05  -2.858354377785588e+05  3.263242582468958e+04  1.404324378542893e-01  1.516330403883893e-02  -1.879777081257632e-01
  8.199999999999987e+00  1.709356336483974e+05  -4.008620171964042e+05  -5.675486812058764e+05  7.801702424101843e+04  -2.344884991866972e+05  3.094963406699380e+05  1.239378798805309e-01  -1.633728184543640e-02  -1.347230657204973e-01
  8.299999999999986e+00  8.368800410656926e+03  -4.629038472245070e+05  -5.233153268876099e+05  -4.575873175691450e+03  -1.901295832797339e+05  4.483156436478400e+05  9.092669071916111e-02  -3.748225430768418e-02  -8.542384846890330e-02
  8.399999999999986e+00  -5.407794084487380e+04  -4.252619822356749e+05  -4.359377873969403e+05  -5.300013415198627e+04  -1.332336687740403e+05  4.308476139143677e+05  5.475493659406296e-02  -4.224046279875909e-02  -4.903275448519406e-02
  8.499999999999986e+00  -8.347291605397289e+04  -4.159322213964916e+05  -4.335456464984968e+05  -4.826127513726494e+04  -1.410767329584123e+04  3.909327538948311e+05  1.934981557276262e-02  -4.112699951916684e-02  -3.260480560023811e-02
  8.599999999999985e+00  -1.557182953135727e+05  -4.972599116976892e+05  -5.619109709087474e+05  1.388857561558256e+04  1.598457745190255e+05  4.389160443257038e+05  -8.611685458176572e-03  -3.737581884720996e-02  -3.468386359212853e-02
  8.699999999999985e+00  -2.617742471126539e+05  -5.987162800389649e+05  -7.331528610646062e+05  1.280088710539989e+05  2.971355425559895e+05  5.211106850574451e+05  -1.851491446165862e-02  -1.489966536526465e-02  -3.393753376925625e-02
  8.799999999999985e+00  -3.379790735145562e+05  -6.113070408631436e+05  -8.410554885907158e+05  2.770867998226741e+05  3.056227511064502e+05  5.278445415175337e+05  -4.533629711661899e-03  3.378644834575444e-02  -9.508651248527573e-03
  8.899999999999984e+00  -3.580677447668200e+05  -5.347788686755650e+05  -8.884856760827517e+05  4.165689227767591e+05  1.933333583873496e+05  4.398938259508793e+05  2.426003886762975e-02  8.999415732123461e-02  3.511758821092652e-02
  8.999999999999984e+00  -3.585293283532359e+05  -4.241247312202383e+05  -9.187087594171480e+05  4.893902842013140e+05  3.389988704384266e+04  3.278950805419991e+05  4.471085656141002e-02  1.250772726223703e-01  8.167009406225832e-02
  9.099999999999984e+00  -3.633563361782208e+05  -3.221649502357848e+05  -8.880697381206407e+05  4.931950020519249e+05  -9.363138248001161e+04  2.633174665224463e+05  4.123577109714127e-02  1.319638449031895e-01  1.176971094149417e-01
  9.199999999999983e+00  -3.646382860663100e+05  -2.498767762073701e+05  -7.689762454766994e+05  4.647466566928586e+05  -1.329824207025292e+05  2.440553429174365e+05  1.659368312753069e-02  1.197091832355663e-01  1.420234200768354e-01
  9.299999999999983e+00  -3.542352163027811e+05  -1.880371299703628e+05  -5.966455752348122e+05  4.338452382808399e+05  -9.214220365261579e+04  2.249518095489864e+05  -1.851788478927338e-02  9.815943741060806e-02  1.565678968522626e-01
  9.399999999999983e+00  -3.263114819118937e+05  -1.259487838120836e+05  -4.147359365162558e+05  4.176492977064415e+05  -1.451041744330163e+04  1.891526162838912e+05  -5.244793847395423e-02  7.853072500562125e-02  1.591342921250880e-01
  9.499999999999982e+00  -2.920734809175420e+05  -6.381514993698066e+04  -2.564258028822054e+05  4.098976475945105e+05  6.322347252342635e+04  1.456349137353834e+05  -7.823142754450425e-02  6.502633378023742e-02  1.474324168296183e-01
  9.599999999999982e+00  -2.688237198146238e+05  -2.109000715014045e+03  -1.177056944198635e+05  3.995117038995915e+05  1.196333933601957e+05  1.035852295019374e+05  -9.547233227782159e-02  5.388924662635539e-02  1.285180115011066e-01
  9.699999999999982e+00  -2.570263658839768e+05  5.250107715182492e+04  2.082980597843568e+04  3.802726610018575e+05  1.410843731309414e+05  6.166227245663150e+04  -1.092252331482424e-01  3.751742249897516e-02  1.171456767332577e-01
  9.799999999999981e+00  -2.132954400448765e+05  1.209795378580934e+05  1.830421531269629e+05  3.476605258501680e+05  1.165245890403409e+05  2.265806367755271e+04  -1.235319396467143e-01  1.306389252274079e-02  1.210962105001981e-01
  9.899999999999981e+00  -8.059785254011200e+04  2.253357915111005e+05  3.632067812910974e+05  3.129669297776024e+05  6.310312298894245e+04  1.212061918068057e+04  -1.324197965270150e-01  -1.028990574130861e-02  1.356908616791621e-01
  9.999999999999980e+00  1.190250455937403e+05  3.406132205125795e+05  4.916684719889471e+05  2.875727904210649e+05  1.896426664093455e+04  5.049024720332392e+04  -1.261984097710273e-01  -2.501452767179387e-02  1.501169525030710e-01
  1.009999999999998e+01  2.840542468554163e+05  4.085558663937894e+05  5.077887827047887e+05  2.605147133125608e+05  5.539866251001299e+03  1.316727646688808e+05  -1.043536612286819e-01  -3.313440282083831e-02  1.555831106341997e-01
  1.019999999999998e+01  3.362313899347886e+05  3.995689251993127e+05  4.284491972772229e+05  2.142589440804175e+05  1.854744256741257e+04  2.268115598858948e+05  -7.410232872513502e-02  -3.868437437712601e-02  1.460943752887490e-01
  1.029999999999998e+01  2.854817684734723e+05  3.471604008138857e+05  3.069756305529556e+05  1.547274758784221e+05  4.396198461689823e+04  2.925225657919697e+05  -4.393677050967135e-02  -4.357210446370924e-02  1.232877324423977e-01
  1.039999999999998e+01  2.079366774345427e+05  2.971768481269176e+05  1.876361446851256e+05  1.144120600290291e+05  7.165525313510977e+04  2.952210699395457e+05  -2.054220921266114e-02  -4.490770252383260e-02  9.879894331880107e-02
  1.049999999999998e+01  1.775917310137354e+05  2.582995738286829e+05  1.093358717590726e+05  1.095181786148704e+05  8.801558651355281e+04  2.294678896882487e+05  -7.350156915601746e-03  -4.113476663688980e-02  8.073929435989613e-02
  1.059999999999998e+01  1.949621100062639e+05  2.049958275003463e+05  1.027191649757922e+05  1.271554894123037e+05  7.885678688935685e+04  1.147199017658867e+05  -5.351540216396650e-03  -3.554318414115135e-02  6.771022699997681e-02
  1.069999999999998e+01  2.327176097425238e+05  1.326676768272914e+05  1.541108411282536e+05  1.486610238781908e+05  5.158509505875436e+04  -1.029699269035749e+04  -6.644765631992740e-03  -2.997385334069481e-02  5.784704626511684e-02
  1.079999999999998e+01  2.747146592345028e+05  8.991342506783867e+04  2.109530238941078e+05  1.778478231179326e+05  1.947005658039174e+04  -1.139961633163321e+05  -1.053827096746522e-03  -2.198880599951956e-02  5.448500179518522e-02
  1.089999999999998e+01  2.996653621484130e+05  1.057433990224483e+05  2.214314205367758e+05  2.281936378408651e+05  -1.213867981449791e+04  -1.820441493322536e+05  1.169691333156609e-02  -8.877782412381399e-03  5.864907096750014e-02
  1.099999999999998e+01  2.977958630857079e+05  1.526850798955702e+05  1.704650287755807e+05  2.789974558336270e+05  -4.219400726693020e+04  -2.097685405938126e+05  2.509020297919298e-02  4.873035486959234e-03  6.192118272972694e-02
  1.109999999999998e+01  2.717708875956459e+05  1.845538352947462e+05  9.142192293814551e+04  3.011594874891760e+05  -6.858956988524437e+04  -2.067922236604766e+05  3.188012669500783e-02  1.307633330810977e-02  5.629921379988160e-02
  1.119999999999998e+01  2.494143952409688e+05  1.887672615222353e+05  3.149529185409802e+04  2.904464546956411e+05  -8.737720338515582e+04  -1.891326473319423e+05  3.284837478545674e-02  1.542477797527630e-02  4.207720276929888e-02
  1.129999999999998e+01  2.590517920910622e+05  1.851075812311692e+05  2.530479370084060e+04  2.630760166771194e+05  -9.864072830464177e+04  -1.675780992825247e+05  3.453569802578214e-02  1.429236094473687e-02  2.470178640936654e-02
  1.139999999999998e+01  2.986532750093712e+05  1.869452863985634e+05  7.640480755198686e+04  2.364247288734129e+05  -9.613095812248556e+04  -1.431844934987758e+05  3.865964601379013e-02  1.193491832817783e-02  1.018449049585174e-02
  1.149999999999998e+01  3.591022829561409e+05  2.131152820448196e+05  1.542155865516820e+05  2.093630469577583e+05  -7.238169015177437e+04  -1.139845053874590e+05  4.037642516768815e-02  9.907533498389002e-03  6.470445765389180e-04
  1.159999999999997e+01  4.297345544390197e+05  2.712168101283847e+05  2.080994168004412e+05  1.760286787230816e+05  -3.369817197363357e+04  -8.070039860068471e+04  3.424116849948399e-02  9.003205768439743e-03  -6.234299440929006e-03
  1.169999999999997e+01  4.856199867692416e+05  3.313044894323218e+05  1.871853867861731e+05  1.427319139370519e+05  1.983790641794875e+03  -4.413143089623904e+04  2.252414667357029e-02  7.470699676772601e-03  -1.503577368262030e-02
  1.179999999999997e+01  4.942505956310740e+05  3.547045322002425e+05  9.002272680791402e+04  1.263255529451727e+05  2.108866696845904e+04  -4.070487174955475e+03  1.501239796417592e-02  3.200300170369435e-03  -2.832444961965370e-02
  1.189999999999997e+01  4.429765907675924e+05  3.247252932474083e+05  -1.614726390797704e+04  1.411299515009362e+05  2.755527309060761e+04  4.133156064863128e+04  1.990840506921206e-02  -3.675153008300395e-03  -4.176223766329840e-02
  1.199999999999997e+01  3.543710425480515e+05  2.484002368296608e+05  -5.791960149002123e+04  1.805683480142256e+05  3.319186727877400e+04  8.983088257017476e+04  3.544858304240527e-02  -1.403650746170396e-02  -4.763486921208525e-02
  1.209999999999997e+01  2.686907579919346e+05  1.425300928517132e+05  -2.044007362211400e+04  2.193568404913422e+05  4.117691106468980e+04  1.285969550258100e+05  5.017349737856340e-02  -2.960111976077964e-02  -4.303663549184230e-02
  1.219999999999997e+01  2.195602837057525e+05  3.487612861434795e+04  5.384137901618087e+04  2.348052080773206e+05  4.513750262338388e+04  1.427904730419597e+05  5.416574154062721e-02  -4.911033282291614e-02  -3.174363132928482e-02
  1.229999999999997e+01  2.142881453755983e+05  -4.135829563725755e+04  1.040373579480440e+05  2.244714080291638e+05  4.336273875456290e+04  1.268297028203039e+05  4.706175820857077e-02  -6.584414997059575e-02  -2.121915881140733e-02
  1.239999999999997e+01  2.264407012905857e+05  -6.671308951365095e+04  8.794271564088757e+04  2.021080490183842e+05  4.372128140898058e+04  8.710454632980291e+04  3.479832031683758e-02  -7.272865209784669e-02  -1.678627156801739e-02
  1.249999999999997e+01  2.238673751743671e+05  -4.070152281219246e+04  7.184073673485238e+03  1.807067174845687e+05  5.165423821722651e+04  4.300479338483923e+04  2.445518561063847e-02  -6.859330275890507e-02  -1.735826406694443e-02
  1.259999999999997e+01  1.969256431866728e+05  1.707818897513094e+04  -1.025817988627567e+05  1.670003534920392e+05  6.394747064118236e+04  1.663657274021470e+04  1.975102813527962e-02  -5.705381076403644e-02  -1.895536273095023e-02
  1.269999999999997e+01  1.586395689809610e+05  7.598617179552531e+04  -2.009438222218013e+05  1.626516251798094e+05  7.114242192717247e+04  1.573540471162905e+04  2.014694443905881e-02  -4.401217202635745e-02  -1.981085125746872e-02
  1.279999999999997e+01  1.308266533422506e+05  1.117115244975722e+05  -2.605814574465066e+05  1.649282181198449e+05  6.562030680209190e+04  2.935404517657881e+04  2.318444758171020e-02  -3.373376045390439e-02  -2.037401302609951e-02
  1.289999999999997e+01  1.242704591612904e+05  1.168789687552070e+05  -2.767012257104010e+05  1.679882979953210e+05  4.688970701778947e+04  3.800042815645903e+04  2.540607891274104e-02  -2.726743039650271e-02  -2.030896697613928e-02
  1.299999999999997e+01  1.342368790317578e+05  1.019992728819748e+05  -2.601298899379335e+05  1.664458570630776e+05  1.925463080367332e+04  3.126388354771794e+04  2.462266051984752e-02  -2.383679103950135e-02  -1.703726113323903e-02
  1.309999999999997e+01  1.514313260473697e+05  8.379744092688806e+04  -2.288106770368280e+05  1.594263375865585e+05  -9.468517636593135e+03  1.337920541338073e+04  2.116566579216906e-02  -2.102656488048201e-02  -9.234400913668096e-03
  1.319999999999997e+01  1.685116020187518e+05  7.937632879505985e+04  -1.979593248417103e+05  1.492209701256785e+05  -3.393449058227023e+04  -6.900723748079545e+03  1.598860820067628e-02  -1.721935329164772e-02  3.968589144212633e-04
  1.329999999999997e+01  1.776426491416302e+05  9.640250676158932e+04  -1.729557237562347e+05  1.415740125861012e+05  -5.329410442470571e+04  -2.389452014388931e+04  9.212555544554414e-03  -1.203208564332678e-02  8.054337927465200e-03
  1.339999999999997e+01  1.685889502973962e+05  1.265131502143395e+05  -1.577335252776026e+05  1.417408350554079e+05  -6.853165132715035e+04  -3.513402817873569e+04  4.524586745574153e-04  -5.683636966381880e-03  1.239476730108190e-02
  1.349999999999997e+01  1.425224478069146e+05  1.555126309793315e+05  -1.504174975038562e+05  1.490261780889064e+05  -8.166054185495996e+04  -3.736926029338124e+04  -9.403819678321153e-03  7.068207512908933e-04  1.485700840942100e-02
  1.359999999999997e+01  1.186750287986447e+05  1.719103846480527e+05  -1.377068707176548e+05  1.591164764231044e+05  -9.325650231345733e+04  -2.819706058808570e+04  -1.771960405080344e-02  6.330943396911747e-03  1.665433735423449e-02
  1.369999999999997e+01  1.147944666152969e+05  1.743805922460014e+05  -1.070850180949776e+05  1.677633700902628e+05  -1.041449185751235e+05  -1.080815382356593e+04  -2.235631617922544e-02  1.046024312693125e-02  1.701759032734687e-02
  1.379999999999997e+01  1.315010565550291e+05  1.693776521970877e+05  -5.874037705757658e+04  1.761622063672632e+05  -1.148819208501375e+05  9.674536454496367e+03  -2.326808796467715e-02  1.315058523130956e-02  1.551320203254532e-02
  1.389999999999997e+01  1.531312163087986e+05  1.649902284566200e+05  -8.991675269728528e+03  1.901715800079349e+05  -1.233768773288059e+05  2.896038873848991e+04  -2.223778984404398e-02  1.560278118180039e-02  1.282583200545064e-02
  1.399999999999997e+01  1.657925141434541e+05  1.696225136375678e+05  2.210689868105395e+04  2.108305588284023e+05  -1.273963065320451e+05  4.301778373642561e+04  -2.063481731370956e-02  1.845179606585968e-02  9.269536947166200e-03
  1.409999999999997e+01  1.675773508959676e+05  1.872843679730078e+05  2.732304945537000e+04  2.310134898950619e+05  -1.263239904530635e+05  4.818468954347931e+04  -1.851246343349197e-02  2.148273582409106e-02  4.866075036339759e-03
  1.419999999999997e+01  1.622268602675087e+05  2.138678393375133e+05  1.145461376980496e+04  2.421143378763507e+05  -1.197730845519210e+05  4.199478981906495e+04  -1.547151611643996e-02  2.425092876030413e-02  -2.756822874424225e-04
  1.429999999999997e+01  1.570012329966592e+05  2.376393716993637e+05  -1.278387470817999e+04  2.414207877905222e+05  -1.068369514601765e+05  2.885737845893112e+04  -1.091828330471056e-02  2.638051588471059e-02  -4.902057106209757e-03
  1.439999999999996e+01  1.565770995577045e+05  2.443103806600070e+05  -3.030213459389469e+04  2.331472599894677e+05  -8.797887613089460e+04  1.859540415258987e+04  -5.302903296983626e-03  2.752452953399640e-02  -7.298467553464780e-03
  1.449999999999996e+01  1.602769574970152e+05  2.277814565633205e+05  -3.205884757475244e+04  2.227465248528561e+05  -6.715012310045182e+04  1.822020700635844e+04  -3.889002505993415e-04  2.699309398111705e-02  -7.095964505241644e-03
  1.459999999999996e+01  1.666460558077738e+05  1.977423980256325e+05  -1.934919368909936e+04  2.125153137691687e+05  -4.988769506617117e+04  2.922200862393263e+04  2.134705920057344e-03  2.422853436395660e-02  -4.538706883436140e-03
  1.469999999999996e+01  1.722707502386629e+05  1.723612188267676e+05  -4.726412349866438e+03  2.034854893875967e+05  -3.921925037700927e+04  4.727549902630464e+04  1.618462109223528e-03  1.995366538890733e-02  -7.340916502723163e-04
  1.479999999999996e+01  1.751798530647164e+05  1.637508439268708e+05  -2.836828867619850e+03  1.958446037715108e+05  -3.322741194428212e+04  6.594539023576732e+04  -6.335704050248068e-04  1.567662440642615e-02  2.276121595705774e-03
  1.489999999999996e+01  1.779080405935898e+05  1.703054550908107e+05  -1.708092523674729e+04  1.886514557017024e+05  -2.592120899940696e+04  7.994244673849373e+04  -1.996647725759154e-03  1.273634773408508e-02  3.074346453097412e-03
  1.499999999999996e+01  1.818123281799567e+05  1.800067602054062e+05  -3.960074063557645e+04  1.821593050254293e+05  -1.168935466711605e+04  8.404380173611915e+04  -8.017562979591336e-04  1.174520863068692e-02  1.727365703077062e-03
  1.509999999999996e+01  1.851377058477277e+05  1.818303785448495e+05  -6.218137765810681e+04  1.776166452653316e+05  9.071008544756660e+03  7.518541448604416e+04  2.624065818665265e-03  1.188974121267002e-02  -2.968375172753633e-04
  1.519999999999996e+01  1.824073783516139e+05  1.725001712205213e+05  -8.260980903616434e+04  1.774218627620944e+05  2.856985613865331e+04  5.549372621582095e+04  6.022879493734331e-03  1.168865585968792e-02  -1.546202555226650e-03
  1.529999999999996e+01  1.723891746064761e+05  1.570073510689035e+05  -9.968385671836280e+04  1.832177118028739e+05  3.800398318525361e+04  3.130942533666267e+04  7.193082547086744e-03  1.005013919615249e-02  -1.788154902930548e-03
  1.539999999999996e+01  1.623909172755574e+05  1.452974171972145e+05  -1.058998112320028e+05  1.923923825966256e+05  3.496533283484090e+04  9.975540489184967e+03  5.806723950594568e-03  6.589452090156609e-03  -1.295110168327468e-03
  1.549999999999996e+01  1.584529632359071e+05  1.428338500931332e+05  -9.428895115247720e+04  1.996598556468716e+05  2.632371889443951e+04  -3.533513518449968e+03  2.928719081743011e-03  2.112630315192248e-03  -3.931373127282049e-04
  1.559999999999996e+01  1.592579550958803e+05  1.461168364959274e+05  -6.726041170625653e+04  2.000769202925185e+05  2.278586058256899e+04  -7.072500700886255e+03  1.010997983445611e-04  -1.896714713948335e-03  4.848326555280013e-04
  1.569999999999996e+01  1.568633268467557e+05  1.480442594542812e+05  -3.560032257831481e+04  1.924830637639961e+05  2.838529445447769e+04  -1.411683020386337e+03  -1.771208330502173e-03  -4.485116290801804e-03  8.300756238730935e-04
  1.579999999999996e+01  1.468867258560660e+05  1.437361744328997e+05  -1.160202724431618e+04  1.819131286275259e+05  3.750604702956037e+04  9.571180417391637e+03  -2.355276601613070e-03  -5.377849348802237e-03  2.744067937728790e-04
  1.589999999999996e+01  1.345705255417051e+05  1.337168823879959e+05  -1.191669104574162e+03  1.763272211288636e+05  4.067277893147055e+04  2.011650487900205e+04  -1.473100530297433e-03  -5.152574063070640e-03  -8.806665131709483e-04
  1.599999999999996e+01  1.284151957912645e+05  1.235176946817377e+05  -4.607146678769355e+03  1.805885358962309e+05  3.313452668421773e+04  2.369345995946743e+04  5.927518620671895e-04  -4.905336759124589e-03  -2.311132234915765e-03
  1.609999999999996e+01  1.336984627467926e+05  1.184951257720761e+05  -1.818569433927808e+04  1.931343818029489e+05  1.898309635537177e+04  1.694649215797941e+04  3.262615235975148e-03  -5.043899938624141e-03  -4.272029748850234e-03
  1.619999999999996e+01  1.473247454863470e+05  1.204593922851588e+05  -3.448468254461955e+04  2.068501784957671e+05  6.234243164057536e+03  2.663817004733835e+03  5.688882770571648e-03  -5.424837927306306e-03  -7.012268113115418e-03
  1.629999999999996e+01  1.605455743584065e+05  1.267717480270772e+05  -4.657910772992851e+04  2.139799318048857e+05  2.971899403826574e+02  -1.165672096503408e+04  7.267913223113656e-03  -5.666527461187635e-03  -1.019757853849971e-02
  1.639999999999996e+01  1.642570899928382e+05  1.310523519172066e+05  -4.952369620101405e+04  2.127309755271514e+05  2.639392830517869e+02  -1.814389349145794e+04  7.872562934651340e-03  -5.203711669652464e-03  -1.275506641028821e-02
  1.649999999999996e+01  1.548893676546535e+05  1.288021690633016e+05  -4.264062728737086e+04  2.074596761233101e+05  1.357191138008145e+02  -1.381804903952808e+04  7.544927597557082e-03  -3.929348927892064e-03  -1.360236992087410e-02
  1.659999999999997e+01  1.384644173820926e+05  1.202923397429428e+05  -2.975111538743700e+04  2.038526536760252e+05  -5.929639688668321e+03  -1.744707461480830e+03  6.398203432836531e-03  -2.064867473393068e-03  -1.242809496287152e-02
  1.669999999999997e+01  1.249676140656971e+05  1.085143069383392e+05  -1.731625358757519e+04  2.046609058641465e+05  -2.030803588104746e+04  1.143906042226975e+04  4.338628372052587e-03  -1.262607311311848e-04  -9.945852688515978e-03
  1.679999999999997e+01  1.229716219879047e+05  9.826647351101307e+04  -1.453801719890185e+04  2.071279621329516e+05  -4.088001171646440e+04  1.989357134225267e+04  1.616915216004677e-03  1.059454649060673e-03  -7.664420294781966e-03
  1.689999999999997e+01  1.344237723707737e+05  9.341974785853826e+04  -2.612720227569642e+04  2.072128123945050e+05  -6.254709372207728e+04  2.232845022825870e+04  -8.338697347206836e-04  1.367031057378551e-03  -6.751010190165708e-03
  1.699999999999997e+01  1.538199624193068e+05  9.582046339532074e+04  -4.890829892299033e+04  2.034649007518117e+05  -8.002358699485587e+04  2.110381221363646e+04  -1.851879246539070e-03  1.123127552034886e-03  -7.612395582659517e-03
  1.709999999999997e+01  1.702590061932947e+05  1.027669117427602e+05  -7.446837526736131e+04  1.975306980763020e+05  -8.968839812036637e+04  1.932758181997944e+04  -1.011403468459506e-03  4.963616821506028e-04  -9.861816898387584e-03
  1.719999999999997e+01  1.715270709767680e+05  1.057534837600705e+05  -9.228407843267859e+04  1.931171447551497e+05  -9.044556888252430e+04  1.911124377584890e+04  7.305015247396267e-04  -3.378147243749084e-04  -1.237877292602175e-02
  1.729999999999998e+01  1.527231817099924e+05  1.007988324001801e+05  -9.766195649360148e+04  1.914083979624575e+05  -8.367566625813133e+04  2.013430535112232e+04  1.867420280243581e-03  -1.417169972797170e-03  -1.423391170128173e-02
  1.739999999999998e+01  1.195481123513980e+05  9.126029882041074e+04  -9.150012933285462e+04  1.923093238024163e+05  -7.140918826862660e+04  2.171537443561861e+04  1.434505727258728e-03  -1.792769345311164e-03  -1.458718233552356e-02
  1.749999999999998e+01  8.720434950485313e+04  8.645625669380858e+04  -7.935698181134216e+04  1.944046878540318e+05  -5.592174039097206e+04  2.429436390096714e+04  -1.863301717252099e-04  -1.977597459352987e-04  -1.316033563461743e-02
  1.759999999999998e+01  7.027261878823544e+04  9.429292973038906e+04  -7.048870285851292e+04  1.950676070576704e+05  -4.043125831808863e+04  2.808987627945722e+04  -1.962309706950595e-03  3.382052048679063e-03  -1.054241929433499e-02
  1.769999999999998e+01  7.218986469063834e+04  1.112090409918777e+05  -7.056566483134819e+04  1.935941759758696e+05  -2.823137310566118e+04  3.249759887666845e+04  -3.446707991825008e-03  7.639391672839295e-03  -7.448950002911064e-03
  1.779999999999998e+01  8.659783000953493e+04  1.281965897212679e+05  -7.996312616563233e+04  1.899574668577340e+05  -2.116636895741232e+04  3.522084089571999e+04  -4.555919668591903e-03  1.028922113636403e-02  -4.775826324157584e-03
  1.789999999999998e+01  1.022360611114958e+05  1.368381751892559e+05  -9.424602503618345e+04  1.865021398448623e+05  -1.774645112878122e+04  3.408942358648004e+04  -5.278398212577435e-03  1.009529632382134e-02  -3.125947945167248e-03
  1.799999999999999e+01  1.098157618099324e+05  1.345584106240289e+05  -1.068951873979073e+05  1.870978641920523e+05  -1.434130716674763e+04  2.911200524898637e+04  -5.516217361318820e-03  7.662360435992171e-03  -2.554461516519334e-03
  1.809999999999999e+01  1.078243768151202e+05  1.268387999146636e+05  -1.145433932719104e+05  1.932255512870907e+05  -8.264050829228840e+03  2.240821913069897e+04  -5.003471332321200e-03  4.511237654333327e-03  -2.913722433847773e-03
  1.819999999999999e+01  1.005924584662813e+05  1.197975176022880e+05  -1.162126835658447e+05  2.037556812440458e+05  3.677262690396808e+02  1.781000645654218e+04  -3.889816428999161e-03  2.212124549844869e-03  -3.456105148346885e-03
  1.829999999999999e+01  9.344197387723764e+04  1.170315839993345e+05  -1.136883335492049e+05  2.143717678947547e+05  8.481894524774973e+03  1.800237486150699e+04  -2.960705395474199e-03  1.147771693659419e-03  -3.190520529884040e-03
  1.839999999999999e+01  9.012897625683193e+04  1.179494213552110e+05  -1.105122017765096e+05  2.199165209596260e+05  1.325711635863835e+04  2.328145915017233e+04  -2.904159368870087e-03  7.464275596674834e-04  -1.350797915924055e-03
  1.849999999999999e+01  9.048163358574468e+04  1.188213227330717e+05  -1.076464753819406e+05  2.183588438558374e+05  1.433000596412892e+04  3.144165300080675e+04  -3.906735005593318e-03  3.623679502992517e-04  2.287642717293582e-03
  1.859999999999999e+01  9.195912273075475e+04  1.179680894788085e+05  -1.032819155330167e+05  2.113736100979558e+05  1.306100280056071e+04  3.806934062752231e+04  -5.566081432901940e-03  -4.050668313827922e-04  6.875873580072994e-03
  1.870000000000000e+01  9.476117096365154e+04  1.163074809202319e+05  -9.441388753351102e+04  2.027402832579796e+05  1.143000180629438e+04  3.958475343160178e+04  -6.925595348838101e-03  -1.298148392721041e-03  1.094660069885822e-02
  1.880000000000000e+01  9.989697463874600e+04  1.158097028959699e+05  -8.017673788802285e+04  1.962502493362504e+05  1.009748340125285e+04  3.469016107507369e+04  -7.454690064252148e-03  -1.771759388942246e-03  1.331794551621941e-02
  1.890000000000000e+01  1.084868384511468e+05  1.177353994594712e+05  -6.452643545088420e+04  1.929775773188410e+05  8.123852822089453e+03  2.478845123548276e+04  -7.226291281113360e-03  -1.501945814033632e-03  1.367144816987233e-02
  1.900000000000000e+01  1.206910118977353e+05  1.213313644189623e+05  -5.349988158285982e+04  1.909267326866769e+05  4.211503063388741e+03  1.397688920058084e+04  -6.459156773478941e-03  -5.061387156674692e-04  1.267863897716737e-02
  1.910000000000000e+01  1.321169687533434e+05  1.243702712317148e+05  -5.056460950306135e+04  1.878143002536022e+05  -2.572182194072933e+03  6.393975864116592e+03  -5.507276033271938e-03  8.174382556795985e-04  1.147814517147774e-02
  1.920000000000000e+01  1.393397275776641e+05  1.252228824046111e+05  -5.376376688272907e+04  1.821264469068858e+05  -1.153776318844316e+04  4.671314576542533e+03  -4.298690490772082e-03  1.925960695731707e-03  1.084511343086848e-02
  1.930000000000000e+01  1.414859219255950e+05  1.235565105791102e+05  -5.657543730002733e+04  1.743307252425760e+05  -2.058393485865876e+04  9.063426084044031e+03  -2.663945519112483e-03  2.329332968273071e-03  1.088895760854823e-02
  1.940000000000001e+01  1.393833005512762e+05  1.195250913344183e+05  -5.280129903169455e+04  1.665307701102088e+05  -2.745681841902181e+04  1.718645456967563e+04  -9.607411425090468e-04  1.722644110117635e-03  1.120579908113105e-02
  1.950000000000001e+01  1.368320403939013e+05  1.145966503057282e+05  -4.123505971095641e+04  1.599661073362770e+05  -3.078495379256154e+04  2.609335070070237e+04  2.001614377134307e-04  6.983150437880958e-05  1.116513465558791e-02
  1.960000000000001e+01  1.369245897215930e+05  1.105687051336226e+05  -2.632667539169664e+04  1.557836050402700e+05  -3.099640811871577e+04  3.314063256459955e+04  1.665927244399340e-04  -2.247284120334935e-03  1.032357962371579e-02
  1.970000000000001e+01  1.423868925372686e+05  1.093997350456435e+05  -1.485546325192165e+04  1.550991024366435e+05  -2.970086003779950e+04  3.692883879733941e+04  -9.006794828322488e-04  -4.579780039206451e-03  8.655415731719228e-03
  1.980000000000001e+01  1.544581097742933e+05  1.121210067497355e+05  -1.188531892941051e+04  1.592650013096453e+05  -2.832627366446792e+04  3.766850034413009e+04  -1.916785894199986e-03  -6.323896408880788e-03  6.527789291146008e-03
  1.990000000000001e+01  1.702327698719111e+05  1.174286255922157e+05  -1.771048969265671e+04  1.695616253710836e+05  -2.747387157335152e+04  3.608406371040711e+04  -1.761254418475642e-03  -7.186055368981342e-03  4.589259714608551e-03
