TITLE = "Temporal Signal for receiver number 02632"
VARIABLES = "Time","xx","yy","zz","xy","yz","xz","u","v","w"
# x1       3.632308760000e+05
# x2       4.737212090000e+06
# x3       -6.500000000000e+03
  0.000000000000000e+00  0.000000000000000e+00  0.000000000000000e+00  0.000000000000000e+00  0.000000000000000e+00  0.000000000000000e+00  0.000000000000000e+00  0.000000000000000e+00  0.000000000000000e+00  0.000000000000000e+00
  1.000000000000000e-01  0.000000000000000e+00  0.000000000000000e+00  0.000000000000000e+00  0.000000000000000e+00  0.000000000000000e+00  0.000000000000000e+00  0.000000000000000e+00  0.000000000000000e+00  0.000000000000000e+00
  2.000000000000000e-01  0.000000000000000e+00  0.000000000000000e+00  0.000000000000000e+00  0.000000000000000e+00  0.000000000000000e+00  0.000000000000000e+00  0.000000000000000e+00  0.000000000000000e+00  0.000000000000000e+00
  3.000000000000000e-01  -2.886336159140694e-06  -4.675083107533985e-06  1.070048627344390e-06  2.644288981538639e-07  -6.445483095029001e-07  1.831658379818215e-07  -1.574068981043810e-13  4.155104833184049e-14  1.624990908929818e-13
  4.000000000000000e-01  1.826506778515723e-04  -1.745609406282779e-03  1.619406431041858e-04  -6.345614958461980e-04  1.252341835511075e-03  -1.171497223973642e-04  3.964351015254327e-11  2.258423754623863e-10  -4.025631515501496e-11
  5.000000000000000e-01  -2.829488438781642e-02  -6.351522489585107e-02  -1.646671561207666e-02  -3.186821884253633e-02  2.879690882992554e-02  7.924833870518328e-03  3.330082709715932e-09  7.435183825931818e-09  -2.858028854600445e-10
  6.000000000000000e-01  -5.029141797714867e-01  -8.729050828339021e-01  -3.945877606839906e-01  -3.796233827838668e-01  3.028984316520327e-01  1.315969205934454e-01  3.851382735331048e-08  7.251642160515013e-08  -1.880706329263523e-08
  7.000000000000000e-01  -2.732909882726510e+00  -5.186540453783746e+00  -3.188348272013839e+00  -1.276812725916842e+00  1.556326436608138e+00  1.074625804723976e+00  1.787119618223138e-07  3.335877028586426e-07  -1.666904098132002e-07
  7.999999999999999e-01  1.007740174471719e+01  2.247671365073099e+01  1.280625340989976e+01  4.673564698775192e+00  -7.846233417238073e+00  -2.100780418556406e+00  -3.689834629394346e-07  -1.533115040668160e-06  7.723130556902162e-07
  8.999999999999999e-01  3.656946104143951e+00  4.048185572016169e-01  -1.256208786577517e+00  1.375618055334008e+00  3.950155378259640e+00  -1.203771310224011e+00  -3.505218949362711e-07  3.027894524061004e-08  -2.392043218434152e-07
  9.999999999999999e-01  2.247468068219505e+02  5.475642145478707e+02  2.599638514575212e+02  1.158173948346958e+02  -1.666409220467124e+02  -5.933565417102825e+01  -1.152437807661238e-05  -3.477592994613253e-05  1.589532078274511e-05
  1.100000000000000e+00  8.666220604141783e+02  2.389027530154488e+03  6.659107132834760e+02  7.052719304410809e+02  -4.970799592296744e+02  -2.472394900084026e+02  -6.102119455664424e-05  -1.481767602223574e-04  3.621668209250346e-05
  1.200000000000000e+00  8.103759033885434e+02  3.447764019589690e+03  -4.568304626492930e+02  1.520262262105182e+03  -5.178512611600943e+01  -4.112796757735125e+02  -1.111687256970924e-04  -1.968430101563929e-04  -3.654254462404763e-05
  1.300000000000000e+00  2.622250692531804e+02  3.650529893121880e+03  -2.319311616423314e+03  2.415445647224048e+03  9.752860901424364e+02  -6.042628181534900e+02  -1.465267959899251e-04  -1.724332498142260e-04  -1.349062288821761e-04
  1.400000000000000e+00  5.235583412546672e+02  6.101270941070050e+03  -4.421764520617911e+03  4.244812923191891e+03  2.492385569693583e+03  -9.219628951297436e+02  -2.457743979177939e-04  -2.707544979420752e-04  -2.796583143465634e-04
  1.500000000000000e+00  9.454752539406998e+02  9.983327498316690e+03  -6.638344211130946e+03  6.468008829126664e+03  3.602487660800982e+03  -1.586703821556577e+03  -3.471276663454234e-04  -4.326123074556401e-04  -3.714552693748276e-04
  1.600000000000000e+00  2.291083823337995e+02  1.137594220305836e+04  -3.884983538933588e+03  6.272547755800751e+03  5.741495783280457e+02  -2.711375906990238e+03  -1.839412473868226e-04  -4.300974611832430e-04  1.490320071301111e-04
  1.700000000000000e+00  1.400116791267015e+03  1.346509265516298e+04  1.141993872876941e+03  6.169401204946548e+03  -3.730076652184570e+03  -3.667890417899835e+03  -4.869356007794663e-05  -4.874770334783400e-04  7.980162480311148e-04
  1.800000000000000e+00  6.547443807036258e+03  2.320923659662654e+04  -5.762388348474399e+02  1.186479138021288e+04  -2.940271706908080e+03  -4.564517032107661e+03  -4.801556004341983e-04  -1.003059149742521e-03  6.016791180000490e-04
  1.900000000000001e+00  1.562308417962490e+04  4.757153248094832e+04  -6.767595925481692e+03  2.564112314634359e+04  -1.913961699331048e+02  -7.391183867543644e+03  -1.461115695186315e-03  -2.360323569874583e-03  8.887998146830828e-05
  2.000000000000000e+00  2.705684854684385e+04  7.886721337390270e+04  -2.761606055535964e+04  4.991473567163056e+04  1.114526451128404e+04  -1.163058601354258e+04  -3.034741891238122e-03  -3.918028454896887e-03  -1.179358204568742e-03
  2.100000000000001e+00  3.852333263806543e+04  9.713139182643847e+04  -8.449732181488108e+04  8.867187792907037e+04  4.946152845874529e+04  -1.230180058401934e+04  -5.284376404238122e-03  -4.265616679954200e-03  -4.954242540164028e-03
  2.200000000000001e+00  5.935949274534425e+04  1.029937250695470e+05  -1.779866167569490e+05  1.424241841848645e+05  1.246352142837444e+05  -2.698168575849490e+03  -8.058299221390567e-03  -3.396149974957812e-03  -1.152426132378805e-02
  2.300000000000001e+00  8.664306549025998e+04  7.005844957719595e+04  -3.060637622494871e+05  1.945205634796885e+05  2.348142711803488e+05  2.402181283407224e+04  -9.548301507236838e-03  4.216984253443422e-04  -1.945683058007029e-02
  2.400000000000001e+00  9.277209223451518e+04  -5.492859101608164e+04  -4.025360699555860e+05  1.842469289610780e+05  3.320103410535798e+05  7.984102229663247e+04  -4.196869320852319e-03  1.014184569102153e-02  -2.191862443509085e-02
  2.500000000000001e+00  -5.614653587351936e+03  -3.140821568251288e+05  -3.589390800049019e+05  1.152807762707664e+04  3.274400253586926e+05  1.602945755793072e+05  1.756758510964623e-02  2.820826522196274e-02  -8.039551927302518e-03
  2.600000000000001e+00  -2.173450056346045e+05  -6.122340473585075e+05  -1.337420767846448e+05  -3.045163809757651e+05  2.021200353991956e+05  2.145590418777148e+05  5.129227117760939e-02  4.842223982051667e-02  2.246479459671937e-02
  2.700000000000001e+00  -5.677673034150720e+05  -9.462411238383774e+05  1.393663896492985e+05  -6.957102011853671e+05  2.089920615248725e+04  2.341658841799606e+05  9.069845996605014e-02  7.018183609738822e-02  5.643148950189968e-02
  2.800000000000001e+00  -1.064254988802338e+06  -1.282388562092599e+06  4.306863930387300e+05  -1.139543456385371e+06  -1.553247590430127e+05  2.263031538790314e+05  1.341262733890603e-01  9.260170577037091e-02  8.879542635646620e-02
  2.900000000000001e+00  -1.434125101277118e+06  -1.424543153190986e+06  6.133812610966905e+05  -1.441846891177604e+06  -2.949179193453274e+05  1.960028881427539e+05  1.608608416738500e-01  9.874864194339078e-02  1.071444863683673e-01
  3.000000000000001e+00  -1.995176221501226e+06  -1.628463955743726e+06  8.119789398214718e+05  -1.780959284082657e+06  -4.409151344391913e+05  7.327686327776054e+04  1.946167672813433e-01  1.121270024556498e-01  1.386713756193891e-01
  3.100000000000001e+00  -2.480411113583916e+06  -1.772578726545823e+06  9.650020130265701e+05  -2.066806415005205e+06  -5.594639472155670e+05  -2.223329331865339e+04  2.205485248808482e-01  1.201192827661113e-01  1.604154349354709e-01
  3.200000000000002e+00  -2.745412225426125e+06  -1.730663299494266e+06  1.015184505469118e+06  -2.181823280817371e+06  -6.295517571121240e+05  -8.818462783052544e+04  2.272543242976993e-01  1.125676108635944e-01  1.669476937240122e-01
  3.300000000000002e+00  -2.723492689864305e+06  -1.283795393602059e+06  1.319601587669764e+06  -2.074357293448058e+06  -6.262314045184671e+05  -1.662483747978454e+05  2.131344234958764e-01  8.041474891102027e-02  1.772827417236935e-01
  3.400000000000002e+00  -2.765310236519005e+06  -9.759415986446968e+05  1.463412960946588e+06  -2.040439303037311e+06  -6.276722695989404e+05  -3.274764820405131e+05  2.021345178067310e-01  6.305302270440984e-02  1.935039413224428e-01
  3.500000000000002e+00  -2.714487543763825e+06  -7.045724635282258e+05  1.605524381694515e+06  -1.986170185746680e+06  -5.694721463608103e+05  -4.663959060150544e+05  1.832856475192565e-01  5.120789413995454e-02  2.015045401364934e-01
  3.600000000000002e+00  -2.406053292830259e+06  -5.081640364571509e+05  1.633012327431778e+06  -1.902712850665279e+06  -4.769670815675731e+05  -6.310326775882212e+05  1.474890567279632e-01  4.174658275420597e-02  2.050554668862671e-01
  3.700000000000002e+00  -2.452818511818556e+06  -3.217271451365585e+05  1.780397845321043e+06  -1.818915452255994e+06  -2.716731932938883e+05  -8.657624354061137e+05  1.368519440156291e-01  3.527036207844064e-02  2.252553405674503e-01
  3.800000000000002e+00  -2.080814810992896e+06  -1.921871709722684e+05  1.551665907632725e+06  -1.651255647751919e+06  -3.209755131891924e+04  -7.880200011849622e+05  1.032009841132340e-01  1.700288025598776e-02  1.965268522574337e-01
  3.900000000000002e+00  -1.133075893413446e+06  -4.148966988729423e+05  7.013618825624505e+05  -1.292714921897485e+06  4.390290593028993e+04  -9.303147734073333e+04  3.890689075288970e-02  -1.092038206248687e-02  9.660158813499060e-02
  4.000000000000002e+00  -2.708922378654875e+05  -7.616453477571764e+05  -1.955341918969843e+04  -1.017854106467161e+06  6.314136796447016e+03  4.148085219221084e+05  -1.943435922132569e-02  -1.414276212353780e-02  4.254514906677523e-02
  4.100000000000001e+00  2.005395184734603e+05  -9.558001917432925e+05  -4.270603915578598e+05  -8.147308755697523e+05  -5.360187171439757e+04  6.469269336214054e+05  -4.651618446803727e-02  -1.546235169830276e-02  2.273333337996073e-02
  4.200000000000001e+00  3.238274393722580e+05  -9.828293058673764e+05  -5.897963117443016e+05  -7.240488450858830e+05  -7.093692887806374e+04  8.994357853475593e+05  -4.657256545428141e-02  -2.153807364492941e-02  -1.508168063041362e-02
  4.300000000000001e+00  2.754788430416497e+05  -8.810187421877912e+05  -5.552277647880794e+05  -7.343910684970435e+05  -3.677022551949164e+04  1.119691432762190e+06  -3.379923945613497e-02  -2.557679506463122e-02  -4.256334169868799e-02
  4.400000000000000e+00  2.474175850681673e+05  -7.662605669533764e+05  -4.845514632095675e+05  -7.828566257227883e+05  -1.861340599679041e+04  1.181853412815862e+06  -2.383059351466276e-02  -2.431806470553768e-02  -4.482205031918109e-02
  4.500000000000000e+00  2.316326646889247e+05  -7.092073936670879e+05  -4.756340210956910e+05  -7.979000727274788e+05  -5.630335595419736e+03  1.129599078032468e+06  -1.623787951399235e-02  -2.242155687046647e-02  -4.212189776575236e-02
  4.600000000000000e+00  1.346654698757853e+05  -6.600196134170407e+05  -4.493022262788971e+05  -8.379531505461906e+05  3.655206290936252e+03  1.025043769115390e+06  -8.746834229633044e-03  -1.737869733882833e-02  -3.711286642334862e-02
  4.699999999999999e+00  1.927719786173246e+04  -6.763153711153747e+05  -4.056367788454434e+05  -9.278269616646506e+05  -2.695723377332304e+04  9.951729113994150e+05  -1.209053035171869e-03  -6.801023141955776e-03  -3.409465050256816e-02
  4.799999999999999e+00  -5.213367867717478e+04  -7.283470885232759e+05  -3.813103218242235e+05  -1.044783848548502e+06  -4.053088373805440e+04  9.839732130767653e+05  8.491847610633483e-03  5.991800808053333e-03  -3.320571149823269e-02
  4.899999999999999e+00  -1.790373555867980e+04  -7.308553661731285e+05  -4.071961731190154e+05  -1.124785637795188e+06  -5.665526410339608e+04  9.617467327982977e+05  1.414050265499883e-02  9.515730135051333e-03  -3.097343595129073e-02
  4.999999999999998e+00  6.292736582871474e+03  -7.818023452715131e+05  -4.343982522276647e+05  -1.174336328668593e+06  -1.395160279846808e+05  1.006096744926247e+06  2.131642599550822e-02  1.167392322399586e-02  -2.356598516357096e-02
  5.099999999999998e+00  2.174942661518321e+03  -8.305043033273709e+05  -4.965313146619748e+05  -1.204371976141633e+06  -1.803416671446140e+05  1.055052234550758e+06  2.640170478677195e-02  1.558645739097315e-02  -2.206182697502396e-02
  5.199999999999998e+00  3.422428097969026e+04  -7.906214487995269e+05  -6.536138485010103e+05  -1.147097715183708e+06  -7.959654168875271e+04  1.068461515488941e+06  1.799283769071193e-02  1.581280416178270e-02  -3.975691066960301e-02
  5.299999999999997e+00  8.445098898965814e+04  -7.270095513492327e+05  -7.867709524247022e+05  -1.007888411593942e+06  1.477678857359088e+05  1.074649009360803e+06  3.286459177993533e-03  1.448461533719120e-02  -6.684068434320391e-02
  5.399999999999997e+00  1.354513540366326e+05  -6.887426585607424e+05  -8.235823436308736e+05  -8.816463463762199e+05  4.276170495307557e+05  1.125091004169395e+06  -7.510948411588930e-03  1.454437062997670e-02  -9.325769224714363e-02
  5.499999999999996e+00  1.829740918269658e+05  -6.567482302851924e+05  -8.253825990130514e+05  -8.231247117825234e+05  6.184938846337429e+05  1.163371433925088e+06  -1.516663074772068e-02  1.597723520689841e-02  -1.096965144416298e-01
  5.599999999999996e+00  2.138924116338859e+05  -6.243327228184785e+05  -8.479149178594582e+05  -7.843932465265541e+05  6.888233027687906e+05  1.150578478980231e+06  -1.864474642401658e-02  1.637340349576182e-02  -1.118149757279797e-01
  5.699999999999996e+00  2.191168596746025e+05  -6.032351850093462e+05  -8.457295340866334e+05  -7.501861264613741e+05  7.168606999332965e+05  1.194677323145576e+06  -9.508915670216181e-03  1.377160921207181e-02  -1.073834302740353e-01
  5.799999999999995e+00  2.025897391099505e+05  -5.895882445102824e+05  -7.552071481610019e+05  -7.999695162626184e+05  7.336948105551020e+05  1.307727088006637e+06  8.355682909222331e-03  1.367955114682954e-02  -9.904145850940371e-02
  5.899999999999995e+00  1.908917232291891e+05  -5.497165533473641e+05  -5.444068242185164e+05  -9.237730769380915e+05  7.370301084099768e+05  1.382999243960554e+06  1.867584641606135e-02  1.799628595213901e-02  -8.451153352911554e-02
  5.999999999999995e+00  1.245943287540661e+05  -5.450944484793213e+05  -3.249859662983592e+05  -1.013454000984985e+06  7.328919177532014e+05  1.359724095741539e+06  2.037402532301835e-02  2.035976107931821e-02  -6.759502542559968e-02
  6.099999999999994e+00  1.133533936960882e+04  -5.882385966906502e+05  -1.866126527323701e+05  -1.038517601680219e+06  6.945478686938353e+05  1.282676316114601e+06  2.263008776863433e-02  1.673703365763023e-02  -5.241687433383839e-02
  6.199999999999994e+00  -6.840951058837502e+04  -6.430022422267423e+05  -1.358835229345196e+05  -1.052037513480381e+06  6.053391606076570e+05  1.233345174080451e+06  2.374327573261407e-02  1.274553558548945e-02  -4.301354375324906e-02
  6.299999999999994e+00  -1.388365307651694e+05  -7.222281975373023e+05  -1.751585406598802e+05  -1.072964563056846e+06  5.170333132224385e+05  1.214124656454023e+06  1.819952477774882e-02  9.617938452947370e-03  -4.380987338097290e-02
  6.399999999999993e+00  -2.315644237795822e+05  -8.035924264664130e+05  -2.111155854418571e+05  -1.085907027164660e+06  4.910382075328596e+05  1.179221047383443e+06  9.586866997528030e-03  4.270454193012512e-03  -4.741094904508924e-02
  6.499999999999993e+00  -3.464717502449962e+05  -8.538099506536853e+05  -2.224206096940314e+05  -1.081269403456448e+06  4.874498775438475e+05  1.155665023900988e+06  7.603359896674960e-03  -8.948440691693505e-04  -4.614344640085165e-02
  6.599999999999993e+00  -4.731958392413971e+05  -8.478997837002997e+05  -2.160439410302102e+05  -1.063772805937942e+06  4.135848570315963e+05  1.170072154254566e+06  1.529952093197068e-02  -4.268963300167405e-03  -3.989177011666017e-02
  6.699999999999992e+00  -6.120341195175132e+05  -8.276114785649852e+05  -1.876974968770131e+05  -1.060990433930447e+06  2.858150623894778e+05  1.197512298995521e+06  2.542376732839675e-02  -8.318916088715598e-03  -3.507096676032754e-02
  6.799999999999992e+00  -7.578082658223081e+05  -8.198673138160073e+05  -7.915892042571626e+04  -1.066416831516896e+06  1.576575264820688e+05  1.164584547044520e+06  2.885650624419079e-02  -1.758332288614631e-02  -2.892962903893924e-02
  6.899999999999991e+00  -9.836442620529854e+05  -8.137064965450243e+05  9.055598254097874e+04  -1.070892850249278e+06  6.131477193557566e+04  1.059864496669711e+06  3.284212597528443e-02  -2.468088008484792e-02  -1.419775182430861e-02
  6.999999999999991e+00  -1.243330594154342e+06  -7.629915303153312e+05  2.174189868266488e+05  -1.070866353424933e+06  2.528935195009315e+04  9.665423265375973e+05  4.428131506229760e-02  -2.279739623091390e-02  5.174312940448195e-03
  7.099999999999991e+00  -1.456929219805099e+06  -6.906952610040742e+05  2.459342941745827e+05  -1.078680524485489e+06  3.587095958909453e+04  9.379329929566336e+05  5.912160449196727e-02  -1.458453367335862e-02  2.007809128943184e-02
  7.199999999999990e+00  -1.616390739213120e+06  -6.267871924552588e+05  2.554410504066633e+05  -1.092092173969119e+06  3.288673880236485e+04  9.413666153289085e+05  6.860320058740410e-02  -7.663745205875268e-03  2.807619366082050e-02
  7.299999999999990e+00  -1.794934773104022e+06  -5.779625448530959e+05  3.451665317520477e+05  -1.112267253655400e+06  -2.002230009372631e+04  9.127287850385297e+05  7.406753961151734e-02  -5.905455717601209e-03  3.476144160007829e-02
  7.399999999999990e+00  -2.004776401920000e+06  -5.375080285693443e+05  4.613891986475742e+05  -1.128045335281591e+06  -8.813914055778310e+04  8.456724571015020e+05  8.148851909833911e-02  -7.039391021768601e-03  4.033014809286624e-02
  7.499999999999989e+00  -2.163612217098965e+06  -4.900245137157672e+05  5.208197877295827e+05  -1.121015010273260e+06  -1.070167143556455e+05  8.071764407878000e+05  9.075825142855952e-02  -4.509061855084056e-03  4.243135206813908e-02
  7.599999999999989e+00  -2.217365024800903e+06  -4.194120103383087e+05  5.591045729194025e+05  -1.090861607452253e+06  -7.913805367295060e+04  8.182158505513143e+05  9.518912670017367e-02  3.791447983120410e-03  4.611823196489052e-02
  7.699999999999989e+00  -1.959328452198821e+06  -2.850713859761079e+05  6.852231236445018e+05  -1.013243031176012e+06  -7.426515159035542e+04  8.426729008983987e+05  7.738550954951530e-02  7.638884592589359e-03  5.440489031689374e-02
  7.799999999999988e+00  -1.767045594888704e+06  -2.137441704421099e+05  7.984936033593821e+05  -9.461710687583110e+05  -1.033260460318337e+05  8.543651716210790e+05  6.112182154727743e-02  4.210690567955219e-03  6.236092904272045e-02
  7.899999999999988e+00  -1.908993134803577e+06  -2.869842681161412e+05  8.095750658270183e+05  -9.600854803009833e+05  -1.224424360681412e+05  8.540313601834201e+05  6.426126726577344e-02  3.136588508539477e-03  6.346228366277878e-02
  7.999999999999988e+00  -2.022726210726328e+06  -3.489632607707636e+05  8.432134825792867e+05  -9.815933307630705e+05  -1.510466833143880e+05  8.316928645523910e+05  6.550451070616374e-02  3.446525309997560e-03  6.381274404645723e-02
  8.099999999999987e+00  -2.029335440099358e+06  -3.842444141386272e+05  8.943611087547884e+05  -9.761862462716541e+05  -2.028195262720052e+05  7.835153174990980e+05  6.158899871039692e-02  4.714175699462647e-03  7.058682556966513e-02
  8.199999999999987e+00  -2.017938509751168e+06  -4.277613973478368e+05  8.966598757808941e+05  -9.688218151926356e+05  -2.438077084353059e+05  7.172232686866536e+05  5.505147444395977e-02  8.382880622970742e-03  7.814128840779956e-02
  8.299999999999986e+00  -1.962567812136238e+06  -4.702598159578614e+05  8.940661904771758e+05  -9.804694280721501e+05  -2.754870093353194e+05  6.312015890280830e+05  4.288369754190088e-02  1.280370884052450e-02  8.288467137715197e-02
  8.399999999999986e+00  -1.933576260834086e+06  -5.401624699951857e+05  8.889608795542263e+05  -1.003951755445046e+06  -3.137265569047827e+05  5.378275201992410e+05  3.119692068639412e-02  1.538589501406461e-02  8.808075845753797e-02
  8.499999999999986e+00  -1.884019763027500e+06  -5.957162486498643e+05  8.707689556606398e+05  -9.974194246567021e+05  -3.384173767987444e+05  4.881861725183195e+05  1.993626282264971e-02  1.370217716438234e-02  8.832400688849169e-02
  8.599999999999985e+00  -1.800494810571985e+06  -6.536457771883629e+05  8.002228840892819e+05  -9.643871928258382e+05  -3.418133304537344e+05  4.530633332757391e+05  9.898895983850032e-03  1.280918220980717e-02  8.472423928727013e-02
  8.699999999999985e+00  -1.632617935276876e+06  -7.034088845056543e+05  6.711212096216343e+05  -9.245505028943204e+05  -3.156142134890778e+05  4.188632613456179e+05  -2.976026728072546e-03  1.330678412565482e-02  7.606529321207746e-02
  8.799999999999985e+00  -1.470001166487471e+06  -7.546124370467927e+05  4.779756229054600e+05  -9.008832823001855e+05  -2.463203201439430e+05  4.985492513023504e+05  -1.338073258576286e-02  1.307636292766673e-02  5.385196260320910e-02
  8.899999999999984e+00  -1.308562560446714e+06  -7.567491145893413e+05  2.920461728266618e+05  -8.657048590983511e+05  -1.942058599366463e+05  6.491561106992818e+05  -2.156443357969116e-02  9.400171699752883e-03  3.211646267594012e-02
  8.999999999999984e+00  -1.184091972661602e+06  -7.050626682206494e+05  1.549746580613939e+05  -8.170416096295780e+05  -1.935507675069812e+05  7.378649803211848e+05  -2.453584613380986e-02  3.999645761694359e-03  2.501150756596283e-02
  9.099999999999984e+00  -1.146503516854052e+06  -6.481901595324507e+05  1.070417199144279e+05  -8.049394983625216e+05  -1.724764303135247e+05  7.789133817503070e+05  -2.170806168192505e-02  1.719981786039839e-03  2.195417856071113e-02
  9.199999999999983e+00  -1.152256763406399e+06  -6.129851292810813e+05  1.381542187512501e+05  -8.359231059752268e+05  -9.726736836542109e+04  8.354308032094579e+05  -2.023621604929109e-02  3.455152127448890e-03  1.098715242034994e-02
  9.299999999999983e+00  -1.172335440330270e+06  -5.909751727425471e+05  1.995882083819245e+05  -8.737680174380776e+05  -2.478885296831273e+04  8.912912030612226e+05  -2.213601283824813e-02  4.634676190212333e-03  -7.566044246310109e-04
  9.399999999999983e+00  -1.202777565639605e+06  -5.557222382458345e+05  2.604006338295965e+05  -9.041052346878445e+05  1.381087626470835e+04  9.298693840200641e+05  -2.372390881194757e-02  3.920440393266252e-03  -4.258967068957427e-03
  9.499999999999982e+00  -1.235863922255427e+06  -5.110931069019115e+05  2.889287771096374e+05  -9.329097969550618e+05  4.107120935122245e+04  9.448810187271348e+05  -2.196755974873867e-02  3.683387409466734e-03  -2.238508605508458e-03
  9.599999999999982e+00  -1.226529811130848e+06  -4.696253464024712e+05  2.848913883965839e+05  -9.586350763252304e+05  7.352470992223061e+04  9.226688391114705e+05  -2.031767508585917e-02  4.769640804068449e-03  -1.031727712533254e-03
  9.699999999999982e+00  -1.213582775005577e+06  -4.421339111474853e+05  2.805140516553331e+05  -9.795875667473070e+05  1.081520198515855e+05  8.931605022231474e+05  -1.956661704875000e-02  7.052109729150715e-03  -3.116331417270753e-03
  9.799999999999981e+00  -1.242974117733223e+06  -4.276530536556231e+05  2.882257494174311e+05  -9.989932440093423e+05  1.358705499848394e+05  8.927460398331577e+05  -1.846596090127091e-02  9.701509061702904e-03  -6.253269401003204e-03
  9.899999999999981e+00  -1.274019704413708e+06  -4.177603529110181e+05  2.708206222638920e+05  -1.008791944661806e+06  1.480126176897994e+05  9.218495390420944e+05  -1.688948672104162e-02  9.684072562038792e-03  -8.870127332370938e-03
  9.999999999999980e+00  -1.287461311642037e+06  -4.108548898950416e+05  2.328632156899558e+05  -1.021767686940795e+06  1.529349158943920e+05  9.467366740776293e+05  -1.307161053356153e-02  8.592110527874015e-03  -7.852182883470041e-03
  1.009999999999998e+01  -1.304220696006232e+06  -3.946790564131987e+05  2.340653754512648e+05  -1.044307495866126e+06  1.719253575820580e+05  9.202058735160269e+05  -8.970174878908168e-03  9.202932687478549e-03  -7.239703768277978e-04
  1.019999999999998e+01  -1.314307977908974e+06  -3.801797710954543e+05  2.811820646260457e+05  -1.047933637604356e+06  1.924096585912518e+05  8.886593434665584e+05  -8.444209882361766e-03  7.609772490837021e-03  3.441445656023794e-03
  1.029999999999998e+01  -1.299896716367577e+06  -3.978157804968394e+05  3.220894612452184e+05  -1.025872668011095e+06  1.836197026391404e+05  9.322175967527834e+05  -1.001002512652779e-02  9.799766088101967e-04  -3.868125950123488e-03
  1.039999999999998e+01  -1.270195525984243e+06  -4.332203705231907e+05  3.313888885503451e+05  -1.015039630830402e+06  1.472086508481802e+05  1.031309532264492e+06  -1.103070741804784e-02  -5.917941019063494e-03  -1.640881885546457e-02
  1.049999999999998e+01  -1.247314340881306e+06  -4.573850414609708e+05  2.994773871974940e+05  -1.029554274840632e+06  9.682863213782509e+04  1.141832854651206e+06  -1.166203841219014e-02  -9.567346730337642e-03  -2.830890609652349e-02
  1.059999999999998e+01  -1.226774866250970e+06  -4.611696504691027e+05  2.340250614933618e+05  -1.040151184987673e+06  4.870971415292026e+04  1.226060322104253e+06  -1.309968371734369e-02  -1.159561891373041e-02  -3.858918848445764e-02
  1.069999999999998e+01  -1.207345300025410e+06  -4.591341651071190e+05  1.789726657939164e+05  -1.026186500364395e+06  3.037185397841854e+04  1.255629649965886e+06  -1.344483724226081e-02  -1.245456368916855e-02  -4.308006878323219e-02
  1.079999999999998e+01  -1.187466510606979e+06  -4.653343878937298e+05  1.610306940067488e+05  -1.000408021800227e+06  5.207565105786637e+04  1.251614071461375e+06  -1.121507071715131e-02  -1.029980024025468e-02  -4.095211380776465e-02
  1.089999999999998e+01  -1.173618017886382e+06  -4.727518401700131e+05  1.565299641385867e+05  -9.777022305397985e+05  8.687178420415381e+04  1.244327022703508e+06  -8.211191672192669e-03  -6.142103882210345e-03  -3.791018624527073e-02
  1.099999999999998e+01  -1.165306533989863e+06  -4.676917277077102e+05  1.435750799511112e+05  -9.583871153524498e+05  9.961705084711839e+04  1.228864276088189e+06  -6.124111286867279e-03  -4.129173087651432e-03  -3.689913092057904e-02
  1.109999999999998e+01  -1.152686067844548e+06  -4.589674057130563e+05  1.199372799229252e+05  -9.469905704752288e+05  9.330915333217141e+04  1.189378697384959e+06  -5.331270495528891e-03  -4.203165159384378e-03  -3.643982081353467e-02
  1.119999999999998e+01  -1.132307102283573e+06  -4.533213240858608e+05  9.854628428965974e+04  -9.536785902373781e+05  8.665300029182697e+04  1.131448403753091e+06  -5.729168383122918e-03  -2.906279933528453e-03  -3.491714816410368e-02
  1.129999999999998e+01  -1.114877218492087e+06  -4.458530037764833e+05  8.904207364759159e+04  -9.665176043424598e+05  7.724657822671576e+04  1.076965108256032e+06  -6.425786499492091e-03  -6.729674177806519e-04  -3.219708772600392e-02
  1.139999999999998e+01  -1.106080430952504e+06  -4.348551189820775e+05  9.209751247666571e+04  -9.620697419619374e+05  5.702716243904022e+04  1.047177352814793e+06  -7.269253446974131e-03  -6.670971792086375e-04  -2.880526013653853e-02
  1.149999999999998e+01  -1.088688025350800e+06  -4.218816917321962e+05  1.035220443752211e+05  -9.412914985595497e+05  2.858485317652478e+04  1.048953992724197e+06  -1.019236260237440e-02  -3.489562888151222e-03  -2.625713489370789e-02
  1.159999999999997e+01  -1.056221516992782e+06  -4.148066883212097e+05  1.175820713980111e+05  -9.227302595643845e+05  2.037036072615517e+03  1.067138318676429e+06  -1.513312649107997e-02  -6.994387793204915e-03  -2.610186075680716e-02
  1.169999999999997e+01  -1.028923456239940e+06  -4.190302906400859e+05  1.389816095340042e+05  -9.185400998621201e+05  -1.559756173514092e+04  1.076676976672297e+06  -1.797280708164195e-02  -8.754774371306100e-03  -2.595333846599728e-02
  1.179999999999997e+01  -1.016547720657973e+06  -4.300933055360017e+05  1.737083272344536e+05  -9.291097196874579e+05  -2.315772721060734e+04  1.066837656006543e+06  -1.628144479447674e-02  -7.308326327429448e-03  -2.212180981712559e-02
  1.189999999999997e+01  -1.004161168151789e+06  -4.430720531864611e+05  2.113455921692699e+05  -9.456703800707409e+05  -2.216506860282302e+04  1.044352199693111e+06  -1.276208460559302e-02  -3.655358622042687e-03  -1.546738676071485e-02
  1.199999999999997e+01  -9.854767210813261e+05  -4.502808355835021e+05  2.387057594965923e+05  -9.590960049945441e+05  -9.146934512879350e+03  1.018105907039063e+06  -1.067652495446354e-02  -3.047853376169291e-04  -9.205831765783880e-03
  1.209999999999997e+01  -9.771081479353193e+05  -4.511040278749551e+05  2.519011494751615e+05  -9.663938093439441e+05  1.729189482021203e+04  1.000829696840527e+06  -9.980819394844825e-03  1.728563698186940e-03  -5.404515323950306e-03
  1.219999999999997e+01  -9.981659326286266e+05  -4.645691874885099e+05  2.574023243558232e+05  -9.718179467534815e+05  4.233322590108323e+04  1.003277841446722e+06  -9.052809530524342e-03  3.135522168466404e-03  -4.382054792538346e-03
  1.229999999999997e+01  -1.053553210835615e+06  -4.981553919696611e+05  2.771092428457258e+05  -9.843318025887850e+05  4.920064780146420e+04  1.009744460401388e+06  -6.982261207422893e-03  4.720752447390139e-03  -4.038154043537374e-03
  1.239999999999997e+01  -1.133206668766920e+06  -5.330230558100129e+05  3.199099376365814e+05  -1.006431049278427e+06  4.194722998830966e+04  9.910428400349086e+05  -3.575169511164225e-03  6.514058659850327e-03  -1.589052331361424e-03
  1.249999999999997e+01  -1.217482973037012e+06  -5.555499225077048e+05  3.598527702311432e+05  -1.027481048110243e+06  3.867087982156865e+04  9.465702109928211e+05  9.981461079966484e-04  7.925547145780429e-03  2.774389061907622e-03
  1.259999999999997e+01  -1.283095855633098e+06  -5.697913887984043e+05  3.703315459152763e+05  -1.035574410197828e+06  4.382687042498809e+04  9.024349812482768e+05  5.375226507573005e-03  8.508488947449060e-03  6.454532121917335e-03
  1.269999999999997e+01  -1.319699458031084e+06  -5.787516348189793e+05  3.588087761895673e+05  -1.032064866478288e+06  4.519318914323673e+04  8.710166421888905e+05  7.488383983922630e-03  8.425357348804653e-03  9.323508156837116e-03
  1.279999999999997e+01  -1.338234561548763e+06  -5.799286714717954e+05  3.498980922875963e+05  -1.027805592178576e+06  3.510402663087465e+04  8.381195083636220e+05  6.785435460970607e-03  7.982855516217229e-03  1.412056230445560e-02
  1.289999999999997e+01  -1.349022830471499e+06  -5.756622676837806e+05  3.565534131011962e+05  -1.029606264259920e+06  1.707778157548867e+04  7.935016962936039e+05  4.361690770522833e-03  7.186577707383869e-03  2.111771761525174e-02
  1.299999999999997e+01  -1.350172011971200e+06  -5.740761804861408e+05  3.727436791246330e+05  -1.036215922235881e+06  -3.077667010846110e+03  7.543934348200697e+05  1.506845038510844e-03  5.916226578514013e-03  2.621000874129872e-02
  1.309999999999997e+01  -1.342479750579386e+06  -5.825773206990642e+05  3.818222503866220e+05  -1.041581310525648e+06  -2.003029591326840e+04  7.400986116832818e+05  -7.355572860605993e-04  4.242377580905589e-03  2.608984164589797e-02
  1.319999999999997e+01  -1.330284093154127e+06  -6.012701220812524e+05  3.759277574903760e+05  -1.038818689929166e+06  -2.926426553673699e+04  7.416027413523336e+05  -1.880342994434203e-03  2.423308525492069e-03  2.257817368336270e-02
  1.329999999999997e+01  -1.313181850027535e+06  -6.223999078817861e+05  3.593672516813623e+05  -1.024960352055958e+06  -3.215294158801175e+04  7.369726917637463e+05  -2.309066721189480e-03  6.012503918373518e-04  1.991401737867797e-02
  1.339999999999997e+01  -1.291056838919821e+06  -6.361717897087944e+05  3.349586862120715e+05  -1.003898004999029e+06  -3.339746682348934e+04  7.221746059052736e+05  -2.696865270057012e-03  -1.265305855006430e-03  1.968712404250192e-02
  1.349999999999997e+01  -1.270281251633607e+06  -6.378960740315795e+05  3.001595380244630e+05  -9.844647226181811e+05  -3.314912259055281e+04  7.143110861036151e+05  -3.161900750122141e-03  -3.092812736731346e-03  1.959676968081957e-02
  1.359999999999997e+01  -1.258032930213446e+06  -6.306829344564180e+05  2.551162797749690e+05  -9.746146046283033e+05  -2.964818263973092e+04  7.290284402194318e+05  -3.278215963304911e-03  -4.452802304138239e-03  1.652566158033577e-02
  1.369999999999997e+01  -1.253407625116821e+06  -6.237687245903021e+05  2.084078373050800e+05  -9.752739429224596e+05  -2.515205984410160e+04  7.609070525428434e+05  -2.918161569951381e-03  -4.961520807299124e-03  1.048218238832974e-02
  1.379999999999997e+01  -1.249949445095764e+06  -6.278009255762508e+05  1.772662544370060e+05  -9.799031335890041e+05  -2.293821844722106e+04  7.874566261184079e+05  -2.678370643727329e-03  -4.911713622477372e-03  5.148526046116591e-03
  1.389999999999997e+01  -1.243999525939367e+06  -6.455138572533671e+05  1.780995937127112e+05  -9.814764068318602e+05  -2.394847455155211e+04  7.902489332775320e+05  -3.393588189579325e-03  -5.181200677312994e-03  4.155433717020122e-03
  1.399999999999997e+01  -1.236001178392980e+06  -6.671109392555446e+05  2.072732412895584e+05  -9.787079686787600e+05  -2.893626886679514e+04  7.718666167174083e+05  -5.381722480067831e-03  -6.305706815182365e-03  7.202793737637697e-03
  1.409999999999997e+01  -1.230215612151103e+06  -6.789150547648378e+05  2.376675536345892e+05  -9.753836503629553e+05  -3.787508295733061e+04  7.522921978698721e+05  -7.968641215325518e-03  -7.715461808074725e-03  1.043329341545564e-02
  1.419999999999997e+01  -1.234031030610721e+06  -6.741925571400042e+05  2.453327330575116e+05  -9.748619787055622e+05  -4.604986318167857e+04  7.496366393716728e+05  -9.829751818675871e-03  -8.222771423295739e-03  1.047448102529982e-02
  1.429999999999997e+01  -1.251511010286650e+06  -6.553016273076877e+05  2.310601071535845e+05  -9.757105007158477e+05  -4.703940495248788e+04  7.675867755844676e+05  -1.009961470792175e-02  -7.337580453791654e-03  7.171657856500830e-03
  1.439999999999996e+01  -1.278761758539354e+06  -6.305507672535977e+05  2.098539150156843e+05  -9.747342864200240e+05  -4.035896030794577e+04  7.982079441531814e+05  -8.997587069340517e-03  -5.763116637958162e-03  2.626816419405088e-03
  1.449999999999996e+01  -1.306194267133098e+06  -6.097034382037657e+05  1.934169928206412e+05  -9.729066507131001e+05  -3.000724155852537e+04  8.292920548933547e+05  -7.385184537038762e-03  -4.675952860306605e-03  -1.004119239791696e-03
  1.459999999999996e+01  -1.325081619465462e+06  -5.979667596625529e+05  1.873391032794748e+05  -9.747734214294900e+05  -1.640533283435854e+04  8.518058437261356e+05  -5.834483556978774e-03  -4.499892360510294e-03  -2.699957941719873e-03
  1.469999999999996e+01  -1.331701565711742e+06  -5.917649552073589e+05  1.919628729604062e+05  -9.826453181542133e+05  2.264399992102040e+03  8.654738015313846e+05  -4.169468924709558e-03  -4.534752147096440e-03  -2.635223219848609e-03
  1.479999999999996e+01  -1.326468977521695e+06  -5.848232008283813e+05  2.005884249661419e+05  -9.923875210201669e+05  2.124353314138047e+04  8.748298458737166e+05  -2.142745410315178e-03  -4.189794541978355e-03  -1.559439678442710e-03
  1.489999999999996e+01  -1.312369862059132e+06  -5.775996504159980e+05  2.057992257037663e+05  -9.972579859876960e+05  2.961363867318623e+04  8.797339320901862e+05  -4.907983580995273e-04  -3.945490695180244e-03  3.429444236843453e-06
  1.499999999999996e+01  -1.296064987842734e+06  -5.749579931864962e+05  2.094670952891970e+05  -9.985832964611179e+05  2.142890973424883e+04  8.757499545857355e+05  -3.262715813346057e-04  -4.372441729950572e-03  1.877792076925811e-03
  1.509999999999996e+01  -1.286963753081787e+06  -5.776313874185425e+05  2.193464266830444e+05  -1.007232416105401e+06  2.892029314529816e+03  8.645464815812542e+05  -1.346129471289770e-03  -4.923616013612725e-03  3.609963402724194e-03
  1.519999999999996e+01  -1.291006317880477e+06  -5.817316992694717e+05  2.360511368864501e+05  -1.029476549172122e+06  -1.303483147655433e+04  8.562678097698016e+05  -1.954407084072893e-03  -4.551212394146018e-03  4.302807095107108e-03
  1.529999999999996e+01  -1.305534725812484e+06  -5.832372958736892e+05  2.508055617686662e+05  -1.057174863295962e+06  -1.767341727359997e+04  8.591536816210337e+05  -1.324955874554131e-03  -3.065161639039080e-03  3.348030465228961e-03
  1.539999999999996e+01  -1.320550967384475e+06  -5.788827339032077e+05  2.582079327528441e+05  -1.076839432703115e+06  -1.183107476916306e+04  8.717946134456594e+05  -3.460017916750088e-04  -1.281225055332950e-03  1.096130217391189e-03
  1.549999999999996e+01  -1.326418937539197e+06  -5.679301094624255e+05  2.637410267812528e+05  -1.082906703459801e+06  -1.723191321957766e+03  8.866306548321015e+05  -4.665410460601671e-04  -2.107086895304420e-04  -1.406215349728678e-03
  1.559999999999996e+01  -1.321800709853679e+06  -5.565574505857753e+05  2.754434113914542e+05  -1.079322452483978e+06  7.756707157607408e+03  8.970437701054674e+05  -2.125418974377934e-03  -3.549411998980096e-04  -3.132610885104654e-03
  1.569999999999996e+01  -1.313511979935033e+06  -5.538893858228923e+05  2.938668172065147e+05  -1.073510667558844e+06  1.548154541918327e+04  9.007049093061254e+05  -4.330062110495379e-03  -1.314900216262968e-03  -3.495682373004126e-03
  1.579999999999996e+01  -1.309240225294370e+06  -5.602103357861572e+05  3.123531324142495e+05  -1.070760163052893e+06  2.254177346299545e+04  8.998962507721982e+05  -5.540119129144435e-03  -1.968658457394262e-03  -2.518598720446266e-03
  1.589999999999996e+01  -1.312003776214045e+06  -5.651381942989068e+05  3.235583243954609e+05  -1.070621510017753e+06  2.981104594032123e+04  8.997182925899610e+05  -4.835215793336022e-03  -1.515342180664814e-03  -7.914928049182531e-04
  1.599999999999996e+01  -1.320864256230549e+06  -5.606315574934544e+05  3.234915775908686e+05  -1.067552319447918e+06  3.619950658272809e+04  9.038915073524616e+05  -2.379941315614444e-03  -3.557134892780974e-04  8.353548485524306e-04
  1.609999999999996e+01  -1.333236060787192e+06  -5.503481707927135e+05  3.122803316565397e+05  -1.057903072333586e+06  3.899438682609039e+04  9.114694170111389e+05  8.205119861885004e-04  4.751207727907217e-04  1.622367679540419e-03
  1.619999999999996e+01  -1.344708770084700e+06  -5.429271959341354e+05  2.955126345845793e+05  -1.046066913376262e+06  3.615448353131449e+04  9.188544411825321e+05  3.482857531395207e-03  5.593668061047612e-04  1.265230179716640e-03
  1.629999999999996e+01  -1.350745509803416e+06  -5.419947750248152e+05  2.821523305420356e+05  -1.040547011628807e+06  2.820921445239983e+04  9.244040195178546e+05  4.696778807171228e-03  3.127028894822156e-04  -8.800485766848531e-06
  1.639999999999996e+01  -1.351060981957100e+06  -5.454261883889319e+05  2.787886378250857e+05  -1.044655699728858e+06  1.798911956291703e+04  9.284241602814749e+05  4.310241907879567e-03  1.564764538960603e-04  -1.581414494225678e-03
  1.649999999999996e+01  -1.350155398544889e+06  -5.491962282623228e+05  2.865656566145364e+05  -1.053649840705648e+06  8.646129507533718e+03  9.295320482081788e+05  2.802561531002903e-03  9.891548099533210e-06  -2.680256282852280e-03
  1.659999999999997e+01  -1.352174565546533e+06  -5.496703178137258e+05  3.009783611527016e+05  -1.059570884871220e+06  1.879967829435155e+03  9.251690449007472e+05  9.045320646571621e-04  -4.194436623632689e-04  -2.828019840458568e-03
  1.669999999999997e+01  -1.356496163901150e+06  -5.454029207706780e+05  3.129297091940793e+05  -1.056934337600303e+06  -2.109808036103139e+03  9.163215501007383e+05  -6.619620231587298e-04  -1.145687558190117e-03  -2.270187153279507e-03
  1.679999999999997e+01  -1.358830454157576e+06  -5.385476666282509e+05  3.137771705190292e+05  -1.045798392113052e+06  -3.505449517418263e+03  9.082388709625765e+05  -1.326217565529099e-03  -1.752638339078342e-03  -1.702352480838029e-03
  1.689999999999997e+01  -1.355960763567217e+06  -5.333937593034499e+05  3.018444047939308e+05  -1.031284671289887e+06  -2.144032846996700e+03  9.053049552397097e+05  -8.765290595665733e-04  -1.709211039625161e-03  -1.563630716386274e-03
  1.699999999999997e+01  -1.349160743950537e+06  -5.330255953970150e+05  2.828090457140561e+05  -1.019074630881154e+06  1.975478092571527e+03  9.073445996470042e+05  3.867406629878813e-04  -8.926021288053430e-04  -1.778728070503959e-03
  1.709999999999997e+01  -1.342129043676099e+06  -5.369675045396305e+05  2.645217250220908e+05  -1.010873877354186e+06  7.702887083864808e+03  9.114455437221027e+05  1.793326702041769e-03  2.149797164049468e-04  -2.084332763843769e-03
  1.719999999999997e+01  -1.336759818641881e+06  -5.415805025525168e+05  2.527259386759822e+05  -1.004738550700759e+06  1.277076902696029e+04  9.156405870146188e+05  2.743952477861259e-03  9.259429389347605e-04  -2.398167963085925e-03
  1.729999999999998e+01  -1.333745423302823e+06  -5.434836603177655e+05  2.496162178891975e+05  -9.989204062149129e+05  1.565467327680362e+04  9.198158163966672e+05  3.106238244646774e-03  9.814905799590175e-04  -2.853050722729479e-03
  1.739999999999998e+01  -1.335302821020498e+06  -5.420611120538330e+05  2.546714952392968e+05  -9.941579053403694e+05  1.726950590137763e+04  9.236198096692661e+05  3.150476169334335e-03  7.139758287490628e-04  -3.506267539639778e-03
  1.749999999999998e+01  -1.343363180928409e+06  -5.387318897535845e+05  2.649586940825869e+05  -9.923854156446332e+05  1.966168746687121e+04  9.248346430167417e+05  3.134862227897378e-03  5.606811069201320e-04  -4.136166110253710e-03
  1.759999999999998e+01  -1.355237007669070e+06  -5.349500632053462e+05  2.748348235446439e+05  -9.943068141381792e+05  2.272692575371923e+04  9.210194342009467e+05  3.096968927737600e-03  5.338891246009169e-04  -4.436303708793123e-03
  1.769999999999998e+01  -1.363752993730677e+06  -5.308288307584825e+05  2.783631002333923e+05  -9.985608645112499e+05  2.363045599164290e+04  9.125031024134241e+05  3.004652955484642e-03  2.617029735322297e-04  -4.359631374099432e-03
  1.779999999999998e+01  -1.363121112257803e+06  -5.254276580225256e+05  2.734860362587881e+05  -1.002802669357992e+06  2.038003580713276e+04  9.027973441757141e+05  2.914540688258909e-03  -4.420770977397774e-04  -4.130641942449401e-03
  1.789999999999998e+01  -1.354101825072619e+06  -5.187276302139631e+05  2.635634257644688e+05  -1.005068522355519e+06  1.493217948116216e+04  8.961214019200116e+05  2.960661549663984e-03  -1.185814554792493e-03  -3.907863684419558e-03
  1.799999999999999e+01  -1.342859775080749e+06  -5.133269374697931e+05  2.551817954851576e+05  -1.004365266701792e+06  1.157596210750156e+04  8.948280055689861e+05  3.279958998553122e-03  -1.329902281212787e-03  -3.536048874153537e-03
  1.809999999999999e+01  -1.335348381068657e+06  -5.130785663665847e+05  2.540800500956865e+05  -1.000994223990778e+06  1.288707900142236e+04  8.982341526914213e+05  3.890256343902018e-03  -6.357652237650580e-04  -2.733326909498576e-03
  1.819999999999999e+01  -1.333596280312087e+06  -5.191952619911874e+05  2.614253931378696e+05  -9.967140611298083e+05  1.799926353534046e+04  9.030793479490533e+05  4.579975064716062e-03  5.564492781182216e-04  -1.513019073166672e-03
  1.829999999999999e+01  -1.335902067923542e+06  -5.279845120173519e+05  2.724202815996461e+05  -9.939006115997985e+05  2.406309157938022e+04  9.057183455877114e+05  4.942047220643379e-03  1.724883641264245e-03  -3.463071730729462e-04
  1.839999999999999e+01  -1.338491068866026e+06  -5.329412850227860e+05  2.790884041382325e+05  -9.940279955358529e+05  2.838082519313796e+04  9.046396429529795e+05  4.630497375410765e-03  2.547693316167543e-03  1.770847789581292e-04
  1.849999999999999e+01  -1.337603001491846e+06  -5.297990573113433e+05  2.759665148139147e+05  -9.968915529634199e+05  2.932878375227772e+04  9.008187551368412e+05  3.662776007011133e-03  2.912994576552002e-03  -9.806761186373109e-05
  1.859999999999999e+01  -1.331312239481406e+06  -5.198332606168021e+05  2.642359250521666e+05  -1.001292462346387e+06  2.632763058968165e+04  8.957240038648765e+05  2.413201890816586e-03  2.807489379621891e-03  -6.929763938311229e-04
  1.870000000000000e+01  -1.320389149965941e+06  -5.085007142790640e+05  2.504367691020389e+05  -1.006307541680346e+06  1.994805299766349e+04  8.898005555762963e+05  1.326693073220918e-03  2.359265923552770e-03  -9.303917011915779e-04
  1.880000000000000e+01  -1.307609283987851e+06  -5.010213559861768e+05  2.412857755263915e+05  -1.011808510730130e+06  1.202146688612070e+04  8.832017207600166e+05  6.989235240896433e-04  1.864171348382363e-03  -5.561891441438721e-04
  1.890000000000000e+01  -1.295843652378998e+06  -4.989056849407604e+05  2.393928656441974e+05  -1.017845053174020e+06  4.841350758232203e+03  8.773955605631415e+05  6.447704491528763e-04  1.590196014112964e-03  9.696753734225447e-05
  1.900000000000000e+01  -1.287085686329009e+06  -5.002438164946437e+05  2.427534622334311e+05  -1.023813719407288e+06  -3.316939160011904e+02  8.753679536196989e+05  1.131883470559716e-03  1.564661890773383e-03  5.131992917709272e-04
  1.910000000000000e+01  -1.282694290150753e+06  -5.027125300413538e+05  2.470179524890835e+05  -1.028526828047265e+06  -3.857875911223315e+03  8.796822200721516e+05  1.923793667848356e-03  1.628525960274986e-03  4.538203737185451e-04
  1.920000000000000e+01  -1.282907684675471e+06  -5.057867795949221e+05  2.487509947593538e+05  -1.031238420036896e+06  -6.425899466567001e+03  8.898436310622069e+05  2.526668808764669e-03  1.680592354885790e-03  7.413810383978344e-05
  1.930000000000000e+01  -1.285859626493093e+06  -5.105294265264487e+05  2.478527251930416e+05  -1.032240930876015e+06  -7.216851216640316e+03  9.015354588123772e+05  2.352493638538053e-03  1.767725633671027e-03  -2.553511820615575e-04
  1.940000000000001e+01  -1.288421452238327e+06  -5.180074872497052e+05  2.473362893280253e+05  -1.032099507216429e+06  -4.128931426338678e+03  9.091233697355617e+05  1.095606966137121e-03  1.941593841968358e-03  -1.961034020966424e-04
  1.950000000000001e+01  -1.288870839644282e+06  -5.279081651885937e+05  2.504507764382684e+05  -1.030560329152853e+06  3.655325490903400e+03  9.098155948063181e+05  -9.605212062029460e-04  2.112815814787536e-03  3.872949576270159e-04
  1.960000000000001e+01  -1.288135882913922e+06  -5.381179665386346e+05  2.579082046362784e+05  -1.026832538802242e+06  1.365193184989039e+04  9.057684291259996e+05  -3.026522263893070e-03  2.060583895390569e-03  1.376180616268486e-03
  1.970000000000001e+01  -1.288588442062088e+06  -5.458712960413124e+05  2.672309678852428e+05  -1.021055785008162e+06  2.128544998238306e+04  9.021843559003662e+05  -4.271389497028011e-03  1.566521041953326e-03  2.443850666866285e-03
  1.980000000000001e+01  -1.292030255206191e+06  -5.497553476615105e+05  2.746256180350163e+05  -1.015201131868284e+06  2.336302531710130e+04  9.032601950911349e+05  -4.306625076530673e-03  5.830510173150202e-04  3.215919647475851e-03
  1.990000000000001e+01  -1.298221552493055e+06  -5.508066330485736e+05  2.778225617936073e+05  -1.012242718156896e+06  2.035241804137886e+04  9.094576223186430e+05  -3.356218219666867e-03  -6.450917629417339e-04  3.500294676333981e-03
