TITLE = "Temporal Signal for receiver number 02956"
VARIABLES = "Time","xx","yy","zz","xy","yz","xz","u","v","w"
# x1       3.555588610000e+05
# x2       4.733552750000e+06
# x3       -1.200000000000e+04
  0.000000000000000e+00  0.000000000000000e+00  0.000000000000000e+00  0.000000000000000e+00  0.000000000000000e+00  0.000000000000000e+00  0.000000000000000e+00  0.000000000000000e+00  0.000000000000000e+00  0.000000000000000e+00
  1.000000000000000e-01  0.000000000000000e+00  0.000000000000000e+00  0.000000000000000e+00  0.000000000000000e+00  0.000000000000000e+00  0.000000000000000e+00  0.000000000000000e+00  0.000000000000000e+00  0.000000000000000e+00
  2.000000000000000e-01  0.000000000000000e+00  0.000000000000000e+00  0.000000000000000e+00  0.000000000000000e+00  0.000000000000000e+00  0.000000000000000e+00  0.000000000000000e+00  0.000000000000000e+00  0.000000000000000e+00
  3.000000000000000e-01  0.000000000000000e+00  0.000000000000000e+00  0.000000000000000e+00  0.000000000000000e+00  0.000000000000000e+00  0.000000000000000e+00  0.000000000000000e+00  0.000000000000000e+00  0.000000000000000e+00
  4.000000000000000e-01  -3.473430042644314e-14  -1.783406123134875e-14  -3.164507382955007e-14  2.721674317774585e-15  2.418365814429593e-15  -1.838657267382061e-14  -2.520668319105254e-21  3.421366658139155e-22  -2.200504873805135e-21
  5.000000000000000e-01  1.957699023441553e-11  1.408161392599420e-11  2.220560097668032e-11  -3.170980415917489e-12  -2.386415768530230e-12  7.890188898037599e-12  1.473883079671098e-18  -3.063887303507418e-19  1.841106402690405e-18
  6.000000000000000e-01  5.615911037947676e-11  -3.554482404038640e-10  -1.631090675955319e-10  1.524040295223035e-10  2.238015032255274e-10  4.020824867742832e-10  -1.938008750635679e-21  2.066626342746571e-17  -3.023350082983925e-17
  7.000000000000000e-01  -7.943907598859230e-08  -2.900220806846802e-08  -4.519973131785638e-08  -1.337181331763566e-08  -1.248595988693446e-08  -3.368376126170923e-08  -5.510931318312876e-15  -1.959277642088774e-15  -2.673491850429469e-15
  7.999999999999999e-01  6.008680799290793e-08  1.444204531873366e-07  1.044188121424868e-07  -5.917715484753326e-08  2.831006906221956e-09  5.068191753242191e-08  7.442805602963925e-15  5.067234936262462e-16  1.114415025598960e-14
  8.999999999999999e-01  1.620214123671545e-06  1.375334515389149e-06  2.513361872482573e-06  -1.329624451439440e-06  -7.660771332409426e-07  1.374842164844703e-06  9.928040995070234e-14  -1.785092668362221e-13  1.932656365338449e-13
  9.999999999999999e-01  1.863373724920215e-05  1.823679260289679e-05  5.438287509458783e-05  -1.170314017440591e-05  -1.008553868472890e-05  1.961956034696070e-05  7.159063919145807e-13  -2.282526964758144e-12  4.428461787308855e-12
  1.100000000000000e+00  3.852111079342814e-04  2.619446375684460e-04  4.994490512922338e-04  5.681038048344641e-05  -3.943290381834836e-06  2.122912314267066e-04  2.258735275174206e-11  1.550662379398757e-12  3.908480519808246e-11
  1.200000000000000e+00  7.097234434373874e-04  7.211244149184404e-04  1.479742072963026e-03  3.088128691388260e-04  7.510789004939509e-05  4.505766164087285e-04  3.626248812284843e-11  2.941963186904382e-11  1.176104378841807e-10
  1.300000000000000e+00  -1.060080692884273e-02  -3.748914941107137e-03  -5.112020541946022e-04  -3.675465245393103e-03  -1.679489654183133e-03  -1.839451683171916e-03  -7.613192119818256e-10  -4.617856872394616e-10  6.446294986921496e-12
  1.400000000000000e+00  7.004357863071746e-02  3.631028217518164e-02  3.583402072364723e-02  6.272799388866268e-03  1.771126514558966e-04  1.790846503956669e-02  4.980044338300621e-09  4.857891229306807e-10  2.243730406624115e-09
  1.500000000000000e+00  -1.324470726630726e-01  -6.021750948240510e-02  5.477684520018912e-03  -1.441444560320053e-02  -1.749514432602504e-02  -3.522651613640402e-02  -1.100389351275086e-08  -3.627180435046429e-09  1.507279210650465e-09
  1.600000000000000e+00  -2.185268675802855e-02  6.707435193913303e-02  1.620864794585493e-01  3.569177793874055e-02  1.363356574098250e-01  7.019870239378685e-02  -2.933122278075348e-09  1.714446888067370e-08  1.277763863216797e-08
  1.700000000000000e+00  9.782057659226880e-01  1.094741819930886e-01  -6.322179037271169e-01  1.179399678067730e-01  -1.660407228978628e-02  1.997243421217351e-02  9.325537885553163e-08  1.332009863343251e-08  -5.032546250640610e-08
  1.800000000000000e+00  -3.624213388473897e+00  -1.363630476446737e+00  -8.481793565858992e-01  -5.475734234501601e-01  -5.224609953935280e-01  -8.885559480035971e-01  -3.115470112595095e-07  -1.330949504505567e-07  -3.541882062814777e-08
  1.900000000000001e+00  8.375429773188278e+00  4.002548972963217e+00  5.105139014035380e+00  1.075834405969224e+00  1.143098978474504e+00  2.582139116382627e+00  6.742751767110158e-07  2.464063470225565e-07  3.312595444707181e-07
  2.000000000000000e+00  2.740280187506146e-02  -3.411155809810509e+00  -1.001535681126496e+01  7.244823846100500e-01  1.207650591311256e+00  9.598546957943703e-01  1.344570376038977e-08  9.178710631086927e-08  -6.300654431614284e-07
  2.100000000000001e+00  -8.372662362655239e+00  -6.217687559315727e+01  -2.371825375224079e+02  2.711883627193736e+01  3.577532277406178e+01  -4.183867232744649e+01  5.650038413920901e-07  4.532199324361593e-06  -1.645081505558428e-05
  2.200000000000001e+00  9.828349924905446e+01  -1.098880677905792e+02  -5.586481572399103e+02  7.698623424725234e+01  9.839461476983448e+01  -6.775818098297202e+01  7.850843422790772e-06  1.230339577899327e-05  -3.834263151079152e-05
  2.300000000000001e+00  3.014351385223902e+02  -1.113437855554982e+02  -8.410737546528190e+02  1.380156271664262e+02  1.804359261296106e+02  -6.961175931428514e+01  2.024850711562914e-05  2.153326748118883e-05  -5.576840913586124e-05
  2.400000000000001e+00  4.717459740781263e+02  -1.737097063955991e+02  -1.239101234489300e+03  1.797457865871965e+02  2.639885324626932e+02  -1.082614240271918e+02  2.951774660637689e-05  2.681043981625153e-05  -7.737027466894208e-05
  2.500000000000001e+00  2.859508370982860e+02  -3.805406968493483e+02  -1.921998344094175e+03  3.083088967496249e+02  3.752229259322515e+02  -2.783562060677850e+02  1.010420348457289e-05  4.078080971547557e-05  -1.218104383466457e-04
  2.600000000000001e+00  3.211687569134511e+03  8.430836449542744e+02  -1.395992280241008e+03  6.801939735339730e+02  5.889638419879300e+02  2.643687528497263e+02  2.091423569245545e-04  9.312632531232198e-05  -9.819166196173222e-05
  2.700000000000001e+00  -3.145969837262559e+03  -3.341795919705678e+03  -5.085406276265657e+03  -1.209227557752520e+03  4.283594482625670e+02  -4.526702412993592e+02  -1.953344082528947e-04  -1.035832964189599e-04  -2.416613838452074e-04
  2.800000000000001e+00  1.137548471161928e+04  3.083323457868810e+03  -1.012463966760018e+04  5.222401973910725e+03  2.632287826744431e+03  -2.614077642358047e+03  6.888977762387209e-04  5.527666427444418e-04  -8.257184338771058e-04
  2.900000000000001e+00  -1.554953719374410e+04  -9.916963301460668e+03  -1.850848007531729e+04  -7.806166582480836e+02  3.004574407454600e+03  -1.762018455515089e+03  -1.194971346791852e-03  5.870812285261696e-05  -9.400809561184052e-04
  3.000000000000001e+00  -1.262220535431817e+05  -1.245718590573529e+05  -3.521428055558528e+05  2.661462972032098e+04  3.793174038904279e+04  -1.091914779026318e+05  -8.917658857265538e-03  4.410025642999903e-03  -2.478087725610675e-02
  3.100000000000001e+00  2.436127754738052e+05  -8.776132407710722e+04  -6.782626597904188e+05  1.170452285560238e+05  1.357616866717898e+05  -1.259470946487088e+05  1.609007658366777e-02  1.758290038464211e-02  -4.845674942455914e-02
  3.200000000000002e+00  6.118296360525399e+05  7.613461956156810e+03  -7.405972422926589e+05  1.587735544877075e+05  1.910791592915153e+05  -2.769118411402252e+04  3.482919427356392e-02  2.083409515678001e-02  -4.492920999616321e-02
  3.300000000000002e+00  7.526992043774530e+05  -1.833570289261383e+04  -9.505364551072095e+05  1.965797553433496e+05  2.425701129105870e+05  -4.306665717810521e+03  3.901268835757828e-02  2.262847566879189e-02  -4.961412226577582e-02
  3.400000000000002e+00  1.147737504414962e+06  -1.186164455908380e+04  -1.406012879020291e+06  3.197959932133481e+05  3.336831931603303e+05  -6.837333217390317e+04  5.823636116272628e-02  3.403330608977467e-02  -7.753120814787047e-02
  3.500000000000002e+00  1.589408454105123e+06  2.472048242798948e+04  -1.986098918784377e+06  4.691963599294970e+05  4.338671911350302e+05  -1.149114443477334e+05  7.747507960977242e-02  4.653915062657926e-02  -1.060141804241546e-01
  3.600000000000002e+00  1.501033706386622e+06  6.702995118125381e+04  -1.921529624887116e+06  4.546580414344053e+05  4.020846546442513e+05  -8.317181433762802e+04  4.725765164070151e-02  3.054570239028447e-02  -7.712160777959322e-02
  3.700000000000002e+00  7.973546258660884e+05  8.639459199904207e+04  -1.172476346106057e+06  2.735698263157382e+05  2.035220679991027e+05  -1.199748724025250e+05  -3.440314098746735e-02  -1.163427512030592e-02  -1.083526318679899e-03
  3.800000000000002e+00  1.611850683225947e+04  8.253210086203174e+04  -4.367960514156616e+05  7.653909749159147e+04  -3.422144956764334e+04  -2.642331777052551e+05  -1.086820774854968e-01  -4.904970406727462e-02  6.529043762957791e-02
  3.900000000000002e+00  -3.997252672553051e+05  7.286288351824036e+04  -1.261943778664565e+05  -2.597792478364726e+04  -1.851227211383603e+05  -3.597334927759551e+05  -1.386443026230966e-01  -6.617385320867028e-02  9.440752528035910e-02
  4.000000000000002e+00  -4.228135116247961e+05  8.160696575520000e+04  -1.183889116761446e+05  -2.688254457950489e+04  -1.991691512951264e+05  -3.541682276589409e+05  -1.396357624884228e-01  -6.779466120802666e-02  9.804567949569351e-02
  4.100000000000001e+00  -2.316910507079320e+05  6.670857133201046e+04  -2.723790195605498e+05  1.183149794947285e+04  -1.042279513482943e+05  -3.225315198653951e+05  -1.280151310244468e-01  -5.946515224392756e-02  8.700147299990117e-02
  4.200000000000001e+00  6.375478033464937e+04  2.017653056355538e+04  -5.118108731853097e+05  4.881247284592832e+04  3.616396139531646e+04  -2.929503427787294e+05  -1.062831936848685e-01  -4.496870579739144e-02  6.702135634058307e-02
  4.300000000000001e+00  3.440644375259340e+05  -2.707688708632586e+04  -7.389820371485450e+05  7.375021892040641e+04  1.581607532474624e+05  -2.539162033365072e+05  -7.946434563282748e-02  -3.040970489608843e-02  4.604522502903918e-02
  4.400000000000000e+00  5.002899080957600e+05  -4.643260715646703e+04  -8.934003714220191e+05  9.689079770371894e+04  2.172623898915275e+05  -2.289339059947083e+05  -5.734056849894874e-02  -2.006818601444254e-02  2.918354165149332e-02
  4.500000000000000e+00  5.508614919610978e+05  -2.708864787729058e+04  -9.836522039783269e+05  1.338355690169093e+05  2.229408569754923e+05  -2.348478450222817e+05  -4.301702387071581e-02  -1.367781167168392e-02  1.794230914572148e-02
  4.600000000000000e+00  6.128594037317780e+05  3.245838454425151e+04  -1.027252403294555e+06  1.759812937198461e+05  2.052096768432324e+05  -2.389480462222080e+05  -3.190156843026137e-02  -1.176809915378717e-02  1.370543010382639e-02
  4.699999999999999e+00  6.745301993311653e+05  8.582537816811992e+04  -1.056229784606038e+06  2.089903554497936e+05  1.898439814365922e+05  -2.263400734684275e+05  -2.500436191649930e-02  -1.179453051844968e-02  1.243745338031088e-02
  4.799999999999999e+00  7.054120750313970e+05  1.179027896768795e+05  -1.084765306389602e+06  2.378615896708230e+05  1.908641236325719e+05  -2.077302947680170e+05  -2.256564690312043e-02  -1.026746756535309e-02  8.803225920866619e-03
  4.899999999999999e+00  7.051955986106894e+05  1.334261762607599e+05  -1.110943386935170e+06  2.667888004446473e+05  1.852400993255768e+05  -1.807276794975354e+05  -1.860730049168832e-02  -8.567158256858866e-03  3.377913798827704e-03
  4.999999999999998e+00  6.927964486823002e+05  1.372375947010841e+05  -1.150747824397617e+06  2.913320807270253e+05  1.675065848360473e+05  -1.535015653743631e+05  -1.317411628098575e-02  -7.239900750530930e-03  -2.521285162724994e-03
  5.099999999999998e+00  6.847698658606692e+05  1.469950281711863e+05  -1.199231338278738e+06  3.120771334960180e+05  1.484029913842377e+05  -1.268939185264405e+05  -1.022311034739488e-02  -5.825424712112171e-03  -6.932214422905744e-03
  5.199999999999998e+00  6.536729718649799e+05  1.584716087809966e+05  -1.233979966795794e+06  3.260310848780461e+05  1.266935617862196e+05  -1.030428637163185e+05  -1.002652588787005e-02  -5.019472502347901e-03  -8.015840792995093e-03
  5.299999999999997e+00  5.847811361661096e+05  1.564868557162041e+05  -1.270728667309649e+06  3.341602776780023e+05  1.051178749027977e+05  -1.067961016676382e+05  -1.217910263086027e-02  -5.067524198751484e-03  -8.420023030155368e-03
  5.399999999999997e+00  5.238713030039900e+05  1.681943634170793e+05  -1.278514494001744e+06  3.454623535991234e+05  8.674545420662708e+04  -1.255580496867197e+05  -1.482874156328185e-02  -5.762400946275027e-03  -6.954424943847955e-03
  5.499999999999996e+00  4.703452528429464e+05  2.013446596142885e+05  -1.259511423456017e+06  3.633308046355369e+05  6.987258074758254e+04  -1.403994263216216e+05  -1.776015173750323e-02  -6.204164105187648e-03  -3.597173666743007e-03
  5.599999999999996e+00  3.998010947163195e+05  2.317704927397821e+05  -1.238601136505126e+06  3.741129070489997e+05  5.033051040928986e+04  -1.553357355544021e+05  -2.269463034956224e-02  -7.372951021003940e-03  -8.240528376196676e-04
  5.699999999999996e+00  3.484111849025236e+05  2.463914704065012e+05  -1.197923757892713e+06  3.606109108813991e+05  3.422172420288013e+04  -1.744308364379740e+05  -2.783002764073153e-02  -1.034223293014662e-02  1.413965380598639e-03
  5.799999999999995e+00  3.679452361224146e+05  2.237936885073417e+05  -1.186129500387627e+06  3.247621045844213e+05  4.808038446166857e+04  -2.027347063651850e+05  -2.712956563217080e-02  -1.116230043240594e-02  -5.713776818794421e-04
  5.899999999999995e+00  4.714583923302611e+05  1.567339200790295e+05  -1.249033914887507e+06  2.863065411829467e+05  1.037874430789395e+05  -2.351834476563907e+05  -1.779853358332485e-02  -6.029949028323601e-03  -9.260946273637093e-03
  5.999999999999995e+00  6.091345591461433e+05  8.040084559128106e+04  -1.350516525009922e+06  2.645514043911184e+05  1.824861776594609e+05  -2.657114924673878e+05  -5.657552372653187e-03  3.712497011494512e-03  -2.078952585570680e-02
  6.099999999999994e+00  7.358903533550114e+05  7.915747743404315e+04  -1.352378324477029e+06  2.603315079013597e+05  2.650760258324338e+05  -2.925852951300603e+05  3.295392825456325e-03  1.384007070648201e-02  -2.471303386408162e-02
  6.199999999999994e+00  8.314262384293634e+05  1.626359269065560e+05  -1.238717859737571e+06  2.607306500465211e+05  3.306039865317483e+05  -3.275238933398247e+05  6.866564453829356e-03  2.058781838784842e-02  -2.004420251838740e-02
  6.299999999999994e+00  8.940839761890642e+05  3.197452605959097e+05  -9.668519701709861e+05  2.491479042152602e+05  4.253656134293643e+05  -3.773340873288628e+05  7.285242699060398e-03  2.940967100741618e-02  -2.382027667570098e-03
  6.399999999999993e+00  1.065213387622643e+06  5.894276838082602e+05  -3.770601611309813e+05  2.029238439565461e+05  5.990264520551270e+05  -5.353780928067208e+05  -9.880856007690557e-03  4.494660195170981e-02  3.949074740244444e-02
  6.499999999999993e+00  1.356126399618655e+06  8.273882676269283e+05  2.387665222036855e+05  6.648699376895104e+04  8.165659579710731e+05  -8.672597164464603e+05  -5.026825449146521e-02  6.761360494174309e-02  8.517718887643393e-02
  6.599999999999993e+00  1.138864513915463e+06  6.911250199755452e+05  3.219857194374775e+05  -3.651367864187307e+03  9.122163715393032e+05  -9.859899167771325e+05  -5.313271044068259e-02  7.006696540200583e-02  9.312376203866859e-02
  6.699999999999992e+00  8.291806741114918e+05  4.570249232756030e+05  5.216419630856871e+05  -1.688181737593098e+04  9.313516300427743e+05  -1.018764984676918e+06  -3.976607351488099e-02  5.972162557261013e-02  1.020570813228276e-01
  6.799999999999992e+00  7.173339955595068e+05  2.055267385683396e+05  3.534855758115870e+05  -1.717813666849342e+05  1.175149839061019e+06  -1.237019528320650e+06  -5.845904013383382e-02  8.253222060703241e-02  8.234971866571605e-02
  6.899999999999991e+00  3.526592271147529e+05  5.362685494730001e+03  -3.557173435277946e+03  -4.456391222757873e+05  1.622090966167812e+06  -1.584549499986414e+06  -7.796861993498767e-02  1.261854860586336e-01  5.791439012792467e-02
  6.999999999999991e+00  -2.911105419564765e+05  -8.402707991420545e+04  1.017452105517330e+06  -4.680419647173068e+05  1.607452732838894e+06  -1.696041284222337e+06  -3.652452493916924e-02  9.298465792381050e-02  1.301551662302739e-01
  7.099999999999991e+00  -8.449550907936654e+05  -3.867439648424950e+05  2.245761136899685e+06  -1.338429042705313e+05  1.055939111503403e+06  -1.348764344487257e+06  4.417675413673755e-02  -1.209951190532195e-02  1.933308680656391e-01
  7.199999999999990e+00  -5.723373266319627e+05  -5.170136440760143e+05  2.377911534419471e+06  2.066219583874887e+05  5.690890578590137e+05  -8.841180426028853e+05  7.448024906327128e-02  -8.630085732164851e-02  1.601441071615760e-01
  7.299999999999990e+00  3.691934316392358e+05  -2.062451394040252e+05  1.324065722495014e+06  3.271848821213840e+05  5.015068231707299e+05  -6.109936351281676e+05  4.318440661801431e-02  -8.482289076809342e-02  6.322669733945921e-02
  7.399999999999990e+00  1.223611391088359e+06  3.449807114805965e+05  9.928535331994733e+03  3.326574892344554e+05  6.959675661671397e+05  -5.979924812549051e+05  -2.204747432786744e-03  -4.673392232669886e-02  -2.003588742651373e-02
  7.499999999999989e+00  1.560794691046491e+06  7.419537897557095e+05  -7.128266740562085e+05  3.323493816763184e+05  9.071504638399224e+05  -6.902817620450922e+05  -2.446048382287143e-02  -1.454501092064863e-02  -5.846247053701081e-02
  7.599999999999989e+00  1.551357645445046e+06  8.470271939379341e+05  -7.789984475902503e+05  3.185148634989015e+05  1.029089726752961e+06  -6.892872685156548e+05  -1.704940001520729e-02  1.821048153302185e-03  -6.590278435194628e-02
  7.699999999999989e+00  1.488027046879131e+06  7.631578565176299e+05  -6.336722661151022e+05  2.877343113008478e+05  1.070080480079614e+06  -5.940985922898859e+05  4.796492303198046e-03  7.064433127532384e-03  -5.724143352049786e-02
  7.799999999999988e+00  1.475334145203664e+06  6.463954939656061e+05  -5.677613705230892e+05  2.605597225091787e+05  1.057764692401525e+06  -5.011628671669430e+05  2.532978457206695e-02  7.475912250567760e-03  -4.092878194657575e-02
  7.899999999999988e+00  1.468800163099071e+06  5.938107006096659e+05  -4.991338236105008e+05  2.455471013533495e+05  1.012314846323726e+06  -4.495402649643528e+05  3.503056591894880e-02  6.685912783348390e-03  -2.652216443595096e-02
  7.999999999999988e+00  1.401143276895923e+06  5.668539829515328e+05  -4.144256733173724e+05  2.502623501765176e+05  9.782959077383997e+05  -4.272504834768244e+05  3.477331077345654e-02  6.880435789034928e-03  -2.679134274037003e-02
  8.099999999999987e+00  1.328898965762344e+06  5.357867841890223e+05  -3.630748594754709e+05  2.717841956878759e+05  9.918170271790558e+05  -4.192226722954917e+05  3.277142527304271e-02  9.668753981658534e-03  -3.706197520107030e-02
  8.199999999999987e+00  1.322497828904941e+06  5.166106624172732e+05  -3.565103030294517e+05  2.902986212275426e+05  1.028907417868221e+06  -4.094595091685836e+05  3.451689819385086e-02  1.284326046713734e-02  -4.147608381476096e-02
  8.299999999999986e+00  1.355627290735268e+06  5.159344426805209e+05  -3.596317391521469e+05  2.889510216649888e+05  1.043534098249387e+06  -3.785340372827282e+05  4.114926215765326e-02  1.166327671885826e-02  -3.366839084863455e-02
  8.399999999999986e+00  1.394661275017104e+06  5.176515629806131e+05  -3.283312900756517e+05  2.771279236578464e+05  1.021805643353731e+06  -3.169060633011432e+05  4.910916768083002e-02  6.215538562170666e-03  -2.017270017033730e-02
  8.499999999999986e+00  1.423358544993742e+06  4.906603402446572e+05  -2.779877458799655e+05  2.727657051143829e+05  9.864435011946699e+05  -2.483831362858924e+05  5.429983521160835e-02  2.906669204582699e-03  -1.021056171327440e-02
  8.599999999999985e+00  1.413261340646029e+06  4.173250997649179e+05  -2.470301387655261e+05  2.766470617538526e+05  9.545848302050513e+05  -2.097811282244360e+05  5.477129588355674e-02  3.182079183859913e-03  -7.135141374107496e-03
  8.699999999999985e+00  1.363042193665541e+06  3.295481665015368e+05  -2.290430088641293e+05  2.744835325769232e+05  9.296009099268423e+05  -1.907107815774933e+05  5.203330121553464e-02  2.683885176515912e-03  -6.346754969632935e-03
  8.799999999999985e+00  1.300546923174183e+06  2.631768225619033e+05  -1.979874717885603e+05  2.578562650494141e+05  9.180725192355595e+05  -1.449448385451712e+05  5.120404033032613e-02  -4.488114946358847e-04  -1.580916392206986e-03
  8.899999999999984e+00  1.251674370309356e+06  2.087902119137659e+05  -1.806065962480999e+05  2.368274889948322e+05  9.062102247834988e+05  -6.695092426385295e+04  5.387415050930045e-02  -5.806952715533265e-03  4.545217541908172e-03
  8.999999999999984e+00  1.216951324828696e+06  1.632658656399185e+05  -1.593439013686008e+05  2.193476350289280e+05  8.888738959883064e+05  3.234566419365965e+03  5.655472291301007e-02  -1.084384814625773e-02  8.927113738345791e-03
  9.099999999999984e+00  1.168301039638028e+06  1.248183170256361e+05  -9.351668676289698e+04  2.098386648224664e+05  8.716812110507479e+05  4.027266674215661e+04  5.604520442401666e-02  -1.451540512771505e-02  1.198922500079267e-02
  9.199999999999983e+00  1.104081870034654e+06  8.757128245370642e+04  -1.926101574135724e+04  2.048041295066125e+05  8.543753532119978e+05  4.246951998382392e+04  5.016228037667577e-02  -1.736036747803827e-02  1.218094928178247e-02
  9.299999999999983e+00  1.052758373493700e+06  5.216700094590895e+04  2.133454506106425e+04  1.989046166900973e+05  8.306278172738333e+05  1.456786398925031e+04  3.996731658187366e-02  -2.044260835269275e-02  1.021877185683603e-02
  9.399999999999983e+00  1.018575008709387e+06  1.636127254590096e+04  3.055869632338055e+04  1.965938535680156e+05  7.980075649074058e+05  -3.544269758390953e+04  2.940525962654825e-02  -2.331562225466480e-02  1.012382554738662e-02
  9.499999999999982e+00  9.850915555036692e+05  -1.276889455113166e+04  3.761836807887662e+04  2.048753459514902e+05  7.697006921392574e+05  -9.828599355564899e+04  1.973707055391257e-02  -2.231574768019991e-02  1.323578788076016e-02
  9.599999999999982e+00  9.442246092552064e+05  -1.419064113075774e+04  6.478529661108467e+04  2.244413277108563e+05  7.567568504848476e+05  -1.661341392097226e+05  9.747798423911921e-03  -1.658250826721762e-02  1.696650779582129e-02
  9.699999999999982e+00  8.923592593810230e+05  1.754653382235984e+03  9.362321354747418e+04  2.556735368809478e+05  7.637914383665221e+05  -2.355791525287983e+05  -6.551225367476475e-04  -1.098913940540918e-02  1.860387459179943e-02
  9.799999999999981e+00  8.477945974569171e+05  1.144570798661345e+04  1.123736810984668e+05  2.940040585833658e+05  7.818430742350788e+05  -3.004528011734647e+05  -1.112602453816570e-02  -1.001783003889281e-02  1.812069536056277e-02
  9.899999999999981e+00  8.323424714199519e+05  1.960304570072840e+04  9.532185428695749e+04  3.148755021160768e+05  7.811325600590347e+05  -3.478138381057036e+05  -2.177025651206494e-02  -1.145965544288099e-02  1.368837730992647e-02
  9.999999999999980e+00  8.363779893198562e+05  5.906940579196112e+04  4.157651393913063e+03  2.942747215097925e+05  7.488088058618390e+05  -3.757180307678117e+05  -3.165647683564367e-02  -8.802038944755227e-03  3.164712792858823e-03
  1.009999999999998e+01  8.334912227707293e+05  1.410741989065167e+05  -1.352720525408601e+05  2.501763110446438e+05  7.093332410608965e+05  -3.938143364899110e+05  -3.795256696334729e-02  -3.978660410672186e-04  -9.807092825080507e-03
  1.019999999999998e+01  8.058161702814952e+05  2.184920891676929e+05  -2.632994862734494e+05  2.271206259979868e+05  6.934109025722903e+05  -4.095876123675758e+05  -3.826873569200677e-02  9.280752365988441e-03  -2.058884072044292e-02
  1.029999999999998e+01  7.782874798219113e+05  2.536191432830952e+05  -3.109678773876040e+05  2.404506191704119e+05  7.128137760119893e+05  -4.189642626367229e+05  -3.302634371909192e-02  1.700223364961772e-02  -2.585170874072602e-02
  1.039999999999998e+01  7.811174657083326e+05  2.528793637390201e+05  -2.569910353186235e+05  2.674482713020316e+05  7.532569221526461e+05  -4.045415234543532e+05  -2.375121639905932e-02  2.245458259892565e-02  -2.429808022297483e-02
  1.049999999999998e+01  8.210975117274837e+05  2.577824097380909e+05  -1.357141945191238e+05  2.819453758862910e+05  7.963364670811463e+05  -3.743819020853344e+05  -1.360719475174809e-02  2.585733156286582e-02  -1.655138392475940e-02
  1.059999999999998e+01  8.757220413077695e+05  2.955595273939348e+05  -3.110190652604327e+04  2.778905191859786e+05  8.244170089548593e+05  -3.494346074621196e+05  -5.735869544119240e-03  2.570168655682359e-02  -8.229435212599362e-03
  1.069999999999998e+01  9.141249911310611e+05  3.465400524335356e+05  -1.992252623112336e+04  2.653397476606024e+05  8.167675735090289e+05  -3.243798096979230e+05  -1.984958172737450e-04  1.997447207855909e-02  -6.408266787428739e-03
  1.079999999999998e+01  9.539045587652596e+05  3.954377403828902e+05  -5.443183055224163e+04  2.513513065301416e+05  7.760912165513816e+05  -3.054456276686576e+05  2.405811382291068e-03  1.051399451113968e-02  -8.774819937575645e-03
  1.089999999999998e+01  1.006609883906442e+06  4.271127659131782e+05  -8.371995203975480e+04  2.367666603607817e+05  7.254272433809878e+05  -3.088779263439532e+05  1.380145346540294e-03  1.767339919434533e-03  -1.081213468273044e-02
  1.099999999999998e+01  1.041347039906334e+06  4.272205828572280e+05  -1.240011027851957e+05  2.230275538376620e+05  6.838966576762372e+05  -3.329215935585088e+05  -1.453901355762806e-03  -3.439682477082624e-03  -1.239067027007027e-02
  1.109999999999998e+01  1.051676034989716e+06  4.199227512557004e+05  -1.614060561917189e+05  2.128638229928517e+05  6.626284425331956e+05  -3.709950706101852e+05  -4.579699817252219e-03  -5.127221565737650e-03  -1.276131855665087e-02
  1.119999999999998e+01  1.064833998197900e+06  4.339457874692050e+05  -1.666724313423614e+05  2.124535771178156e+05  6.643286282892816e+05  -4.203746861857640e+05  -8.593627891321435e-03  -4.915562890157915e-03  -1.099912310434646e-02
  1.129999999999998e+01  1.096386606911242e+06  4.640109468292982e+05  -1.470827788053674e+05  2.265787732118107e+05  6.812975856361331e+05  -4.774988439496387e+05  -1.433329196692955e-02  -4.030023161418461e-03  -8.701782850554155e-03
  1.139999999999998e+01  1.135795730673640e+06  4.892074496241102e+05  -1.247610101666516e+05  2.475979450645106e+05  7.030520559863016e+05  -5.376648869683286e+05  -2.106388407571735e-02  -2.522453464433182e-03  -7.832670369476156e-03
  1.149999999999998e+01  1.165011678193229e+06  4.990744952757983e+05  -9.462710394333076e+04  2.595955024228629e+05  7.219785729748245e+05  -5.892295393857193e+05  -2.601947168279719e-02  -6.545890301962904e-04  -7.161985024030873e-03
  1.159999999999997e+01  1.170386022162983e+06  4.930795980428311e+05  -4.591602887686953e+04  2.539301605378062e+05  7.359962419756110e+05  -6.164077343155043e+05  -2.689306193730449e-02  8.574770848950787e-04  -4.533509323517938e-03
  1.169999999999997e+01  1.148462732756521e+06  4.792955056080779e+05  1.805945098959403e+04  2.354883705724032e+05  7.521262882193900e+05  -6.116925712986270e+05  -2.376021487232685e-02  2.317805874244151e-03  3.149603936055165e-04
  1.179999999999997e+01  1.100645731078479e+06  4.700500814568062e+05  9.470940729472331e+04  2.155162451576187e+05  7.798193929341848e+05  -5.787449531155874e+05  -1.801055353871436e-02  4.796118954745924e-03  6.781782750158457e-03
  1.189999999999997e+01  1.028620364610746e+06  4.652128380241942e+05  1.746559907569565e+05  2.012359340386245e+05  8.190351290136642e+05  -5.317281318618066e+05  -1.148884506745718e-02  8.467601346506197e-03  1.331920982112361e-02
  1.199999999999997e+01  9.485133977325575e+05  4.574844259807562e+05  2.489066578649522e+05  1.917203931848247e+05  8.629247517445737e+05  -4.914711650357416e+05  -6.156789776264659e-03  1.267873688812500e-02  1.841282360378021e-02
  1.209999999999997e+01  8.801744072553905e+05  4.375171639513217e+05  3.070522699060139e+05  1.828172480213757e+05  9.007621748128504e+05  -4.719610753926004e+05  -3.049383996245904e-03  1.631851521489359e-02  2.146391825694891e-02
  1.219999999999997e+01  8.316013187221842e+05  3.989728472287757e+05  3.344760265953956e+05  1.715149605986633e+05  9.224096826251487e+05  -4.762025970752568e+05  -2.463964626017419e-03  1.835957390186151e-02  2.241216427106410e-02
  1.229999999999997e+01  8.078602614286361e+05  3.545807950031646e+05  3.376365664423900e+05  1.562292151368155e+05  9.297595167789917e+05  -4.984808386239884e+05  -4.132587522110342e-03  1.899936561953093e-02  2.232224439669958e-02
  1.239999999999997e+01  8.048116548489323e+05  3.223776620632849e+05  3.361773710561857e+05  1.383781635376136e+05  9.324093318387645e+05  -5.254916432364103e+05  -6.488326709671035e-03  1.904299930888528e-02  2.268004525827547e-02
  1.249999999999997e+01  8.021039786192750e+05  3.024684343868805e+05  3.403372563844602e+05  1.224808978845322e+05  9.359694312976167e+05  -5.429954495105480e+05  -7.203653816716505e-03  1.849634760661437e-02  2.408287559487060e-02
  1.259999999999997e+01  7.847807232522254e+05  2.844876097455621e+05  3.508237147558990e+05  1.146755413720107e+05  9.409007223185172e+05  -5.410865120143541e+05  -4.713867703216978e-03  1.688743949646463e-02  2.590451471201257e-02
  1.269999999999997e+01  7.639054308916796e+05  2.684117433181835e+05  3.671816719655654e+05  1.185477800111927e+05  9.467410408463312e+05  -5.177471022737347e+05  5.151906693435650e-04  1.455613245428651e-02  2.682645866140121e-02
  1.279999999999997e+01  7.574492677525049e+05  2.604044410484251e+05  3.835963398756204e+05  1.294364061819024e+05  9.531224205379459e+05  -4.829159762063770e+05  6.063856869260022e-03  1.242792107103522e-02  2.557468033371003e-02
  1.289999999999997e+01  7.641870778184390e+05  2.576282683446690e+05  3.931113942459538e+05  1.358893828021979e+05  9.572016806938620e+05  -4.523387870260422e+05  9.835763587611819e-03  1.071686313333146e-02  2.257149731416875e-02
  1.299999999999997e+01  7.675743548262573e+05  2.492996534069566e+05  4.003089279591148e+05  1.283149745136115e+05  9.532185276161215e+05  -4.372624031069260e+05  1.179620100242756e-02  8.777641460487675e-03  2.047009860289918e-02
  1.309999999999997e+01  7.569756914618652e+05  2.290746346022745e+05  4.140229867633604e+05  1.074510100845368e+05  9.384260202345082e+05  -4.381906454118911e+05  1.322143032953975e-02  6.269856177334875e-03  2.142477730116357e-02
  1.319999999999997e+01  7.364451674024009e+05  1.999516165920776e+05  4.284055319706405e+05  8.583123742896561e+04  9.176014523382022e+05  -4.420221888688877e+05  1.524149102525417e-02  3.612670361420129e-03  2.424278103390746e-02
  1.329999999999997e+01  7.176031744680270e+05  1.707705888281084e+05  4.261503388764806e+05  7.861371887751066e+04  8.990256902362177e+05  -4.327648635777436e+05  1.791143241345932e-02  1.314076496077909e-03  2.537487462152806e-02
  1.339999999999997e+01  7.120053918192987e+05  1.522766388718732e+05  4.002445925572362e+05  9.072290601417668e+04  8.879057091602315e+05  -4.099709521267214e+05  2.005467702422132e-02  -4.732316226945151e-04  2.260175173058608e-02
  1.349999999999997e+01  7.259631333038718e+05  1.509994137746700e+05  3.583015863876838e+05  1.148494617612108e+05  8.830642822378523e+05  -3.908019340746194e+05  2.021169238606210e-02  -1.983031919996613e-03  1.690569653266003e-02
  1.359999999999997e+01  7.607155449042291e+05  1.659766094725466e+05  3.099848406685598e+05  1.404877010583548e+05  8.781425117162385e+05  -3.964740014004440e+05  1.746972276375897e-02  -3.828918595044075e-03  1.101257883565462e-02
  1.369999999999997e+01  8.133204961134413e+05  1.901553298271550e+05  2.561988356641022e+05  1.621107319074074e+05  8.649270523765481e+05  -4.378837876044675e+05  1.139914854521248e-02  -6.825806915788632e-03  6.603305393867151e-03
  1.379999999999997e+01  8.743324268014460e+05  2.142143159690774e+05  1.888288600863141e+05  1.807552531202794e+05  8.377896665604854e+05  -5.068635192373649e+05  2.337520821461395e-03  -1.128124376428046e-02  2.981441597691484e-03
  1.389999999999997e+01  9.315536057360021e+05  2.324302103437846e+05  1.031598197634473e+05  2.002473710470284e+05  7.995173701692248e+05  -5.788899013355735e+05  -7.805513028740329e-03  -1.621728255784974e-02  -1.557549893910214e-03
  1.399999999999997e+01  9.785489463614605e+05  2.444978698603428e+05  1.258661614870801e+04  2.221928615639085e+05  7.607877122426084e+05  -6.273954606212793e+05  -1.598560494399217e-02  -1.993400481324941e-02  -7.239158213313606e-03
  1.409999999999997e+01  1.013849849312841e+06  2.503250313714687e+05  -5.462913281950017e+04  2.429894976298074e+05  7.311276419460491e+05  -6.390968346995390e+05  -1.988998663920190e-02  -2.162673506929545e-02  -1.220486298708572e-02
  1.419999999999997e+01  1.032712783593653e+06  2.474383242610985e+05  -7.754236538130025e+04  2.555439299209038e+05  7.140963059403469e+05  -6.193429735520743e+05  -1.914236715058875e-02  -2.174243790922887e-02  -1.444204018214768e-02
  1.429999999999997e+01  1.027057592860473e+06  2.366087403313133e+05  -5.714223366965845e+04  2.548826806609759e+05  7.114786745237153e+05  -5.839055227475431e+05  -1.472076348741436e-02  -2.068489967601398e-02  -1.360646012416733e-02
  1.439999999999996e+01  9.951092115698297e+05  2.249291725560650e+05  -1.142642300782584e+04  2.422750720625547e+05  7.248602979160427e+05  -5.473046547210028e+05  -8.106522856114556e-03  -1.819148018143221e-02  -1.094109294996150e-02
  1.449999999999996e+01  9.508626209858515e+05  2.216754120888744e+05  3.723306506170103e+04  2.239819259960988e+05  7.494265644673496e+05  -5.199055987838115e+05  -1.595694378544028e-03  -1.435797911751866e-02  -8.103755622459538e-03
  1.459999999999996e+01  9.189751240702783e+05  2.308854119826820e+05  6.978753191880303e+04  2.053923188339029e+05  7.714150930353331e+05  -5.098007599884878e+05  1.762414313769214e-03  -1.043764917651240e-02  -6.337184236017702e-03
  1.469999999999996e+01  9.143346353764620e+05  2.468933046901852e+05  7.373893570572234e+04  1.872216434685957e+05  7.779031119631839e+05  -5.203002504282155e+05  9.377015360225397e-05  -7.936820562836693e-03  -6.264938614627741e-03
  1.479999999999996e+01  9.299311961297429e+05  2.612695384817166e+05  5.166661084192282e+04  1.681289305441567e+05  7.695907477184209e+05  -5.437116244156881e+05  -5.143645369898942e-03  -7.083209995223588e-03  -7.479268613362428e-03
  1.489999999999996e+01  9.453614153892595e+05  2.727092688164061e+05  2.382338954917691e+04  1.498282901257664e+05  7.600405821977620e+05  -5.616186452704242e+05  -9.482225688500295e-03  -6.638483917744934e-03  -8.430436290730764e-03
  1.499999999999996e+01  9.448045327205865e+05  2.858279387488661e+05  1.191687247659815e+04  1.375732558337795e+05  7.610315861543551e+05  -5.576559749503712e+05  -8.828328273663737e-03  -5.370257718946626e-03  -7.617711274066242e-03
  1.509999999999996e+01  9.275240192832127e+05  3.020877580973126e+05  2.104605948207431e+04  1.337960883663853e+05  7.713825484711136e+05  -5.316384780148114e+05  -3.021097067742756e-03  -3.376225189310742e-03  -5.098502478653346e-03
  1.519999999999996e+01  9.031044159621104e+05  3.159304535745654e+05  3.869567874346553e+04  1.339071462459368e+05  7.809396935387241e+05  -4.991853045998335e+05  4.193640632786120e-03  -1.708867657493698e-03  -2.582639307134333e-03
  1.529999999999996e+01  8.816693082718987e+05  3.218005032273024e+05  4.965528321526731e+04  1.313339760007543e+05  7.831940623385458e+05  -4.778369741152627e+05  8.676384222822001e-03  -1.022397434963888e-03  -1.761682639424471e-03
  1.539999999999996e+01  8.696423087510588e+05  3.219267042315997e+05  5.096098893790848e+04  1.250073304311197e+05  7.812602287079963e+05  -4.743837348327193e+05  9.149415784190816e-03  -9.331762459782955e-04  -2.535543478625126e-03
  1.549999999999996e+01  8.690683276146940e+05  3.234886434327400e+05  4.954084571771586e+04  1.203587588634624e+05  7.819220714775636e+05  -4.831440407903926e+05  7.322307719691553e-03  -6.828848856043564e-04  -3.274710151621857e-03
  1.559999999999996e+01  8.785044787486063e+05  3.300686837076540e+05  4.917788058792025e+04  1.235649710875958e+05  7.875093809158527e+05  -4.932966932610039e+05  5.529875568006473e-03  -3.775896519506396e-05  -2.738971430129482e-03
  1.569999999999996e+01  8.942958884632980e+05  3.385066704958955e+05  4.669224045014870e+04  1.360532512368647e+05  7.949990416234171e+05  -4.974383956441110e+05  4.587728806465440e-03  7.624000612281879e-04  -1.219088563340114e-03
  1.579999999999996e+01  9.109492122984142e+05  3.429224723127831e+05  3.830636263033968e+04  1.545493993242932e+05  8.007823165035270e+05  -4.951976767575549e+05  3.696365237906458e-03  1.576483911818198e-03  8.756302710857525e-05
  1.589999999999996e+01  9.227306889505155e+05  3.405283735583160e+05  2.581621130764017e+04  1.745161603524363e+05  8.040628812084986e+05  -4.904195384094737e+05  2.082538715198309e-03  2.497042936902574e-03  3.888020310466693e-04
  1.599999999999996e+01  9.261490979688282e+05  3.336359594918785e+05  1.585230896198549e+04  1.928068482571950e+05  8.058594201159230e+05  -4.856929262584815e+05  2.659617639696132e-04  3.499301753277988e-03  -1.710682354590378e-04
  1.609999999999996e+01  9.211168856014499e+05  3.265614086275036e+05  1.353468955101398e+04  2.080014994329364e+05  8.071197656978464e+05  -4.804803318925845e+05  -5.387334903998482e-04  4.266906780588911e-03  -1.075419295345307e-03
  1.619999999999996e+01  9.112277254815906e+05  3.221569362391740e+05  1.921209351627874e+04  2.190576330186595e+05  8.085610108200751e+05  -4.740778900539065e+05  6.605388811411269e-05  4.512884575297557e-03  -2.092207252722285e-03
  1.629999999999996e+01  9.025676521766476e+05  3.207647480347136e+05  2.921773545722035e+04  2.242860375240408e+05  8.106957880218938e+05  -4.682972681584342e+05  1.097839407944089e-03  4.266314988308458e-03  -3.341449606409760e-03
  1.639999999999996e+01  9.003955869096357e+05  3.208632969643847e+05  3.765480559921642e+04  2.222622537993481e+05  8.134431067077018e+05  -4.656073182137248e+05  1.222773303835450e-03  3.787377008507726e-03  -4.898643529553919e-03
  1.649999999999996e+01  9.064057774692392e+05  3.210789883507137e+05  4.036340439136639e+04  2.136547416771212e+05  8.160215130730821e+05  -4.657949723986384e+05  1.145842399440844e-04  3.317157063354602e-03  -6.354380801495855e-03
  1.659999999999997e+01  9.178419911826926e+05  3.212010460152803e+05  3.739800055129414e+04  2.015879927698103e+05  8.175831329515364e+05  -4.666904949244669e+05  -1.420266004647456e-03  2.909995219563398e-03  -6.906058876265850e-03
  1.669999999999997e+01  9.277350823168415e+05  3.211860266710373e+05  3.243537784891226e+04  1.899399333656236e+05  8.180449249377842e+05  -4.678625119731335e+05  -2.462354509121348e-03  2.464705541535116e-03  -5.915682730881751e-03
  1.679999999999997e+01  9.276031490046728e+05  3.204976129757094e+05  3.153716919331315e+04  1.807635005790390e+05  8.180799334865139e+05  -4.717645243568902e+05  -2.884517441162462e-03  1.857784506234840e-03  -3.312986973712635e-03
  1.689999999999997e+01  9.137742613218901e+05  3.191785024573006e+05  3.965227426576264e+04  1.730557997307879e+05  8.182042229979947e+05  -4.803597719530017e+05  -3.228859128538226e-03  1.050770101899137e-03  2.473426109523263e-04
  1.699999999999997e+01  8.922928548238309e+05  3.187747735496243e+05  5.593161611734057e+04  1.644513095057790e+05  8.179434365251319e+05  -4.918917873115281e+05  -3.911159218956422e-03  1.366671941164125e-04  3.498023566319850e-03
  1.709999999999997e+01  8.758166643028697e+05  3.209277341449218e+05  7.332904734569789e+04  1.541347686951612e+05  8.165280934490430e+05  -5.024409473588836e+05  -4.778499709048109e-03  -6.369790687250479e-04  5.177057810758194e-03
  1.719999999999997e+01  8.732498091457222e+05  3.246409448405968e+05  8.429838474514677e+04  1.439530578804004e+05  8.137443491574414e+05  -5.097716262159394e+05  -5.321861647117961e-03  -9.592714221202411e-04  4.826390020949502e-03
  1.729999999999998e+01  8.819497155768852e+05  3.253677765605521e+05  8.713721741910650e+04  1.368137665230143e+05  8.100758656154053e+05  -5.141904081533886e+05  -5.116644872460044e-03  -6.642183016744734e-04  3.115301557413475e-03
  1.739999999999998e+01  8.913064969373739e+05  3.180422801809374e+05  8.710009371028397e+04  1.342576332950854e+05  8.063856018712034e+05  -5.163187622142865e+05  -4.064537029958018e-03  1.259333355254423e-04  1.345843138024948e-03
  1.749999999999998e+01  8.939114218926236e+05  3.018328797738240e+05  9.089294962731040e+04  1.355913383241602e+05  8.038091827558320e+05  -5.158101766822017e+05  -2.411674395637556e-03  1.047676868611340e-03  5.254340046292172e-04
  1.759999999999998e+01  8.917026706579047e+05  2.817605410334229e+05  9.931216572397716e+04  1.387243657822117e+05  8.032677603463792e+05  -5.125180576349149e+05  -6.647199370289696e-04  1.676259208843440e-03  7.008105559582657e-04
  1.769999999999998e+01  8.914207558519024e+05  2.657904296914676e+05  1.056789318086064e+05  1.415153326556695e+05  8.047417909644657e+05  -5.080028486063587e+05  5.654818648638137e-04  1.733332146484301e-03  1.080026904569179e-03
  1.779999999999998e+01  8.958153378072630e+05  2.600216189125680e+05  1.019883972043638e+05  1.426769861346000e+05  8.072890683570683e+05  -5.045022604691096e+05  8.781634953268758e-04  1.181971754427891e-03  8.299889444102473e-04
  1.789999999999998e+01  9.005712820837443e+05  2.652875045141676e+05  8.643010761585292e+04  1.420932731569239e+05  8.097077794837659e+05  -5.023499051610599e+05  3.944838288512102e-04  1.685518405306747e-04  -2.059134224490668e-04
  1.799999999999999e+01  8.991951232559565e+05  2.771636984440036e+05  6.517312131980401e+04  1.408700593434090e+05  8.113706626833123e+05  -4.990730304378463e+05  -2.368086160705010e-04  -1.068152909865162e-03  -1.458469233091651e-03
  1.809999999999999e+01  8.891271272844087e+05  2.891165970385771e+05  4.786169271833870e+04  1.407836197041799e+05  8.127396613605270e+05  -4.912535224032790e+05  -2.480229259698797e-04  -2.211663383395352e-03  -2.158243087437441e-03
  1.819999999999999e+01  8.738705443199110e+05  2.965633426718008e+05  4.137090614964197e+04  1.432456647467354e+05  8.149009693493875e+05  -4.777626432635211e+05  6.608547852149258e-04  -2.897704583816975e-03  -1.959337979818957e-03
  1.829999999999999e+01  8.605596288841103e+05  2.987524947307011e+05  4.634000477918251e+04  1.486493729183130e+05  8.183324786578220e+05  -4.615012464913478e+05  2.056220293516973e-03  -2.894251877263983e-03  -1.153728558795597e-03
  1.839999999999999e+01  8.552257490204131e+05  2.976605835274569e+05  5.810804285771895e+04  1.563267883143512e+05  8.220702287473172e+05  -4.480277569844984e+05  3.077463904491665e-03  -2.298395883897237e-03  -3.621028496826319e-04
  1.849999999999999e+01  8.591651496926997e+05  2.956968336474741e+05  7.017772291735881e+04  1.649484139581996e+05  8.242402949697529e+05  -4.420819307969690e+05  3.066460429774484e-03  -1.499681532155756e-03  -5.998880420459495e-05
  1.859999999999999e+01  8.684459471811826e+05  2.942604941519898e+05  7.719746439100183e+04  1.729368315339375e+05  8.237028831778235e+05  -4.443906961542240e+05  2.054544699788072e-03  -8.680101294474014e-04  -3.296135684496225e-04
  1.870000000000000e+01  8.771410145095401e+05  2.937651189915213e+05  7.615020879681432e+04  1.786309240423708e+05  8.212738098528926e+05  -4.515156144450652e+05  6.940970279366393e-04  -4.488433662844016e-04  -9.626977013452369e-04
  1.880000000000000e+01  8.819695674931048e+05  2.941746371192347e+05  6.720823152541136e+04  1.805947400138605e+05  8.189691218773891e+05  -4.589425478121468e+05  -3.380012834610581e-04  -1.498439366978082e-05  -1.664275397901927e-03
  1.890000000000000e+01  8.838762448668544e+05  2.950858468556593e+05  5.445463772522506e+04  1.781897609286174e+05  8.177989528128415e+05  -4.641584302588691e+05  -9.013487671438102e-04  5.588575472449905e-04  -2.147080089634524e-03
  1.900000000000000e+01  8.855960732716332e+05  2.955302936520130e+05  4.410761840233151e+04  1.721479401809385e+05  8.165836727770799e+05  -4.670646946476684e+05  -1.363156216403711e-03  1.032549167474669e-03  -2.229217436044005e-03
  1.910000000000000e+01  8.880358695312541e+05  2.944012076123761e+05  4.064945517422027e+04  1.646192762205783e+05  8.134764841649134e+05  -4.684497639758092e+05  -2.088967949208642e-03  9.723199243680246e-04  -1.952066767118502e-03
  1.920000000000000e+01  8.893189083078137e+05  2.918520528182435e+05  4.424933179638087e+04  1.584108681890764e+05  8.087846577743924e+05  -4.688732378886716e+05  -3.032946136174113e-03  2.159291366448228e-04  -1.572310504492732e-03
  1.930000000000000e+01  8.871980218491048e+05  2.901583219729051e+05  5.171998834933402e+04  1.558239158021766e+05  8.057527079851273e+05  -4.686380418771192e+05  -3.780057825049610e-03  -8.634508598104362e-04  -1.378941527824085e-03
  1.940000000000001e+01  8.815041319045101e+05  2.923446073048516e+05  5.955466206305705e+04  1.575850767542367e+05  8.079579320382059e+05  -4.679355146601433e+05  -3.936310687352769e-03  -1.634089442168338e-03  -1.457640447487578e-03
  1.950000000000001e+01  8.745634725690939e+05  2.993781942907234e+05  6.581467262290833e+04  1.625447478367026e+05  8.156499385447759e+05  -4.667718315140117e+05  -3.417154188942086e-03  -1.758897083817880e-03  -1.622450469414052e-03
  1.960000000000001e+01  8.695936191233507e+05  3.084096003940293e+05  7.011608187310179e+04  1.683923707701330e+05  8.247117029917315e+05  -4.651896431753314e+05  -2.438903319125735e-03  -1.473888648330575e-03  -1.556326461849924e-03
  1.970000000000001e+01  8.685631615201849e+05  3.141440297236825e+05  7.284998986836879e+04  1.728311015060559e+05  8.296574377809876e+05  -4.638045069689083e+05  -1.369563340755714e-03  -1.314722158900641e-03  -1.026113585877698e-03
  1.980000000000001e+01  8.712603384190527e+05  3.126844783113509e+05  7.445621303112777e+04  1.745632423040646e+05  8.281275465219680e+05  -4.636228895991551e+05  -5.239247476086134e-04  -1.546549623818021e-03  -4.864809151161165e-05
  1.990000000000001e+01  8.759356964674761e+05  3.047456468361013e+05  7.514163526844794e+04  1.736874027737553e+05  8.226369647661042e+05  -4.651650045649901e+05  -2.029878955667936e-05  -1.892082914756767e-03  1.111263280959676e-03
