TITLE = "Temporal Signal for receiver number 03776"
VARIABLES = "Time","xx","yy","zz","xy","yz","xz","u","v","w"
# x1       3.613769910000e+05
# x2       4.738566320000e+06
# x3       -1.000000000000e+04
  0.000000000000000e+00  0.000000000000000e+00  0.000000000000000e+00  0.000000000000000e+00  0.000000000000000e+00  0.000000000000000e+00  0.000000000000000e+00  0.000000000000000e+00  0.000000000000000e+00  0.000000000000000e+00
  1.000000000000000e-01  0.000000000000000e+00  0.000000000000000e+00  0.000000000000000e+00  0.000000000000000e+00  0.000000000000000e+00  0.000000000000000e+00  0.000000000000000e+00  0.000000000000000e+00  0.000000000000000e+00
  2.000000000000000e-01  0.000000000000000e+00  0.000000000000000e+00  0.000000000000000e+00  0.000000000000000e+00  0.000000000000000e+00  0.000000000000000e+00  0.000000000000000e+00  0.000000000000000e+00  0.000000000000000e+00
  3.000000000000000e-01  -3.602318814802368e-17  -1.721417948303384e-16  -1.664832471857996e-17  2.765538237835107e-17  4.596433076104941e-17  1.729574090700211e-17  -4.156636609821957e-24  1.174659542912111e-23  -6.909817256551863e-24
  4.000000000000000e-01  -1.984900193600465e-10  -5.272016043722582e-10  -9.975874757582371e-11  1.683939006661730e-10  1.587999298330441e-10  1.384841241986295e-11  -2.313288150138149e-17  3.584727035535070e-17  -2.554442331668651e-17
  5.000000000000000e-01  2.453094432755959e-08  3.727893419962969e-08  4.151659117799554e-08  -2.687179836092480e-08  -3.526985792730291e-08  1.075391250605662e-08  2.682914337418104e-15  -3.172791107668041e-15  5.392167740643399e-15
  6.000000000000000e-01  -2.691467418404157e-06  -3.724394668866422e-06  -3.305781645655842e-07  1.892947406678550e-06  -5.329873644595436e-07  -3.820542588288771e-07  -3.044517995250787e-13  2.564920936135695e-13  1.373168598871004e-14
  7.000000000000000e-01  -3.079332291605902e-05  -3.932390957271282e-05  2.594803562849228e-05  2.576578504031301e-05  -4.912357928716155e-06  -6.748244051162934e-06  -4.040744712404150e-12  2.964665452000355e-12  -1.099230873499681e-12
  7.999999999999999e-01  3.655367465694151e-06  -1.163419038931255e-05  5.433684496566936e-04  -1.571346956293268e-04  1.449222184619319e-04  5.495557788809036e-06  2.480493357810142e-11  1.866462692838374e-11  -2.470861771016712e-11
  8.999999999999999e-01  5.662654006089249e-05  -4.001832256442580e-03  2.139742141656487e-03  -1.325884870431531e-03  2.995502928656813e-03  5.900184783540736e-04  2.701162801807899e-10  4.318852339243125e-10  -2.439157973621039e-10
  9.999999999999999e-01  -2.615602797251317e-02  -7.209076933180923e-02  -4.642552039905218e-02  -3.176491169015319e-03  3.565917646571180e-02  2.663380213763278e-03  6.303039482032910e-10  5.638842719409511e-09  -4.126783959341473e-09
  1.100000000000000e+00  -9.660372382953429e-02  -2.070347831161275e-01  -2.645355328721328e-01  -2.422189521921689e-02  9.340334603631557e-02  2.091817195437439e-02  4.093647838046074e-09  1.533697239864934e-08  -1.514851014691371e-08
  1.200000000000000e+00  8.267088894224295e-01  1.608786242775702e+00  1.465397839368847e+00  -1.185423299579934e-01  -7.890603786222999e-01  1.256391432899729e-01  2.421405806540113e-08  -1.096305166506329e-07  1.080109474842195e-07
  1.300000000000000e+00  4.042576634046036e-03  2.804124311011451e-02  3.466226994920807e-01  1.894351375420617e-01  -1.914078150037453e-03  -2.180138762665599e-01  -4.219814065161113e-08  5.286787550626188e-09  -9.257374422312757e-09
  1.400000000000000e+00  -2.626491175788965e+00  -3.956114917886390e+00  -4.763570013482566e+00  -5.288679417384036e-02  1.840541939923683e+00  -4.744519598241273e-02  -2.132168705812592e-08  2.138399987586030e-07  -2.747020559401949e-07
  1.500000000000000e+00  1.934249777434357e+01  2.938651239285842e+01  3.778570355044837e+01  -1.684165834614719e+00  -1.579316464912658e+01  3.284187437296796e+00  3.960770192752621e-07  -2.031672326919047e-06  2.766294884319994e-06
  1.600000000000000e+00  3.676165645984302e+02  6.916749023581882e+02  7.700857560745507e+02  -4.916815045252996e+01  -3.656536882323417e+02  5.566826998901919e+01  7.660205179206739e-06  -5.020925378464809e-05  5.556869261023196e-05
  1.700000000000000e+00  8.936505826730686e+02  1.905523054281191e+03  1.980907273043809e+03  -1.841518217317540e+02  -1.067967040986776e+03  1.848638084496114e+02  2.515488035323809e-05  -1.425908470608260e-04  1.469963841592628e-04
  1.800000000000000e+00  7.370448008086499e+02  2.237411377369859e+03  1.903528666315518e+03  -3.094283999855478e+02  -1.370263880256457e+03  2.714377442331445e+02  3.560306231560495e-05  -1.733156629065971e-04  1.474454896272620e-04
  1.900000000000001e+00  1.775693245321141e+02  1.957514265152090e+03  1.084156334602276e+03  -3.983919399893148e+02  -1.360646079889081e+03  2.902085182342733e+02  3.607411071129895e-05  -1.568180646813824e-04  9.411235203651090e-05
  2.000000000000000e+00  3.526737022810534e+02  3.125955593030254e+03  1.830654917543627e+03  -5.801751532087291e+02  -2.116049399973037e+03  3.943166621100274e+02  4.908503121311652e-05  -2.437003464683864e-04  1.587137345460345e-04
  2.100000000000001e+00  5.471555107350011e+02  4.843367213534534e+03  2.733386503662647e+03  -8.814321021387519e+02  -3.221527749206959e+03  5.598490358604614e+02  7.089344945670032e-05  -3.749339800667702e-04  2.366091355249560e-04
  2.200000000000001e+00  8.250321402249556e+02  7.105883180132718e+03  4.320716296348617e+03  -1.267520826441115e+03  -4.812690991825263e+03  8.025344493989001e+02  1.000441134444949e-04  -5.413136516940258e-04  3.722888953487749e-04
  2.300000000000001e+00  2.920642723517048e+03  1.361645135022571e+04  1.009417949237088e+04  -1.969466787801907e+03  -8.716448312746232e+03  1.368654841006538e+03  1.682745836910403e-04  -1.012509521832049e-03  8.213977017338354e-04
  2.400000000000001e+00  8.498283130229962e+03  2.961739873132252e+04  2.376283575473369e+04  -3.474622302446228e+03  -1.783542195364802e+04  2.457867275390058e+03  3.183410502596430e-04  -2.202321937386488e-03  1.857533711754215e-03
  2.500000000000001e+00  2.446365133428211e+04  7.193029230154421e+04  6.270190304398409e+04  -5.733019909824457e+03  -4.205448418283529e+04  4.038867901220430e+03  5.257707674622338e-04  -5.345323508068855e-03  4.798246738003045e-03
  2.600000000000001e+00  5.464315784685873e+04  1.604016863533405e+05  1.373254206033291e+05  -6.565118365326654e+03  -9.180995348049619e+04  3.837742843762887e+03  4.561983431057751e-04  -1.189025026167692e-02  1.052378422711561e-02
  2.700000000000001e+00  8.900098620035546e+04  2.999367810197694e+05  2.263903395076492e+05  1.110987350533622e+03  -1.667869311270867e+05  -5.343547237757271e+03  -8.886739396127946e-04  -2.228322469922342e-02  1.747273640188221e-02
  2.800000000000001e+00  1.185218519772026e+05  4.838801899937591e+05  3.043872608586585e+05  3.104245896613301e+04  -2.633858543674390e+05  -3.114673300030988e+04  -4.755916637898458e-03  -3.591570277790380e-02  2.432487702817107e-02
  2.900000000000001e+00  1.408194958778045e+05  7.232563348724347e+05  3.511677548397889e+05  8.750032562183353e+04  -3.706935147259056e+05  -7.606221967183596e+04  -1.105949659585520e-02  -5.308282016212151e-02  2.913052395230263e-02
  3.000000000000001e+00  1.901342914925966e+05  1.046943496206424e+06  3.569194262157425e+05  2.219591407165140e+05  -4.856983678832795e+05  -1.553614975340198e+05  -2.549847719121085e-02  -7.584252714647290e-02  3.102741195921531e-02
  3.100000000000001e+00  1.626676578715813e+05  1.210575896217414e+06  2.593475409482204e+05  3.610556879942620e+05  -5.735680485785522e+05  -2.406720706538460e+05  -3.755615628333586e-02  -8.674204329485216e-02  2.919413992333865e-02
  3.200000000000002e+00  1.915892259158237e+05  1.453528595765554e+06  1.156312325697422e+05  5.368891470222762e+05  -6.150391967811763e+05  -3.219482389269709e+05  -5.261053224166660e-02  -1.009927274446741e-01  2.075702763641588e-02
  3.300000000000002e+00  3.003942574283766e+05  1.859376323576486e+06  1.879626753013802e+04  8.408001092464289e+05  -6.933588076425957e+05  -4.770895676504056e+05  -8.059945792958625e-02  -1.283212647515893e-01  1.524521110724746e-02
  3.400000000000002e+00  4.014355794255567e+05  2.005061791414502e+06  8.356053754247565e+04  1.160873691747715e+06  -8.251979036220810e+05  -6.771323825789542e+05  -1.031732313537393e-01  -1.321761207860559e-01  3.834479637557096e-02
  3.500000000000002e+00  5.919825186147422e+05  1.511550098295191e+06  5.918061783399588e+05  1.223712733117549e+06  -8.662881093094558e+05  -6.868503086913659e+05  -9.086207567658869e-02  -7.616082657398680e-02  9.638312693403417e-02
  3.600000000000002e+00  3.560205436140381e+05  4.204819602533794e+05  1.331360584382167e+06  7.339708124761569e+05  -8.607339163071200e+05  -3.329990880047748e+05  1.114449963591095e-03  1.464101648406459e-02  1.685874343811669e-01
  3.700000000000002e+00  -4.076618735219825e+05  -2.007793181221106e+05  2.488097074450410e+06  -1.686063911703067e+05  -1.346433594935400e+06  -1.987827664490477e+05  1.425176748512309e-01  7.026302680042537e-02  3.008454067640940e-01
  3.800000000000002e+00  -1.238832204536644e+06  -7.274557561774272e+04  3.187434586915332e+06  -8.214473451529337e+05  -2.100917099898106e+06  -3.699762383900473e+05  2.427800675796368e-01  6.772209935199890e-02  4.028168747123277e-01
  3.900000000000002e+00  -1.640863602921947e+06  2.088383224713478e+05  3.305332543317856e+06  -8.905537978991388e+05  -2.334647472941623e+06  -5.182374365807276e+05  2.561682561965042e-01  4.915601687080237e-02  4.103354875264933e-01
  4.000000000000002e+00  -1.527244754223542e+06  3.914112362233509e+05  2.990468641373730e+06  -5.707618860688877e+05  -1.761261204223097e+06  -3.036291390447081e+05  2.110869106247574e-01  4.640387834704431e-02  3.128502574312623e-01
  4.100000000000001e+00  -3.997624601783537e+05  6.181079344117168e+05  1.621034646118709e+06  8.280578273184509e+04  -9.894603089171275e+05  2.675503649968235e+05  8.771745656280283e-02  2.382990451776033e-02  1.085003672047738e-01
  4.200000000000001e+00  1.032269290124000e+06  8.808996075180576e+05  -8.272944383925742e+04  7.004788102251474e+05  -6.465082468987450e+05  6.175524441049888e+05  -5.073802443935484e-02  -1.644332877969268e-02  -8.127332408305535e-02
  4.300000000000001e+00  1.533287491342566e+06  1.015909527423754e+06  -7.170568992591000e+05  8.541483302277757e+05  -6.426073196603426e+05  5.285513944739896e+05  -1.026503864596949e-01  -3.213667374747088e-02  -1.404603572598570e-01
  4.400000000000000e+00  1.197197307314418e+06  1.008600894840426e+06  -3.498971238863483e+05  6.755418947379448e+05  -6.947441021876445e+05  3.375431346295543e+05  -7.459768395758339e-02  -2.446803315294467e-02  -9.731715538046516e-02
  4.500000000000000e+00  8.307386569519730e+05  9.752472631439231e+05  1.039563073352113e+05  5.123501449855702e+05  -7.327894285193699e+05  2.613840694190906e+05  -3.486632517005310e-02  -1.340478235430299e-02  -4.450790711842231e-02
  4.600000000000000e+00  6.491577376331334e+05  9.343305616423129e+05  2.707623216456132e+05  4.420143783850006e+05  -7.546472468306705e+05  2.514413827055848e+05  -1.330433392295525e-02  -4.778299559156026e-03  -2.495847979408692e-02
  4.699999999999999e+00  5.798599443927509e+05  8.840570532580294e+05  3.176332342694552e+05  4.282702418597543e+05  -7.581149850341788e+05  2.538734753311485e+05  -1.172524757790329e-02  -2.093101963442377e-03  -2.659440346671600e-02
  4.799999999999999e+00  6.116058546937127e+05  8.946467117183489e+05  3.359518241714541e+05  4.341311686284824e+05  -7.571661264127971e+05  2.585829941731428e+05  -1.559752012721734e-02  -2.390961930511208e-03  -2.691778499117511e-02
  4.899999999999999e+00  6.367761201024271e+05  8.984932077252280e+05  2.476856345203281e+05  4.370738968939418e+05  -7.409475130519685e+05  2.512858652166045e+05  -1.347411733658899e-02  4.840554713280184e-03  -2.479501216137749e-02
  4.999999999999998e+00  6.256551526202261e+05  8.778415803287467e+05  1.941930400874841e+05  4.293407976344780e+05  -7.325196305126610e+05  2.354404346978185e+05  -6.167765885665221e-03  1.298298510875147e-02  -2.408686238026344e-02
  5.099999999999998e+00  5.991087748139475e+05  8.257828406446937e+05  2.184527502421436e+05  4.267923771739466e+05  -7.394153611902880e+05  2.333408086321384e+05  1.617403155332515e-03  1.487536529915906e-02  -2.914378222414522e-02
  5.199999999999998e+00  6.225356896982887e+05  7.629897387502281e+05  2.427830736785679e+05  4.362867599943650e+05  -7.370273317054993e+05  2.688369338727752e+05  2.569199410926042e-03  1.286860508481875e-02  -3.252658208356207e-02
  5.299999999999997e+00  6.787216699816500e+05  7.263775960757216e+05  2.413813289341509e+05  4.244713647707140e+05  -7.052488519319397e+05  3.083392585517027e+05  -2.968335669473362e-03  1.300709559763286e-02  -2.979971778295246e-02
  5.399999999999997e+00  6.601444577821579e+05  6.932589406886002e+05  2.170592657354806e+05  4.006883440806248e+05  -6.698082705189300e+05  3.089109326636346e+05  -4.673856906435605e-03  1.877712449562833e-02  -2.802497208949345e-02
  5.499999999999996e+00  6.266774500264700e+05  6.729810516652102e+05  1.904233625367723e+05  4.086208619409532e+05  -6.830939674681325e+05  2.792054524253450e+05  -6.301030320505516e-05  2.673002082286649e-02  -2.818037417953858e-02
  5.599999999999996e+00  6.546239581952278e+05  6.283353594844226e+05  1.844464036633463e+05  4.336844438378551e+05  -7.094662947309285e+05  2.678419315562421e+05  7.348574794035109e-03  3.447130541704620e-02  -2.836052553914635e-02
  5.699999999999996e+00  7.067032472211360e+05  5.343018296075552e+05  1.636349027543906e+05  4.520598088138064e+05  -6.842106518839368e+05  2.857617448139861e+05  1.014382191140118e-02  3.747279081770009e-02  -3.152317940064160e-02
  5.799999999999995e+00  7.522438753461000e+05  4.338364456444115e+05  1.287320847978594e+05  4.543038143643232e+05  -6.740164577718839e+05  3.054592844264813e+05  5.072567819101625e-03  3.772058442940054e-02  -3.181820947657835e-02
  5.899999999999995e+00  7.975545418013274e+05  3.869834450351330e+05  1.727452686605341e+05  4.329727081594606e+05  -6.984333309668686e+05  3.066588819555719e+05  7.851197449441883e-04  4.198638408752597e-02  -2.259304466939823e-02
  5.999999999999995e+00  8.553204155960672e+05  4.747398648813152e+05  2.152370093546452e+05  4.414702307730378e+05  -6.399094894514318e+05  2.644220887912303e+05  -2.714597264265352e-03  3.935911029802190e-02  -2.375999738028995e-02
  6.099999999999994e+00  8.835899715668506e+05  6.941875066208857e+05  8.511005146560451e+04  5.339454164177087e+05  -4.566320213969309e+05  1.870802077657510e+05  -1.393518503208189e-02  2.271164296470079e-02  -5.191209421009908e-02
  6.199999999999994e+00  8.615047834501154e+05  9.015215581088183e+05  -1.456670382632932e+05  6.415425705051307e+05  -2.562456432775970e+05  1.278204366737440e+05  -2.686872259645723e-02  6.948989031093474e-03  -8.329263470236911e-02
  6.299999999999994e+00  8.736881629426479e+05  9.749816902381722e+05  -2.764229597190500e+05  6.673219684508250e+05  -1.621895264176507e+05  9.889152857921735e+04  -3.024643210232218e-02  3.722712569411716e-03  -8.865170414298644e-02
  6.399999999999993e+00  9.494840131937852e+05  9.427320085228994e+05  -2.675728736063362e+05  6.110128085982557e+05  -2.014263621949612e+05  1.087121961508086e+05  -2.069893103659585e-02  7.391823426483546e-03  -7.342503391494580e-02
  6.499999999999993e+00  1.043701258568112e+06  9.159191239458331e+05  -1.824319489163116e+05  5.491241980944286e+05  -3.066666472942042e+05  1.436069083347173e+05  -7.248691280354208e-03  9.311771573376109e-03  -5.638942898806588e-02
  6.599999999999993e+00  1.098672061336658e+06  9.337398824232077e+05  -1.346751696379596e+05  5.257657832363019e+05  -3.774376546652865e+05  1.777706532587498e+05  1.255048068999263e-03  6.727985047989360e-03  -4.958146793324757e-02
  6.699999999999992e+00  1.125760572915368e+06  9.717780531391045e+05  -1.618917809969360e+05  5.336487852844436e+05  -3.960887354500735e+05  1.918857205874422e+05  -3.519864866483319e-05  -8.079333396168960e-05  -5.193390848903600e-02
  6.799999999999992e+00  1.138446387320891e+06  9.711343728187737e+05  -2.019814418667410e+05  5.309916552554825e+05  -4.078628936745680e+05  2.259736481066205e+05  -3.698930139974659e-03  -5.934449085839468e-03  -5.390954405517686e-02
  6.899999999999991e+00  1.142885483212775e+06  9.065271142570656e+05  -2.549338258048922e+05  5.069139301398123e+05  -4.069192872773066e+05  3.254481619828567e+05  1.016824636879939e-03  -6.612881211215511e-03  -5.534236113320942e-02
  6.999999999999991e+00  1.185951949567130e+06  8.478775035374409e+05  -2.962538756896725e+05  5.041685195978556e+05  -3.876993362915564e+05  4.411206565302022e+05  9.698908423199129e-03  -4.230976008424485e-03  -5.544418380669643e-02
  7.099999999999991e+00  1.164121608347106e+06  8.204090745235089e+05  -2.960981513633885e+05  5.088576761455599e+05  -3.685003162742945e+05  5.219826151606437e+05  2.135867490663128e-02  1.147926396537152e-03  -4.980766205128814e-02
  7.199999999999990e+00  1.007109256220510e+06  8.184402719031910e+05  -2.027736534048252e+05  4.748882880139294e+05  -3.660121016350783e+05  5.604520550572162e+05  3.672605029166720e-02  7.771957529876754e-03  -3.435819239217149e-02
  7.299999999999990e+00  7.739624201171497e+05  8.019359855605902e+05  -5.796798896275507e+04  4.067497533783087e+05  -3.920957841694677e+05  5.789833522972590e+05  5.173501409020892e-02  1.048472935169996e-02  -1.574541294086591e-02
  7.399999999999990e+00  6.387858691077704e+05  7.742162697861688e+05  8.220138658924648e+04  3.545952371152301e+05  -4.338026214064465e+05  5.977861495746520e+05  5.557627925320031e-02  6.412799076928561e-03  -4.830969331262168e-03
  7.499999999999989e+00  7.714225617482397e+05  8.407604865884718e+05  2.909196796194302e+05  3.702255886508169e+05  -4.864136667242192e+05  5.867936911132467e+05  3.837775124230381e-02  -3.673006812682787e-03  3.885990731173967e-03
  7.599999999999989e+00  8.140948079582050e+05  8.946649210684606e+05  4.875616990103496e+05  3.618449012032500e+05  -5.451430402444056e+05  5.555431862796865e+05  2.840756174375741e-02  -8.314872054547355e-03  1.645202285601965e-02
  7.699999999999989e+00  6.781668436122717e+05  9.314880043667755e+05  6.236739309529769e+05  3.224828979901248e+05  -6.143207919255486e+05  5.469910934649538e+05  3.373381330846308e-02  -9.558514594386579e-03  3.128271735439063e-02
  7.799999999999988e+00  5.630530216195794e+05  9.903292728629273e+05  7.727517556822378e+05  2.793417189198614e+05  -7.001029718347811e+05  5.237148671853195e+05  4.081378982147298e-02  -1.089606837411679e-02  5.024768812265271e-02
  7.899999999999988e+00  3.509735887685055e+05  9.409173871710185e+05  8.781372377182562e+05  1.820764693956574e+05  -7.580801755595304e+05  4.971893447786643e+05  5.695045875695146e-02  -5.185589134392044e-03  6.898182049654769e-02
  7.999999999999988e+00  2.101927974211633e+05  9.176104670519211e+05  9.563155683252240e+05  1.352561015545912e+05  -8.064765019286650e+05  4.332040096354431e+05  6.767889149694417e-02  -3.268991244810857e-03  8.420163790456150e-02
  8.099999999999987e+00  1.802932147216042e+05  9.370323200503303e+05  9.689138417950043e+05  1.621316695218166e+05  -8.489662871667449e+05  3.395092234560105e+05  6.751852521382419e-02  -4.849215232474715e-03  9.206357367003293e-02
  8.199999999999987e+00  1.754774375360677e+05  9.594434525864632e+05  9.380203082894830e+05  2.087552430634722e+05  -8.736775822732456e+05  2.611130051902532e+05  6.294264271660194e-02  -4.852476328909973e-03  9.380978027486925e-02
  8.299999999999986e+00  1.452766872117470e+05  9.719165245825616e+05  9.454917460136834e+05  2.419633251997721e+05  -8.971522521388612e+05  1.999330400310327e+05  5.842477616087956e-02  -3.565403915198384e-03  9.806504857728202e-02
  8.399999999999986e+00  9.533674007286159e+04  9.681527370653138e+05  9.935282714350433e+05  2.465570633959112e+05  -9.489889208787475e+05  9.738885125367067e+04  5.928638850802591e-02  -1.509020816828236e-03  1.124806418503292e-01
  8.499999999999986e+00  6.806160260613351e+04  9.516745728943449e+05  1.011576014951724e+06  2.462381395028898e+05  -1.017572655236198e+06  -6.959331917607225e+04  6.267556048014626e-02  -7.728307230559266e-05  1.325719409142760e-01
  8.599999999999985e+00  1.011366428885021e+05  9.371301846015117e+05  9.571958585080426e+05  2.867848854041197e+05  -1.046402998939994e+06  -1.981123987433831e+05  5.990831050892678e-02  -6.568912561849134e-04  1.404054087861880e-01
  8.699999999999985e+00  2.313550465499999e+05  9.410540492330437e+05  8.327603002065540e+05  3.843557562646760e+05  -1.002601659437492e+06  -1.368846150348934e+05  4.582269098120671e-02  -3.165340868189276e-03  1.195490671985506e-01
  8.799999999999985e+00  4.540127027300195e+05  9.563445320669857e+05  6.385343348801925e+05  5.122595042073262e+05  -8.796579549685232e+05  1.372982606760821e+05  2.506338598608197e-02  -5.852510217295769e-03  7.026867241741162e-02
  8.899999999999984e+00  6.831447958991572e+05  9.477320210189825e+05  4.066951016845154e+05  6.105642801350217e+05  -6.847515074831721e+05  4.748099015237356e+05  8.359151705918132e-03  -3.877751712103864e-03  1.240552589342104e-02
  8.999999999999984e+00  8.071623003160346e+05  9.095251649246464e+05  2.512710532960360e+05  6.368754839976754e+05  -5.019648009571714e+05  6.709952422286228e+05  1.837793305165469e-03  3.711594004702193e-03  -2.510993321673015e-02
  9.099999999999984e+00  7.841427905703411e+05  8.639239696995062e+05  2.476437475771223e+05  6.097763209729713e+05  -4.337598864637630e+05  6.619494787598882e+05  4.530949260901220e-03  1.070529847145297e-02  -2.954629681698175e-02
  9.199999999999983e+00  6.856178709858297e+05  8.341551307782574e+05  3.632505013809951e+05  5.631744386321524e+05  -4.741954639212553e+05  5.657678711564956e+05  1.011285196089813e-02  1.280925426395353e-02  -1.442068234354967e-02
  9.299999999999983e+00  5.723646887930022e+05  8.056990586061743e+05  4.838652539832017e+05  5.245496101278189e+05  -5.375834305867091e+05  5.124036247102427e+05  1.462140972425653e-02  1.143245341006503e-02  -1.797005738693954e-03
  9.399999999999983e+00  4.988698176733125e+05  7.838547725150988e+05  5.346863432670961e+05  5.090503298260429e+05  -5.649823141303777e+05  4.998503762535165e+05  1.402718359361920e-02  1.005317476860453e-02  2.324067329586676e-04
  9.499999999999982e+00  4.878924706865749e+05  7.873598437376451e+05  5.221846909440655e+05  5.181496269921900e+05  -5.614207482792960e+05  4.748621633877279e+05  5.302381758982357e-03  9.685645204668180e-03  -3.098984613834150e-03
  9.599999999999982e+00  5.226654731378917e+05  7.995458256567341e+05  4.732367250798353e+05  5.368351892351691e+05  -5.604940261375365e+05  4.268653693307214e+05  -8.125919496635041e-03  9.349952162070171e-03  -7.236914086287335e-03
  9.699999999999982e+00  5.500404783848793e+05  7.999592771960350e+05  4.357437687829782e+05  5.504663616870301e+05  -5.733264112187243e+05  3.768930134694893e+05  -1.645203497619901e-02  8.968299812999975e-03  -9.615992741959367e-03
  9.799999999999981e+00  5.062863986979463e+05  7.942310300791152e+05  4.769262749375539e+05  5.463165256207357e+05  -5.757101466473681e+05  3.398280242082349e+05  -1.273499106384053e-02  1.039909108949977e-02  -6.771010074352501e-03
  9.899999999999981e+00  4.079482811536541e+05  7.861986558100363e+05  5.718601478172443e+05  5.286465942189877e+05  -5.537297488820279e+05  3.237178345439035e+05  -2.510122205502536e-03  1.342491568447524e-02  -2.179658408344693e-03
  9.999999999999980e+00  3.820101383508584e+05  7.799227306315339e+05  5.913043585357232e+05  5.175965269745731e+05  -5.356698809394686e+05  3.477320592577330e+05  4.922895047347661e-04  1.454469417270213e-02  -6.901888211063282e-03
  1.009999999999998e+01  4.914705482307232e+05  7.823117661628897e+05  4.725082106059774e+05  5.135294821482610e+05  -5.547711548746418e+05  4.203519710419804e+05  -7.186019296844133e-03  1.255246291582279e-02  -2.314308261631918e-02
  1.019999999999998e+01  6.601193440406919e+05  8.030762859320185e+05  3.237505794743452e+05  5.052922712291118e+05  -6.055681221914752e+05  5.000301760513392e+05  -1.612818754700435e-02  9.088576214610568e-03  -3.696336292110861e-02
  1.029999999999998e+01  7.670968254411678e+05  8.213179516243191e+05  2.121380860330844e+05  4.969836599660314e+05  -6.521312212802300e+05  5.630987892321337e+05  -1.867769004995055e-02  4.716465950908449e-03  -4.254073795219396e-02
  1.039999999999998e+01  7.948626841154555e+05  8.350353219825107e+05  1.321619634864566e+05  5.074763075329291e+05  -6.753038198007019e+05  6.168585249843639e+05  -1.830827912822416e-02  -1.960579272200457e-03  -4.658162991472486e-02
  1.049999999999998e+01  8.028178750063138e+05  8.820512035359644e+05  1.660680728479426e+05  5.305283299997632e+05  -6.797338186630895e+05  6.280479485770855e+05  -2.036541576779233e-02  -8.838588074134460e-03  -4.566350213531362e-02
  1.059999999999998e+01  7.789303786021349e+05  9.412187530808769e+05  2.912125832148886e+05  5.306418340484560e+05  -6.696866560033527e+05  5.812558702254565e+05  -2.103297755389166e-02  -1.043252419237069e-02  -3.652733346465721e-02
  1.069999999999998e+01  7.048316133108119e+05  9.719037637427321e+05  3.794156605340751e+05  4.944545214585952e+05  -6.541569213530379e+05  5.180982464969378e+05  -1.689156129682572e-02  -5.758342994496772e-03  -2.454877898622828e-02
  1.079999999999998e+01  6.314313709105339e+05  9.798312671617561e+05  3.988229054744946e+05  4.476474131761295e+05  -6.450456919440528e+05  4.679092692465343e+05  -1.348374795951340e-02  2.516611620156520e-04  -1.467328911389218e-02
  1.089999999999998e+01  6.091470017539922e+05  9.822573853225702e+05  3.926427199801234e+05  4.207278029631589e+05  -6.436284705688480e+05  4.346222214491908e+05  -1.560112327991423e-02  2.791358563224232e-03  -1.000464373891571e-02
  1.099999999999998e+01  6.145093291452521e+05  9.777126498213881e+05  3.942225420010353e+05  4.180577224839482e+05  -6.360890991007151e+05  4.202202977932392e+05  -1.943230019170287e-02  2.475005381393953e-03  -1.072153541731834e-02
  1.109999999999998e+01  6.065052436838887e+05  9.655411777390626e+05  4.171129359484754e+05  4.321312492264503e+05  -6.190948614212470e+05  4.135171913433902e+05  -1.963086992139418e-02  1.535496751284478e-03  -1.235039174875018e-02
  1.119999999999998e+01  5.799509020909510e+05  9.466185680561566e+05  4.407820308921536e+05  4.496322195434092e+05  -6.121708929673727e+05  4.047038151496205e+05  -1.609118147618227e-02  3.862075415572953e-04  -1.238452244241511e-02
  1.129999999999998e+01  5.486184448809833e+05  9.251122285807668e+05  4.400375654695691e+05  4.516340405050628e+05  -6.244567668263871e+05  4.002971151479132e+05  -1.180849928513137e-02  -6.259912448511895e-04  -1.260428198939222e-02
  1.139999999999998e+01  5.281368015062406e+05  9.201059686637399e+05  4.228160553590780e+05  4.394711159623233e+05  -6.433799755705217e+05  3.950663515708104e+05  -9.368599647709268e-03  -1.840555674919461e-03  -1.354272852378680e-02
  1.149999999999998e+01  5.282151679301286e+05  9.400715394449258e+05  3.983773281651237e+05  4.310366943750831e+05  -6.565454362085554e+05  3.759585692743048e+05  -9.911620252252373e-03  -4.517066083609080e-03  -1.367458220205913e-02
  1.159999999999997e+01  5.543710263039888e+05  9.595472157748138e+05  3.565182934316811e+05  4.350161341742282e+05  -6.590199073023250e+05  3.518465023960250e+05  -1.297221094305119e-02  -7.698560288262907e-03  -1.292083343292197e-02
  1.169999999999997e+01  6.069772492528742e+05  9.508068831114002e+05  2.965612750484021e+05  4.445371382914486e+05  -6.507977160307727e+05  3.422921696753022e+05  -1.614829007557819e-02  -8.552849184613765e-03  -1.239499175827692e-02
  1.179999999999997e+01  6.820075798309100e+05  9.302040631134751e+05  2.588152299102217e+05  4.543048540549740e+05  -6.406448640725499e+05  3.418002973509989e+05  -1.816463609323871e-02  -7.019574357929491e-03  -1.109404337975803e-02
  1.189999999999997e+01  7.627742513744973e+05  9.330062269492899e+05  2.700022664878435e+05  4.674782575489784e+05  -6.411885385839450e+05  3.344181577899964e+05  -1.993777040573105e-02  -6.339725449907500e-03  -8.794658003385204e-03
  1.199999999999997e+01  8.290100470296353e+05  9.626103601889205e+05  2.973134809245644e+05  4.832431886829469e+05  -6.551647906699938e+05  3.184378409018107e+05  -2.271119246660269e-02  -8.271202259692603e-03  -8.586382752186417e-03
  1.209999999999997e+01  8.791633841073515e+05  9.921606574821630e+05  3.031992785991325e+05  4.950281245813544e+05  -6.730698550012963e+05  2.909219738062012e+05  -2.700047375161214e-02  -1.068056425588137e-02  -1.161431293698217e-02
  1.219999999999997e+01  9.225289257247956e+05  1.000896594053953e+06  2.971269253901572e+05  4.971836020474415e+05  -6.856725925234746e+05  2.537835635484279e+05  -3.047401007369221e-02  -1.107128276038722e-02  -1.406086361857183e-02
  1.229999999999997e+01  9.584249088407205e+05  9.886775174870396e+05  3.012683907588451e+05  4.919071345982871e+05  -6.883459936063662e+05  2.297318305399777e+05  -2.993492179889146e-02  -9.411918686467034e-03  -1.266201983313035e-02
  1.239999999999997e+01  9.738510060547788e+05  9.673570148377875e+05  3.146659469905493e+05  4.886165722577067e+05  -6.834166404149616e+05  2.393598378960487e+05  -2.578815240831001e-02  -7.136765306775838e-03  -8.573266287008502e-03
  1.249999999999997e+01  9.543173852094213e+05  9.458920432393114e+05  3.309911901570755e+05  4.918065649036283e+05  -6.802972450199847e+05  2.754204116913854e+05  -2.063896864614708e-02  -5.177261249093984e-03  -4.197687980538229e-03
  1.259999999999997e+01  9.033067996804428e+05  9.237067536724043e+05  3.559737264680286e+05  4.932524975871755e+05  -6.825993382628810e+05  3.137461614584104e+05  -1.551312484044781e-02  -3.491596649415769e-03  -8.411595551886767e-05
  1.269999999999997e+01  8.389179671508269e+05  8.992457500483342e+05  3.960165027707088e+05  4.835482245607228e+05  -6.831599146120767e+05  3.366362183003604e+05  -9.891610192188720e-03  -1.839489456560348e-03  4.121729448269658e-03
  1.279999999999997e+01  7.673561012517768e+05  8.773862750298299e+05  4.488771346983645e+05  4.652462268955656e+05  -6.757604259993148e+05  3.387125951836413e+05  -3.697941763959980e-03  5.242919260234493e-05  8.470828785187057e-03
  1.289999999999997e+01  6.857055407080236e+05  8.621609525085477e+05  5.096341356419327e+05  4.456597703749447e+05  -6.625206159353788e+05  3.252752691837079e+05  2.654733901005468e-03  2.596731855391901e-03  1.294729814844622e-02
  1.299999999999997e+01  6.029314417681831e+05  8.495490677192084e+05  5.716682067956884e+05  4.282287841308970e+05  -6.497709572621243e+05  3.099795329876438e+05  9.121653661667938e-03  5.577564454047573e-03  1.754332034750138e-02
  1.309999999999997e+01  5.401710744962394e+05  8.380521027763495e+05  6.208416825278231e+05  4.157664982728838e+05  -6.442515826382228e+05  3.020957962027258e+05  1.494562030397598e-02  7.830017816110479e-03  2.174594333244045e-02
  1.319999999999997e+01  5.104165075874437e+05  8.328302571624098e+05  6.469551901697681e+05  4.103429652085619e+05  -6.516221098384456e+05  2.955759165834974e+05  1.830427561295658e-02  8.492379948389188e-03  2.522443122861290e-02
  1.329999999999997e+01  5.014242325160207e+05  8.279919482510664e+05  6.545765072629545e+05  4.096419182122090e+05  -6.703047673597878e+05  2.838032514889544e+05  1.893502282090405e-02  8.052349387835082e-03  2.824106182227817e-02
  1.339999999999997e+01  4.912385867215289e+05  8.110205443174273e+05  6.601848120191601e+05  4.083374866168085e+05  -6.866320017027711e+05  2.753258707546380e+05  1.864463147581263e-02  7.969722104719388e-03  3.069326827598066e-02
  1.349999999999997e+01  4.742504656043416e+05  7.876274317892640e+05  6.739076694535895e+05  4.029497549468711e+05  -6.853081043833784e+05  2.797714661187892e+05  1.841477770676323e-02  9.297818561128773e-03  3.134831518173779e-02
  1.359999999999997e+01  4.589023699960068e+05  7.747113958083328e+05  6.791714573909683e+05  3.969292096516732e+05  -6.668816598251185e+05  2.891633918570909e+05  1.753785932962287e-02  1.121589909866581e-02  2.845609880056364e-02
  1.369999999999997e+01  4.576676141286496e+05  7.778327552739668e+05  6.535928257061891e+05  3.994163571226604e+05  -6.497330732831751e+05  2.838052987265950e+05  1.510830159796806e-02  1.112241456802947e-02  2.217478377027331e-02
  1.379999999999997e+01  4.783971484105131e+05  7.895682963686030e+05  6.015087653240500e+05  4.143523102369580e+05  -6.518803272452928e+05  2.554454547781845e+05  1.096651116438310e-02  7.410555217058088e-03  1.531699955719437e-02
  1.389999999999997e+01  5.110583883541576e+05  7.999334968917816e+05  5.442948802773919e+05  4.341513342016146e+05  -6.722284675812249e+05  2.183492079008369e+05  5.963561696716126e-03  2.019128609832679e-03  1.053349175800572e-02
  1.399999999999997e+01  5.374576837808120e+05  8.046360054940433e+05  4.938743681270264e+05  4.493154288360117e+05  -6.958367315874111e+05  1.928183300981274e+05  1.458135823511714e-03  -1.708211028041498e-03  8.060421609009829e-03
  1.409999999999997e+01  5.556232991419710e+05  8.061711479570814e+05  4.487678375394227e+05  4.600431080808200e+05  -7.156292454753875e+05  1.829451700628034e+05  -2.012739052944454e-03  -3.310816005586779e-03  6.723945054782026e-03
  1.419999999999997e+01  5.764697788167513e+05  8.079285045397257e+05  4.059461824150904e+05  4.716881431153822e+05  -7.368126475349055e+05  1.794892811646679e+05  -4.901428530427762e-03  -4.954600223074528e-03  5.690750822181886e-03
  1.429999999999997e+01  6.020004469431884e+05  8.104262058391398e+05  3.683085023749800e+05  4.831795689963160e+05  -7.599976634802478e+05  1.790109385091188e+05  -7.323594912608752e-03  -7.554055618353160e-03  4.663998869301258e-03
  1.439999999999996e+01  6.230884545026312e+05  8.133537305160346e+05  3.418547028837504e+05  4.889142589369972e+05  -7.735974691462729e+05  1.880085042605105e+05  -8.804341072340146e-03  -9.672752387785415e-03  3.392155256072399e-03
  1.449999999999996e+01  6.330825320441005e+05  8.163744475378993e+05  3.282259824754535e+05  4.883169163960543e+05  -7.673498834931875e+05  2.099070783648010e+05  -9.076753070303830e-03  -9.989543608077077e-03  1.774791817581182e-03
  1.459999999999996e+01  6.356265427007454e+05  8.195318866671666e+05  3.237100115537249e+05  4.859268626364179e+05  -7.446903014599002e+05  2.376784633573988e+05  -8.197209070261122e-03  -8.898233034047440e-03  1.143397913865450e-04
  1.469999999999996e+01  6.406251745209978e+05  8.251455207015817e+05  3.243073214295108e+05  4.846411981989929e+05  -7.177380006551447e+05  2.624992839573139e+05  -6.363789132712564e-03  -7.497897017527210e-03  -1.396232593199812e-03
  1.479999999999996e+01  6.534828511935761e+05  8.350030368672925e+05  3.266328778348980e+05  4.837095530999541e+05  -6.957405813540292e+05  2.830359143632981e+05  -4.185221920245185e-03  -6.341321270248768e-03  -3.306949487274976e-03
  1.489999999999996e+01  6.681911801231112e+05  8.455647183177039e+05  3.274253771477906e+05  4.806296073709738e+05  -6.807811376982037e+05  3.010962197578088e+05  -2.637869149000697e-03  -5.382013757149283e-03  -6.243892903864098e-03
  1.499999999999996e+01  6.717907391481800e+05  8.512582724455406e+05  3.291622193346031e+05  4.718745627938013e+05  -6.699486916605823e+05  3.129190178391263e+05  -2.411305784835779e-03  -4.235056666288555e-03  -9.447083563518966e-03
  1.509999999999996e+01  6.562176213740177e+05  8.520785121630986e+05  3.407256158900856e+05  4.563504895228947e+05  -6.590099195165164e+05  3.125542603659200e+05  -3.489253670639779e-03  -2.554036230871994e-03  -1.096564338780996e-02
  1.519999999999996e+01  6.255673708419020e+05  8.534597901687326e+05  3.654259882390125e+05  4.397008439652222e+05  -6.465460421742720e+05  3.030215877863033e+05  -5.176890805834083e-03  -5.601232759206162e-04  -9.721838807365017e-03
  1.529999999999996e+01  5.927729886839215e+05  8.593139468305800e+05  3.935998051627252e+05  4.301217415049113e+05  -6.360098540762604e+05  2.959485700558908e+05  -6.391796877956495e-03  1.026720130836710e-03  -6.624895555490033e-03
  1.539999999999996e+01  5.699631324828339e+05  8.679776438690544e+05  4.121716443679624e+05  4.286356911380903e+05  -6.323077306927703e+05  2.988561770336123e+05  -6.367797188643260e-03  1.722048655185212e-03  -3.529763918042855e-03
  1.549999999999996e+01  5.617887512412026e+05  8.748531892911118e+05  4.202762798451063e+05  4.272784186475569e+05  -6.363902405977462e+05  3.074718267058013e+05  -5.422576265757793e-03  1.687371057378121e-03  -1.552275303456513e-03
  1.559999999999996e+01  5.646123205450909e+05  8.754850741019070e+05  4.292133116222805e+05  4.187130261773306e+05  -6.437562473674167e+05  3.113438224255960e+05  -4.746607630157806e-03  1.358972437050438e-03  -5.181121079959541e-04
  1.569999999999996e+01  5.699598918651780e+05  8.669075482247804e+05  4.457975223329198e+05  4.045106697339259e+05  -6.474520320019298e+05  3.056013513516060e+05  -5.094927286123600e-03  1.009126034214701e-03  9.505015572482020e-05
  1.579999999999996e+01  5.706276234156308e+05  8.513729452789202e+05  4.641009417088940e+05  3.921645660466611e+05  -6.429518170448524e+05  2.952644844540422e+05  -5.854584425187243e-03  7.321384164408572e-04  3.167809977909227e-04
  1.589999999999996e+01  5.651586986770664e+05  8.374640181659383e+05  4.749213774369995e+05  3.873310153912590e+05  -6.324245829769730e+05  2.885191130034438e+05  -5.730343638458048e-03  5.225624177435769e-04  -3.942153777347038e-05
  1.599999999999996e+01  5.563274508610473e+05  8.328183975661368e+05  4.752189122954565e+05  3.904866749683399e+05  -6.243873278690078e+05  2.886369492963030e+05  -4.152581119626740e-03  2.515157327191243e-04  -8.392126314012532e-04
  1.609999999999996e+01  5.474211539852058e+05  8.378563906057969e+05  4.671984910380323e+05  3.979779571966497e+05  -6.267363212356418e+05  2.926780930279611e+05  -1.753736861379954e-03  -2.427603465488183e-04  -1.585146060628599e-03
  1.619999999999996e+01  5.424556939421396e+05  8.490835465377598e+05  4.536762226671394e+05  4.044915158679005e+05  -6.392418413698877e+05  2.961277822636225e+05  2.885248534387720e-04  -9.213299235493909e-04  -1.889009344193557e-03
  1.629999999999996e+01  5.459914657150933e+05  8.637261170917514e+05  4.362930986751174e+05  4.064269436252618e+05  -6.541604171310215e+05  2.971415382550462e+05  1.210320764310973e-03  -1.503885858092565e-03  -1.857067073234098e-03
  1.639999999999996e+01  5.587869576959404e+05  8.785846066945634e+05  4.177295369843350e+05  4.045628528719629e+05  -6.646379155591185e+05  2.964324856425407e+05  1.076158149566564e-03  -1.776214882318556e-03  -1.801087945910265e-03
  1.649999999999996e+01  5.747329814363025e+05  8.888090186113556e+05  4.034172288616505e+05  4.025683780654859e+05  -6.707390084778921e+05  2.950760075662616e+05  5.098787152844999e-04  -1.809054883446693e-03  -1.738177033298816e-03
  1.659999999999997e+01  5.842719715784997e+05  8.917912797566523e+05  3.995925625185088e+05  4.026198557998040e+05  -6.763039247771042e+05  2.942656838925869e+05  2.246397412688507e-04  -1.751960628767493e-03  -1.372903258700520e-03
  1.669999999999997e+01  5.811315181133248e+05  8.901437726270767e+05  4.087594912076521e+05  4.036131013108236e+05  -6.822080582801584e+05  2.960890015377540e+05  7.155703998962036e-04  -1.555757782976977e-03  -5.727684546520114e-04
  1.679999999999997e+01  5.673300801102140e+05  8.883606306210477e+05  4.263065486176211e+05  4.037505668369333e+05  -6.847723131470880e+05  3.018220411849347e+05  2.020708636891101e-03  -1.050663963374665e-03  2.176494849894078e-04
  1.689999999999997e+01  5.528871586704827e+05  8.883531995711699e+05  4.428296894065318e+05  4.033547154340240e+05  -6.802327078497357e+05  3.093011008011911e+05  3.609722537551886e-03  -2.431172392987181e-04  2.534825074080192e-04
  1.699999999999997e+01  5.487093870343568e+05  8.893867934001596e+05  4.505203269791972e+05  4.043679481658915e+05  -6.693471870343765e+05  3.140115589611342e+05  4.672974983546222e-03  5.767609343247914e-04  -7.478413095422449e-04
  1.709999999999997e+01  5.577570965653999e+05  8.903969229610804e+05  4.475705746386095e+05  4.080506848446641e+05  -6.576063785674034e+05  3.136606409666177e+05  4.627353756526163e-03  1.007719348556269e-03  -2.270855623047639e-03
  1.719999999999997e+01  5.725037015951501e+05  8.910037696237295e+05  4.368712015520339e+05  4.145863919934289e+05  -6.519867440337101e+05  3.101649113923897e+05  3.449972572547518e-03  6.943013411639362e-04  -3.441547474954340e-03
  1.729999999999998e+01  5.826200339027878e+05  8.909694702146824e+05  4.223301040200722e+05  4.236317163441742e+05  -6.566519212428207e+05  3.068775715801229e+05  1.582210714265831e-03  -5.052143686510343e-04  -3.807938168036267e-03
  1.739999999999998e+01  5.846990169307142e+05  8.898944145078757e+05  4.078392312439127e+05  4.339548791495138e+05  -6.696618910922220e+05  3.049325309818159e+05  -3.549642722999026e-04  -2.265099457760763e-03  -3.531152560834635e-03
  1.749999999999998e+01  5.833590672421438e+05  8.877894189653827e+05  3.988917329173329e+05  4.423633677987234e+05  -6.832740409622121e+05  3.039206891392197e+05  -1.762197651864033e-03  -3.729034768172427e-03  -2.968921464581781e-03
  1.759999999999998e+01  5.828131216728401e+05  8.854647649484617e+05  4.007683539627869e+05  4.447343211598513e+05  -6.889621265929221e+05  3.049204333261020e+05  -2.144426669306000e-03  -4.027540388854511e-03  -2.354676510647197e-03
  1.769999999999998e+01  5.818018420849669e+05  8.842681237028638e+05  4.132840086345508e+05  4.401059441949885e+05  -6.840839381975685e+05  3.102056339997264e+05  -1.370530931504085e-03  -3.086792975179371e-03  -1.904763570186409e-03
  1.779999999999998e+01  5.780798248015494e+05  8.848539046408162e+05  4.290736210166115e+05  4.330874321689290e+05  -6.740854979077320e+05  3.192150285060359e+05  5.515354069993507e-05  -1.793379853495647e-03  -1.892064214655564e-03
  1.789999999999998e+01  5.732815192380224e+05  8.860388067606766e+05  4.390602494157248e+05  4.305335849797291e+05  -6.672632393793834e+05  3.268532927048618e+05  1.289040106657676e-03  -1.163588643050129e-03  -2.315194822760282e-03
  1.799999999999999e+01  5.709031526509930e+05  8.855228592542392e+05  4.397836197102310e+05  4.350799374253022e+05  -6.671034431611185e+05  3.279870343728465e+05  1.907821651453698e-03  -1.338763915639524e-03  -2.645283483305742e-03
  1.809999999999999e+01  5.712587785548539e+05  8.819272289100832e+05  4.343440633268031e+05  4.424578466236884e+05  -6.704221841608934e+05  3.233460932718292e+05  2.295116086838413e-03  -1.548685662046169e-03  -2.199144953121409e-03
  1.819999999999999e+01  5.714051826122322e+05  8.762470915152880e+05  4.275548828005650e+05  4.462770017518704e+05  -6.723399656415122e+05  3.191984984141524e+05  3.066962623660070e-03  -1.104970015171467e-03  -8.332413675060199e-04
  1.829999999999999e+01  5.695797992127421e+05  8.710867397469238e+05  4.224810185566126e+05  4.448606797252151e+05  -6.711809027099543e+05  3.204981966007950e+05  4.172881893439629e-03  -1.745807465143094e-04  8.886957067486575e-04
  1.839999999999999e+01  5.669109351474283e+05  8.680257996590623e+05  4.207023883786115e+05  4.421844368715001e+05  -6.682533187049205e+05  3.259350478493192e+05  4.874934402204678e-03  5.566592758573799e-04  2.211589095938854e-03
  1.849999999999999e+01  5.649311843710397e+05  8.662868081438733e+05  4.233241287198020e+05  4.426722911382950e+05  -6.647642023480342e+05  3.306029246442079e+05  4.641875547847749e-03  7.478590957847494e-04  2.777036586324891e-03
  1.859999999999999e+01  5.636865720284081e+05  8.644102246458303e+05  4.301543151945867e+05  4.462471806609089e+05  -6.603903968207426e+05  3.319870703761614e+05  3.746489995871250e-03  7.243047714810787e-04  2.705252002760867e-03
  1.870000000000000e+01  5.628151391534180e+05  8.626064528298553e+05  4.377023469373266e+05  4.485933577415440e+05  -6.544301628347412e+05  3.319733277266546e+05  2.860691820394670e-03  1.032994507025587e-03  2.195270668143798e-03
  1.880000000000000e+01  5.632796078077502e+05  8.630390009931108e+05  4.395733512598303e+05  4.456399634180339e+05  -6.472008138799561e+05  3.336205782006484e+05  2.287127641800272e-03  1.870332001907153e-03  1.237329118161589e-03
  1.890000000000000e+01  5.673760149040055e+05  8.679974580556104e+05  4.309717560301442e+05  4.375040370590431e+05  -6.399625157594560e+05  3.376437812049679e+05  1.803936624660174e-03  2.948027177692437e-03  -2.199332149255599e-04
  1.900000000000000e+01  5.768096443706844e+05  8.776821706740645e+05  4.134389043905871e+05  4.283442450192776e+05  -6.340044571789313e+05  3.423873296589382e+05  1.216811516485378e-03  3.783901706277984e-03  -1.922728043092393e-03
  1.910000000000000e+01  5.905432630223011e+05  8.894204913432555e+05  3.948187288232350e+05  4.228856422973368e+05  -6.302973897310623e+05  3.460453750062353e+05  7.927935966095661e-04  4.032186921091732e-03  -3.265473360076983e-03
  1.920000000000000e+01  6.043096731418630e+05  8.988923267189937e+05  3.836999466341418e+05  4.230221252296290e+05  -6.295997646284672e+05  3.479682623875268e+05  1.006127363058858e-03  3.641403484467132e-03  -3.666001138676290e-03
  1.930000000000000e+01  6.128483031869613e+05  9.027017986840673e+05  3.833231323085455e+05  4.268764423535951e+05  -6.320055208985478e+05  3.481323756684781e+05  1.933807894199804e-03  2.905111245395028e-03  -2.985908866483361e-03
  1.940000000000001e+01  6.135745207238996e+05  9.005911301399408e+05  3.905034032355252e+05  4.309119343119973e+05  -6.362887085550271e+05  3.462947303535519e+05  3.002751032761628e-03  2.348355872790469e-03  -1.590088261093023e-03
  1.950000000000001e+01  6.081944731926206e+05  8.952715679275045e+05  3.994402137074891e+05  4.330592712098355e+05  -6.405222753005722e+05  3.423931811948284e+05  3.373951591965870e-03  2.374105599789598e-03  -5.339195683377048e-05
  1.960000000000001e+01  6.008312134110007e+05  8.899884230591132e+05  4.062823756290332e+05  4.337804835133366e+05  -6.438910126911729e+05  3.373074920391387e+05  2.540337180314787e-03  2.914490443209000e-03  1.193133340529014e-03
  1.970000000000001e+01  5.948520888000730e+05  8.862726347338407e+05  4.108417415864254e+05  4.346716535529071e+05  -6.475511046102731e+05  3.323328878779666e+05  5.943893670926117e-04  3.422538316410021e-03  2.026940711324828e-03
  1.980000000000001e+01  5.912932539309253e+05  8.838027196119628e+05  4.147577817546881e+05  4.363196851603986e+05  -6.532316163682048e+05  3.280299543488940e+05  -1.926988184869938e-03  3.276371713098218e-03  2.502093309127889e-03
  1.990000000000001e+01  5.896125496976273e+05  8.820416018921057e+05  4.184983126734085e+05  4.375384185526058e+05  -6.611546814804405e+05  3.242164698702929e+05  -4.333277005610938e-03  2.248423291662608e-03  2.606037099193150e-03
