TITLE = "Temporal Signal for receiver number 03784"
VARIABLES = "Time","xx","yy","zz","xy","yz","xz","u","v","w"
# x1       3.509972060000e+05
# x2       4.733615460000e+06
# x3       -1.050000000000e+04
  0.000000000000000e+00  0.000000000000000e+00  0.000000000000000e+00  0.000000000000000e+00  0.000000000000000e+00  0.000000000000000e+00  0.000000000000000e+00  0.000000000000000e+00  0.000000000000000e+00  0.000000000000000e+00
  1.000000000000000e-01  0.000000000000000e+00  0.000000000000000e+00  0.000000000000000e+00  0.000000000000000e+00  0.000000000000000e+00  0.000000000000000e+00  0.000000000000000e+00  0.000000000000000e+00  0.000000000000000e+00
  2.000000000000000e-01  0.000000000000000e+00  0.000000000000000e+00  0.000000000000000e+00  0.000000000000000e+00  0.000000000000000e+00  0.000000000000000e+00  0.000000000000000e+00  0.000000000000000e+00  0.000000000000000e+00
  3.000000000000000e-01  0.000000000000000e+00  0.000000000000000e+00  0.000000000000000e+00  0.000000000000000e+00  0.000000000000000e+00  0.000000000000000e+00  0.000000000000000e+00  0.000000000000000e+00  0.000000000000000e+00
  4.000000000000000e-01  1.315343317112949e-21  1.178427750676563e-20  -6.767181724794134e-21  -8.159549243415362e-21  -8.889536425259847e-21  -2.176217191414733e-21  7.943323084427758e-28  -1.021294253571931e-27  3.254694436139428e-29
  5.000000000000000e-01  1.214879238092136e-15  7.332383086643825e-16  1.126855414402713e-15  -2.360076486440635e-16  -6.260583946754623e-17  2.840313438125731e-16  8.155966649279070e-23  -3.285342799649625e-23  5.537606147943603e-23
  6.000000000000000e-01  -5.005773897909064e-13  -2.485303360744158e-13  -3.728426913048247e-13  5.876682018302204e-14  2.398485477595716e-15  -1.219156150911705e-13  -3.317922211059800e-20  8.972060994135471e-21  -1.151779143942332e-20
  7.000000000000000e-01  7.555978881228519e-12  1.152872323731781e-12  4.843854061793472e-12  6.906465755187980e-12  1.070006481130711e-11  -6.411654429900537e-13  -1.312619403705868e-19  1.059440832112269e-18  -2.948275548251026e-19
  7.999999999999999e-01  2.402311676316379e-10  2.220560092050156e-10  3.917585800496377e-10  -1.168346996944128e-10  -2.524026752460504e-10  1.826378754627837e-10  2.708644383013901e-17  -3.027842307939635e-17  1.979620903641622e-17
  8.999999999999999e-01  -7.456250183161913e-09  -4.368909016569515e-09  -8.344772815861086e-09  -7.194986050643425e-10  -1.594071007927057e-09  -2.912741152500947e-09  -4.148000071911554e-16  -1.086877622291052e-16  -3.091893438850606e-16
  9.999999999999999e-01  -4.244553872560979e-08  -3.664779699733712e-08  -6.017850284118836e-08  8.061827023427840e-09  8.599652549296475e-09  -3.200484299539626e-08  -3.852443459142610e-15  2.327799632542421e-15  -3.054300382485727e-15
  1.100000000000000e+00  2.986439342474427e-07  4.327984924987816e-09  2.757276724394563e-07  1.935713153825729e-08  9.051359633818872e-08  1.209879088173506e-08  1.458058205365725e-14  2.117649216377826e-14  1.079347809497707e-14
  1.200000000000000e+00  6.538678429204058e-06  1.193593631616271e-06  2.254154293271228e-06  -3.476529443973886e-07  1.529156418486288e-06  1.053306498380679e-06  4.199487175919689e-13  1.230873393146381e-13  -5.227230121790015e-15
  1.300000000000000e+00  5.127035232042873e-05  1.206154562248193e-05  1.016819911159457e-07  -1.911315541514635e-06  1.692607236592720e-05  8.318604920139260e-08  2.735159359399197e-12  9.146913261917849e-13  -1.436822552617944e-12
  1.400000000000000e+00  2.998769604023286e-04  8.897279494652880e-05  -6.550923358357188e-06  6.443547488314079e-07  1.077285470248183e-04  -2.637056242887106e-05  1.416039684696151e-11  5.520580746113952e-12  -8.992668001659528e-12
  1.500000000000000e+00  6.224535467941515e-04  9.756866436207611e-05  -4.305918887465025e-04  9.925414388157042e-05  4.464555713805562e-04  -4.737725560882931e-04  7.615001216289928e-12  3.155052321637192e-11  -6.539186646554981e-11
  1.600000000000000e+00  -1.833537222632686e-03  -1.673591037366737e-03  -3.727741876784661e-03  8.396623967625792e-04  1.441369892820980e-03  -3.287334581418454e-03  -2.448920447977042e-10  1.745056091398995e-10  -3.930471712493849e-10
  1.700000000000000e+00  -2.069435823007399e-02  -1.418015212737735e-02  -2.136999896465012e-02  3.300184781435943e-03  3.753525764651488e-03  -1.343335983924671e-02  -1.720943909645130e-09  5.464371310018852e-10  -1.419549430874699e-09
  1.800000000000000e+00  -1.365854335382162e-01  -7.237780419850030e-02  -9.198563105345561e-02  9.308403654305790e-03  -4.254303997486092e-03  -3.492019465115453e-02  -8.706265788146378e-09  2.517119589640205e-10  -4.284595045226376e-09
  1.900000000000001e+00  -1.829220302751577e-01  -4.759768915612764e-02  -3.972981225514211e-02  -1.558947659496932e-02  -3.580568723726437e-02  5.019213262067155e-02  -7.592160695243875e-09  -3.352843114300563e-09  -1.384424163367446e-09
  2.000000000000000e+00  1.775337535295767e+00  8.204670731757566e-01  1.130513935473287e+00  -1.203485090447357e-01  3.455467973299694e-02  3.947545824240536e-01  1.118820283124931e-07  -5.943336378177734e-09  6.661543337618713e-08
  2.100000000000001e+00  -2.846629811280214e+00  -1.186781838856843e+00  -1.693712658495745e+00  4.141107061093089e-01  1.000974628613032e-01  -7.810670438806394e-01  -1.813542253789423e-07  3.228775216344203e-08  -1.112188544201619e-07
  2.200000000000001e+00  1.717339207041529e+00  2.910894843309345e-01  4.168469092067007e-01  -8.432502145339000e-01  -3.804074236801309e-01  2.655702808507298e-01  1.038323742151987e-07  -8.046443566182247e-08  3.454706880866430e-08
  2.300000000000001e+00  9.307126444452033e-01  1.526062418074762e+00  2.527767793114269e+00  1.394340457243493e+00  6.597275828090229e-01  1.238405952457797e+00  8.221655588853766e-08  1.542786250721731e-07  1.904131221633610e-07
  2.400000000000001e+00  -1.612428322403152e+01  -8.977296976005437e+00  -1.345737206282052e+01  -1.566028985557018e+00  -7.967929189177707e-01  -6.943605111012578e+00  -1.148455982286290e-06  -1.852859739211504e-07  -9.754132857854890e-07
  2.500000000000001e+00  -5.357914759159773e+02  -2.267957876047311e+02  -3.676762219373002e+02  1.364001408862509e+01  9.366291136660179e+00  -2.081155635653894e+02  -3.850949535131697e-05  1.772506226670456e-06  -2.604748211367852e-05
  2.600000000000001e+00  -1.147850680356039e+03  -4.653137458636172e+02  -7.987098182982293e+02  5.483421965991632e+01  3.273199028509119e+01  -4.772772560270772e+02  -8.274012855771944e-05  6.460160804301926e-06  -5.785879170745069e-05
  2.700000000000001e+00  -1.094804218416936e+03  -3.923920163638116e+02  -7.919494402987281e+02  9.874546127135669e+01  6.083733133025363e+01  -5.552879773107367e+02  -8.009906964139739e-05  1.111387376439362e-05  -6.267571066636323e-05
  2.800000000000001e+00  -1.181436198326591e+03  -3.769695516601777e+02  -8.795498733350129e+02  1.492602645789510e+02  8.705315774424662e+01  -7.163183293891813e+02  -8.794855603875403e-05  1.671211555021734e-05  -7.616949360232371e-05
  2.900000000000001e+00  -1.802434394884381e+03  -6.049070887663023e+02  -1.339380218631205e+03  2.066005272298618e+02  1.587564236276798e+02  -1.044135458609521e+03  -1.333437518021270e-04  2.381125300947185e-05  -1.083953485005508e-04
  3.000000000000001e+00  -3.064562735746914e+03  -1.007417516312526e+03  -2.094952006243263e+03  3.642302292590505e+02  1.434619276806935e+02  -1.367988494273606e+03  -2.140067817418616e-04  2.479707007406421e-05  -1.448800086651395e-04
  3.100000000000001e+00  -1.194075773530067e+03  5.425262697088986e+02  -1.246185483175790e+02  1.232918409947564e+02  5.969193659239207e+01  -1.804655792999733e+03  -1.252022816514516e-04  3.305721550636326e-05  -1.351434715564996e-04
  3.200000000000002e+00  -9.033471286131169e+03  -5.524356714292140e+03  -1.095376219072597e+04  1.059032699281027e+03  8.466208277923920e+02  -5.252780675535131e+03  -6.347509371739099e-04  1.087539769533233e-04  -6.669770280324930e-04
  3.300000000000002e+00  -5.058319379047343e+04  -1.603174962077236e+04  -2.404146842163603e+04  1.908200709272961e+03  6.639788978285247e+02  -1.716010223367264e+04  -3.656537807647252e-03  2.091778389648772e-04  -1.907254102354391e-03
  3.400000000000002e+00  -6.503123798740658e+04  -2.997028568291897e+04  -5.570678676151808e+04  4.000750987000692e+03  3.283264383094506e+03  -3.487376740887425e+04  -4.623192491158677e-03  3.936979223999587e-04  -3.957121916042799e-03
  3.500000000000002e+00  -5.433021349349096e+05  -2.054512497675661e+05  -3.071994511223460e+05  1.614750501680229e+04  7.547803306919541e+03  -1.860039230992791e+05  -3.899329112905232e-02  2.016176790936553e-03  -2.161877901587979e-02
  3.600000000000002e+00  -1.394124547904721e+06  -4.793994767802826e+05  -6.692141440748675e+05  5.449830439576790e+04  2.265544290981406e+04  -3.996535031108159e+05  -9.783765253683049e-02  5.569113603848758e-03  -4.261261459715764e-02
  3.700000000000002e+00  -8.289496123806799e+05  -1.998942699510693e+05  -3.664340695643543e+05  6.655605485086827e+04  2.382659470341780e+04  -3.716547347125546e+05  -5.804774175801717e-02  6.449637962654392e-03  -3.423015738587115e-02
  3.800000000000002e+00  -6.377769779405879e+05  -6.774889312684246e+04  -2.588473738657274e+05  7.089871982851118e+04  1.988729919381386e+04  -4.068061096545219e+05  -4.458082900346280e-02  6.419954606785356e-03  -3.470138863027353e-02
  3.900000000000002e+00  -7.928062659754422e+05  -8.606895769903612e+04  -3.054987057453971e+05  8.847529749814804e+04  1.865078161924609e+04  -5.136250164029559e+05  -5.473433134085670e-02  6.987081301540494e-03  -4.021737049764094e-02
  4.000000000000002e+00  -9.259721796825427e+05  -7.439117211102520e+04  -3.280202946360821e+05  7.844962961055891e+04  1.231317620506536e+04  -6.359134379309120e+05  -6.429889535869228e-02  5.378561705308376e-03  -4.779046281066229e-02
  4.100000000000001e+00  -9.184600000773763e+05  4.894732140341428e+03  -2.622436739457158e+05  1.229813820996131e+05  6.820842408524433e+03  -7.597845944875045e+05  -6.315273852474643e-02  9.612286012340746e-03  -5.131408785047806e-02
  4.200000000000001e+00  -9.039546800008647e+05  1.013955934391693e+05  -1.784929834255905e+05  1.963511123017714e+05  2.370869601566135e+04  -8.549781166730154e+05  -6.283969514061066e-02  1.646669458222080e-02  -5.080182187567524e-02
  4.300000000000001e+00  -9.872138491856705e+05  1.953419790306195e+05  -1.089565593826984e+05  1.544520837275547e+05  1.883827766491332e+04  -9.210874028448469e+05  -6.647091871570972e-02  1.125848387208828e-02  -4.692377601975928e-02
  4.400000000000000e+00  -9.346118127970425e+05  2.977143844733504e+05  -4.699756112509713e+04  2.072642340978789e+05  2.018754552086241e+04  -1.029517679542251e+06  -6.042148629696185e-02  1.557972758428445e-02  -4.964723075801414e-02
  4.500000000000000e+00  -9.749370312939204e+05  3.421094021586778e+05  -1.232053089894733e+04  4.294264659667586e+05  7.603560758911625e+04  -1.215602857176117e+06  -6.316199092821131e-02  3.910626704140650e-02  -5.773012659646625e-02
  4.600000000000000e+00  -1.243467072909176e+06  3.856456074727888e+05  9.120200265924336e+04  3.803334000154948e+05  7.636914390888004e+04  -1.303647104399453e+06  -7.937781545863200e-02  3.033079933385826e-02  -4.845339932312168e-02
  4.699999999999999e+00  -1.475157626752787e+06  4.042703688318970e+05  2.291439381991522e+05  -1.003541181665330e+05  -6.706427040644303e+04  -1.138636429753566e+06  -9.061417139547276e-02  -3.198560864134018e-02  -1.517764238033611e-02
  4.799999999999999e+00  -1.448009303246108e+06  3.220806289498238e+05  2.406882654949522e+05  -5.477830776771122e+05  -2.340649903204282e+05  -8.062345531312079e+05  -8.595013706819184e-02  -8.897771846905976e-02  2.399863963610051e-02
  4.899999999999999e+00  -1.266826343829264e+06  1.979266266240395e+05  1.190283888863107e+05  -5.601923843616069e+05  -2.505955238169804e+05  -4.930101910294488e+05  -6.800296518565686e-02  -8.970729730917115e-02  4.836369288520211e-02
  4.999999999999998e+00  -1.110323999334665e+06  1.487539798320687e+05  2.961215609544641e+04  -2.390804024035660e+05  -1.104302564053674e+05  -3.213906809544072e+05  -4.990026775737412e-02  -4.993800926065520e-02  5.476168830808269e-02
  5.099999999999998e+00  -9.700116314632023e+05  1.389665456286341e+05  -3.206692193066710e+04  3.858695370361304e+04  3.812147096455011e+04  -3.062684606207384e+05  -3.600549766827219e-02  -1.520726291713600e-02  4.891748557029724e-02
  5.199999999999998e+00  -7.120130438006516e+05  1.909728833855115e+05  -5.799597427577898e+04  8.864114920391039e+04  8.404968798269166e+04  -3.388872408288456e+05  -1.836099554545480e-02  -7.011713109391455e-03  4.128002073875647e-02
  5.299999999999997e+00  -6.634845356021296e+05  1.593180640014449e+05  -1.683134560534004e+05  1.185883981877064e+05  9.251980216410226e+04  -3.989365999289491e+05  -1.560836804689511e-02  -4.228438183397299e-03  2.987039038122517e-02
  5.399999999999997e+00  -6.764098940142145e+05  1.556109903501289e+05  -2.456576097276082e+05  1.601823699675073e+05  9.323717521709405e+04  -4.536860889962805e+05  -1.477185545836688e-02  -3.989603974572858e-03  2.039050715286414e-02
  5.499999999999996e+00  -6.401004910894220e+05  1.875041059418392e+05  -2.801988449034285e+05  1.598134190869528e+05  8.961338781227061e+04  -4.908087675798252e+05  -9.783152790183165e-03  -4.569712143395779e-03  1.335725355459443e-02
  5.599999999999996e+00  -5.832348906426467e+05  1.975450730801464e+05  -3.417357075237976e+05  1.472157249110563e+05  7.070433861466998e+04  -5.325872481195432e+05  -5.803417842916655e-03  -3.887348050182449e-03  5.378137783751923e-03
  5.699999999999996e+00  -5.034017746427322e+05  2.001272124050849e+05  -4.260349305782771e+05  1.491584945618320e+05  3.911446752443208e+04  -5.675106303731306e+05  4.427427105181070e-05  -5.146400538086618e-03  -3.039895997804278e-03
  5.799999999999995e+00  -4.305554200709257e+05  2.019569401811313e+05  -5.115516086476106e+05  1.435174249250164e+05  2.292902008665175e+04  -5.774930773992349e+05  8.466024362323292e-03  -7.853124168447157e-03  -9.005986858799520e-03
  5.899999999999995e+00  -3.854368343055296e+05  2.088720884737803e+05  -5.856062254126553e+05  1.359802049171719e+05  1.684574380403810e+04  -5.652819653615890e+05  1.465814033112077e-02  -9.385190288021993e-03  -1.332973030394220e-02
  5.999999999999995e+00  -3.752184325603696e+05  2.211630045270513e+05  -6.388770905743580e+05  1.541181701324941e+05  2.304298699815669e+03  -5.345519250120708e+05  1.706615926766780e-02  -8.343182564339422e-03  -1.676951089697697e-02
  6.099999999999994e+00  -5.183764662302317e+05  2.026987722094973e+05  -5.898175872895486e+05  1.451458856771982e+05  7.385046022511357e+03  -5.118760830075941e+05  8.061615406721755e-03  -7.610627176247254e-03  -1.242506694912122e-02
  6.199999999999994e+00  -1.067611040461469e+06  -1.874349363840830e+05  -1.263984594646309e+06  5.235039312741560e+04  -1.828806477990826e+05  -7.255715252620970e+05  -2.844021492562970e-02  -2.988233727079801e-02  -6.047139690503137e-02
  6.299999999999994e+00  -7.161194100184690e+05  -3.430858357619691e+04  -1.925439589350273e+06  2.430663053708976e+05  -3.417579139789634e+05  -7.576256598413422e+05  -5.641653855593716e-03  -2.360492277152359e-02  -1.029841122407194e-01
  6.399999999999993e+00  -1.423952007281467e+05  4.555280428443433e+05  -2.061604850970452e+06  5.662137088045689e+05  -4.116503933240495e+05  -7.182039432136976e+05  2.534068751628513e-02  -7.202194371207404e-03  -1.020235516027124e-01
  6.499999999999993e+00  8.633455121159151e+05  6.880947044520286e+05  -3.502574193776260e+06  9.882348189656301e+05  -5.981123249094797e+05  -8.153146532202323e+05  8.357456668904974e-02  2.237936828977701e-02  -1.812620416017379e-01
  6.599999999999993e+00  6.616523071942666e+05  7.393745625775905e+05  -3.370767963345416e+06  8.533587096815180e+05  -6.244011057881779e+05  -9.129199075851700e+05  1.250024995132658e-02  -1.017314436686529e-02  -1.203138724977015e-01
  6.699999999999992e+00  -5.885448959030570e+05  4.119218642482342e+05  -1.869362959220158e+06  1.064432197622134e+05  -5.523838657376195e+05  -1.131873180557095e+06  -1.473806887429232e-01  -8.407312243737021e-02  3.754028923241194e-02
  6.799999999999992e+00  -8.931373006100314e+05  1.826832357684472e+05  -1.232142582512591e+06  -1.642752389896112e+05  -3.584151647160659e+05  -1.234785080030763e+06  -1.867462372216170e-01  -8.914223041082796e-02  1.076126946138903e-01
  6.899999999999991e+00  -4.757141847492157e+05  1.282210416598518e+05  -1.249951601826173e+06  1.216810849692443e+04  -3.086990263673966e+05  -1.101222508275538e+06  -1.498011469807991e-01  -6.126767718664954e-02  1.043833266977007e-01
  6.999999999999991e+00  -3.653433916500416e+05  7.017467889971645e+04  -1.318930138369618e+06  1.461340263649431e+05  -3.170644961208202e+05  -1.129789763582409e+06  -1.365530295659403e-01  -4.752782532142012e-02  9.198980661865039e-02
  7.099999999999991e+00  -4.188206160627205e+05  9.007802170992049e+04  -1.196913476058025e+06  1.099455602693169e+05  -3.386599695404499e+05  -1.225436116939020e+06  -1.370207963605817e-01  -5.222667997814968e-02  9.299574872123727e-02
  7.199999999999990e+00  -4.551448174955290e+05  1.904286783371325e+05  -1.150765578703202e+06  8.789055957768358e+04  -3.801435308265788e+05  -1.129144160076964e+06  -1.261354974608987e-01  -5.784065856697942e-02  9.504294478038118e-02
  7.299999999999990e+00  -3.408448369501572e+05  3.150172378016038e+05  -1.379591461770524e+06  2.208918916663668e+05  -4.164102859388866e+05  -9.669424581880065e+05  -8.606356147996699e-02  -4.297631896078698e-02  7.090076426868866e-02
  7.399999999999990e+00  -1.013815114328008e+05  4.148049246396042e+05  -1.744643350633430e+06  3.970067186005497e+05  -4.334898057518735e+05  -8.898689519299475e+05  -4.219663697554314e-02  -2.553504680597640e-02  2.812918626127859e-02
  7.499999999999989e+00  2.071690310489091e+05  4.466701659853783e+05  -1.980285120887640e+06  5.271686129632747e+05  -3.747329389090620e+05  -8.221703523182446e+05  -1.128076317135131e-02  -4.382774220627546e-03  1.151321495117335e-03
  7.599999999999989e+00  4.334672524875819e+05  4.046864822650171e+05  -2.174130223073297e+06  6.080958072631594e+05  -3.112782569152152e+05  -7.771694602293754e+05  1.210923478159360e-02  1.477323200884701e-02  -1.677782810984138e-02
  7.699999999999989e+00  6.020330718769750e+05  3.704238063181676e+05  -2.356675618173404e+06  6.536390228267009e+05  -2.879123827919706e+05  -7.801613806780165e+05  3.311341738993698e-02  2.613855516149258e-02  -3.194692586254346e-02
  7.799999999999988e+00  6.539394830454447e+05  3.754055684238321e+05  -2.539082788779307e+06  6.766126158617146e+05  -2.516224085769719e+05  -8.259685799371416e+05  4.386584414279746e-02  2.937043255722452e-02  -4.211508862249501e-02
  7.899999999999988e+00  6.329146231611327e+05  4.046169021737596e+05  -2.576308101667023e+06  6.607874946578335e+05  -2.393171273308786e+05  -8.601230251841790e+05  3.875696799687525e-02  2.149010066818085e-02  -4.145009888942971e-02
  7.999999999999988e+00  5.816535069902251e+05  3.687731764867299e+05  -2.488158607572048e+06  5.957964497064466e+05  -2.658015611018462e+05  -8.515540951692438e+05  2.800340617766106e-02  1.305596570433576e-02  -3.563190956425701e-02
  8.099999999999987e+00  4.927571785814229e+05  3.241306617475489e+05  -2.465690749814552e+06  5.447963084211301e+05  -2.887054633763881e+05  -8.451344726838699e+05  2.248445496678517e-02  6.111312278482152e-03  -3.281091147847019e-02
  8.199999999999987e+00  4.480763502367528e+05  3.095033200718873e+05  -2.514668421279812e+06  5.487202892505012e+05  -3.117247472652901e+05  -8.507203657931392e+05  2.106263264485139e-02  1.311653434658662e-03  -3.257148933232106e-02
  8.299999999999986e+00  5.490252063007570e+05  2.997639025254974e+05  -2.556209334300047e+06  5.318906591463580e+05  -3.176829801927689e+05  -8.433846033643764e+05  2.637209616521831e-02  2.670418331616428e-03  -3.509012124081475e-02
  8.399999999999986e+00  6.857485737130879e+05  2.745430240543682e+05  -2.570893856055668e+06  4.741687137083623e+05  -3.089061928684707e+05  -8.234002258529802e+05  3.816259315720084e-02  4.724327015955630e-03  -3.734832975549663e-02
  8.499999999999986e+00  7.673082973359464e+05  2.677099925782268e+05  -2.584843168909525e+06  4.553633931643832e+05  -3.107451133396944e+05  -7.934620619590190e+05  4.468935838032190e-02  1.619709832454397e-03  -3.943036371063199e-02
  8.599999999999985e+00  8.480228759498519e+05  2.733361495567572e+05  -2.617994707280068e+06  4.897952672010788e+05  -3.178880728073997e+05  -7.526003683422968e+05  4.517429386062085e-02  -4.290087227976172e-04  -4.176179890217813e-02
  8.699999999999985e+00  9.328077209033919e+05  2.580397126397787e+05  -2.616738986335053e+06  5.209115788557801e+05  -3.152556745312270e+05  -7.061250085302185e+05  5.027164085099632e-02  3.337651106146850e-03  -3.843282287771726e-02
  8.799999999999985e+00  9.495622332000341e+05  2.214147217578316e+05  -2.617294296529356e+06  5.314470778604768e+05  -2.968983830941839e+05  -6.624669523231357e+05  5.743286359892826e-02  6.755698698902756e-03  -3.502451674307840e-02
  8.899999999999984e+00  9.557339567128799e+05  2.001849357645491e+05  -2.664751705551604e+06  5.324070843175681e+05  -2.857094267175735e+05  -6.363918407902363e+05  5.682831493113365e-02  4.709884738034530e-03  -3.903765462223834e-02
  8.999999999999984e+00  1.005895510097741e+06  1.799325456995800e+05  -2.737242717726425e+06  5.190992832223569e+05  -2.935775915718111e+05  -6.284473074331252e+05  5.377619525964387e-02  1.544386239156026e-03  -4.493627404839035e-02
  9.099999999999984e+00  1.061152388962121e+06  1.389890998386376e+05  -2.788321804341127e+06  4.881671563904851e+05  -3.021606450857372e+05  -6.191377467479189e+05  5.454362198231006e-02  1.843575339864324e-03  -4.337704434884242e-02
  9.199999999999983e+00  1.075141361179192e+06  1.000712511664367e+05  -2.809993683306674e+06  4.578757367164324e+05  -3.105704057633432e+05  -6.090029599844259e+05  5.376299867681873e-02  2.602086502695807e-03  -3.547780824409542e-02
  9.299999999999983e+00  1.016019365979942e+06  9.208599970529767e+04  -2.814854530243904e+06  4.416142544583514e+05  -3.296161621019184e+05  -6.073866081549879e+05  4.988363711710755e-02  1.106539805650908e-03  -2.970501151934173e-02
  9.399999999999983e+00  8.950445087161332e+05  1.126822398718920e+05  -2.782333258319764e+06  4.439949644325346e+05  -3.490286495122404e+05  -5.927932973335384e+05  4.843193079733533e-02  -1.863474044900928e-04  -2.929234615588004e-02
  9.499999999999982e+00  7.626336241403410e+05  1.260998037873389e+05  -2.719207453905750e+06  4.653706086134066e+05  -3.644024020116146e+05  -5.594095103140790e+05  4.795799226028495e-02  -4.179424609174377e-06  -3.073166999681975e-02
  9.599999999999982e+00  6.487255522374290e+05  1.103825185657127e+05  -2.683509427538049e+06  4.928718184572289e+05  -3.904694816183662e+05  -5.465619735071114e+05  4.167555823357345e-02  2.190155034914892e-04  -3.001213170341581e-02
  9.699999999999982e+00  5.658648776103782e+05  1.053470825199804e+05  -2.665234221411268e+06  4.999811438111668e+05  -4.339494457553935e+05  -5.797622496692762e+05  2.888142298316644e-02  -1.100121905298545e-03  -2.426326492299438e-02
  9.799999999999981e+00  4.915796585490228e+05  1.163685454919350e+05  -2.665164807940548e+06  4.753977303525855e+05  -4.724047968940869e+05  -6.356440413564780e+05  1.467364042099900e-02  -4.013261800054459e-03  -1.782255318753255e-02
  9.899999999999981e+00  3.944888233534846e+05  1.093620280842448e+05  -2.680569875247199e+06  4.387584015023175e+05  -4.786500073502857e+05  -6.790234129211336e+05  2.457328437158912e-03  -5.942574897672664e-03  -1.445093674560390e-02
  9.999999999999980e+00  2.813873895342146e+05  8.980865097580943e+04  -2.651974301239040e+06  4.192985109527198e+05  -4.488645842801665e+05  -7.030602187331679e+05  -7.653136543908441e-03  -2.841068816069450e-03  -1.097222865054742e-02
  1.009999999999998e+01  1.784664777604983e+05  6.706692305614272e+04  -2.598080495874003e+06  4.161357248349907e+05  -4.181550913246131e+05  -7.273849122314368e+05  -1.638492845493478e-02  1.939363028499630e-03  -8.600375928848889e-03
  1.019999999999998e+01  1.536054881991764e+05  9.234090499324622e+04  -2.465151663471767e+06  4.110284864959888e+05  -3.990375512290999e+05  -7.572452950094811e+05  -2.336205965968709e-02  3.320633428882475e-03  -1.750190188850897e-03
  1.029999999999998e+01  2.115440760707943e+05  1.696441545305881e+05  -2.297428350895050e+06  4.122144867730667e+05  -3.938832063072499e+05  -7.798427010919710e+05  -2.788490389938092e-02  1.517291947740617e-03  9.650333746996753e-03
  1.039999999999998e+01  2.950193378910683e+05  2.499172879227343e+05  -2.229158659721874e+06  4.411296096480921e+05  -4.193413533181374e+05  -8.000975093152147e+05  -3.176371166342049e-02  -4.165764099618287e-04  1.649330159146203e-02
  1.049999999999998e+01  3.698028092422127e+05  3.071414106020350e+05  -2.261266303287608e+06  4.892808294454712e+05  -4.679993507012849e+05  -8.296629713505023e+05  -3.627242140199201e-02  -2.624895639688788e-04  1.726917547196480e-02
  1.059999999999998e+01  4.297812921167838e+05  3.325327617525956e+05  -2.337624148940034e+06  5.271238523018454e+05  -5.180435135757984e+05  -8.590241285686494e+05  -3.785442348664339e-02  -1.867482152177131e-04  1.494150807364382e-02
  1.069999999999998e+01  4.668954304567077e+05  3.352093652287557e+05  -2.410018669999616e+06  5.428360359267080e+05  -5.481777111112719e+05  -8.669497358834984e+05  -3.369626321828590e-02  -1.637034574438464e-03  1.147940426535980e-02
  1.079999999999998e+01  4.767867781305424e+05  3.244473167713456e+05  -2.435031459577690e+06  5.469602457662822e+05  -5.539578828711507e+05  -8.272060841729081e+05  -2.379701663377809e-02  -1.926629773128711e-03  8.558124232899979e-03
  1.089999999999998e+01  4.786765880879743e+05  3.069491225071952e+05  -2.388877407491584e+06  5.536252804426295e+05  -5.436145780571639e+05  -7.297312107694236e+05  -9.532180758122887e-03  1.256073303195699e-03  8.218029587554417e-03
  1.099999999999998e+01  4.739310727080905e+05  2.886684043531490e+05  -2.298480942128492e+06  5.675352207817635e+05  -5.215092645349784e+05  -6.048921607697501e+05  4.865772944582745e-03  6.599280760334878e-03  1.192823347373586e-02
  1.109999999999998e+01  4.497807496837993e+05  2.825140002463596e+05  -2.205437547204646e+06  5.827912648697384e+05  -4.848990145455149e+05  -5.043652634721553e+05  1.488668259318281e-02  1.203899309637294e-02  1.917958008428868e-02
  1.119999999999998e+01  4.105343354029477e+05  3.104545187032001e+05  -2.115294814015018e+06  5.889148909966253e+05  -4.340029025185213e+05  -4.524342370609576e+05  1.914490039822393e-02  1.666078923315082e-02  2.758736531750224e-02
  1.129999999999998e+01  3.751449367532587e+05  3.610879267388025e+05  -2.040619459252690e+06  5.816397835375207e+05  -3.785640570822466e+05  -4.378448121177504e+05  1.943914772096507e-02  2.039514931803570e-02  3.376404836205613e-02
  1.139999999999998e+01  3.674715147946370e+05  3.919222680535615e+05  -1.991058945568302e+06  5.662417018785872e+05  -3.338529343032151e+05  -4.382620930164765e+05  1.883836591934012e-02  2.313717316036131e-02  3.593670897321508e-02
  1.149999999999998e+01  3.778823186463422e+05  3.790680174807510e+05  -1.949394206009092e+06  5.498207150163336e+05  -3.137044732238651e+05  -4.384603129683453e+05  1.831089735638350e-02  2.372979357262084e-02  3.454003123709424e-02
  1.159999999999997e+01  3.695163428312917e+05  3.450125102767912e+05  -1.883537358891614e+06  5.367686929699369e+05  -3.108036896141309e+05  -4.355797329457022e+05  1.793895540377804e-02  2.264546347829766e-02  3.293366921929085e-02
  1.169999999999997e+01  3.168784175594568e+05  3.183059133478997e+05  -1.797563446386902e+06  5.276741308280033e+05  -3.003289107888482e+05  -4.335096491845475e+05  1.955781688935900e-02  2.241145673416219e-02  3.360593071649576e-02
  1.179999999999997e+01  2.412100113016703e+05  2.980300279822045e+05  -1.736865857913008e+06  5.227746501859388e+05  -2.712983020555140e+05  -4.270665083336051e+05  2.479578377935589e-02  2.401089904344009e-02  3.482119385935941e-02
  1.189999999999997e+01  1.901878133016653e+05  2.691771342690798e+05  -1.721337953232213e+06  5.228428966243413e+05  -2.358459227934447e+05  -4.120566164534428e+05  3.058814996474500e-02  2.592665343726506e-02  3.494595416229193e-02
  1.199999999999997e+01  1.675100605833333e+05  2.246664190976321e+05  -1.727592666567351e+06  5.242912945620018e+05  -2.110351697730551e+05  -4.051732850045904e+05  3.126760404279651e-02  2.625406084966410e-02  3.495384185073111e-02
  1.209999999999997e+01  1.360541727921653e+05  1.831518899435398e+05  -1.714218951737879e+06  5.185248663313303e+05  -2.007608378304255e+05  -4.230437188321924e+05  2.582133430738894e-02  2.461897117105062e-02  3.613920731658794e-02
  1.219999999999997e+01  8.267137668541576e+04  1.706719192517981e+05  -1.658217739361029e+06  4.993618710189878e+05  -1.952946937916370e+05  -4.552591720077540e+05  1.867124972891115e-02  2.236509170527166e-02  3.803151175301086e-02
  1.229999999999997e+01  2.818123130235591e+04  1.796778201800929e+05  -1.583368347236686e+06  4.737825856072017e+05  -1.842536003684236e+05  -4.805752021873111e+05  1.367342284126303e-02  2.132719606327093e-02  3.860696455858390e-02
  1.239999999999997e+01  -4.464453026913769e+03  1.847732922577121e+05  -1.525302801652786e+06  4.589516877324630e+05  -1.671397199978817e+05  -4.941735790736237e+05  1.160461002390936e-02  2.238780325091950e-02  3.698149358889356e-02
  1.249999999999997e+01  -1.813007630729743e+04  1.760964754076392e+05  -1.497002022144526e+06  4.639911844700492e+05  -1.530359682721051e+05  -5.109633237238477e+05  1.090409469464145e-02  2.453411054462560e-02  3.444602958596799e-02
  1.259999999999997e+01  -2.650061448585895e+04  1.596513174598471e+05  -1.490443665050408e+06  4.812096507583029e+05  -1.508099750021921e+05  -5.459983913998934e+05  8.781102840525034e-03  2.493738629803710e-02  3.321061290138257e-02
  1.269999999999997e+01  -2.889933166437659e+04  1.388413961431932e+05  -1.501056163332504e+06  4.939672953097632e+05  -1.639883581460494e+05  -6.025055485477805e+05  2.601986653250862e-03  2.050530915874955e-02  3.372408822173657e-02
  1.279999999999997e+01  -1.116416917558098e+04  1.146817930574857e+05  -1.538927507833921e+06  4.899039220551166e+05  -1.897227625205916e+05  -6.765405009659982e+05  -8.109041877134827e-03  1.098671018882819e-02  3.360404665865004e-02
  1.289999999999997e+01  2.855811193916578e+04  9.152761985070759e+04  -1.618098849854748e+06  4.689046921272926e+05  -2.208990162695494e+05  -7.643274167836604e+05  -2.122722477985894e-02  -1.178341300370865e-04  2.981045403773492e-02
  1.299999999999997e+01  7.732480784498129e+04  7.539633123426526e+04  -1.724572333958425e+06  4.431040828339221e+05  -2.534660567611811e+05  -8.556863358538597e+05  -3.307721366097826e-02  -8.871876630735813e-03  2.270584799410831e-02
  1.309999999999997e+01  1.234860311332505e+05  7.008779401151818e+04  -1.821118979094162e+06  4.290383316263651e+05  -2.885861981119473e+05  -9.294518599314236e+05  -4.028317564946509e-02  -1.433456102919953e-02  1.526113450984203e-02
  1.319999999999997e+01  1.625323813999738e+05  7.761338202393173e+04  -1.889398952109565e+06  4.345647035072896e+05  -3.250355569196618e+05  -9.659933981082948e+05  -4.157860541119004e-02  -1.796416787842525e-02  8.741913973885834e-03
  1.329999999999997e+01  1.972952847789764e+05  1.005489458206506e+05  -1.934507682080279e+06  4.523193012712671e+05  -3.554006878295714e+05  -9.605438274559545e+05  -3.765006000016891e-02  -2.093342507478321e-02  2.689850198711538e-03
  1.339999999999997e+01  2.275147803943635e+05  1.322417441287962e+05  -1.970227787084020e+06  4.660738731936789e+05  -3.759061114603035e+05  -9.247278652687006e+05  -3.008559076896247e-02  -2.349943359897298e-02  -3.195996815638675e-03
  1.349999999999997e+01  2.470560535497030e+05  1.574092763126225e+05  -2.004366289816498e+06  4.631321989429654e+05  -3.922651449354514e+05  -8.756699174065186e+05  -2.088221367335850e-02  -2.567617317639705e-02  -8.293167511324692e-03
  1.359999999999997e+01  2.538516581057025e+05  1.695317691810407e+05  -2.029751177002927e+06  4.437149562723734e+05  -4.093837376764711e+05  -8.269874534746435e+05  -1.227211675258710e-02  -2.689457835199348e-02  -1.117332063479512e-02
  1.369999999999997e+01  2.528692979290012e+05  1.743728815697157e+05  -2.040948968251509e+06  4.197769842007895e+05  -4.230014778859757e+05  -7.918793735309830e+05  -6.460048975374593e-03  -2.608431444031577e-02  -1.122548452188093e-02
  1.379999999999997e+01  2.537190434899300e+05  1.784287588467636e+05  -2.039849563738937e+06  4.041043964975514e+05  -4.247749423591410e+05  -7.818618298893773e+05  -4.687684567779717e-03  -2.308935596423131e-02  -9.266831238618541e-03
  1.389999999999997e+01  2.629255386101042e+05  1.795380957679002e+05  -2.025978721761826e+06  4.000407097966615e+05  -4.120373560439209e+05  -7.944868939393127e+05  -6.094265485960809e-03  -1.924105294122632e-02  -6.605511567148458e-03
  1.399999999999997e+01  2.722357051692237e+05  1.700676502127198e+05  -2.003559749119389e+06  4.006759846233315e+05  -3.916407638458759e+05  -8.097158694202981e+05  -8.117755424409089e-03  -1.596229196001046e-02  -4.623998764178774e-03
  1.409999999999997e+01  2.662947535571736e+05  1.524716497291476e+05  -1.982191913550443e+06  3.975139236569302e+05  -3.735368250554262e+05  -8.029591867088502e+05  -7.941019935023890e-03  -1.314431865787736e-02  -3.812177372656399e-03
  1.419999999999997e+01  2.397543048137495e+05  1.419300402018537e+05  -1.969960878394236e+06  3.885352984423863e+05  -3.626990304394850e+05  -7.661350292669855e+05  -4.014587573296286e-03  -9.602801055690351e-03  -3.428066232206127e-03
  1.429999999999997e+01  2.033621566341256e+05  1.512133786873048e+05  -1.973701785134497e+06  3.773143578007508e+05  -3.597632722809417e+05  -7.176552703350489e+05  2.845907766574626e-03  -5.128236665951073e-03  -3.064462386546148e-03
  1.439999999999996e+01  1.796070412271183e+05  1.799213130252228e+05  -1.992604940958172e+06  3.681418821981368e+05  -3.648585374037062e+05  -6.862257886647333e+05  9.876840733604926e-03  -1.198760161940600e-03  -3.153015575120808e-03
  1.449999999999996e+01  1.845467552437535e+05  2.138659193515710e+05  -2.018808444825846e+06  3.640768508986293e+05  -3.766654657814839e+05  -6.870558105647399e+05  1.395562247280493e-02  4.566926485089567e-04  -4.180518207206359e-03
  1.459999999999996e+01  2.134238820268212e+05  2.369473606550097e+05  -2.047377493519986e+06  3.675493194103100e+05  -3.893571700641197e+05  -7.146036374888959e+05  1.337270014083815e-02  -3.867687378476832e-04  -6.202495121266537e-03
  1.469999999999996e+01  2.475419720147453e+05  2.464452519907621e+05  -2.074629403333876e+06  3.799985726885363e+05  -3.947459330343595e+05  -7.517032621206251e+05  8.878237271575450e-03  -2.274109083572839e-03  -8.505947838827318e-03
  1.479999999999996e+01  2.693533480498672e+05  2.508485072689605e+05  -2.093614394907509e+06  3.990518143804108e+05  -3.902840604045879e+05  -7.833456799181598e+05  2.884384966046592e-03  -3.637705512040039e-03  -9.893090843058751e-03
  1.489999999999996e+01  2.733693411542557e+05  2.564116342855550e+05  -2.099423472845911e+06  4.181168032855050e+05  -3.830896090104516e+05  -8.034668467700203e+05  -2.392158645720644e-03  -4.213878999040731e-03  -9.628700246934305e-03
  1.499999999999996e+01  2.688718701796596e+05  2.619662354179608e+05  -2.096180323682277e+06  4.314698348353770e+05  -3.837847600101500e+05  -8.117735259475366e+05  -5.741212293917493e-03  -4.732173766058045e-03  -8.038807226352028e-03
  1.509999999999996e+01  2.698393084631357e+05  2.642300667345535e+05  -2.094203487122795e+06  4.388219120551461e+05  -3.961479493648364e+05  -8.092924345861248e+05  -6.804727800410135e-03  -5.490872191367427e-03  -6.253675571394458e-03
  1.519999999999996e+01  2.803942262154334e+05  2.634237544502447e+05  -2.098334559158056e+06  4.428803680867631e+05  -4.133676296449068e+05  -7.987757492166362e+05  -6.052689714581631e-03  -5.768502937239516e-03  -5.189487473574046e-03
  1.529999999999996e+01  2.928111540079452e+05  2.622810511312588e+05  -2.103249527130042e+06  4.433077905801084e+05  -4.243871585913450e+05  -7.857895027943943e+05  -4.554009697519906e-03  -4.817801726627125e-03  -4.827335770880581e-03
  1.539999999999996e+01  2.984187279407997e+05  2.620966625675526e+05  -2.103348345917810e+06  4.368055770952144e+05  -4.224581781597692e+05  -7.759653418445215e+05  -3.092202326142062e-03  -2.894599354530648e-03  -4.731698106448927e-03
  1.549999999999996e+01  2.968872958960250e+05  2.634066997444820e+05  -2.100474380676127e+06  4.240209542803814e+05  -4.083436248590269e+05  -7.704970788791970e+05  -1.524044482105510e-03  -9.155789091416957e-04  -4.821549971943171e-03
  1.559999999999996e+01  2.939847909980885e+05  2.678741004045826e+05  -2.100641982188164e+06  4.126818135006568e+05  -3.888342550402890e+05  -7.658182884207465e+05  5.815513293790773e-04  4.921842727948623e-04  -5.453186013909202e-03
  1.569999999999996e+01  2.944459387629360e+05  2.762786477893955e+05  -2.107278162475782e+06  4.115099947126118e+05  -3.731526531310024e+05  -7.576210152119900e+05  2.998133904044924e-03  1.264983400565330e-03  -6.928593612805999e-03
  1.579999999999996e+01  2.996151381117637e+05  2.864863680148988e+05  -2.116128224039549e+06  4.222489857071410e+05  -3.679747697938251e+05  -7.438830899309483e+05  5.027337322672263e-03  1.554654012903694e-03  -8.789783233203102e-03
  1.589999999999996e+01  3.066476388322915e+05  2.938487575707886e+05  -2.118982312011586e+06  4.385730006230733e+05  -3.731463271253433e+05  -7.261721366369543e+05  6.266209995915304e-03  1.508483211991631e-03  -9.917287109114803e-03
  1.599999999999996e+01  3.089912980247202e+05  2.942902281424123e+05  -2.112618874070107e+06  4.519314208114020e+05  -3.820184938577233e+05  -7.094628738066668e+05  6.914920434638788e-03  1.404934986114647e-03  -9.490031415740528e-03
  1.609999999999996e+01  3.013763575509933e+05  2.872346997035837e+05  -2.100577875560622e+06  4.578914143227888e+05  -3.871240979502413e+05  -6.998193529087645e+05  7.379314095564664e-03  1.649230795447393e-03  -7.562000479739213e-03
  1.619999999999996e+01  2.844176877540291e+05  2.749747928608374e+05  -2.088676524955038e+06  4.576414788633728e+05  -3.857009864396424e+05  -7.012734639487187e+05  7.671232729286615e-03  2.443556983288986e-03  -4.915915115447730e-03
  1.629999999999996e+01  2.647955136934830e+05  2.615867572034100e+05  -2.080045984808641e+06  4.550186401544036e+05  -3.797600414425731e+05  -7.131272033478825e+05  7.366749750041561e-03  3.616692747225404e-03  -2.494634830893171e-03
  1.639999999999996e+01  2.508468459275224e+05  2.514814964709351e+05  -2.073718897071279e+06  4.526432514756390e+05  -3.729010300593086e+05  -7.292773102521576e+05  6.115437578515318e-03  4.764690442007013e-03  -8.286745739125882e-04
  1.649999999999996e+01  2.465881736573357e+05  2.456848995022488e+05  -2.067893190238390e+06  4.503381504650805e+05  -3.680283106603853e+05  -7.412146151349823e+05  4.033269263046931e-03  5.441690978660472e-03  9.127064073221959e-05
  1.659999999999997e+01  2.504875966859977e+05  2.413276588684121e+05  -2.061652846209640e+06  4.466479808699639e+05  -3.658961353045690e+05  -7.439779911400988e+05  1.556083587602559e-03  5.400989315341624e-03  6.375511908563038e-04
  1.669999999999997e+01  2.583981901121898e+05  2.356420001141191e+05  -2.054347760507167e+06  4.413333431790684e+05  -3.644312722350169e+05  -7.400395147013026e+05  -9.162953021403195e-04  4.827691293990297e-03  1.226525704220934e-03
  1.679999999999997e+01  2.650965481493501e+05  2.283005611763505e+05  -2.047487272556506e+06  4.361530315269743e+05  -3.606229928323807e+05  -7.367839040873953e+05  -3.152223192677000e-03  4.173991683979305e-03  1.941237055682116e-03
  1.689999999999997e+01  2.653675342231767e+05  2.208187837564207e+05  -2.044510631521629e+06  4.335851504163227e+05  -3.540404984827936e+05  -7.400646184036549e+05  -4.972969038894891e-03  3.667609652734926e-03  2.540883521652168e-03
  1.699999999999997e+01  2.566560185969394e+05  2.152814177883262e+05  -2.046210297314372e+06  4.348152059722058e+05  -3.479447108603815e+05  -7.499573916720438e+05  -6.155694419290430e-03  3.100904451173406e-03  2.815813120911437e-03
  1.709999999999997e+01  2.410431706783550e+05  2.130790249920573e+05  -2.049896075895632e+06  4.385705744241939e+05  -3.465600241342855e+05  -7.614591886101186e+05  -6.509741996688875e-03  2.172614270559981e-03  2.655101169131357e-03
  1.719999999999997e+01  2.244170298895667e+05  2.139563566640084e+05  -2.052874826919140e+06  4.418903409911935e+05  -3.510691603259625e+05  -7.679140195340686e+05  -5.978152695499308e-03  9.825856791183245e-04  1.933578973090486e-03
  1.729999999999998e+01  2.129648829559719e+05  2.162090417228856e+05  -2.053329312156813e+06  4.421095228288054e+05  -3.585862922373664e+05  -7.646708198581485e+05  -4.771815027631990e-03  7.174130672001525e-06  7.563924611640584e-04
  1.739999999999998e+01  2.090156171423710e+05  2.174599867586595e+05  -2.050393486432671e+06  4.383980390852424e+05  -3.650919715879886e+05  -7.522150086511542e+05  -3.438583201615988e-03  -4.519159920035216e-04  -4.298513609352319e-04
  1.749999999999998e+01  2.103134206013677e+05  2.159284225832933e+05  -2.045640348205715e+06  4.321529568011032e+05  -3.688153126172211e+05  -7.364505477151785e+05  -2.599883141334072e-03  -6.338192215285346e-04  -1.182483903461013e-03
  1.759999999999998e+01  2.137212961457772e+05  2.124262112403857e+05  -2.042247942453914e+06  4.263141321951087e+05  -3.703314878361943e+05  -7.245920760058537e+05  -2.430271816482104e-03  -1.002060892703388e-03  -1.320873922575264e-03
  1.769999999999998e+01  2.183792689193653e+05  2.105987896469258e+05  -2.043165551443418e+06  4.235868402995226e+05  -3.706238150485843e+05  -7.203352690337828e+05  -2.459356972952737e-03  -1.688232619678752e-03  -9.591142540287872e-04
  1.779999999999998e+01  2.253753030390546e+05  2.140812884209493e+05  -2.050656665484348e+06  4.244647500766974e+05  -3.701542196697563e+05  -7.224097625525855e+05  -1.948239122926201e-03  -2.411299230799071e-03  -4.598969993215631e-04
  1.789999999999998e+01  2.362146729228539e+05  2.235539815715162e+05  -2.064452452408430e+06  4.267475731643494e+05  -3.689396031743978e+05  -7.263569552033778e+05  -4.440269943940041e-04  -2.791267579913346e-03  -1.740829989016408e-04
  1.799999999999999e+01  2.506586033397701e+05  2.357206609213609e+05  -2.080146379513049e+06  4.274828843885344e+05  -3.664606898668006e+05  -7.277991336329286e+05  1.889409915664999e-03  -2.595166229631493e-03  -1.102231567589869e-04
  1.809999999999999e+01  2.651351482110306e+05  2.447244121165707e+05  -2.091610927456066e+06  4.257133151506828e+05  -3.619666837721312e+05  -7.254172770036542e+05  4.342014220362989e-03  -1.829323420702535e-03  2.294183220380855e-05
  1.819999999999999e+01  2.744892219860351e+05  2.458623607048160e+05  -2.095562260783147e+06  4.231598080410260e+05  -3.555224838921669e+05  -7.216256331928850e+05  6.092091485370362e-03  -7.832387480209809e-04  3.996565170910098e-04
  1.829999999999999e+01  2.760959583519964e+05  2.390802500144781e+05  -2.093790591875250e+06  4.224268074323670e+05  -3.486490124642414e+05  -7.200994194319284e+05  6.678076313133764e-03  6.751717366577212e-05  8.130691952548915e-04
  1.839999999999999e+01  2.723574339391332e+05  2.291824498842859e+05  -2.090543659524594e+06  4.248076627738300e+05  -3.432166246987693e+05  -7.219941119820549e+05  6.150052831910823e-03  4.025791221816337e-04  9.179744754613035e-04
  1.849999999999999e+01  2.683893435635252e+05  2.221298597133395e+05  -2.088143547473001e+06  4.295049192296388e+05  -3.395399784190711e+05  -7.249772363739307e+05  4.843638601423285e-03  3.334397136852125e-04  6.569777232975953e-04
  1.859999999999999e+01  2.671261683715254e+05  2.205149763360653e+05  -2.085880383047295e+06  4.342492091258906e+05  -3.365095203299094e+05  -7.263350948284169e+05  3.059838252976443e-03  2.292677489069588e-04  2.770406934651307e-04
  1.870000000000000e+01  2.672283730712692e+05  2.223664866037655e+05  -2.082283978134788e+06  4.365368995145008e+05  -3.341144895159809e+05  -7.258778390682614e+05  1.028401150673173e-03  2.694248145363300e-04  -1.887457225883357e-05
  1.880000000000000e+01  2.654826081800687e+05  2.241479591374842e+05  -2.077240188094100e+06  4.350790802426880e+05  -3.349437004048133e+05  -7.251468125900382e+05  -8.792230515419236e-04  2.792029476171963e-04  -2.675171188233048e-04
  1.890000000000000e+01  2.603560078257288e+05  2.245418861442569e+05  -2.072248210442825e+06  4.306119824762889e+05  -3.418771537639500e+05  -7.248449225059270e+05  -2.117925543699729e-03  3.753339416615239e-05  -6.287192963482977e-04
  1.900000000000000e+01  2.530481319603918e+05  2.253776259841071e+05  -2.069521708547580e+06  4.254324725398491e+05  -3.541544853217905e+05  -7.239892363449306e+05  -2.274154447259768e-03  -3.574651003580360e-04  -1.174411819552312e-03
  1.910000000000000e+01  2.462103545633807e+05  2.291492648563788e+05  -2.070700310108803e+06  4.220575245202591e+05  -3.666456716448036e+05  -7.212289246787616e+05  -1.407241439864681e-03  -5.269788138540748e-04  -1.802986777841238e-03
  1.920000000000000e+01  2.421128840098900e+05  2.355811843729860e+05  -2.075802770250929e+06  4.219975642314157e+05  -3.737189802320176e+05  -7.163921334422133e+05  -8.601554454912340e-05  -2.350765040250777e-04  -2.282400451201202e-03
  1.930000000000000e+01  2.414158758679274e+05  2.408345493894783e+05  -2.082834923838351e+06  4.253563008295253e+05  -3.736916526134738e+05  -7.109173836174859e+05  9.147175820274535e-04  3.001412357439265e-04  -2.344014437863490e-03
  1.940000000000001e+01  2.431099028657724e+05  2.404892622062124e+05  -2.088565810608435e+06  4.311938795138249e+05  -3.691111050875419e+05  -7.070993997337313e+05  1.042906906683521e-03  5.998614058410440e-04  -1.826099221866423e-03
  1.950000000000001e+01  2.452978826117287e+05  2.334939653312822e+05  -2.090362042221844e+06  4.381172248197868e+05  -3.634736073338937e+05  -7.066250894963954e+05  2.426680969152443e-04  3.857227760643356e-04  -8.192492206041008e-04
  1.960000000000001e+01  2.463121617280778e+05  2.231509200690249e+05  -2.088005949746408e+06  4.446067110883627e+05  -3.587958684867130e+05  -7.094482269304433e+05  -1.079764992515778e-03  -2.240615851955798e-04  2.769902478851376e-04
  1.970000000000001e+01  2.457111627101344e+05  2.145981354845781e+05  -2.083812685321787e+06  4.491564858776625e+05  -3.558998530195130e+05  -7.139279524478394e+05  -2.348220651186314e-03  -9.188037851564841e-04  9.115817504845402e-04
  1.980000000000001e+01  2.442364475131925e+05  2.115242764225822e+05  -2.080614310034860e+06  4.506272979939819e+05  -3.553749096691813e+05  -7.180531883200783e+05  -3.169395899920571e-03  -1.459280839542867e-03  7.207511567555447e-04
  1.990000000000001e+01  2.425938898952582e+05  2.143429140015598e+05  -2.079669921764860e+06  4.488016146959580e+05  -3.574191172904818e+05  -7.206160353302296e+05  -3.500549252692478e-03  -1.745206815295067e-03  -2.161070614099949e-04
