TITLE = "Temporal Signal for receiver number 03807"
VARIABLES = "Time","xx","yy","zz","xy","yz","xz","u","v","w"
# x1       3.613769910000e+05
# x2       4.738566320000e+06
# x3       -1.050000000000e+04
  0.000000000000000e+00  0.000000000000000e+00  0.000000000000000e+00  0.000000000000000e+00  0.000000000000000e+00  0.000000000000000e+00  0.000000000000000e+00  0.000000000000000e+00  0.000000000000000e+00  0.000000000000000e+00
  1.000000000000000e-01  0.000000000000000e+00  0.000000000000000e+00  0.000000000000000e+00  0.000000000000000e+00  0.000000000000000e+00  0.000000000000000e+00  0.000000000000000e+00  0.000000000000000e+00  0.000000000000000e+00
  2.000000000000000e-01  0.000000000000000e+00  0.000000000000000e+00  0.000000000000000e+00  0.000000000000000e+00  0.000000000000000e+00  0.000000000000000e+00  0.000000000000000e+00  0.000000000000000e+00  0.000000000000000e+00
  3.000000000000000e-01  1.803757822257532e-15  9.627889161969359e-16  1.678522705607520e-15  -5.643850516291950e-16  -3.245187321862918e-16  8.159821834203869e-16  1.238323951100009e-22  -7.727163566950355e-23  1.169535311075401e-22
  4.000000000000000e-01  3.944817901746762e-10  4.389992716424455e-10  -8.738242165127237e-10  2.063548906169279e-10  4.528676795651264e-10  -4.216713780408519e-10  4.794842229880108e-17  -5.727302287014023e-18  -3.880334611456826e-17
  5.000000000000000e-01  2.775651765510395e-07  6.524227739559881e-08  3.014027886938459e-07  -8.545924893092112e-08  -8.057723435299818e-08  1.728492671020862e-07  1.498006198125028e-14  -7.428924865330361e-15  2.020919936014673e-14
  6.000000000000000e-01  -8.341293308669321e-06  -9.742375839248213e-06  -2.172895491902853e-06  1.670444602201559e-06  2.445015110469606e-06  -7.752047037767972e-07  -8.457284121302800e-13  6.183278061748920e-13  -7.017741439963852e-13
  7.000000000000000e-01  -2.653463291794951e-04  -2.285966558329236e-04  -1.405391380541778e-04  9.370545126771619e-05  1.166168838079461e-04  -1.018705683798554e-04  -1.513674207505099e-11  1.920371813126675e-11  -2.110586319524070e-11
  7.999999999999999e-01  -1.728468581914201e-03  -1.265954143899903e-03  -1.764845970792794e-03  3.519781915095600e-04  9.323515371664898e-04  -1.177153305211360e-03  -5.227223341398435e-11  1.128937454865352e-10  -2.332229463181939e-10
  8.999999999999999e-01  -7.724527834577666e-03  -1.180467782536343e-02  -6.444678005789644e-03  -1.216851012961150e-03  3.963209515748966e-03  -2.525921800786387e-03  2.596834781679998e-11  6.975169281658527e-10  -1.354828726285731e-09
  9.999999999999999e-01  -2.277905580476785e-02  -4.387609234245192e-02  4.804225418315785e-02  -2.166166207673989e-02  -8.610314807525360e-03  2.106706209315724e-02  3.292608890106600e-10  3.378091886577339e-10  9.447992224526320e-10
  1.100000000000000e+00  2.420123621065222e-01  3.267291351075797e-01  5.428843510006038e-01  -1.030391095447062e-01  -2.102017234562812e-01  1.238194499121690e-01  9.256135118842806e-09  -3.286331156056272e-08  5.391311763775221e-08
  1.200000000000000e+00  4.241193150639512e-01  9.143451454053189e-01  2.623661443833119e-01  1.066207009069889e-01  -1.667455205649938e-01  -1.599054908913148e-01  -2.493573863924187e-09  -5.193141890518066e-08  5.408617637742737e-08
  1.300000000000000e+00  -2.637681384704751e+00  -4.021923093779444e+00  -4.264578999437614e+00  5.745195452631691e-01  1.965247301250883e+00  -4.405654318874916e-01  -9.062408948499732e-08  3.124938244086137e-07  -4.275814073819307e-07
  1.400000000000000e+00  5.112755087500356e+00  8.584342669418774e+00  8.250154867537077e+00  -1.213922604367287e+00  -4.291242567092652e+00  6.085046968070338e-01  2.059787290545834e-07  -6.545871395074139e-07  8.687093205145441e-07
  1.500000000000000e+00  -1.036018870402295e+01  -1.881162827896391e+01  -2.013212114004939e+01  -7.544709027614545e-01  8.947777943309127e+00  -9.782526742924857e-01  -8.633005684233093e-08  1.133197588203140e-06  -1.084140953933067e-06
  1.600000000000000e+00  6.619493855443788e+01  1.132364236887310e+02  1.492847571527285e+02  -3.894883813671404e+00  -5.918253573655574e+01  6.491514122191902e+00  7.944671575779988e-07  -7.866161801029910e-06  9.280926600830460e-06
  1.700000000000000e+00  5.689438491377020e+02  1.045938950660405e+03  1.246080729021362e+03  -7.836222437469375e+01  -5.819737017173718e+02  9.337421271758673e+01  1.240531523012095e-05  -7.632353212123059e-05  9.107046763482878e-05
  1.800000000000000e+00  9.578531059214096e+02  2.038537475631018e+03  2.251572777280779e+03  -2.105533002466919e+02  -1.213407223107455e+03  2.250158693540952e+02  2.929523162844230e-05  -1.541552824438894e-04  1.688141859363462e-04
  1.900000000000001e+00  5.108999084791211e+02  1.859152975515641e+03  1.676707655125566e+03  -2.986052581362615e+02  -1.285916107850948e+03  2.707936434921156e+02  3.335899802867421e-05  -1.500927400350415e-04  1.282830623474204e-04
  2.000000000000000e+00  2.447510946254948e+02  1.988643489399629e+03  1.436469206788482e+03  -3.951300518844794e+02  -1.509623085796945e+03  3.156335532240296e+02  3.735082203137274e-05  -1.634570702667992e-04  1.200266367673318e-04
  2.100000000000001e+00  4.776717120679152e+02  3.205632625246842e+03  2.435349502930278e+03  -5.814818721158638e+02  -2.347832393737502e+03  4.523284895403993e+02  5.199062673950245e-05  -2.547052718188587e-04  2.000891100742081e-04
  2.200000000000001e+00  6.126544994229254e+02  4.661842545785459e+03  3.337754339399998e+03  -8.766591791110638e+02  -3.441471161813405e+03  6.100011651786165e+02  7.427752241229155e-05  -3.740218156247872e-04  2.767309864139817e-04
  2.300000000000001e+00  1.457680420340306e+03  7.680635975416882e+03  6.202041354018432e+03  -1.270084686660829e+03  -5.551798293265227e+03  9.354677775941683e+02  1.124841103383322e-04  -6.007216352359464e-04  5.101323481900847e-04
  2.400000000000001e+00  3.976415935371411e+03  1.494888780812448e+04  1.364656661992592e+04  -2.014095527064060e+03  -1.021644489226946e+04  1.583141547852387e+03  1.787629581244079e-04  -1.143027442808164e-03  1.074908648148337e-03
  2.500000000000001e+00  1.266914109045339e+04  3.611680942127630e+04  3.502035092809750e+04  -3.789432799761968e+03  -2.278163382301209e+04  3.207320501284187e+03  4.049898439699324e-04  -2.747425748774224e-03  2.649844976917724e-03
  2.600000000000001e+00  3.426895568897021e+04  8.929945051312106e+04  8.807744283269859e+04  -5.638994267721278e+03  -5.449150952257361e+04  4.187667297099189e+03  4.908090922140053e-04  -6.731520478060361e-03  6.691546075797066e-03
  2.700000000000001e+00  6.986769507018644e+04  1.918121351401272e+05  1.820793676005075e+05  -5.587382320359326e+03  -1.150165172481509e+05  3.870022152294641e+03  4.345069867970519e-04  -1.445937137251717e-02  1.371357079063015e-02
  2.800000000000001e+00  1.093721390813439e+05  3.456638152070406e+05  2.873325303427760e+05  9.913153279449754e+03  -2.032058107846167e+05  -1.247144761649655e+04  -2.144608508143517e-03  -2.619020915025618e-02  2.207883471074803e-02
  2.900000000000001e+00  1.402621821086040e+05  5.403475086007235e+05  3.871375224414831e+05  3.998683602900311e+04  -3.157689950999405e+05  -4.312157575839605e+04  -5.842969922243459e-03  -4.079959569688185e-02  3.039872690554506e-02
  3.000000000000001e+00  2.042326078524507e+05  8.509048521703008e+05  4.715600996630524e+05  1.348298790947221e+05  -4.478486352658359e+05  -1.093124562641126e+05  -1.678864820675486e-02  -6.337863804954699e-02  3.768150810089215e-02
  3.100000000000001e+00  2.167004586609129e+05  1.077046840475661e+06  4.404488577695270e+05  2.542425228823350e+05  -5.745774393821618e+05  -2.003428935718043e+05  -2.994810264930796e-02  -8.012623675116895e-02  3.991021432052318e-02
  3.200000000000002e+00  2.130482960331257e+05  1.243155547051305e+06  3.684411986182902e+05  4.152519282700997e+05  -6.489624384459911e+05  -2.783535923184619e+05  -4.380363095524167e-02  -9.227001920314808e-02  3.584966907901404e-02
  3.300000000000002e+00  2.948455885415086e+05  1.595375490732298e+06  2.963913469359342e+05  6.061201267469632e+05  -7.459336590458025e+05  -3.955064062044099e+05  -6.023428945954527e-02  -1.138006140049766e-01  3.300646726470671e-02
  3.400000000000002e+00  3.402260567837113e+05  1.953563352132090e+06  1.589649563482503e+05  8.243868743693759e+05  -9.560176763686863e+05  -6.293892154774924e+05  -7.969133242713866e-02  -1.376513069170011e-01  3.831779421192305e-02
  3.500000000000002e+00  3.866699364297308e+05  1.995880508389263e+06  2.076213165985700e+05  1.177243915379682e+06  -1.053868471774104e+06  -8.649029653134187e+05  -1.116901420366558e-01  -1.409867813515641e-01  5.389483152325800e-02
  3.600000000000002e+00  3.937366941355449e+05  1.476034639264053e+06  5.041804432354540e+05  1.323301908753075e+06  -9.409620165069327e+05  -7.596302374180841e+05  -1.012544275610569e-01  -9.012336893131760e-02  8.199762726479806e-02
  3.700000000000002e+00  4.956296158557418e+04  5.247798604545265e+05  1.388089416267365e+06  6.907125531819921e+05  -1.135000894248591e+06  -4.556513995305441e+05  1.262137096114201e-02  5.653026122442618e-03  1.798208258020353e-01
  3.800000000000002e+00  -6.718925657111686e+05  -2.076976252226185e+05  2.776530318355046e+06  -3.573469074914962e+05  -1.752771694688586e+06  -3.974881485620252e+05  1.634198769142571e-01  8.010387582010516e-02  3.337014583191484e-01
  3.900000000000002e+00  -1.318179259192712e+06  -3.589757106573673e+05  3.446411016494372e+06  -8.833251589036686e+05  -2.195611865424607e+06  -4.886910345787095e+05  2.346302648370159e-01  8.677331217440662e-02  4.012652318840319e-01
  4.000000000000002e+00  -1.533032567120686e+06  -7.684016532733513e+04  3.394945455435476e+06  -7.927814418035306e+05  -2.041833405130909e+06  -4.280341697537390e+05  2.281241201073728e-01  6.333650214045226e-02  3.594409031707054e-01
  4.100000000000001e+00  -1.289255915561019e+06  2.721182505289835e+05  2.814694520250888e+06  -4.108816498948731e+05  -1.403931570190924e+06  -3.014394591951763e+04  1.819445227938021e-01  5.425132815829969e-02  2.390656126789959e-01
  4.200000000000001e+00  -3.498493139783487e+05  6.052676960709618e+05  1.508513834670587e+06  1.275053787616330e+05  -8.299646750467042e+05  3.873380661955341e+05  7.343592687585050e-02  2.884629501950847e-02  6.215049327040085e-02
  4.300000000000001e+00  8.330251599945516e+05  8.920285643642562e+05  1.094158994024978e+05  5.819357335259551e+05  -6.346300899759533e+05  5.251379623713314e+05  -4.284138370065615e-02  -1.403624557355951e-02  -8.152954675453881e-02
  4.400000000000000e+00  1.359805365808488e+06  1.022910670752311e+06  -4.690921587366149e+05  7.175394687196391e+05  -6.823647001120837e+05  4.580555178600476e+05  -8.253609984624934e-02  -3.266650637680429e-02  -1.189275451176267e-01
  4.500000000000000e+00  1.127684033913352e+06  1.009118409495718e+06  -2.342216788197385e+05  6.239813008837912e+05  -7.459402509137320e+05  3.014426595596743e+05  -5.990428179165840e-02  -2.425686355798399e-02  -8.360809106155892e-02
  4.600000000000000e+00  7.364396523712693e+05  9.569178465738102e+05  1.744761319151492e+05  4.972512663672447e+05  -7.702168677634599e+05  1.807857622200622e+05  -3.406616609897766e-02  -1.534195287920010e-02  -4.702611094191881e-02
  4.699999999999999e+00  5.374837955744180e+05  8.773524082785934e+05  3.462217303805366e+05  4.247169679253404e+05  -7.885926729781006e+05  1.755645456199835e+05  -2.231359263200063e-02  -7.766699238769021e-03  -3.335901923265804e-02
  4.799999999999999e+00  5.236488679690164e+05  8.534423759216375e+05  3.878203160942898e+05  4.042496820500608e+05  -8.152626297341457e+05  1.926394828474227e+05  -1.591888934483872e-02  1.407156684253832e-04  -2.507525778364503e-02
  4.899999999999999e+00  5.300880086476223e+05  8.456657823874401e+05  3.789914616930170e+05  4.125593615445229e+05  -8.057244345184728e+05  1.542829742448084e+05  -1.036050452080173e-02  8.590478998594702e-03  -1.963944381720997e-02
  4.999999999999998e+00  5.191864870135509e+05  8.174010420446545e+05  3.510608689003033e+05  4.225459121565493e+05  -7.661895763666112e+05  1.298572844972671e+05  -6.457209880258776e-03  1.140491151312601e-02  -2.430751698694154e-02
  5.099999999999998e+00  5.272777957826533e+05  7.707802552567129e+05  3.511265653850340e+05  4.091804802520167e+05  -7.523662970845369e+05  1.665453587618467e+05  -5.141277286889178e-03  7.505480481480030e-03  -3.189099879767635e-02
  5.199999999999998e+00  5.302331221725615e+05  7.117454930314703e+05  3.461594367577523e+05  3.843709899353529e+05  -7.510293559299865e+05  2.203968982951434e+05  -5.549370617483410e-03  8.787205065172983e-03  -3.300304240083176e-02
  5.299999999999997e+00  5.584064710578882e+05  7.013264742507578e+05  3.451682843824292e+05  3.787018260997727e+05  -7.352714138833112e+05  2.342136256246476e+05  -6.690491856590535e-03  1.597251821187233e-02  -2.875671374371414e-02
  5.399999999999997e+00  5.781516609933205e+05  7.003592058063605e+05  3.328312129347757e+05  4.065260780602211e+05  -7.158251993160709e+05  2.031686789111880e+05  -3.660858306332963e-03  2.263871000484967e-02  -2.669793860152548e-02
  5.499999999999996e+00  5.545678723395274e+05  6.484028719032413e+05  2.948576802231990e+05  4.360694118505283e+05  -7.219154596245692e+05  1.757398251995358e+05  4.512011999717609e-03  2.781440817747664e-02  -2.754760153178073e-02
  5.599999999999996e+00  5.771650544800323e+05  5.707838442001159e+05  2.878418048882583e+05  4.271382548643018e+05  -7.479934671093635e+05  1.857516264472010e+05  9.300632654420941e-03  3.229815178137906e-02  -2.849366443338810e-02
  5.699999999999996e+00  6.411778677895279e+05  4.964926256068022e+05  2.883216929077676e+05  3.931141489369017e+05  -7.324378793782495e+05  2.195746238828581e+05  7.347004071074060e-03  3.502694144077245e-02  -3.067284435652528e-02
  5.799999999999995e+00  6.587974950203849e+05  4.275265391150786e+05  2.442238331483161e+05  3.851682959683084e+05  -6.986597508194833e+05  2.270564224175716e+05  9.483788615848535e-04  3.515270568518541e-02  -3.175833399373133e-02
  5.899999999999995e+00  6.485278890247436e+05  3.676066420324708e+05  2.305403430773328e+05  4.098257283140381e+05  -7.145353830822137e+05  2.077781922422436e+05  -2.597893547200081e-03  3.779153263530611e-02  -2.602109396568372e-02
  5.999999999999995e+00  6.849361714823915e+05  3.710064641101272e+05  2.936190664813963e+05  4.401370031420647e+05  -7.068888396340950e+05  1.968925936010857e+05  -1.078348659737476e-03  4.057547563785976e-02  -2.068479321436936e-02
  6.099999999999994e+00  7.769377824682742e+05  5.161648953640847e+05  2.750312079147295e+05  4.934807864019657e+05  -5.860131687240168e+05  1.710397848915497e+05  -6.702226271793638e-03  3.107324949763508e-02  -3.341529856647914e-02
  6.199999999999994e+00  8.341217348687719e+05  7.520631299979120e+05  5.688357316424968e+04  5.706225673650062e+05  -3.907696271561377e+05  1.207116413420174e+05  -1.917477768390032e-02  1.364875940234597e-02  -6.173252189554984e-02
  6.299999999999994e+00  8.277098663340954e+05  9.217346275463500e+05  -1.741148767790080e+05  6.138652621104612e+05  -2.419889888169302e+05  6.097724191994836e+04  -2.542106259897256e-02  4.302203120177141e-03  -7.923780173155820e-02
  6.399999999999993e+00  8.253362883826795e+05  9.457957320216760e+05  -2.302203418834962e+05  5.944275457056219e+05  -2.191434048883628e+05  1.536465633529420e+04  -2.141420972862778e-02  5.575854302513132e-03  -7.629497833353166e-02
  6.499999999999993e+00  8.566010843776313e+05  8.950255730554782e+05  -1.364491123076438e+05  5.459819272542626e+05  -2.937599965952042e+05  1.301865659685756e+04  -1.269339620102542e-02  8.706796995843879e-03  -6.445780932331233e-02
  6.599999999999993e+00  9.141570948232427e+05  8.739458318040164e+05  6.453556859453779e+03  5.078164568000815e+05  -3.733031465312887e+05  4.567465317168218e+04  -6.230452936950131e-03  7.243550746608120e-03  -5.324792342185827e-02
  6.699999999999992e+00  9.802330778704566e+05  8.804472546379840e+05  6.288368796833766e+04  4.911329210446073e+05  -4.084778505808115e+05  7.941673390734354e+04  -6.359031511876697e-03  1.777272819995333e-03  -4.863808066507928e-02
  6.799999999999992e+00  1.045445947101597e+06  8.824964227085621e+05  1.486017145180934e+04  4.915326338247241e+05  -4.357716323395364e+05  9.203773271948315e+04  -1.255382041127366e-02  -4.181475695373900e-03  -4.910679758591829e-02
  6.899999999999991e+00  1.076739433324017e+06  8.788465448881158e+05  -7.119201456696850e+04  4.975347513433770e+05  -4.741383875328594e+05  1.233923628804884e+05  -1.327384130230078e-02  -7.204990707738355e-03  -4.984832774349481e-02
  6.999999999999991e+00  1.088257873767273e+06  8.715053667689338e+05  -1.725661375403350e+05  5.124412678314704e+05  -4.883503945369128e+05  1.943548270365377e+05  -4.084732992297683e-03  -6.187590374926133e-03  -4.995059618592011e-02
  7.099999999999991e+00  1.136936912148911e+06  8.689229781893324e+05  -2.588453974735002e+05  5.360213849585345e+05  -4.696073325633682e+05  2.693147615656398e+05  7.192239207203278e-03  -3.507438397516046e-03  -4.872268066218111e-02
  7.199999999999990e+00  1.143408781002047e+06  8.446611990512661e+05  -2.819365979517496e+05  5.308225295043965e+05  -4.350708229527802e+05  3.462893282384960e+05  2.000854448246462e-02  8.371978516502141e-04  -4.440795920631782e-02
  7.299999999999990e+00  1.003245480282905e+06  7.860022885881815e+05  -1.759017474285415e+05  4.768240331176331e+05  -4.140581812163133e+05  4.272766044277425e+05  3.553937805805264e-02  5.404074194936825e-03  -3.366291687659203e-02
  7.399999999999990e+00  8.091570838509672e+05  7.281124065652014e+05  1.492526347699529e+04  4.049318053126932e+05  -4.269174608941388e+05  4.889453484024005e+05  4.487563217450868e-02  6.070441932626910e-03  -2.090415762274257e-02
  7.499999999999989e+00  8.501081173669043e+05  7.796211394301077e+05  2.410481932818935e+05  3.942148084171167e+05  -4.774389268052271e+05  4.946902306626742e+05  3.190789984307958e-02  -1.882081711563864e-03  -8.463248644348212e-03
  7.599999999999989e+00  9.207588023419766e+05  8.531525111124133e+05  4.151257677461664e+05  3.956834891532133e+05  -5.434955714746180e+05  4.606431647386879e+05  1.831519931272205e-02  -8.490715658598184e-03  5.326362016682098e-03
  7.699999999999989e+00  8.145057668932409e+05  8.815319033304993e+05  5.261611962382598e+05  3.689329053100185e+05  -6.025904140598583e+05  4.327056998157526e+05  2.172892850923941e-02  -8.810290856912159e-03  2.009417276508967e-02
  7.799999999999988e+00  7.002293078056081e+05  9.257389496391305e+05  6.604803080241409e+05  3.467853256927183e+05  -6.617091837357152e+05  3.966432936858301e+05  2.926009251616886e-02  -9.168425149849529e-03  3.727244604471984e-02
  7.899999999999988e+00  5.330599714785427e+05  8.971409602132271e+05  7.896468629686348e+05  2.747828712832773e+05  -7.102745178653346e+05  3.718601366770578e+05  4.420954251903139e-02  -5.133238991082235e-03  5.461579940104822e-02
  7.999999999999988e+00  3.463718284506173e+05  8.354438261303073e+05  9.386806001618301e+05  1.900844617963873e+05  -7.638334797337498e+05  3.467543722705791e+05  6.163470347777934e-02  -1.186879836305357e-03  7.314093024636263e-02
  8.099999999999987e+00  2.108049030563371e+05  8.019299038032030e+05  1.062452985739463e+06  1.417075675892778e+05  -8.362069540488879e+05  2.686939655622094e+05  7.066526427202767e-02  -1.309065232011242e-03  8.963618317372729e-02
  8.199999999999987e+00  1.550036848254270e+05  8.110715823337431e+05  1.076312964373849e+06  1.472286678156756e+05  -8.887825619875054e+05  1.781708177757262e+05  6.857672396051874e-02  -3.710172831875908e-03  9.648869553972343e-02
  8.299999999999986e+00  1.588430631393199e+05  8.548423191677142e+05  1.044370529082751e+06  1.866938936228044e+05  -9.139117385901266e+05  1.209965881285324e+05  5.986736210892240e-02  -5.406582622562679e-03  9.700184865594218e-02
  8.399999999999986e+00  1.231357735832371e+05  8.807091314375204e+05  1.070964539964257e+06  2.054403747746930e+05  -9.568646897024234e+05  3.188450654657374e+04  5.658756317054706e-02  -3.216130490103883e-03  1.067231824479652e-01
  8.499999999999986e+00  4.078959249218050e+04  8.740107115787825e+05  1.150089845079892e+06  1.972569871274026e+05  -1.029604083854834e+06  -1.529552724200206e+05  6.029912864738960e-02  7.206080833169904e-04  1.296594346878908e-01
  8.599999999999985e+00  -2.687501252163784e+03  8.529703366393422e+05  1.173049794246526e+06  2.118434355052894e+05  -1.088577167505403e+06  -3.349536853840490e+05  6.260540127529275e-02  1.681198535719050e-03  1.462385817958460e-01
  8.699999999999985e+00  7.689533941306958e+04  8.449516144896802e+05  1.071262933528516e+06  2.818062512501875e+05  -1.089151485584910e+06  -3.461167680977193e+05  5.599782754872617e-02  -8.618532088516847e-04  1.353942587309028e-01
  8.799999999999985e+00  2.980482717818665e+05  8.776111283536267e+05  8.680437573283970e+05  4.024451703347948e+05  -9.995533667659094e+05  -1.292192274720004e+05  3.989749828941098e-02  -5.319194113568446e-03  9.331428070270376e-02
  8.899999999999984e+00  5.711397068862627e+05  9.205663547731756e+05  6.197465514305307e+05  5.346427394396669e+05  -8.120716463494871e+05  2.124830686100099e+05  2.091394684482756e-02  -7.898265612892398e-03  3.412248371615619e-02
  8.999999999999984e+00  7.524538367023804e+05  9.172721864630216e+05  4.102079543155748e+05  6.153793720679814e+05  -5.997797842883128e+05  4.948875132442292e+05  8.564779655547632e-03  -4.206686278861408e-03  -1.515043412042979e-02
  9.099999999999984e+00  7.742883277032959e+05  8.690154905657900e+05  3.296921405197732e+05  6.231267690656047e+05  -4.745612658849863e+05  5.921023747603316e+05  7.359558144175639e-03  3.316758141443082e-03  -3.364417997282271e-02
  9.199999999999983e+00  7.112595649308197e+05  8.260873879486683e+05  3.910748177513391e+05  5.830342208928370e+05  -4.662287716483981e+05  5.355925833809427e+05  1.121924852641321e-02  8.696472243749516e-03  -2.587568392285342e-02
  9.299999999999983e+00  6.149644647537069e+05  7.882074070721640e+05  5.030537291365210e+05  5.327432971562118e+05  -5.178728123783395e+05  4.581111778135968e+05  1.459195962119445e-02  9.932013614728872e-03  -1.241950721495439e-02
  9.399999999999983e+00  5.217058209495804e+05  7.503088062288659e+05  5.891735108390049e+05  4.991165489211641e+05  -5.647184410071047e+05  4.268484586440406e+05  1.515147634036398e-02  9.767424125700138e-03  -5.048867530930626e-03
  9.499999999999982e+00  4.575480798649832e+05  7.263971008600798e+05  6.261609743334041e+05  4.916716397140939e+05  -5.840140157981451e+05  4.168686699064731e+05  1.253903068560580e-02  1.016815021653175e-02  -2.972800617521327e-03
  9.599999999999982e+00  4.441179716739564e+05  7.251002719052801e+05  6.251329486965379e+05  5.036691232807057e+05  -5.888979847211074e+05  3.903630921342020e+05  7.198940436133402e-03  1.061585547891573e-02  -3.352634242090326e-03
  9.699999999999982e+00  4.675924474545391e+05  7.318014001708830e+05  5.934874288666791e+05  5.221587009243972e+05  -5.982872676106951e+05  3.395886999159622e+05  6.781733907435645e-04  1.051389329801979e-02  -6.924564391909058e-03
  9.799999999999981e+00  4.854657268259918e+05  7.404724185728313e+05  5.754982183966459e+05  5.332426717832284e+05  -6.099505331171993e+05  2.722618356436695e+05  -4.854679113291096e-03  1.052938484314272e-02  -1.119766061300990e-02
  9.899999999999981e+00  4.401456802595779e+05  7.406553443094875e+05  6.209613641862780e+05  5.279721633367784e+05  -6.061627349235198e+05  2.133298730800373e+05  -5.508500842204985e-03  1.183794954093593e-02  -1.070906970383672e-02
  9.999999999999980e+00  3.603748704769970e+05  7.283705969887830e+05  6.877255972645081e+05  5.169196048442870e+05  -5.896312444286790e+05  1.907777308823606e+05  -2.983230374047048e-03  1.373104697426298e-02  -6.942941372057388e-03
  1.009999999999998e+01  3.683080701528909e+05  7.179737766675501e+05  6.500464567680609e+05  5.136167780304499e+05  -5.898284412372048e+05  2.181798485412958e+05  -4.659039162510866e-03  1.396399745618744e-02  -9.767594235379304e-03
  1.019999999999998e+01  5.174735784332237e+05  7.288396257633955e+05  4.919176243287642e+05  5.159493121459432e+05  -6.241128607009264e+05  2.834419347413729e+05  -1.220873360758829e-02  1.115183341167704e-02  -2.092947246550442e-02
  1.029999999999998e+01  7.056527546565612e+05  7.550863912029846e+05  3.434562487234204e+05  5.153769593657698e+05  -6.706366343083924e+05  3.604601145557011e+05  -1.973953935997116e-02  5.971495003361202e-03  -3.156024693741143e-02
  1.039999999999998e+01  8.030359964203158e+05  7.681547075309400e+05  2.463111283205942e+05  5.151151158322631e+05  -6.969950407883304e+05  4.437541989971562e+05  -2.252940685835934e-02  -1.412463328046308e-04  -4.076146780091099e-02
  1.049999999999998e+01  8.222442977186817e+05  7.863065881543186e+05  1.963504031527173e+05  5.230639598384605e+05  -7.002554981543757e+05  5.092874182108277e+05  -2.233734270804091e-02  -5.663360607015799e-03  -4.837968835816626e-02
  1.059999999999998e+01  8.250536392041914e+05  8.447964748764373e+05  2.505608630163921e+05  5.248499296472918e+05  -6.932603105915473e+05  5.109167376116724e+05  -2.101920469694552e-02  -7.720434956381991e-03  -4.509694766599681e-02
  1.069999999999998e+01  7.856613222186856e+05  9.056462178534166e+05  3.609301219456727e+05  4.970864474503337e+05  -6.849956920071801e+05  4.594466260347649e+05  -1.708237606600822e-02  -4.930541287677104e-03  -3.152676397185603e-02
  1.079999999999998e+01  6.891964433162151e+05  9.181395272260606e+05  4.374550074084240e+05  4.459409252132269e+05  -6.848900341688944e+05  4.019276842004815e+05  -1.232177716439661e-02  -2.336331510759530e-04  -1.837901550315674e-02
  1.089999999999998e+01  6.076680326167372e+05  8.994323714521881e+05  4.823638581535176e+05  4.089250512040430e+05  -6.922564969499925e+05  3.496575802378306e+05  -1.277534773765670e-02  1.984934641213348e-03  -1.181721005763069e-02
  1.099999999999998e+01  5.827569238862912e+05  8.907789046977466e+05  5.135350204148726e+05  4.072854771684051e+05  -6.918876328989723e+05  3.048021905660477e+05  -1.806832614539758e-02  1.360924810360961e-03  -1.202616519488023e-02
  1.109999999999998e+01  5.768991558764760e+05  9.032899396155230e+05  5.309395097424600e+05  4.280218205578340e+05  -6.746971216912890e+05  2.746683208802007e+05  -2.140598811195209e-02  8.761089641031618e-04  -1.433847293588156e-02
  1.119999999999998e+01  5.584713449888701e+05  9.191575890753628e+05  5.422129960034782e+05  4.465199720873145e+05  -6.537988829852444e+05  2.596077122739910e+05  -1.927930483088295e-02  1.646434591342721e-03  -1.391246770019739e-02
  1.129999999999998e+01  5.299805937756597e+05  9.112834502083872e+05  5.364515255555669e+05  4.469160409989306e+05  -6.484703813725032e+05  2.600469998113431e+05  -1.383300106915030e-02  2.123311065520187e-03  -1.240973238174991e-02
  1.139999999999998e+01  5.092235038221038e+05  8.854473785812095e+05  5.101731699559011e+05  4.312585659819364e+05  -6.598718975368231e+05  2.684260226167038e+05  -9.196940620261433e-03  8.460857261461637e-04  -1.197001574324925e-02
  1.149999999999998e+01  5.140382229464827e+05  8.745505991438724e+05  4.799472883288108e+05  4.148872484535391e+05  -6.745945067740441e+05  2.678649275633070e+05  -7.991183690344926e-03  -2.140292142700964e-03  -1.079585292391633e-02
  1.159999999999997e+01  5.444490044668808e+05  8.821350819787311e+05  4.492543004738095e+05  4.127704348044779e+05  -6.845882064007355e+05  2.515297778783432e+05  -1.036669471621704e-02  -5.729273136982000e-03  -8.540840135911845e-03
  1.169999999999997e+01  5.846685263945512e+05  8.800051401374975e+05  4.100817874517340e+05  4.246976942875943e+05  -6.887151323347458e+05  2.286443039684177e+05  -1.456088249863273e-02  -8.007452409766063e-03  -7.704653309518228e-03
  1.179999999999997e+01  6.268385973596943e+05  8.642474049025512e+05  3.762162599775002e+05  4.375140670034109e+05  -6.869353071639843e+05  2.098460165521775e+05  -1.825529275368241e-02  -7.656551252118062e-03  -8.869770965780371e-03
  1.189999999999997e+01  6.733477302209500e+05  8.637206108985774e+05  3.811137644622826e+05  4.468337821548651e+05  -6.836684032062227e+05  1.963320328870408e+05  -2.054747828867262e-02  -6.054064151326301e-03  -9.498751040390416e-03
  1.199999999999997e+01  7.220549560327111e+05  8.912383155584777e+05  4.186350309638996e+05  4.572781733985530e+05  -6.886469661663849e+05  1.909223709575994e+05  -2.121236266218651e-02  -6.172117144010624e-03  -9.103575903605575e-03
  1.209999999999997e+01  7.719413859241552e+05  9.257595638607524e+05  4.399413457233279e+05  4.680556579424933e+05  -7.055316657698390e+05  1.859318267729042e+05  -2.168505161938312e-02  -8.501816694219462e-03  -9.902951392406214e-03
  1.219999999999997e+01  8.286128289949371e+05  9.431691155167911e+05  4.230962743197282e+05  4.743170942738281e+05  -7.252124522464050e+05  1.616193493610621e+05  -2.439531356049259e-02  -1.071458806075487e-02  -1.157994731230142e-02
  1.229999999999997e+01  8.930683283831087e+05  9.406302884717510e+05  3.948653123934356e+05  4.762330314624083e+05  -7.334325189916925e+05  1.224476338950647e+05  -2.865753261286778e-02  -1.106924828663671e-02  -1.137011465116215e-02
  1.239999999999997e+01  9.509322227724919e+05  9.289442134465604e+05  3.832974184357180e+05  4.797510046630976e+05  -7.257894939171409e+05  1.007651899079204e+05  -3.120272381751599e-02  -9.717931863099974e-03  -8.930767026459821e-03
  1.249999999999997e+01  9.760318752364070e+05  9.155006195204961e+05  3.904061724668692e+05  4.869897808643248e+05  -7.149002839416177e+05  1.154508551223036e+05  -3.007270275766144e-02  -7.731291092110962e-03  -6.270477962644388e-03
  1.259999999999997e+01  9.506030007628595e+05  8.966929352254499e+05  4.106412358462691e+05  4.910668666647490e+05  -7.131124247423948e+05  1.507625363197653e+05  -2.545057233845474e-02  -6.029850438250583e-03  -4.044032934532239e-03
  1.269999999999997e+01  8.843674470852665e+05  8.674747378407391e+05  4.430808388022267e+05  4.845796373181666e+05  -7.153817695363099e+05  1.812017415324530e+05  -1.799196948247782e-02  -4.781252797204543e-03  -1.234808379388074e-03
  1.279999999999997e+01  8.038684811171409e+05  8.351478306685863e+05  4.844980120409119e+05  4.694159891338208e+05  -7.105396727679239e+05  1.970318709171600e+05  -8.967492081543148e-03  -3.203379007826391e-03  2.489175774585437e-03
  1.289999999999997e+01  7.280324245934174e+05  8.130099995079288e+05  5.319190100197482e+05  4.523521931006373e+05  -6.982605778656598e+05  2.004495663772443e+05  -8.356383966199080e-04  -3.614594902412211e-04  6.652688506492885e-03
  1.299999999999997e+01  6.588200320621409e+05  8.005547393903629e+05  5.856646702395686e+05  4.365603916920508e+05  -6.865142425767460e+05  1.962257049750713e+05  4.973359487937245e-03  3.459551358538445e-03  1.132319155468073e-02
  1.309999999999997e+01  5.933360403613569e+05  7.887943974348445e+05  6.429401890128209e+05  4.224877380328339e+05  -6.817184839525860e+05  1.911677686256304e+05  9.448618799855332e-03  6.771097492103766e-03  1.676292984894472e-02
  1.319999999999997e+01  5.375202675122523e+05  7.786391854030279e+05  6.930027930915157e+05  4.104849651103228e+05  -6.862174248919154e+05  1.883612792379143e+05  1.373226482448027e-02  8.433421483133967e-03  2.236192457048116e-02
  1.329999999999997e+01  5.002783002065612e+05  7.737877443175042e+05  7.253152047477898e+05  4.011182053423726e+05  -6.993150324064909e+05  1.835705296774121e+05  1.723554752865279e-02  8.534267971643394e-03  2.696475639659386e-02
  1.339999999999997e+01  4.791631470958164e+05  7.661703503653968e+05  7.393159465911944e+05  3.950195850243745e+05  -7.150320519515839e+05  1.780168658029634e+05  1.911151447025233e-02  8.050547599601899e-03  2.942937996047571e-02
  1.349999999999997e+01  4.654532627838348e+05  7.498990890737873e+05  7.499468651814366e+05  3.911253998922479e+05  -7.215577067086807e+05  1.806148256136107e+05  1.964900147261395e-02  8.245535506308473e-03  2.938968138243828e-02
  1.359999999999997e+01  4.532553339227992e+05  7.329159924518769e+05  7.681606272067070e+05  3.871674653982905e+05  -7.104967364432005e+05  1.906180457335406e+05  1.951643796366588e-02  9.640980601882279e-03  2.733323641222251e-02
  1.369999999999997e+01  4.411031571448575e+05  7.226753879400889e+05  7.768005509575446e+05  3.844867580873851e+05  -6.877936383873044e+05  1.932438325738542e+05  1.877888222613508e-02  1.100571981721641e-02  2.386900473345572e-02
  1.379999999999997e+01  4.374150272998790e+05  7.196480475250323e+05  7.521330895777984e+05  3.884692273494289e+05  -6.713734769985476e+05  1.760667211365928e+05  1.684725925723582e-02  1.023374516167155e-02  1.984545313537371e-02
  1.389999999999997e+01  4.516854307034319e+05  7.241277624514386e+05  6.951139146344177e+05  4.012686912113710e+05  -6.749855582396167e+05  1.433436297763592e+05  1.334463621697253e-02  6.947148777369125e-03  1.618291574663589e-02
  1.399999999999997e+01  4.779748821747199e+05  7.358462602560573e+05  6.268872428990066e+05  4.183520550729732e+05  -6.959911923396559e+05  1.117322337019177e+05  9.001710644734201e-03  3.184639085220560e-03  1.318948341121157e-02
  1.409999999999997e+01  5.033726802541027e+05  7.501685743511932e+05  5.681651124950643e+05  4.346038323798699e+05  -7.222449822292743e+05  9.300715241271643e+04  4.981605165963789e-03  7.020132368346890e-04  1.081472031965773e-02
  1.419999999999997e+01  5.257647455639226e+05  7.601000545839269e+05  5.264832142610902e+05  4.493195393920357e+05  -7.466195002578441e+05  8.501166877546781e+04  1.413783851492511e-03  -1.023771097415895e-03  9.073390966753482e-03
  1.429999999999997e+01  5.506403984447694e+05  7.624137260121441e+05  4.959074435224957e+05  4.628985364418013e+05  -7.683825813886919e+05  8.085440436369194e+04  -2.287111489177962e-03  -3.281288406733037e-03  7.635188525784017e-03
  1.439999999999996e+01  5.788008469369549e+05  7.610456909627864e+05  4.681027486164479e+05  4.734033055865531e+05  -7.850090462068724e+05  7.970856807714066e+04  -6.104170097951251e-03  -6.062222316047809e-03  5.789786849431195e-03
  1.449999999999996e+01  6.038216932350923e+05  7.607577390486315e+05  4.424050854709074e+05  4.789675997987030e+05  -7.915349379940792e+05  8.495793650721959e+04  -9.178419782684499e-03  -8.377440261015707e-03  3.257802627726821e-03
  1.459999999999996e+01  6.187033451560230e+05  7.606148937344322e+05  4.252776370922641e+05  4.799573714741418e+05  -7.865512283563962e+05  9.669955737034774e+04  -1.046286587087499e-02  -9.594355217044357e-03  5.921605224528833e-04
  1.469999999999996e+01  6.236734057400880e+05  7.597385185859762e+05  4.225006401356136e+05  4.774452318706569e+05  -7.730988944510492e+05  1.110640218657959e+05  -9.523357422564521e-03  -9.771153677342099e-03  -1.571901663435338e-03
  1.479999999999996e+01  6.262046449254059e+05  7.636360694614876e+05  4.318074066684481e+05  4.724463160161073e+05  -7.551598767181882e+05  1.267712116883210e+05  -6.971312092807274e-03  -9.280783044300207e-03  -3.481175523919765e-03
  1.489999999999996e+01  6.321184434122136e+05  7.766641145447977e+05  4.415799767653184e+05  4.664262530180533e+05  -7.362646079318296e+05  1.466452516574824e+05  -4.161253779420043e-03  -8.455775941277171e-03  -5.979404614394546e-03
  1.499999999999996e+01  6.397853648457092e+05  7.931533370401738e+05  4.401884472812139e+05  4.600004531889693e+05  -7.187898142397274e+05  1.704107590929536e+05  -2.460228611774079e-03  -7.264347807980573e-03  -9.111696428718770e-03
  1.509999999999996e+01  6.436403361880031e+05  8.036231163969630e+05  4.297247334147323e+05  4.524129448397630e+05  -7.028905183500834e+05  1.907214823023357e+05  -2.611542704437182e-03  -5.445845889190603e-03  -1.143624196759450e-02
  1.519999999999996e+01  6.384244756019942e+05  8.058611212051815e+05  4.246525923788053e+05  4.442810772970130e+05  -6.885866004049312e+05  2.001665983439997e+05  -4.358697790510717e-03  -3.156929114409084e-03  -1.134044496926440e-02
  1.529999999999996e+01  6.209862094766338e+05  8.047144976116546e+05  4.355775681302751e+05  4.386388835377815e+05  -6.781600552050463e+05  1.996798127910456e+05  -6.521898948718986e-03  -1.126092403193220e-03  -8.806609507051673e-03
  1.539999999999996e+01  5.938217183653591e+05  8.047668885108706e+05  4.595430236252149e+05  4.365779151258519e+05  -6.735691969668840e+05  1.965586563365435e+05  -7.718332954738392e-03  1.254903908824586e-04  -5.414296303947823e-03
  1.549999999999996e+01  5.670714830692422e+05  8.069273483802469e+05  4.854290112873336e+05  4.336400952859431e+05  -6.729291694024537e+05  1.956673881225799e+05  -7.330776148638524e-03  8.911181138114327e-04  -2.876532770413851e-03
  1.559999999999996e+01  5.524492486772661e+05  8.094027263620467e+05  5.060740892687626e+05  4.239695437397438e+05  -6.723496911989175e+05  1.949974129245741e+05  -5.952320672361280e-03  1.698349674635553e-03  -1.712734787325833e-03
  1.569999999999996e+01  5.518328540219723e+05  8.088567946719400e+05  5.224410982681657e+05  4.077137421695561e+05  -6.700932877102398e+05  1.895749540805701e+05  -4.791160779741856e-03  2.428667883558670e-03  -1.317598836202504e-03
  1.579999999999996e+01  5.546757579234302e+05  8.031664230870064e+05  5.368704509279751e+05  3.915833847287276e+05  -6.667306726877263e+05  1.782722398486933e+05  -4.483494119584470e-03  2.511217868763909e-03  -1.088088715000247e-03
  1.589999999999996e+01  5.503759822433128e+05  7.953677324298394e+05  5.485320656406294e+05  3.820818745746550e+05  -6.629846873320179e+05  1.657775497519436e+05  -4.600238291580011e-03  1.828703417180766e-03  -9.612416314385014e-04
  1.599999999999996e+01  5.389157456040262e+05  7.912755557328494e+05  5.547280459948446e+05  3.805291351519222e+05  -6.602372841657774e+05  1.583069187841787e+05  -4.271091534872117e-03  8.919176903096352e-04  -9.896374468447552e-04
  1.609999999999996e+01  5.269681091956623e+05  7.923643675582015e+05  5.529073293478473e+05  3.843363480901883e+05  -6.616392165447086e+05  1.584705336910333e+05  -3.110471344140130e-03  1.574304495345457e-04  -9.970343625505347e-04
  1.619999999999996e+01  5.202639147826659e+05  7.958070478297548e+05  5.436310771387621e+05  3.901048030854694e+05  -6.697225711335591e+05  1.640017647425237e+05  -1.582848978074810e-03  -3.703904658724179e-04  -7.364511378255354e-04
  1.629999999999996e+01  5.220207503663093e+05  8.005961842281967e+05  5.306219303199291e+05  3.948890331067279e+05  -6.828785619276962e+05  1.705585192548021e+05  -4.904771371261707e-04  -8.475764819140547e-04  -2.645257215989246e-04
  1.639999999999996e+01  5.333809198703519e+05  8.086635019890276e+05  5.168708079003946e+05  3.967360127679722e+05  -6.959112694890602e+05  1.753066898869844e+05  -1.479557613593982e-04  -1.254472598647812e-03  -6.836545366917342e-08
  1.649999999999996e+01  5.518182369758048e+05  8.200486351840843e+05  5.039216722302347e+05  3.956696869272316e+05  -7.047055198632021e+05  1.776121045345290e+05  -2.190266484164648e-04  -1.515366415435126e-03  -2.629848935528718e-04
  1.659999999999997e+01  5.700630420460885e+05  8.304933769717102e+05  4.945989860151890e+05  3.937492117597719e+05  -7.093766967969401e+05  1.777148632465532e+05  -2.121531178168250e-04  -1.699700409757157e-03  -8.872189166326497e-04
  1.669999999999997e+01  5.790674493069013e+05  8.355130658660481e+05  4.936526914684528e+05  3.931494009578468e+05  -7.122528628370435e+05  1.766887847988428e+05  2.083747592274109e-04  -1.854573051245580e-03  -1.388087526230126e-03
  1.679999999999997e+01  5.737760463411520e+05  8.350027479096677e+05  5.038494689900609e+05  3.941417883877211e+05  -7.138043306042554e+05  1.768493460317436e+05  1.241146186914474e-03  -1.799139142804739e-03  -1.489582010783749e-03
  1.689999999999997e+01  5.571278568522249e+05  8.325819972106040e+05  5.215133284727155e+05  3.953015197813085e+05  -7.119244609775837e+05  1.799076092103248e+05  2.810377357203975e-03  -1.282321176681294e-03  -1.401293401774026e-03
  1.699999999999997e+01  5.389340522074761e+05  8.317586754193759e+05  5.377475583461979e+05  3.955390735226387e+05  -7.053828390274555e+05  1.844558708614410e+05  4.335363691781246e-03  -3.618858961940133e-04  -1.499591437314343e-03
  1.709999999999997e+01  5.301033641617430e+05  8.333514468746567e+05  5.444071037297465e+05  3.957000514675357e+05  -6.966748183333622e+05  1.867607959310223e+05  4.909348261976404e-03  5.074435210293255e-04  -1.850697480643022e-03
  1.719999999999997e+01  5.356061447784177e+05  8.357357205649753e+05  5.389520873501146e+05  3.983158195756039e+05  -6.908634690034409e+05  1.849011968644077e+05  3.997645966782589e-03  8.190097074469430e-04  -2.171746740454534e-03
  1.729999999999998e+01  5.508648221653751e+05  8.369650685113969e+05  5.243050077273351e+05  4.053981581262931e+05  -6.918884159093545e+05  1.810137679745366e+05  1.969681346989955e-03  3.331294566548925e-04  -2.233189683314145e-03
  1.739999999999998e+01  5.655094653403506e+05  8.367892257067387e+05  5.058689005064226e+05  4.161471400918274e+05  -6.998918377987645e+05  1.787336457319208e+05  -1.771580104049423e-04  -8.643927403139193e-04  -2.176044767606711e-03
  1.749999999999998e+01  5.722065506224986e+05  8.363532708068211e+05  4.899793921544519e+05  4.266619982749583e+05  -7.109509746000667e+05  1.794545702004818e+05  -1.615294334442567e-03  -2.358503552762763e-03  -2.317562511345932e-03
  1.759999999999998e+01  5.714867708159164e+05  8.359863137056100e+05  4.832200993274524e+05  4.323504087807393e+05  -7.191340424170480e+05  1.825575465407210e+05  -2.093927764136780e-03  -3.461819536870775e-03  -2.723638230176227e-03
  1.769999999999998e+01  5.680599304335376e+05  8.344952978008422e+05  4.892158662056545e+05  4.312441669703504e+05  -7.199642734320008e+05  1.879095020144796e+05  -1.724410113295708e-03  -3.552476059418577e-03  -3.137603128586338e-03
  1.779999999999998e+01  5.650186362823697e+05  8.312857364556902e+05  5.045364678142508e+05  4.255933150626584e+05  -7.135309947132982e+05  1.956357469698752e+05  -7.399909916672050e-04  -2.619094410859684e-03  -3.273616510098427e-03
  1.789999999999998e+01  5.628911272286845e+05  8.279295006124664e+05  5.193101699889521e+05  4.206391164667686e+05  -7.049686787889041e+05  2.036972684456123e+05  4.916422847017918e-04  -1.438493253007605e-03  -3.038976867036999e-03
  1.799999999999999e+01  5.618329730945450e+05  8.263853422212035e+05  5.241783428827860e+05  4.208805785346222e+05  -7.005851625431379e+05  2.078891989375075e+05  1.502548153578967e-03  -9.207554755480142e-04  -2.450983831949428e-03
  1.809999999999999e+01  5.619524174280693e+05  8.261515593424643e+05  5.177616102185461e+05  4.263348858443454e+05  -7.022206204956125e+05  2.058528670155749e+05  2.034496201408880e-03  -1.188744077141606e-03  -1.505695189235776e-03
  1.819999999999999e+01  5.618244055826904e+05  8.245186073934436e+05  5.069662485944805e+05  4.326408307844073e+05  -7.058619621409052e+05  2.007924791945238e+05  2.300087105404368e-03  -1.530032639621201e-03  -2.774388020581698e-04
  1.829999999999999e+01  5.589487418704201e+05  8.198977233852702e+05  5.003615822563259e+05  4.355194547436357e+05  -7.062370058104736e+05  1.993548177939279e+05  2.710012036509498e-03  -1.320919855166781e-03  9.371116175460368e-04
  1.839999999999999e+01  5.525399291583766e+05  8.136869764937683e+05  5.020342710652798e+05  4.349466493336518e+05  -7.019626200542381e+05  2.050087587400014e+05  3.313634644073942e-03  -7.205619779552357e-04  1.747346524433313e-03
  1.849999999999999e+01  5.449176874676452e+05  8.082231803210092e+05  5.105753703988547e+05  4.343879504829863e+05  -6.956938153506630e+05  2.145509092284017e+05  3.693838215225493e-03  -2.883203517361009e-04  1.984937119846883e-03
  1.859999999999999e+01  5.398431460389121e+05  8.042116492379470e+05  5.219429575832771e+05  4.362115460785335e+05  -6.903942947935094e+05  2.217158961263455e+05  3.456497298265843e-03  -1.799915929871618e-04  1.842138858510408e-03
  1.870000000000000e+01  5.399056168804592e+05  8.011448184288658e+05  5.318950347684388e+05  4.388225107168398e+05  -6.866694135023634e+05  2.235269260497477e+05  2.690078886315973e-03  1.122139300011737e-05  1.644109938386424e-03
  1.880000000000000e+01  5.451979898648267e+05  7.994994159473190e+05  5.361721785953228e+05  4.385740827571928e+05  -6.833903383987439e+05  2.224239692017996e+05  1.874226616561272e-03  7.214322918459128e-04  1.458805901691675e-03
  1.890000000000000e+01  5.538556117299316e+05  8.014894705465084e+05  5.311143765551476e+05  4.335899064151207e+05  -6.795126903907843e+05  2.224794602117230e+05  1.405742625827940e-03  1.943514696186336e-03  1.005335319246720e-03
  1.900000000000000e+01  5.638024946140390e+05  8.093359258525727e+05  5.164147313250711e+05  4.253178015681708e+05  -6.747905372890985e+05  2.247781612708199e+05  1.322101454114481e-03  3.260218334956925e-03  1.535525450256800e-05
  1.910000000000000e+01  5.737400508733436e+05  8.226734272817126e+05  4.969406051744170e+05  4.171673655140616e+05  -6.698034408584178e+05  2.270842927806691e+05  1.477845359206768e-03  4.172251314343828e-03  -1.359402538264854e-03
  1.920000000000000e+01  5.824844051645541e+05  8.376349733342980e+05  4.804920979718224e+05  4.122518503738386e+05  -6.660212787321379e+05  2.273275609890274e+05  1.846488615612000e-03  4.381157430926948e-03  -2.525205311668653e-03
  1.930000000000000e+01  5.883180053334209e+05  8.486481867029802e+05  4.727383289046166e+05  4.119894480882387e+05  -6.653224269859075e+05  2.262203784566082e+05  2.512855174517983e-03  3.903340056164370e-03  -2.868546076636818e-03
  1.940000000000001e+01  5.898110994494858e+05  8.517358490760771e+05  4.739611741557217e+05  4.157543260932858e+05  -6.683741190211218e+05  2.259498001790219e+05  3.345966108391661e-03  3.065267599325418e-03  -2.217598900187842e-03
  1.950000000000001e+01  5.873656092247505e+05  8.468442983864900e+05  4.803956267219988e+05  4.213582812445659e+05  -6.732621050995913e+05  2.272307548275117e+05  3.806183594808391e-03  2.383887642390945e-03  -9.234087940118681e-04
  1.960000000000001e+01  5.833813337141430e+05  8.374537910503873e+05  4.879346258668726e+05  4.261798110260705e+05  -6.768027640976120e+05  2.285470140178053e+05  3.230311457177674e-03  2.280229827090094e-03  4.370484928320878e-04
  1.970000000000001e+01  5.803853452224021e+05  8.280643115076253e+05  4.946619826816907e+05  4.285469721655441e+05  -6.777131871325482e+05  2.279479305536659e+05  1.389590845696479e-03  2.758711255571250e-03  1.449288176748967e-03
  1.980000000000001e+01  5.790526509593558e+05  8.217539191960844e+05  5.008254180200525e+05  4.284770665220591e+05  -6.780736085786502e+05  2.246936060115952e+05  -1.227323310966164e-03  3.328706447318731e-03  2.015579149911521e-03
  1.990000000000001e+01  5.780016631800769e+05  8.194173381186669e+05  5.069176798473637e+05  4.269539101492283e+05  -6.812269394688371e+05  2.190954783107146e+05  -3.701669767036979e-03  3.328589799146004e-03  2.203551298418488e-03
