TITLE = "Temporal Signal for receiver number 03216"
VARIABLES = "Time","xx","yy","zz","xy","yz","xz","u","v","w"
# x1       3.604744010000e+05
# x2       4.738135810000e+06
# x3       -1.000000000000e+03
  0.000000000000000e+00  0.000000000000000e+00  0.000000000000000e+00  0.000000000000000e+00  0.000000000000000e+00  0.000000000000000e+00  0.000000000000000e+00  0.000000000000000e+00  0.000000000000000e+00  0.000000000000000e+00
  1.000000000000000e-01  0.000000000000000e+00  0.000000000000000e+00  0.000000000000000e+00  0.000000000000000e+00  0.000000000000000e+00  0.000000000000000e+00  0.000000000000000e+00  0.000000000000000e+00  0.000000000000000e+00
  2.000000000000000e-01  0.000000000000000e+00  0.000000000000000e+00  0.000000000000000e+00  0.000000000000000e+00  0.000000000000000e+00  0.000000000000000e+00  0.000000000000000e+00  0.000000000000000e+00  0.000000000000000e+00
  3.000000000000000e-01  1.722886147199953e-11  3.714688891241616e-12  1.032202312878991e-11  -6.406628505393143e-12  9.191503614653776e-12  -1.630915040580800e-11  9.249738502180478e-19  -9.870669850735719e-19  -2.546419419040150e-18
  4.000000000000000e-01  -1.073730733585750e-07  -2.016873077104737e-07  -1.147017261567790e-07  -1.081865384622368e-07  -1.046652292599432e-08  7.722449805739131e-08  4.117051325244887e-14  4.006856112333786e-14  3.163369219442726e-15
  5.000000000000000e-01  -1.060603560022214e-05  1.622317645542961e-05  -1.549412642593910e-05  -1.919790793287187e-05  6.558966228774805e-06  5.064542942490572e-06  3.714119270152680e-12  -2.019377434698857e-12  -2.033756493016455e-12
  6.000000000000000e-01  -5.850070114976461e-04  -6.926173597970493e-04  -5.710696591132040e-04  -8.331213137085544e-05  3.439856656416161e-06  7.052958711116065e-05  3.479007349308968e-11  6.785540357698976e-11  2.162118463847918e-11
  7.000000000000000e-01  -2.696498168086113e-03  -2.647690000106392e-03  -3.579551764614624e-03  8.820921658329617e-04  -4.956272055223810e-04  4.896391600861342e-04  -2.184605073916378e-11  1.702584163275383e-10  3.103392314129406e-10
  7.999999999999999e-01  1.104533619034494e-02  2.357898540391066e-02  5.180406820225310e-03  5.539784417527670e-03  5.903146721318015e-03  1.436985996355388e-03  -1.478304331900709e-09  -3.018192678133367e-09  -1.652379114612172e-09
  8.999999999999999e-01  7.185347373517005e-02  1.220419786400888e-01  9.570789576432986e-02  -7.206085799248725e-03  3.327334558104520e-02  -5.200111770403896e-03  -4.752740996584213e-10  -1.365215543708812e-08  -9.826489599191188e-09
  9.999999999999999e-01  -1.448973529941722e-01  -3.087473550342594e-01  -9.872166049459753e-02  -6.603381868418327e-02  -7.703680292712499e-02  -1.919009365737857e-02  1.814741323091134e-08  4.117245377889179e-08  2.236130775347085e-08
  1.100000000000000e+00  -4.156242840451381e-01  -5.958618810223808e-01  -7.637740283141617e-01  1.701661955709368e-01  -2.750076557402957e-01  5.842842983854922e-02  -2.811090814544802e-08  5.767648400187470e-08  7.506428786991157e-08
  1.200000000000000e+00  1.919962478766313e+00  3.468626792238547e+00  2.655381508911389e+00  -8.963029986783497e-02  1.296048739386070e+00  -9.741633971718588e-02  1.597374114076214e-10  -4.334813307432857e-07  -3.336295487271145e-07
  1.300000000000000e+00  -3.532104007591126e+00  -7.443113735618037e+00  -4.503282333736391e+00  -8.311601998405367e-02  -2.228434016013981e+00  -1.899877229785732e-02  4.472261881150580e-08  9.442955510957150e-07  5.213472027636402e-07
  1.400000000000000e+00  4.456004373143916e+00  6.793431124599930e+00  6.689479640680767e+00  1.629219737475212e+00  1.841687518554748e+00  -1.540774018106660e+00  4.542186543613381e-08  -1.208802940845952e-06  -9.711910768666550e-07
  1.500000000000000e+00  1.016643620497304e+02  1.804172099740845e+02  2.050320334395299e+02  -3.095833227624787e+01  9.816631769850588e+01  -2.861865988348913e+01  7.536197817214910e-06  -2.200224529879731e-05  -2.505855728591618e-05
  1.600000000000000e+00  3.215941191159107e+02  7.442374406533095e+02  5.524581008127151e+02  -1.136353486824664e+02  3.605452281288132e+02  -7.939337886309529e+01  2.208218507150941e-05  -9.776342795951690e-05  -6.868885508644232e-05
  1.700000000000000e+00  2.110348976898489e+02  1.068206026837967e+03  3.344358800599423e+02  -1.777675952767886e+02  4.832445052554866e+02  -4.596362314405687e+01  2.132811823717639e-05  -1.454825973229051e-04  -4.372744258495491e-05
  1.800000000000000e+00  -5.488989692564107e+01  1.316505346167946e+03  -1.281988831896581e+02  -2.112239708305851e+02  4.602795176200448e+02  5.491628732019086e+01  3.627820733013098e-06  -1.741541807537814e-04  1.068340127624302e-05
  1.900000000000001e+00  -2.028475842333872e+02  1.876274108302744e+03  -3.147206657868757e+02  -3.318707033614979e+02  4.735019867705040e+02  1.187727227154832e+02  6.151088169178395e-06  -2.273451443714258e-04  3.916119660261814e-05
  2.000000000000000e+00  -2.909548087039043e+02  2.756427501597923e+03  -1.278641920147721e+02  -4.383780493961949e+02  6.880215778474208e+02  1.746176568659843e+02  2.337901953389001e-06  -3.162372368023707e-04  1.138147116435673e-05
  2.100000000000001e+00  -2.756428352382471e+02  4.489043315099610e+03  1.436556053019920e+02  -7.067078226082883e+02  1.109880088348159e+03  2.447658923083953e+02  9.826903253572266e-06  -5.068166240071679e-04  -2.372738303456245e-05
  2.200000000000001e+00  4.302981992926331e+02  8.854977799727611e+03  9.196589536056463e+02  -1.532840917792234e+03  2.390760019441374e+03  1.715878342074161e+02  9.512227032326768e-05  -1.035952805456669e-03  -1.371039201614869e-04
  2.300000000000001e+00  2.975735294131907e+03  1.833052181321954e+04  5.286286760817610e+03  -3.530078332830386e+03  6.209243003126764e+03  -8.059468991393112e+02  4.314182247167439e-04  -2.191795608867447e-03  -7.586459071967146e-04
  2.400000000000001e+00  8.795229515569894e+03  3.709253302303148e+04  1.622624405768554e+04  -7.645449392808868e+03  1.497600869066935e+04  -3.056706014904949e+03  1.111785115607974e-03  -4.543885806161710e-03  -2.248440496484781e-03
  2.500000000000001e+00  1.968650201233354e+04  7.509282129673896e+04  3.589684442733612e+04  -1.620781886741972e+04  3.233239494385927e+04  -6.383599128364988e+03  2.336780676464529e-03  -9.407599244174340e-03  -4.766363351612435e-03
  2.600000000000001e+00  3.838952178542181e+04  1.568376477183332e+05  6.600002235761505e+04  -3.445892247081961e+04  6.729381044244811e+04  -1.094272825097507e+04  4.422588253720529e-03  -2.006959417386332e-02  -8.765345786296522e-03
  2.700000000000001e+00  6.795229469560935e+04  2.972183894570614e+05  1.058772435160408e+05  -7.533289969638741e+04  1.263819671868233e+05  -1.783030150431624e+04  9.374470233310088e-03  -3.884125103146571e-02  -1.379134474662461e-02
  2.800000000000001e+00  8.747393129554564e+04  4.722492850994337e+05  1.915933316055142e+05  -1.244539191856028e+05  2.205462622307324e+05  -2.810365294591463e+04  1.358022395333957e-02  -6.206929269597784e-02  -2.610394570187998e-02
  2.900000000000001e+00  2.057122723884676e+05  8.990669470288218e+05  3.168796937301445e+05  -2.868002165489991e+05  3.988233720719659e+05  -8.122353242318318e+04  3.406198766782587e-02  -1.186885882313471e-01  -4.342488886504951e-02
  3.000000000000001e+00  6.037103995901159e+05  1.607278321206431e+06  4.621865366241155e+05  -7.211607315019339e+05  6.909137661919720e+05  -2.158717305131708e+05  1.053492229741752e-01  -2.223288562001794e-01  -6.007044999879726e-02
  3.100000000000001e+00  9.365651042229362e+05  1.759397169375011e+06  1.142349963193461e+06  -9.810288036431676e+05  1.119723067751439e+06  -5.228795137075972e+05  1.658297199089203e-01  -2.505049606523333e-01  -1.694772041989375e-01
  3.200000000000002e+00  6.463443094028846e+05  1.061833284468245e+06  2.658154482848520e+06  -5.701274466660423e+05  1.390425462191395e+06  -7.699968820994965e+05  8.527409203387330e-02  -1.303109878311275e-01  -4.027498681256879e-01
  3.300000000000002e+00  -1.281954560910142e+05  2.431940233473857e+05  3.700824651440590e+06  1.268761637778040e+04  1.479225448915016e+06  -5.879162670204083e+05  -9.725832919955694e-02  -2.208262944061145e-02  -5.449718515994234e-01
  3.400000000000002e+00  -8.167457894524758e+05  -1.182751596476726e+05  3.286561248283872e+06  1.915248940657450e+05  1.604956803077511e+06  -1.099724619798984e+05  -2.296339032154118e-01  -2.456888337057784e-02  -4.784101473220349e-01
  3.500000000000002e+00  -7.780868727290757e+05  7.567706488817192e+04  2.318169842827849e+06  1.214442261620058e+05  1.783637674939825e+06  1.591277582021974e+05  -2.315474490222192e-01  -6.058403945900388e-02  -3.455502351582347e-01
  3.600000000000002e+00  -2.873235970148316e+05  4.081583220793068e+05  1.298390271383845e+06  1.151632703125987e+05  1.864259709820656e+06  3.601459927898768e+04  -1.313780021423981e-01  -5.434538621138821e-02  -2.220064968002880e-01
  3.700000000000002e+00  1.904943021332572e+05  5.903057323139362e+05  5.503022536339484e+05  2.018718767990615e+05  1.832683604312171e+06  -2.018067486055932e+05  -1.327449803482617e-02  -2.712494110201985e-02  -1.406974366140547e-01
  3.800000000000002e+00  4.596264282112094e+05  6.850868413350786e+05  2.553554531475064e+05  3.059275365979580e+05  1.876900121696797e+06  -3.000854083727815e+05  4.405111802418952e-02  -1.468246885480046e-02  -1.232815198105583e-01
  3.900000000000002e+00  3.073333841076173e+05  5.343207384662410e+05  -1.641596362859431e+05  3.647373364598538e+05  1.953201965495344e+06  -3.089947239937374e+05  4.518928406924828e-02  -1.552001115328836e-03  -1.330630185643318e-01
  4.000000000000002e+00  -2.959324780884585e+03  2.626297980691915e+05  -6.312290829921867e+05  3.971834263480627e+05  2.020297744101290e+06  -3.527141899898240e+05  2.032271880579458e-02  2.272140906515433e-02  -1.708376155387615e-01
  4.100000000000001e+00  -2.264084685755482e+05  4.821275671395074e+04  -1.088957693356597e+06  4.332486976715312e+05  2.073915013242098e+06  -4.838576502539154e+05  -2.880339363952589e-03  5.382954941266709e-02  -2.131640902361180e-01
  4.200000000000001e+00  -2.815007849332638e+05  -1.419694842531861e+04  -1.417810383669734e+06  4.323803594635816e+05  2.088808836671563e+06  -6.203750327176183e+05  2.582812202261059e-03  7.656683972748282e-02  -2.438046726205122e-01
  4.300000000000001e+00  -1.412892899020354e+05  8.495907250038392e+04  -1.548721685522278e+06  3.350546048248219e+05  2.047984417614545e+06  -6.940026833950547e+05  3.951697906531598e-02  7.565456849391711e-02  -2.468942875127566e-01
  4.400000000000000e+00  6.128769399774328e+04  1.908912886328068e+05  -1.783910573886320e+06  1.673343497958653e+05  1.989778823542981e+06  -7.455022916875811e+05  1.034037230580488e-01  5.663256684430020e-02  -2.395007041974021e-01
  4.500000000000000e+00  2.075665240239371e+05  2.148192879277344e+05  -2.037046663805272e+06  2.119004349872934e+04  1.942659889024973e+06  -7.824123005500764e+05  1.620495905456488e-01  3.010980889977909e-02  -2.259398583060884e-01
  4.600000000000000e+00  2.194217185496499e+05  1.339701047283665e+05  -2.076036573142173e+06  -7.652001030202354e+04  1.883595485879719e+06  -7.333365358055773e+05  1.748290920890372e-01  1.580027248008068e-02  -1.908026805999679e-01
  4.699999999999999e+00  1.485952254888320e+05  1.318818167297339e+04  -1.834928935261075e+06  -1.015428965983038e+05  1.833779329377832e+06  -5.650013075490623e+05  1.589082752439241e-01  7.968854210056255e-03  -1.398973409419765e-01
  4.799999999999999e+00  1.522049099873871e+05  -3.317507359720782e+04  -1.419142102547669e+06  -6.059483154958885e+04  1.851252341238779e+06  -3.491362778032802e+05  1.339134192065679e-01  -1.173819525538047e-02  -7.119897230790120e-02
  4.899999999999999e+00  1.760090060623829e+05  -5.316640474361550e+02  -9.862352647722113e+05  -3.365383660119162e+04  1.889688204623264e+06  -2.295017900186456e+05  1.058114900025988e-01  -3.077422828323046e-02  -1.651621331294095e-02
  4.999999999999998e+00  1.103134751406211e+05  3.347304586116160e+04  -5.786767882142068e+05  -5.235390176255618e+04  1.850931126308466e+06  -2.409182043859128e+05  8.546296296001320e-02  -3.796506626405424e-02  5.597696875326057e-03
  5.099999999999998e+00  1.468311923795272e+04  1.485620377306784e+04  -3.980689503367326e+05  -4.242587222958685e+04  1.794981664133816e+06  -2.520625494882206e+05  5.815997025489141e-02  -4.092954575453228e-02  1.843722152425464e-02
  5.199999999999998e+00  6.324188143775632e+04  3.053586064788076e+04  -5.427693075620804e+05  4.897750185608122e+04  1.820077686522403e+06  -1.090715178541806e+05  1.174750748548001e-02  -5.015895396134534e-02  4.028293193863788e-02
  5.299999999999997e+00  2.028449809030377e+05  7.973040385564329e+04  -8.018181945621741e+05  1.338929832646108e+05  1.896062698603821e+06  1.383467439822183e+05  -2.454436151533225e-02  -5.937415816891454e-02  6.487864888040615e-02
  5.399999999999997e+00  2.378113149705019e+05  1.099987730314363e+05  -8.243515142402479e+05  1.354574286814255e+05  1.929914309859515e+06  3.161320828021480e+05  -2.229371342625969e-02  -5.415474131134791e-02  7.638880024467150e-02
  5.499999999999996e+00  6.963127511674615e+04  9.099538563859233e+04  -6.396278113213844e+05  6.786140709817132e+04  1.865913855031587e+06  3.119065995951376e+05  2.259982371955522e-02  -2.706088536139995e-02  8.731247470344863e-02
  5.599999999999996e+00  -1.201719604156423e+05  8.999898725528734e+04  -3.906101412904273e+05  2.655772331558911e+03  1.772638830854112e+06  2.029896835396830e+05  6.728545786805307e-02  4.158740374095685e-04  9.563733464438554e-02
  5.699999999999996e+00  -2.603131311985028e+05  9.611929530127434e+04  -1.863097118456214e+05  -4.362454338035241e+04  1.715745458213668e+06  9.120906960602860e+04  8.680936930110383e-02  1.465559958416904e-02  9.332301166388038e-02
  5.799999999999995e+00  -3.678885736805151e+05  9.581921650923711e+04  -5.847698561625007e+04  -9.588103804434180e+04  1.699988185485821e+06  2.014401278467333e+04  9.202667433910863e-02  2.637669919424335e-02  8.131513289348422e-02
  5.899999999999995e+00  -4.578203869453489e+05  9.119702193680657e+04  -2.471603970451057e+03  -1.453661769559210e+05  1.711926747014087e+06  -3.004075779182464e+04  1.020588863217688e-01  4.436707824915171e-02  7.197558524622903e-02
  5.999999999999995e+00  -5.378228810324493e+05  8.697465266909848e+04  4.533924692203545e+04  -1.573311835082035e+05  1.732942112000864e+06  -1.091031609236219e+05  1.199425296638058e-01  6.193508114420881e-02  7.914465362780766e-02
  6.099999999999994e+00  -5.549461802143917e+05  7.675778648621539e+04  1.322859549385208e+05  -1.290934600339669e+05  1.720973019250757e+06  -2.396060868442559e+05  1.276255643448459e-01  7.625884694524901e-02  9.647923024264012e-02
  6.199999999999994e+00  -4.831514803156687e+05  5.936094973896047e+04  2.595138903907878e+05  -8.420902502794498e+04  1.652825173373068e+06  -4.043753072693731e+05  1.172796035937540e-01  8.203341214343780e-02  1.167912429657389e-01
  6.299999999999994e+00  -4.075930508780427e+05  7.665892362276207e+04  3.670979944612805e+05  -5.455847256331642e+04  1.574718977405809e+06  -5.254184690008309e+05  1.054668199198684e-01  6.951207240084538e-02  1.331143189696997e-01
  6.399999999999993e+00  -3.926549974028338e+05  1.711929658075520e+05  4.131363890890385e+05  -6.213838528104011e+04  1.538167937470333e+06  -5.514398850126015e+05  1.025855142873738e-01  4.159416972462338e-02  1.438401858531534e-01
  6.499999999999993e+00  -3.808535193068556e+05  3.247233309876916e+05  5.158296890405942e+05  -7.674760104562889e+04  1.520243750240805e+06  -5.522286558947560e+05  9.753127279189219e-02  1.194207969285786e-02  1.566370430200491e-01
  6.599999999999993e+00  -3.663853772301304e+05  4.141602737245863e+05  6.632426949492126e+05  -5.320943563008740e+04  1.483829760732150e+06  -6.155660317217984e+05  8.117754118283785e-02  -6.293703846317777e-03  1.646099682940765e-01
  6.699999999999992e+00  -4.074958037432659e+05  3.827377917153069e+05  6.669290855668380e+05  1.246334657591783e+04  1.462007133046326e+06  -7.639822677875850e+05  6.205454253119997e-02  -1.178644468393729e-02  1.595481601879949e-01
  6.799999999999992e+00  -4.970807371373975e+05  3.478781541179437e+05  5.288469280146497e+05  7.863652822118832e+04  1.479777855157550e+06  -9.423047528177575e+05  5.158052121023577e-02  -8.828991301564535e-03  1.422113245559110e-01
  6.899999999999991e+00  -5.538850985661926e+05  3.993089061375262e+05  4.468093902480653e+05  9.274922057606708e+04  1.515906443530372e+06  -1.035732067191052e+06  5.321103337319406e-02  -2.989013780020745e-04  1.159726006245058e-01
  6.999999999999991e+00  -5.165164257922121e+05  4.879955000869132e+05  5.529417028416097e+05  4.319948628147633e+04  1.555670637063939e+06  -9.855440895656251e+05  6.690911062406278e-02  8.303972392762494e-03  8.980932971151627e-02
  7.099999999999991e+00  -4.613752204319942e+05  5.199652681135797e+05  6.897180271357606e+05  -2.449499281609839e+04  1.590295124874676e+06  -8.751290717758706e+05  8.665614321994154e-02  1.390556739962838e-02  7.344718798462410e-02
  7.199999999999990e+00  -4.841270209642838e+05  5.279684593352453e+05  6.394656811124821e+05  -6.412909028105826e+04  1.602808519210937e+06  -8.259042347875300e+05  9.863295986815790e-02  1.292199337512436e-02  6.498249848571912e-02
  7.299999999999990e+00  -5.700555558527509e+05  5.963393510277937e+05  4.561817341940847e+05  -8.074539839794564e+04  1.573764821881730e+06  -8.686807832295205e+05  9.710542193686569e-02  2.537911196359763e-03  5.560905082110609e-02
  7.399999999999990e+00  -6.722542401783938e+05  6.622722031772580e+05  3.077169667831450e+05  -9.478849858283381e+04  1.525294841884577e+06  -9.475314872323896e+05  9.176579587657371e-02  -8.840884075675381e-03  4.522010747880184e-02
  7.499999999999989e+00  -7.386086491149198e+05  6.411097912666858e+05  3.027209384934745e+05  -1.001748469592741e+05  1.506185734250743e+06  -9.883300577008997e+05  8.562869382397670e-02  -7.732045445246772e-03  3.541009899239313e-02
  7.599999999999989e+00  -8.394007402739036e+05  5.142613965424153e+05  2.967131933069242e+05  -9.328355795012783e+04  1.504449785269361e+06  -1.026993616967120e+06  8.222082212915034e-02  1.095894807987407e-02  4.259709965060934e-02
  7.699999999999989e+00  -9.450556849633618e+05  4.154868905734308e+05  3.088796714865150e+05  -7.269094412368021e+04  1.497970234182531e+06  -1.084738399599755e+06  7.675733227277101e-02  3.146232690481306e-02  5.969969490419760e-02
  7.799999999999988e+00  -1.047328691978389e+06  3.804776999527719e+05  3.405562510652414e+05  -5.960298880389867e+04  1.481500536819313e+06  -1.156778441324657e+06  7.401981438369744e-02  4.321736159990755e-02  7.734123409711080e-02
  7.899999999999988e+00  -9.759056293345974e+05  4.592745801512197e+05  5.854684798082078e+05  -5.059264586484885e+04  1.493722107056025e+06  -1.124361826189472e+06  5.900432307265012e-02  4.461303128623688e-02  6.036765025429922e-02
  7.999999999999988e+00  -8.373295314801330e+05  5.521683885881497e+05  8.146312381882545e+05  -4.770217647478143e+04  1.532594562549003e+06  -1.032864161762017e+06  4.164805898014315e-02  4.290732122670782e-02  3.015000418079451e-02
  8.099999999999987e+00  -7.271060949758963e+05  6.220653005917984e+05  9.190990651490545e+05  -4.518384509690609e+04  1.577269350758735e+06  -9.721755897412224e+05  3.001363957576902e-02  3.985016536177473e-02  9.454926199427916e-03
  8.199999999999987e+00  -6.923430408754852e+05  6.480844569355971e+05  9.074526768766560e+05  -5.355535433420118e+04  1.570484119505760e+06  -9.932859228105141e+05  2.753319352483988e-02  4.051046263433564e-02  1.411002364117138e-02
  8.299999999999986e+00  -6.791378445944139e+05  6.716360281750953e+05  8.837526141928578e+05  -4.972511416797669e+04  1.528596678988276e+06  -1.044536591116327e+06  2.687057628552513e-02  3.828039070013109e-02  2.528600566720438e-02
  8.399999999999986e+00  -6.735451882591508e+05  6.909662780610028e+05  8.714682683267798e+05  -3.791470040136580e+04  1.500803430044481e+06  -1.056271113695688e+06  2.819144232247207e-02  3.441859031566772e-02  2.989871406368749e-02
  8.499999999999986e+00  -6.401883680886091e+05  7.040211911473600e+05  8.689630515370363e+05  -1.634196729468363e+04  1.539866427086841e+06  -9.813406224252242e+05  2.513628442441097e-02  3.049616072661784e-02  2.082906064685693e-02
  8.599999999999985e+00  -5.849277097348662e+05  7.029205356555362e+05  8.601813504540946e+05  1.816249948467355e+04  1.621978683718767e+06  -8.612112850063618e+05  1.572457049882619e-02  2.662096213624799e-02  1.165396159850127e-02
  8.699999999999985e+00  -5.671655586617746e+05  6.375710136720872e+05  7.992285299532335e+05  3.724397189987588e+04  1.704403092967233e+06  -7.270597376187990e+05  4.888810835974197e-03  3.103598167243258e-02  -7.306811471993115e-03
  8.799999999999985e+00  -6.107351836101539e+05  5.143693955105318e+05  6.955674888309607e+05  2.765873249348349e+03  1.783187160707152e+06  -5.583281307892087e+05  2.167526426684180e-03  4.963818145783307e-02  -5.003104126947719e-02
  8.899999999999984e+00  -6.217002647533682e+05  4.720698311719801e+05  7.151557996091612e+05  -6.436921375958773e+04  1.842004865578800e+06  -3.932431741886486e+05  7.603390145089547e-03  6.634629059581594e-02  -8.664372540555144e-02
  8.999999999999984e+00  -6.241451142914074e+05  5.005314412172997e+05  7.243974812857481e+05  -1.107157936551232e+05  1.858814343100332e+06  -3.242644375767244e+05  1.369126761330569e-02  6.589841995753708e-02  -9.362310552604523e-02
  9.099999999999984e+00  -6.408386805083321e+05  5.553139015205499e+05  6.319173602824493e+05  -1.145439688988000e+05  1.825259154309558e+06  -3.672523284824237e+05  8.533957958738344e-03  4.723043871331278e-02  -8.980988390279690e-02
  9.199999999999983e+00  -6.567031648406871e+05  6.253053532493401e+05  5.091953261331716e+05  -9.794018358697199e+04  1.772041111888538e+06  -4.581296078373027e+05  -3.513748908563325e-03  2.504760018393283e-02  -8.808214526669982e-02
  9.299999999999983e+00  -6.667358734969591e+05  6.684966820312039e+05  3.656766322118412e+05  -8.735403130413400e+04  1.755393295314853e+06  -4.918100600736485e+05  -1.309658828675937e-02  1.294091156153402e-02  -8.591474510681218e-02
  9.399999999999983e+00  -6.362704748783031e+05  6.731526016524418e+05  2.011177913878127e+05  -7.563965521291438e+04  1.790316377924368e+06  -4.278658027877582e+05  -2.294472920222571e-02  6.996925652452443e-03  -7.722860314871349e-02
  9.499999999999982e+00  -5.673592991219388e+05  6.565673935473093e+05  1.987085634310793e+04  -4.368177394058882e+04  1.838555959900817e+06  -3.365916185026226e+05  -3.753473226751713e-02  8.174192406468481e-05  -6.185958082829869e-02
  9.599999999999982e+00  -5.374650135068439e+05  6.379893027097259e+05  -1.538126425033621e+05  -8.588636076033510e+03  1.853445320587739e+06  -2.965684611815534e+05  -5.141476735320724e-02  -4.395042445845588e-03  -5.028230849060622e-02
  9.699999999999982e+00  -5.729939253590131e+05  6.225682490745388e+05  -2.676253425749486e+05  -8.497256581319991e+03  1.831459748898980e+06  -3.117265177655491e+05  -5.508465383319653e-02  -2.624009827612022e-03  -4.924055274348575e-02
  9.799999999999981e+00  -6.011661804485910e+05  6.053249921020832e+05  -3.109180516248416e+05  -5.053221530677405e+04  1.801796572232435e+06  -3.324788693020611e+05  -4.939976637313342e-02  2.230371845473060e-03  -5.357372808881499e-02
  9.899999999999981e+00  -6.006957432169243e+05  5.762692541999045e+05  -3.190440246870510e+05  -1.078390590517837e+05  1.782025052055399e+06  -3.219209491788690e+05  -3.947750622369549e-02  6.533249277701535e-03  -5.408063016119413e-02
  9.999999999999980e+00  -6.303746555909518e+05  5.172101759527043e+05  -2.954094935771119e+05  -1.351365034839826e+05  1.778654500706865e+06  -2.846232532022958e+05  -2.922173141753266e-02  5.488875031206031e-03  -5.304885404830258e-02
  1.009999999999998e+01  -6.987935726130294e+05  4.368062385455657e+05  -2.238565243942243e+05  -1.105503327565291e+05  1.781234570968282e+06  -2.624949100482633e+05  -2.137784380680730e-02  -4.656608309529962e-03  -5.019821733076955e-02
  1.019999999999998e+01  -7.449205098969563e+05  3.648175387617627e+05  -1.609407812164942e+05  -6.099775256070951e+04  1.778008628922050e+06  -2.762368681830830e+05  -1.691556050987513e-02  -1.820360237856658e-02  -4.307198673042079e-02
  1.029999999999998e+01  -7.515546287934916e+05  3.195323236415236e+05  -1.667140707091595e+05  -2.698622372147566e+04  1.768313093573833e+06  -3.143203109874591e+05  -1.279230073728456e-02  -2.678458156342111e-02  -3.493997858346415e-02
  1.039999999999998e+01  -7.448856480640217e+05  3.144002165159642e+05  -1.674307931675261e+05  -2.346855172843498e+04  1.747654953017048e+06  -3.664186593422241e+05  -6.487715127342315e-03  -2.767133634171165e-02  -2.463478899582422e-02
  1.049999999999998e+01  -7.378611282068562e+05  3.319283535676198e+05  -1.039436743846965e+05  -4.738628632463939e+04  1.716233933453959e+06  -4.174511739351858e+05  -1.180253641039135e-03  -2.065386523148462e-02  -8.572550334460721e-03
  1.059999999999998e+01  -7.248920751052306e+05  3.494769928557400e+05  -1.913363013456360e+04  -7.990697268491836e+04  1.690819906640542e+06  -4.438211984569255e+05  -8.452611343343024e-04  -1.214452153056877e-02  1.019235317453763e-02
  1.069999999999998e+01  -7.038869443535651e+05  3.844926903969261e+05  8.139922948621957e+04  -8.655745556743898e+04  1.678303196329792e+06  -4.524342301113440e+05  -4.127318775183585e-03  -1.202364115232633e-02  2.624203094931562e-02
  1.079999999999998e+01  -6.884000633295915e+05  4.445304145705511e+05  2.303089794334461e+05  -5.779628959450332e+04  1.660256805623985e+06  -4.885647441840684e+05  -8.184504131750458e-03  -1.684565005449602e-02  3.755213066008582e-02
  1.089999999999998e+01  -6.842513125635788e+05  4.919617088917142e+05  3.899550340302650e+05  -2.035842798217156e+04  1.629080413549226e+06  -5.743301881951290e+05  -1.517055973461183e-02  -1.481840874588443e-02  4.351660139479670e-02
  1.099999999999998e+01  -6.632605676270711e+05  5.038897303076051e+05  4.776344313596421e+05  6.187694086655550e+03  1.609734465947568e+06  -6.730733210646454e+05  -2.864574140143081e-02  -8.010776530355963e-03  4.356220039564662e-02
  1.109999999999998e+01  -6.023672452595379e+05  4.969223271510678e+05  4.754238576008116e+05  1.841798121318678e+04  1.620261846817653e+06  -7.410054532647314e+05  -4.395420160786125e-02  -6.736090917772703e-03  4.009378391970854e-02
  1.119999999999998e+01  -5.437102188075365e+05  4.745000689494800e+05  4.402337605818391e+05  3.942507636250572e+03  1.640347880711446e+06  -7.826524834432938e+05  -4.898311740574952e-02  -8.411475824903708e-03  3.752210647547193e-02
  1.129999999999998e+01  -5.569418876360852e+05  4.222482233892497e+05  4.297273934392920e+05  -4.348160719891003e+04  1.642207336059374e+06  -8.295046847236219e+05  -3.831569276716124e-02  -5.192773203234930e-03  3.858818347617692e-02
  1.139999999999998e+01  -6.385493591957075e+05  3.581762306927349e+05  4.468438261001221e+05  -9.798743427555950e+04  1.622636087494130e+06  -8.885086799559793e+05  -2.097282027076289e-02  -7.270993361968606e-04  4.225452026576367e-02
  1.149999999999998e+01  -7.091038406160665e+05  3.261529231434074e+05  4.593969102438617e+05  -1.256400522828918e+05  1.594621865491414e+06  -9.381635544106385e+05  -9.819079200259829e-03  -2.721936614686417e-03  4.435541333412912e-02
  1.159999999999997e+01  -7.174483390593508e+05  3.384641914691713e+05  4.561801100755886e+05  -1.176008170318139e+05  1.576112071977874e+06  -9.619732352799644e+05  -7.829499517503126e-03  -1.112870760702171e-02  4.207569855894994e-02
  1.169999999999997e+01  -6.878307151874887e+05  3.708984027060015e+05  4.467998843036201e+05  -8.798664306962791e+04  1.578746263272243e+06  -9.623206560525580e+05  -9.575835225430233e-03  -1.980033139741507e-02  3.621883682245697e-02
  1.179999999999997e+01  -6.637888533418794e+05  4.037663405168672e+05  4.327817464171381e+05  -5.580601574640311e+04  1.596319307631738e+06  -9.495348421932051e+05  -1.096674260718471e-02  -2.313921195928386e-02  3.037901076912352e-02
  1.189999999999997e+01  -6.582522643671383e+05  4.338688576815741e+05  4.234526442796864e+05  -3.468478751699927e+04  1.614744041147657e+06  -9.308365286064744e+05  -1.160577370298873e-02  -2.016526769209476e-02  2.723996129535359e-02
  1.199999999999997e+01  -6.617025963034788e+05  4.630448230477530e+05  4.436226482066074e+05  -3.011537044051947e+04  1.625944451212730e+06  -9.091927196716092e+05  -1.131087147463057e-02  -1.476449502406837e-02  2.536124623292468e-02
  1.209999999999997e+01  -6.724836073310190e+05  4.891014067981202e+05  4.815871219054246e+05  -3.664111650848834e+04  1.628409901817895e+06  -8.906807817269029e+05  -8.894164272649337e-03  -1.250607614340261e-02  2.269998069506180e-02
  1.219999999999997e+01  -6.995498926586533e+05  5.046854050339127e+05  4.890959991340692e+05  -4.071253033956952e+04  1.625519027819391e+06  -8.831165406323075e+05  -5.454841671724909e-03  -1.451880658263328e-02  1.955278095331349e-02
  1.229999999999997e+01  -7.392387081323366e+05  5.074016845297060e+05  4.506212350550004e+05  -3.768952630465092e+04  1.622705274834634e+06  -8.829840931051094e+05  -4.308209711476716e-03  -1.590859578307759e-02  1.693919597190973e-02
  1.239999999999997e+01  -7.734841522498430e+05  5.044757767454458e+05  3.993400607780009e+05  -3.650813113787489e+04  1.624521905749579e+06  -8.747185888023964e+05  -5.941718618804235e-03  -1.303895301634580e-02  1.439562759511442e-02
  1.249999999999997e+01  -7.939313613468581e+05  5.025832130385746e+05  3.674970658589149e+05  -4.026037988292816e+04  1.632762640743057e+06  -8.482870937688391e+05  -6.947546438565366e-03  -8.880242779548528e-03  9.593156734798611e-03
  1.259999999999997e+01  -8.089459539274807e+05  5.020753076728822e+05  3.541376070694951e+05  -4.126746719972297e+04  1.643970779719252e+06  -8.116774339764827e+05  -4.160704441917412e-03  -7.690994436010870e-03  1.801849824626704e-03
  1.269999999999997e+01  -8.175851784759993e+05  5.057463611188111e+05  3.450937488235592e+05  -3.795338703461899e+04  1.652393157898331e+06  -7.799989968941623e+05  1.713762025052797e-03  -8.642387738457441e-03  -6.357398078972575e-03
  1.279999999999997e+01  -8.017454637248459e+05  5.153100048216970e+05  3.348462102940003e+05  -3.671271665694630e+04  1.655410983133922e+06  -7.562034680236713e+05  6.437557767284742e-03  -9.046579497712754e-03  -1.191918678400052e-02
  1.289999999999997e+01  -7.614749702898228e+05  5.163251928430076e+05  3.216638409951484e+05  -3.813275485461799e+04  1.652835669782678e+06  -7.330888123645580e+05  6.743224671557579e-03  -9.481202893205622e-03  -1.398905326794938e-02
  1.299999999999997e+01  -7.304873393161267e+05  4.924889744098548e+05  3.070566802699628e+05  -3.736524384046358e+04  1.644352921876890e+06  -7.105102277177160e+05  3.789185151024165e-03  -1.111552058116630e-02  -1.375310796360215e-02
  1.309999999999997e+01  -7.391156232560227e+05  4.524702344357194e+05  2.927583722640765e+05  -3.542219951755364e+04  1.632676633311606e+06  -6.968413277321694e+05  6.935685923924316e-04  -1.193905975290889e-02  -1.280813266901191e-02
  1.319999999999997e+01  -7.791272212325411e+05  4.218920401833230e+05  2.753930728405887e+05  -3.813188976018723e+04  1.623904778650217e+06  -6.958551494272514e+05  -1.302672827457309e-03  -9.524501230906996e-03  -1.153965314518416e-02
  1.329999999999997e+01  -8.164914703412101e+05  4.131960383203146e+05  2.591389785011270e+05  -4.561539677964719e+04  1.619995674527723e+06  -7.041647800111106e+05  -2.489239483566823e-03  -4.851184720410092e-03  -9.463589681789956e-03
  1.339999999999997e+01  -8.277435741420820e+05  4.140853472461324e+05  2.538883894313995e+05  -5.230880728156238e+04  1.617952127980596e+06  -7.194104700065692e+05  -2.934513875869325e-03  -7.929284495082993e-04  -6.429298731844912e-03
  1.349999999999997e+01  -8.142262926284488e+05  4.066575333510365e+05  2.539006197316172e+05  -5.795561032478314e+04  1.616260212324095e+06  -7.419997444847183e+05  -2.952000310515204e-03  1.501628642555964e-03  -2.825906507800302e-03
  1.359999999999997e+01  -7.909966880651269e+05  3.913951782621553e+05  2.451502832031661e+05  -7.033511880066500e+04  1.615173603016258e+06  -7.698885935971906e+05  -3.523785258393071e-03  2.773499402583580e-03  8.573256149037093e-04
  1.369999999999997e+01  -7.738233802591283e+05  3.824098502510611e+05  2.303686216722299e+05  -9.438606739000849e+04  1.613773165618706e+06  -7.965286392559876e+05  -4.634899886728981e-03  3.603140727898931e-03  3.932111889944314e-03
  1.379999999999997e+01  -7.685647824006244e+05  3.866597827015967e+05  2.284538549241142e+05  -1.239167461154578e+05  1.611768888484559e+06  -8.129752704818287e+05  -4.773975653025063e-03  4.077364478022112e-03  5.923236538668600e-03
  1.389999999999997e+01  -7.680225234990352e+05  3.988608763517817e+05  2.508182169018466e+05  -1.461886565999103e+05  1.612349170219537e+06  -8.119582468093461e+05  -3.295447291312088e-03  4.633725223704949e-03  7.435753960458878e-03
  1.399999999999997e+01  -7.644274741542138e+05  4.115097129071815e+05  2.885862665623219e+05  -1.522410084598215e+05  1.621054330703228e+06  -7.932460244736889e+05  -1.379654990603217e-03  5.513676298455897e-03  9.513166211288679e-03
  1.409999999999997e+01  -7.611552921093382e+05  4.225829225691340e+05  3.261007859688742e+05  -1.439248420328641e+05  1.640543546648782e+06  -7.652107402769229e+05  1.584420855846952e-04  5.748529572450402e-03  1.194167046373707e-02
  1.419999999999997e+01  -7.663561553833800e+05  4.350192991419887e+05  3.582213199725416e+05  -1.341214195724968e+05  1.665604212459255e+06  -7.384209189139510e+05  2.379394020051046e-03  4.247106984958280e-03  1.283901716379772e-02
  1.429999999999997e+01  -7.804791189499368e+05  4.516597650530614e+05  3.881439143386287e+05  -1.375127246521834e+05  1.684596758508017e+06  -7.174093202338954e+05  6.678723141674758e-03  1.366226485337336e-03  1.072829717764151e-02
  1.439999999999996e+01  -7.943471223594727e+05  4.701458494884352e+05  4.134067226317933e+05  -1.563604420259029e+05  1.688973683722381e+06  -6.992244504850777e+05  1.215526487737003e-02  -1.747733364725484e-03  6.286129260509967e-03
  1.449999999999996e+01  -7.970165523707230e+05  4.826101520008242e+05  4.218276602968600e+05  -1.768064334172818e+05  1.681522584199573e+06  -6.785765526283104e+05  1.556514064904608e-02  -4.481761001852296e-03  1.077274957780362e-03
  1.459999999999996e+01  -7.849430721703558e+05  4.826219298150732e+05  4.038271506907993e+05  -1.821768005419947e+05  1.673631699602399e+06  -6.543443077842835e+05  1.449855174204907e-02  -6.373123197007459e-03  -3.957953503877898e-03
  1.469999999999996e+01  -7.649944569322738e+05  4.733939596700890e+05  3.649949193250137e+05  -1.683447929537229e+05  1.674946626576994e+06  -6.313040400700290e+05  1.017693139452521e-02  -6.517391791575644e-03  -7.894048051938484e-03
  1.479999999999996e+01  -7.474902108007552e+05  4.662993535376238e+05  3.219046874700811e+05  -1.444575471782216e+05  1.686012032553652e+06  -6.147272570190020e+05  6.591280310910002e-03  -4.415382797059521e-03  -9.407545175260034e-03
  1.489999999999996e+01  -7.353812481034313e+05  4.700349114950125e+05  2.871478837603577e+05  -1.218886198512216e+05  1.699497701503119e+06  -6.046701892851455e+05  6.572812537570596e-03  -7.739363235440146e-04  -8.289913820209743e-03
  1.499999999999996e+01  -7.220614506491638e+05  4.830408380262086e+05  2.628399307035165e+05  -1.056778182798793e+05  1.706934910382202e+06  -5.976273856804826e+05  8.776186357016500e-03  3.051397132639479e-03  -6.329215151007300e-03
  1.509999999999996e+01  -7.023694987178196e+05  4.954553779644776e+05  2.458213616117582e+05  -9.415870896793777e+04  1.704943431519736e+06  -5.925717212927073e+05  9.006700401075851e-03  5.920800780353321e-03  -6.026994350714854e-03
  1.519999999999996e+01  -6.822177829467482e+05  4.979037886050130e+05  2.352399925423696e+05  -8.347948979398263e+04  1.696532478647067e+06  -5.918533399905548e+05  4.729857345537931e-03  7.109631215575801e-03  -8.530817793828692e-03
  1.529999999999996e+01  -6.730033591595920e+05  4.894985512172189e+05  2.327968321349158e+05  -7.241304023819891e+04  1.686969492795055e+06  -5.969976215440603e+05  -2.317032107080171e-03  6.364601619923083e-03  -1.244506602495068e-02
  1.539999999999996e+01  -6.784441325455246e+05  4.769296673563818e+05  2.357715041130542e+05  -6.395250512557550e+04  1.678586794276412e+06  -6.073276056182558e+05  -8.229795463259335e-03  4.251210565113237e-03  -1.463110577478746e-02
  1.549999999999996e+01  -6.899841907164064e+05  4.665996003995368e+05  2.361789410308128e+05  -6.192135124868804e+04  1.669621786986491e+06  -6.219918724266972e+05  -1.081214582877451e-02  2.099174006396122e-03  -1.284061422804788e-02
  1.559999999999996e+01  -6.949224125826017e+05  4.601679028433681e+05  2.312882297577203e+05  -6.590807484075084e+04  1.658024385401037e+06  -6.403577751332320e+05  -1.067413647858844e-02  1.007294833204114e-03  -7.614671193335586e-03
  1.569999999999996e+01  -6.895272489133211e+05  4.559062954605605e+05  2.278104416640397e+05  -7.082126599731231e+04  1.645374393367923e+06  -6.609224633082936e+05  -9.357943877333458e-03  8.856529316437766e-04  -1.391192089468674e-03
  1.579999999999996e+01  -6.836175980407387e+05  4.520742055912077e+05  2.324123606429490e+05  -7.258279604397155e+04  1.635600613195755e+06  -6.817467046261077e+05  -7.618215590352358e-03  1.038733091993322e-03  3.786759883201279e-03
  1.589999999999996e+01  -6.901944761853929e+05  4.498584897473953e+05  2.460120654028306e+05  -7.281457845667566e+04  1.630600264793519e+06  -7.026486857572109e+05  -5.511135999600069e-03  1.480759890286200e-03  7.642676294803375e-03
  1.599999999999996e+01  -7.111149393257151e+05  4.529643305632935e+05  2.692369110951282e+05  -7.575264796690534e+04  1.629389940623876e+06  -7.253176794338382e+05  -3.240543333542158e-03  2.929677005083305e-03  1.115579285015935e-02
  1.609999999999996e+01  -7.352824404287715e+05  4.630539387017662e+05  3.044728716702406e+05  -8.196933738272412e+04  1.630480149875268e+06  -7.486551368031127e+05  -1.359084352247750e-03  5.601414908437199e-03  1.485021518211912e-02
  1.619999999999996e+01  -7.506558407570029e+05  4.754932839619146e+05  3.478763136972175e+05  -8.765646733362314e+04  1.633062846287948e+06  -7.650814090002197e+05  -2.783166176194774e-04  8.653942040857829e-03  1.780087391996136e-02
  1.629999999999996e+01  -7.555430247851412e+05  4.822975960632216e+05  3.863755825838396e+05  -8.980324359837039e+04  1.636682517038678e+06  -7.653515949140502e+05  3.192760367923080e-04  1.079649635149741e-02  1.844807961827540e-02
  1.639999999999996e+01  -7.577595454481308e+05  4.809146856475920e+05  4.081713504484116e+05  -8.963526412441753e+04  1.642014432327086e+06  -7.484808925851880e+05  1.394176528084799e-03  1.105406608782968e-02  1.587032485065027e-02
  1.649999999999996e+01  -7.651379816316339e+05  4.769818562155621e+05  4.131008055690330e+05  -9.059006630249035e+04  1.651258724668612e+06  -7.241815787428808e+05  3.746362376882524e-03  9.277022042458482e-03  1.020458710426119e-02
  1.659999999999997e+01  -7.776397842633136e+05  4.774042024666924e+05  4.103438042981749e+05  -9.441428567318124e+04  1.665731673475138e+06  -7.036397111464511e+05  7.248501065605452e-03  6.441137867527777e-03  2.634479484461651e-03
  1.669999999999997e+01  -7.876571102541349e+05  4.830146410608520e+05  4.084092935242294e+05  -9.935587371272495e+04  1.683276898583060e+06  -6.897552838159177e+05  1.066311227089075e-02  4.291358775759591e-03  -4.787281915601246e-03
  1.679999999999997e+01  -7.876129655596785e+05  4.885918166772830e+05  4.083031035088949e+05  -1.013622670325907e+05  1.698632967249535e+06  -6.783097136430786e+05  1.239273263627707e-02  4.192321949325214e-03  -9.801935224295583e-03
  1.689999999999997e+01  -7.775627448801084e+05  4.890179448417898e+05  4.036705963499191e+05  -9.707590669117241e+04  1.706493458163439e+06  -6.664649516231446e+05  1.182759753421680e-02  5.892084289583988e-03  -1.128629219922084e-02
  1.699999999999997e+01  -7.647855453630724e+05  4.844027721303865e+05  3.867874193728307e+05  -8.630084931359508e+04  1.704836398018774e+06  -6.563678834213252e+05  1.001675643868459e-02  7.497000760101230e-03  -1.019596372060252e-02
  1.709999999999997e+01  -7.568815986860333e+05  4.792145473171011e+05  3.550510934583674e+05  -7.208753508230306e+04  1.696242968107539e+06  -6.509677578492720e+05  8.768364126849310e-03  6.927365792397375e-03  -8.897004228346536e-03
  1.719999999999997e+01  -7.557263372551913e+05  4.780769076548736e+05  3.130443640743225e+05  -5.871392959936980e+04  1.686547548202654e+06  -6.495799964127382e+05  8.921960915592005e-03  3.621612574708808e-03  -9.333021727478222e-03
  1.729999999999998e+01  -7.576011165769193e+05  4.816258713678956e+05  2.693251213665279e+05  -4.929195018780584e+04  1.681653396264478e+06  -6.485217698304098e+05  9.536589558487489e-03  -9.659490548769862e-04  -1.180352326853861e-02
  1.739999999999998e+01  -7.578952743898187e+05  4.859345523726273e+05  2.310271907405443e+05  -4.450238519639717e+04  1.684144404310438e+06  -6.448262834359545e+05  8.850610384662075e-03  -4.550265174681279e-03  -1.520604815133483e-02
  1.749999999999998e+01  -7.552253575331101e+05  4.859483152255937e+05  2.015144545811945e+05  -4.281632131971857e+04  1.691360232248198e+06  -6.391587148606838e+05  5.986669135043450e-03  -5.768686472789519e-03  -1.795815418063324e-02
  1.759999999999998e+01  -7.512317997502983e+05  4.803548172308272e+05  1.823855499342476e+05  -4.173035258903761e+04  1.696677719200102e+06  -6.361236827628979e+05  1.675623913774327e-03  -5.044635450653198e-03  -1.872212451377451e-02
  1.769999999999998e+01  -7.478816448621753e+05  4.729249000381082e+05  1.755559341987951e+05  -3.949983028676235e+04  1.693479512215982e+06  -6.416801931611684e+05  -2.373638240865978e-03  -3.963968508013354e-03  -1.667212395561705e-02
  1.779999999999998e+01  -7.465525189704075e+05  4.689963933534625e+05  1.818294240796219e+05  -3.661975473156132e+04  1.679191638982694e+06  -6.588707393499888e+05  -4.651171684194193e-03  -3.902648311179064e-03  -1.167046162586916e-02
  1.789999999999998e+01  -7.489843693226316e+05  4.708366247883230e+05  1.981191763006807e+05  -3.584285661000461e+04  1.656650587733558e+06  -6.847516742858884e+05  -4.787782343114739e-03  -5.157473144842128e-03  -4.490791039888778e-03
  1.799999999999999e+01  -7.561416801810714e+05  4.759105008858701e+05  2.183565618449182e+05  -4.007182478210131e+04  1.632309300050895e+06  -7.113617776659937e+05  -3.863932664016725e-03  -7.044776885434504e-03  3.296058210997533e-03
  1.809999999999999e+01  -7.650726396283020e+05  4.788776883617455e+05  2.380357647610184e+05  -4.961139353449092e+04  1.613005461819473e+06  -7.303230707938918e+05  -3.842188558794229e-03  -8.614453973832958e-03  9.753403021015244e-03
  1.819999999999999e+01  -7.690205656900919e+05  4.750392154164235e+05  2.576647463732550e+05  -6.160356989186059e+04  1.602997799365627e+06  -7.376028256213820e+05  -6.104745012594370e-03  -9.236716420951037e-03  1.340717153219335e-02
  1.829999999999999e+01  -7.633443697201244e+05  4.629593753122549e+05  2.807785989312133e+05  -7.223684833864433e+04  1.602701440887670e+06  -7.353482817705112e+05  -1.025494757933829e-02  -8.742660786839518e-03  1.397814119177838e-02
  1.839999999999999e+01  -7.509648913373252e+05  4.458041556143421e+05  3.088473838950422e+05  -7.977590164671920e+04  1.609307066930152e+06  -7.297985975006591e+05  -1.427804738911129e-02  -7.281905183911026e-03  1.247274185583901e-02
  1.849999999999999e+01  -7.404329702081791e+05  4.306298673033330e+05  3.383330716299568e+05  -8.562340719737073e+04  1.618123955851871e+06  -7.271346465577845e+05  -1.589689988717216e-02  -5.126445653254391e-03  1.053687854837963e-02
  1.859999999999999e+01  -7.384114404936741e+05  4.248705878312854e+05  3.625584272028914e+05  -9.254610697378888e+04  1.624451975420536e+06  -7.301952356003213e+05  -1.407334633068993e-02  -2.601076473278116e-03  9.342188525062042e-03
  1.870000000000000e+01  -7.445068598594822e+05  4.315145737023603e+05  3.766859964150659e+05  -1.020359926833686e+05  1.626091753071459e+06  -7.377243677221786e+05  -9.592289944074408e-03  -1.815251726188358e-04  8.914515334239976e-03
  1.880000000000000e+01  -7.525831399548779e+05  4.466498850119080e+05  3.812832138689930e+05  -1.132724592029761e+05  1.625208539880948e+06  -7.458029489058561e+05  -4.538349655949461e-03  1.532774127841204e-03  8.430674303130671e-03
  1.890000000000000e+01  -7.561723243105274e+05  4.614293145749473e+05  3.806794188028303e+05  -1.240780689152392e+05  1.627191666697378e+06  -7.501048202728567e+05  -1.116207315831099e-03  2.147609041953976e-03  6.987320202292072e-03
  1.900000000000000e+01  -7.528018644853105e+05  4.673675486552605e+05  3.782675514718715e+05  -1.322708287237352e+05  1.636445110302763e+06  -7.479069690043762e+05  -4.038164759898892e-04  1.825509284962059e-03  4.184273807790254e-03
  1.910000000000000e+01  -7.446640268383577e+05  4.616957561373393e+05  3.741945691894404e+05  -1.362191107145163e+05  1.652488287416708e+06  -7.394111821734741e+05  -1.834346355300352e-03  1.198993614888418e-03  2.549248886687137e-04
  1.920000000000000e+01  -7.363292535943354e+05  4.493256785731899e+05  3.673848866677390e+05  -1.350593418452318e+05  1.670125983714822e+06  -7.277094095250902e+05  -3.815940979078878e-03  8.667857241711503e-04  -4.096646112884040e-03
  1.930000000000000e+01  -7.320276764872307e+05  4.397236918256984e+05  3.582494860905872e+05  -1.291157389058803e+05  1.683304571112915e+06  -7.168848135646723e+05  -4.929698938816562e-03  9.433399746618995e-04  -7.916571958927395e-03
  1.940000000000001e+01  -7.338072087335309e+05  4.406014728233374e+05  3.488526612337512e+05  -1.199923027157943e+05  1.688966320516242e+06  -7.092280795843626e+05  -4.719067260267811e-03  1.054118144176878e-03  -1.030086832610810e-02
  1.950000000000001e+01  -7.406324202520442e+05  4.526747840693237e+05  3.406867472449293e+05  -1.097979318676800e+05  1.687922976995578e+06  -7.039096848639240e+05  -3.556490505237208e-03  7.027268567698154e-04  -1.079031634120851e-02
  1.960000000000001e+01  -7.485857964974599e+05  4.694465316352480e+05  3.329385929379307e+05  -9.999060011061016e+04  1.683125843578587e+06  -6.984301346667106e+05  -1.993389182959031e-03  -2.813669532019639e-04  -9.673615671484307e-03
  1.970000000000001e+01  -7.529621628186920e+05  4.818420994711723e+05  3.230150905947678e+05  -9.100512597483292e+04  1.677688720517634e+06  -6.913708221121231e+05  -3.799646424355943e-04  -1.519780801310227e-03  -8.017755458724117e-03
  1.980000000000001e+01  -7.512726336802421e+05  4.841471874085325e+05  3.088739653390797e+05  -8.293845439844421e+04  1.674061643646528e+06  -6.836502220510506e+05  1.065662701117440e-03  -2.332695041032759e-03  -7.190023722056082e-03
  1.990000000000001e+01  -7.450481173741820e+05  4.769609021740775e+05  2.908571701326773e+05  -7.632074454851109e+04  1.673751570012836e+06  -6.775148008144328e+05  2.098576012771118e-03  -2.253623071803559e-03  -8.030244519076225e-03
