TITLE = "Temporal Signal for receiver number 03676"
VARIABLES = "Time","xx","yy","zz","xy","yz","xz","u","v","w"
# x1       3.582179260000e+05
# x2       4.737059540000e+06
# x3       -8.500000000000e+03
  0.000000000000000e+00  0.000000000000000e+00  0.000000000000000e+00  0.000000000000000e+00  0.000000000000000e+00  0.000000000000000e+00  0.000000000000000e+00  0.000000000000000e+00  0.000000000000000e+00  0.000000000000000e+00
  1.000000000000000e-01  0.000000000000000e+00  0.000000000000000e+00  0.000000000000000e+00  0.000000000000000e+00  0.000000000000000e+00  0.000000000000000e+00  0.000000000000000e+00  0.000000000000000e+00  0.000000000000000e+00
  2.000000000000000e-01  0.000000000000000e+00  0.000000000000000e+00  0.000000000000000e+00  0.000000000000000e+00  0.000000000000000e+00  0.000000000000000e+00  0.000000000000000e+00  0.000000000000000e+00  0.000000000000000e+00
  3.000000000000000e-01  -4.595714212110543e-15  -1.931671697738285e-15  -1.391823356450793e-14  4.058147884980555e-15  -1.724136192691949e-15  -6.447864472765294e-15  -7.250727920349593e-22  2.152173403967826e-22  -1.364436358541558e-21
  4.000000000000000e-01  4.617088193058863e-09  5.093665975765409e-09  2.416500172580765e-09  -2.725086886340257e-09  -1.591673053103129e-09  2.062337548996574e-09  5.522397544850625e-16  -4.386074341735618e-16  1.535259672770442e-16
  5.000000000000000e-01  7.602259482711763e-08  6.259746852247306e-07  1.219285664848592e-06  5.876693856565572e-08  -1.815531756420430e-07  9.618088694675881e-08  -2.212949067083669e-14  -2.597166507266169e-14  7.942693231963572e-14
  6.000000000000000e-01  9.038264875386150e-06  9.459407094980559e-06  -5.456840021470619e-06  -6.799775674947294e-06  -2.433519014007419e-06  3.029822262945479e-06  1.332044798070907e-12  -5.887759303595217e-13  -4.905574631388400e-13
  7.000000000000000e-01  -8.534296879919085e-04  -9.267304445827983e-04  -9.272783741590384e-04  3.615605651820532e-04  3.025456599531289e-04  -2.816771232457288e-04  -7.166587732128277e-11  5.140055875709773e-11  -4.579374383232971e-11
  7.999999999999999e-01  -4.201731557270794e-03  -7.157035410399506e-04  5.314531156641860e-04  9.201814306173422e-04  4.575823300483066e-05  1.560694709861024e-04  -3.562627351456209e-10  1.212504326880209e-10  1.072562305168937e-10
  8.999999999999999e-01  -6.226814823850217e-02  -3.504256097593212e-02  -3.400955936978476e-02  1.349546989308278e-02  4.745053442389688e-03  -1.649709961484105e-02  -4.713015565304658e-09  2.811607728793844e-09  -2.530176175721285e-09
  9.999999999999999e-01  -5.721599797726961e-01  -3.412187507446637e-01  -3.572802427928217e-01  1.140806768116149e-01  7.020542691300845e-02  -1.910295666561601e-01  -4.403658675020008e-08  1.987747782201200e-08  -2.535712162459916e-08
  1.100000000000000e+00  -1.549176866696296e+00  -1.006724961569724e+00  -1.132414061323395e+00  2.362707458012587e-01  2.770154081336388e-01  -5.436699729962648e-01  -1.292103388080371e-07  3.887296569075925e-08  -6.412564853835538e-08
  1.200000000000000e+00  6.673535333070011e+00  4.309630016845262e+00  5.407877587901730e+00  -1.582547266611534e+00  -1.426134809038716e+00  2.715448955929282e+00  4.883764281747402e-07  -2.346600480676781e-07  4.069372079489692e-07
  1.300000000000000e+00  -3.536986043700605e+00  -3.653591617613589e+00  -3.732616506429227e+00  1.935305942789833e+00  1.673464794074104e+00  -1.419404531761611e+00  -2.158304357839240e-07  2.946661411588317e-07  -2.740932363663659e-07
  1.400000000000000e+00  1.737175557837857e+02  1.448041269070154e+02  1.730424207542129e+02  -6.192608638347968e+01  -5.985599337298856e+01  7.669147034539684e+01  1.265795913132433e-05  -9.971733680707574e-06  1.249679930172272e-05
  1.500000000000000e+00  6.533988760145136e+02  3.627026964795256e+02  3.800185542047895e+02  -2.504587869954728e+02  -1.140938362754331e+02  2.844309771405921e+02  5.187624493219535e-05  -2.532425463854689e-05  2.769521948035346e-05
  1.600000000000000e+00  1.063033072800298e+03  2.542956859244302e+02  9.399721126461122e+01  -4.631192035528041e+02  1.293148106016493e+01  4.385394475254778e+02  8.972303354705384e-05  -2.139952530046408e-05  8.450985086224510e-06
  1.700000000000000e+00  1.318330957891291e+03  -1.090749673219007e+02  -5.081180407842737e+02  -6.624958971992214e+02  2.811197157549593e+02  4.889412458253429e+02  1.120878203524415e-04  -2.593906509778035e-06  -3.187369525516123e-05
  1.800000000000000e+00  2.088395865902992e+03  -1.415522876071789e+02  -7.009611153278790e+02  -1.037995572424892e+03  4.545219930858277e+02  7.135302413593411e+02  1.642158961535823e-04  -5.572423385997512e-06  -4.002035612006989e-05
  1.900000000000001e+00  3.234458863092338e+03  -1.848538492544182e+02  -1.000598838815096e+03  -1.645252156055708e+03  7.112570348076591e+02  1.050435778114026e+03  2.450877309048601e-04  -1.328876629264725e-05  -5.563415595496306e-05
  2.000000000000000e+00  4.732592788293477e+03  -6.927780653002384e+01  -1.185017467031795e+03  -2.497044533949227e+03  9.290059240620976e+02  1.588845481093270e+03  3.441162212178312e-04  -3.920269789660491e-05  -4.920987511755251e-05
  2.100000000000001e+00  8.918475169893451e+03  9.765932149938253e+02  -9.495772686685174e+02  -4.425552821914828e+03  1.109236738480741e+03  3.063330797035575e+03  6.600164891126655e-04  -1.300146167172468e-04  -1.865074905648187e-05
  2.200000000000001e+00  1.534986192006769e+04  2.841390658242276e+03  2.736675885895879e+02  -7.690384625726135e+03  7.542792921701217e+02  5.785727453622233e+03  1.135623796084432e-03  -3.160161296156811e-04  1.251571792254003e-04
  2.300000000000001e+00  3.565270104682804e+04  1.417813033155110e+04  1.128269109805643e+04  -1.745995690503013e+04  -2.795073041636897e+03  1.536764786524697e+04  2.656159988938725e-03  -1.224445724745044e-03  1.096801095984114e-03
  2.400000000000001e+00  1.219165245854054e+05  7.135067911199002e+04  4.246908712490740e+04  -5.850966511438286e+04  -8.908015773822823e+03  4.076279996986537e+04  9.379537631112406e-03  -5.568730723289922e-03  2.390985999660103e-03
  2.500000000000001e+00  2.979762894919760e+05  1.375977423172884e+05  1.149937743610721e+05  -1.539163069198426e+05  -4.535541563961744e+04  1.359243347792294e+05  2.346677767814082e-02  -1.118895056876118e-02  1.093359989989276e-02
  2.600000000000001e+00  9.503687696752599e+05  9.260593053436140e+05  2.253523552475669e+05  -7.561794119065847e+05  -1.264113655695178e+05  3.540106086188159e+05  9.198836467163105e-02  -7.186994312390914e-02  1.246073018753113e-02
  2.700000000000001e+00  1.817870953316698e+06  3.742178009425752e+06  5.634246851129432e+05  -1.495479843974190e+06  -3.077156967834447e+05  7.230330533961132e+05  1.346929742205284e-01  -2.651447861114477e-01  1.365438325833099e-02
  2.800000000000001e+00  1.031111717565738e+06  6.340053344231320e+06  1.219176887836942e+06  -1.992147430888994e+06  -2.028308988174633e+06  1.040494135884824e+06  1.707749789470809e-01  -4.275803450596925e-01  1.701920373188383e-01
  2.900000000000001e+00  -1.494658006563732e+04  1.694744360589597e+06  9.426566345290901e+06  -4.007079148255032e+06  -6.838164535267319e+06  3.004483769068721e+06  4.858190850452723e-01  5.981473794445817e-03  1.187975939231507e+00
  3.000000000000001e+00  1.665844950219915e+06  1.659053693208779e+06  7.636028475012350e+06  -5.274716985338214e+05  -5.918147275711223e+06  3.843632271315521e+06  -4.531357938494712e-02  1.641103068487087e-02  7.922004398432797e-01
  3.100000000000001e+00  3.646783322133901e+06  2.670625076815994e+06  3.349160512277865e+06  1.328128574426314e+06  -4.151958910721392e+06  4.284174231595382e+06  -3.357431509984643e-01  -3.435214702348034e-02  1.833447830457742e-01
  3.200000000000002e+00  4.373398003587560e+06  2.992689546745365e+06  1.845850675712597e+06  8.177422604557909e+05  -3.559899757396311e+06  3.986932496066370e+06  -2.188064254908363e-01  -1.652166483958767e-02  -1.364396992452750e-02
  3.300000000000002e+00  4.528960505317666e+06  3.249124737007251e+06  1.402041724803244e+06  3.219827722735140e+05  -3.498364743834954e+06  3.741030584973302e+06  -9.170479997556695e-02  -3.536169531391098e-02  -4.950188474146511e-02
  3.400000000000002e+00  4.408135637149313e+06  3.337480477475246e+06  1.317725552091353e+06  1.072851998438307e+05  -3.488234097483633e+06  3.731534700848334e+06  -4.506791840278398e-02  -2.625595057423745e-02  -4.296969591367278e-02
  3.500000000000002e+00  4.255933494613306e+06  3.194971256684932e+06  1.628651030213428e+06  -5.140043541958914e+04  -3.476811727553549e+06  3.762713010758297e+06  -2.333870928105958e-02  -8.915628714572891e-03  -3.451558276671308e-02
  3.600000000000002e+00  4.302683940318163e+06  3.166588622022932e+06  1.592376542434235e+06  9.649157800261986e+03  -3.415062975937764e+06  3.751015642786777e+06  -1.567315116778950e-02  -4.785908549413567e-03  -3.220585469111752e-02
  3.700000000000002e+00  4.267586380011667e+06  3.132451580515573e+06  1.685744893578521e+06  -1.258196882804738e+04  -3.424427939649469e+06  3.743767954897938e+06  -8.855861345564773e-03  3.838650913486775e-05  -2.899330745212172e-02
  3.800000000000002e+00  4.221042692396600e+06  3.136259404687025e+06  1.802848442533512e+06  -1.448685305426219e+05  -3.409561366332308e+06  3.786889280802039e+06  -2.806312760822774e-03  -4.371332704652422e-03  -2.772025287756519e-02
  3.900000000000002e+00  4.298608556145049e+06  3.195065582844134e+06  1.730138329163966e+06  -1.102530643735421e+05  -3.304833459179338e+06  3.831987770358274e+06  6.579552911786156e-03  -1.748235858022442e-03  -1.669197930938502e-02
  4.000000000000002e+00  4.296481231024286e+06  3.113014181885791e+06  1.832769200224891e+06  -9.564447652941851e+04  -3.463359930868527e+06  3.838710422361443e+06  6.589356677403829e-03  5.733851091044166e-04  -1.447151663244973e-02
  4.100000000000001e+00  4.199486097270201e+06  3.147228008448409e+06  1.946031536516814e+06  -1.374560640757733e+05  -3.481868705473482e+06  3.832916314582063e+06  4.083551975270908e-03  -2.964337162024815e-03  -1.808288360220355e-03
  4.200000000000001e+00  4.154982300021343e+06  3.145809003550534e+06  2.018464525982360e+06  -1.547196361884703e+05  -3.399424626255220e+06  3.778823592271987e+06  -1.221251127579426e-02  -1.628167272698859e-02  -4.143410546317168e-03
  4.300000000000001e+00  4.089641974464542e+06  3.079118615155216e+06  2.125174334069574e+06  -1.705020254538389e+05  -3.461102762199356e+06  3.767618781637737e+06  -1.089937211515688e-02  -1.570847021900572e-02  -1.181304974463883e-03
  4.400000000000000e+00  4.062302164723848e+06  3.106893446310913e+06  2.114737857124860e+06  -1.642638612045462e+05  -3.510904331057497e+06  3.713512512334042e+06  -7.628994800309027e-03  -6.438950225284494e-03  1.323705374682459e-03
  4.500000000000000e+00  4.060432215613230e+06  3.086940220134350e+06  2.053049395394955e+06  -1.156462770289008e+05  -3.469177168263112e+06  3.653996899073124e+06  -2.031446411507901e-02  -4.111437564038724e-03  -2.037677988101642e-04
  4.600000000000000e+00  4.052067679705413e+06  3.067723312581893e+06  2.011832387160048e+06  -1.146648118360531e+05  -3.394177375531631e+06  3.662662274980945e+06  -1.732715222742832e-02  1.849392693606912e-03  3.117111712782351e-03
  4.699999999999999e+00  4.030617572054924e+06  3.027510806709143e+06  1.929243240690944e+06  -1.304803336360807e+05  -3.399704578295404e+06  3.607966896761435e+06  -1.688223964979077e-02  8.000460844709458e-04  -1.513294852405216e-02
  4.799999999999999e+00  4.004866692310905e+06  2.961790626115058e+06  1.902324790171802e+06  -1.234482229206185e+05  -3.455132570910290e+06  3.548997854929577e+06  -2.235731412022429e-02  -9.184739944834211e-04  -3.076999406924099e-02
  4.899999999999999e+00  4.040960134720288e+06  3.024184041613215e+06  1.856181915638268e+06  -1.141168936401298e+05  -3.405736994901152e+06  3.535640112433700e+06  -1.642615863359434e-02  8.295851040635245e-03  -2.029670916075041e-02
  4.999999999999998e+00  4.112300376136727e+06  3.092445452651146e+06  1.727501087304424e+06  -6.447751994159404e+04  -3.327728943021060e+06  3.538485254921339e+06  -1.448594678157630e-02  1.108771043443576e-02  -1.492962331076978e-02
  5.099999999999998e+00  4.135188477777416e+06  3.048217078120779e+06  1.672606374348300e+06  -1.589282227052253e+04  -3.359419962293553e+06  3.543574901199243e+06  -1.715560586174962e-02  7.041209031515648e-03  -2.790236513283081e-02
  5.199999999999998e+00  4.133449926836181e+06  3.008438154687925e+06  1.626131160808117e+06  -1.153040915058485e+04  -3.377771889213857e+06  3.547858228402193e+06  -1.561968403271866e-02  7.774113167218455e-03  -4.159840083270779e-02
  5.299999999999997e+00  4.153738368710488e+06  3.040107794305999e+06  1.581313151267141e+06  3.167265315399065e+04  -3.361265232826736e+06  3.565691973397326e+06  -1.410039373996109e-02  1.128130511732513e-02  -4.071654928975744e-02
  5.399999999999997e+00  4.200728072624531e+06  3.073396002676732e+06  1.538860177680927e+06  8.646281932760096e+04  -3.330678275820880e+06  3.557831811494570e+06  -1.284446544631511e-02  1.804126180766499e-02  -3.555361923989982e-02
  5.499999999999996e+00  4.301370748998218e+06  3.115447770880956e+06  1.556612030307983e+06  1.038306576045630e+05  -3.300027195624503e+06  3.468520331596070e+06  -2.150025496390032e-02  1.740354617958616e-02  -3.068389006581252e-02
  5.599999999999996e+00  4.288493133823984e+06  3.108384705953643e+06  1.618867096458903e+06  1.770700767892509e+05  -3.373750194635875e+06  3.379563108999891e+06  -4.365096969975704e-02  8.477541337329877e-03  -2.096200239759348e-02
  5.699999999999996e+00  4.332147577162633e+06  3.051622308211675e+06  1.652025876161380e+06  2.465386899896578e+05  -3.407042950815786e+06  3.294935191346766e+06  -5.548843410069047e-02  4.678015160286293e-03  -1.902668972241741e-02
  5.799999999999995e+00  4.547998327892841e+06  3.042328861421431e+06  1.579135633510671e+06  1.906681563242546e+05  -3.319713100406674e+06  3.161006788312418e+06  -4.771757807772271e-02  3.868216208399506e-03  -3.664556847202678e-02
  5.899999999999995e+00  4.681114695677875e+06  3.060176095718344e+06  1.489287581640121e+06  1.212444629466909e+05  -3.273716430727790e+06  3.008210445401873e+06  -4.155521981481734e-02  4.128541165202450e-03  -4.782014312179501e-02
  5.999999999999995e+00  4.751167939446988e+06  3.089469889906663e+06  1.409253063882320e+06  1.536379595243132e+05  -3.278295350881844e+06  2.858682215813327e+06  -5.093175444556559e-02  1.333871197253633e-03  -4.261250927616138e-02
  6.099999999999994e+00  4.811383757865568e+06  3.106184261240595e+06  1.412045421033347e+06  1.997595971231305e+05  -3.312875733398605e+06  2.833959785090703e+06  -5.287429920183117e-02  -4.838679680985935e-03  -3.658556089517845e-02
  6.199999999999994e+00  4.725327223419213e+06  3.089636211071015e+06  1.562966284855090e+06  1.965159855564879e+05  -3.383833745380790e+06  3.017391026316473e+06  -2.443755413583142e-02  -6.494628425899583e-03  -3.550900779454099e-02
  6.299999999999994e+00  4.539063823787931e+06  3.081881305651218e+06  1.716196388755416e+06  1.674247872490997e+05  -3.363305632154498e+06  3.279112572448977e+06  2.142177480759950e-02  4.624796628256244e-03  -2.767455540144083e-02
  6.399999999999993e+00  4.367926663935803e+06  3.101332435403452e+06  1.733514041653082e+06  1.057103144809665e+05  -3.209024716571649e+06  3.482472910809136e+06  6.248665249526601e-02  2.097010003299073e-02  -1.294615324017323e-02
  6.499999999999993e+00  4.203563100247581e+06  3.124344177386126e+06  1.778515622228687e+06  1.801096045663398e+04  -3.113574802911555e+06  3.630527650359606e+06  9.482161237753983e-02  3.279488036297427e-02  3.079005340388132e-03
  6.599999999999993e+00  3.970766313728577e+06  3.073987707092174e+06  1.892228882009856e+06  -1.082557522664761e+05  -3.098414587478755e+06  3.760699905145790e+06  1.293353001474734e-01  4.905567707610983e-02  1.657383029548391e-02
  6.699999999999992e+00  3.732583646798532e+06  3.032879627515064e+06  2.020173972928216e+06  -2.533961865778645e+05  -3.035394128775927e+06  3.868854977567830e+06  1.611772892950716e-01  6.428287408837539e-02  3.024974647241074e-02
  6.799999999999992e+00  3.767808337903941e+06  3.068120231468531e+06  2.245032008144412e+06  -3.328616840200301e+05  -2.909999970944690e+06  3.926975200674663e+06  1.699611465663267e-01  7.026799955083775e-02  4.709177203669666e-02
  6.899999999999991e+00  4.094361596354632e+06  3.130151473478314e+06  2.740835444430330e+06  -4.022180585473181e+05  -2.883393853170256e+06  3.918038672746188e+06  1.491111054757121e-01  6.901891401202898e-02  7.473530294222816e-02
  6.999999999999991e+00  3.977352201600606e+06  3.041708737227022e+06  2.961251610574455e+06  -5.494933016076691e+05  -2.952974989833608e+06  3.890469901788504e+06  1.545858277790731e-01  6.629973973789309e-02  9.011906437678929e-02
  7.099999999999991e+00  4.053575985270414e+06  3.224933383354261e+06  2.897060203402308e+06  -4.923422358950367e+05  -3.121064594578196e+06  3.735173516933224e+06  1.301536528399804e-01  3.638050232398317e-02  9.190991713481840e-02
  7.199999999999990e+00  4.064151011409566e+06  3.309802915175464e+06  2.691958850370250e+06  -3.957606266080674e+05  -3.254608413264819e+06  3.549588536200358e+06  1.065254873827751e-01  1.204276999875119e-02  1.027564208974488e-01
  7.299999999999990e+00  4.028850667487154e+06  3.211434803433176e+06  2.607209459851398e+06  -3.457814111335652e+05  -3.360126225985930e+06  3.458555361165029e+06  9.945294299402731e-02  6.472223467634989e-03  1.225535786350462e-01
  7.399999999999990e+00  4.134358285152129e+06  3.162379627717756e+06  2.473099051932777e+06  -2.635958645900649e+05  -3.538405730524823e+06  3.280027062860413e+06  8.430616714849806e-02  -1.641229356706237e-03  1.535372309644212e-01
  7.499999999999989e+00  4.354152345612384e+06  3.143912530589149e+06  2.177779727312032e+06  -1.403664477944547e+05  -3.596743487338344e+06  3.189850435189090e+06  5.740160965833642e-02  -1.424857483173474e-02  1.558356091978362e-01
  7.599999999999989e+00  4.561072274380020e+06  3.110137058664011e+06  1.949204389784819e+06  2.606610832183636e+04  -3.495625147770118e+06  3.499341638749608e+06  3.112794135224383e-02  -2.864698771464636e-02  1.014359707871729e-01
  7.699999999999989e+00  4.652410526053793e+06  3.135006318716789e+06  1.882173173258221e+06  1.736457409806513e+05  -3.397507141501440e+06  3.954084472237947e+06  2.117689715367660e-02  -4.169905486815643e-02  4.531231622428290e-02
  7.799999999999988e+00  4.706111876785854e+06  3.150275161574167e+06  1.857027537048853e+06  2.217116875214845e+05  -3.223693969939532e+06  4.252613678555514e+06  1.599253803008350e-02  -3.864227598041237e-02  8.343785447491850e-03
  7.899999999999988e+00  4.769448409455364e+06  3.051766877079506e+06  1.900854177502960e+06  1.501305192249513e+05  -3.026892825904127e+06  4.414682116396167e+06  9.510488420539894e-03  -2.116647402964453e-02  -2.024318249947610e-02
  7.999999999999988e+00  4.694581436688760e+06  3.021845947506799e+06  2.029094568603884e+06  3.531317570635703e+04  -3.013643602935867e+06  4.469179640168228e+06  1.832757186840502e-02  -1.264202169573329e-02  -2.018062630417308e-02
  8.099999999999987e+00  4.535905047781906e+06  3.130342600069989e+06  2.116768812382415e+06  -3.328843518051831e+04  -3.133346389813193e+06  4.427227767013491e+06  3.263309497101465e-02  -1.641276899662399e-02  1.332932902709661e-03
  8.199999999999987e+00  4.451863701119682e+06  3.216347387515440e+06  2.160125237223615e+06  -3.813426993008535e+04  -3.214768789602165e+06  4.365725256377209e+06  3.233481295729377e-02  -2.007915237158362e-02  1.562165464363865e-02
  8.299999999999986e+00  4.412873874059752e+06  3.227738836168540e+06  2.211263361088289e+06  -1.115212263313456e+04  -3.218645775272756e+06  4.329499739318372e+06  2.426047570191031e-02  -1.918128353124917e-02  1.814850668261122e-02
  8.399999999999986e+00  4.357369810792251e+06  3.228902130350929e+06  2.246813375209863e+06  -4.518494291586252e+03  -3.198225828618396e+06  4.311518468203667e+06  2.230914537623101e-02  -1.255916301724558e-02  1.452079252427695e-02
  8.499999999999986e+00  4.339246164869909e+06  3.214916218310263e+06  2.245916558621293e+06  -4.190814345073170e+03  -3.180224675575892e+06  4.297998516308528e+06  1.723089311650565e-02  -3.657224020324497e-03  7.545970585423432e-03
  8.599999999999985e+00  4.318058708858227e+06  3.183720283435435e+06  2.206187424474029e+06  4.072550837701118e+04  -3.143584115949712e+06  4.251649621724798e+06  5.213853148246451e-03  1.269408002919755e-03  4.231464720800029e-03
  8.699999999999985e+00  4.260273438124933e+06  3.137081369866847e+06  2.168636799784794e+06  7.614085826512222e+04  -3.101892476620817e+06  4.165396446470920e+06  -2.416986723492615e-03  4.600792052104883e-03  6.604796071604402e-03
  8.799999999999985e+00  4.193707739317785e+06  3.066826591061777e+06  2.197238667116809e+06  6.935562330215870e+04  -3.085633051700116e+06  4.066938163746985e+06  -1.276573025735637e-03  1.070413151060999e-02  9.799834968503913e-03
  8.899999999999984e+00  4.159707389623072e+06  3.024500042685874e+06  2.223447393480862e+06  6.743975074187224e+04  -3.089458272889077e+06  4.005630549565463e+06  8.548852283109368e-04  1.776602471509655e-02  6.884423993908519e-03
  8.999999999999984e+00  4.191567326905140e+06  3.051922776298748e+06  2.132154001210731e+06  1.089811291600032e+05  -3.091923306461938e+06  3.994853722377738e+06  -5.531060968000843e-03  1.966018664954135e-02  -3.707192122019599e-03
  9.099999999999984e+00  4.224737788451280e+06  3.122405965338052e+06  2.041201797466561e+06  1.998913129898740e+05  -3.073046695238616e+06  3.967670555511073e+06  -1.653881675567606e-02  1.909243999901141e-02  -6.437954255915550e-03
  9.199999999999983e+00  4.238003673767512e+06  3.167589810936411e+06  1.999934053580959e+06  2.513803601191059e+05  -3.077182633817767e+06  3.923504797663837e+06  -2.159057477751214e-02  1.764452390460568e-02  -5.522343111916026e-03
  9.299999999999983e+00  4.326339697768301e+06  3.161836907162998e+06  1.926408068643046e+06  2.027037572071420e+05  -3.141890547123619e+06  3.930697716029889e+06  -2.224579603263605e-02  1.212838922576893e-02  -1.753408374903240e-02
  9.399999999999983e+00  4.490865050683834e+06  3.086087501889431e+06  1.815139749688761e+06  1.328193254921042e+05  -3.225792437741013e+06  4.026544754238106e+06  -2.418444965123850e-02  8.038450909123727e-03  -3.834923819145219e-02
  9.499999999999982e+00  4.612845301897926e+06  2.983378592170618e+06  1.752085433698944e+06  1.072318727024943e+05  -3.280006975504850e+06  4.156051644514701e+06  -2.577074619213273e-02  8.939024424880796e-03  -5.066676306999134e-02
  9.599999999999982e+00  4.561429047617082e+06  2.955859585949716e+06  1.780854206986092e+06  1.068316400896074e+05  -3.291292331278812e+06  4.246258027116378e+06  -1.814895749547277e-02  1.017276494602479e-02  -4.839460842590128e-02
  9.699999999999982e+00  4.401564959367157e+06  3.017880931093442e+06  1.873452293080137e+06  1.070594657480395e+05  -3.289472984342148e+06  4.273476324156490e+06  -6.260429775432368e-03  7.887422045155593e-03  -3.956869332545918e-02
  9.799999999999981e+00  4.271132824784867e+06  3.074151532067957e+06  1.914122463973557e+06  1.025107723979268e+05  -3.293915505343323e+06  4.255260472111598e+06  1.343681277179104e-04  6.545782721221939e-03  -3.631483012431003e-02
  9.899999999999981e+00  4.205861113900096e+06  3.130005651871254e+06  1.911704075972488e+06  8.530277347682996e+04  -3.328569431277771e+06  4.208189077604822e+06  2.291629430170187e-03  6.366441002534675e-03  -3.487704973511398e-02
  9.999999999999980e+00  4.213945074381703e+06  3.236483197075609e+06  1.961383770968947e+06  6.411865369397679e+04  -3.365554073317675e+06  4.121163361814155e+06  -5.537739135291072e-04  4.081248681956394e-03  -2.527825403467671e-02
  1.009999999999998e+01  4.253605907448855e+06  3.324032536350018e+06  2.029396873523433e+06  5.141364087809106e+04  -3.351291940264974e+06  4.035003784854597e+06  -6.566155130201227e-03  9.348212539857615e-04  -1.374620304203991e-02
  1.019999999999998e+01  4.286023169140134e+06  3.339510222849723e+06  2.047346609557090e+06  4.143777077486413e+04  -3.300250283873538e+06  3.996631202392234e+06  -9.611637792820347e-03  9.951204971255397e-04  -8.898599610880993e-03
  1.029999999999998e+01  4.311095692676726e+06  3.322653847214254e+06  2.035457373463379e+06  3.711490945649589e+04  -3.266036431089312e+06  3.976445006579618e+06  -9.620978408294409e-03  4.288959059145350e-03  -8.080117718147675e-03
  1.039999999999998e+01  4.312976837633994e+06  3.299163202718863e+06  2.032569071930540e+06  4.434920019025646e+04  -3.255492211496569e+06  3.952022107163697e+06  -8.215502614249390e-03  6.497178274746916e-03  -9.333409185136228e-03
  1.049999999999998e+01  4.309688604772227e+06  3.284815601395263e+06  2.052563401909894e+06  4.771374225972765e+04  -3.247704383562515e+06  3.934539908648279e+06  -8.306516591183085e-03  4.489983988251004e-03  -1.271226863232097e-02
  1.059999999999998e+01  4.315903490722102e+06  3.292826872721449e+06  2.093284384248305e+06  3.475206864370749e+04  -3.235390314954102e+06  3.924855840123333e+06  -1.031609933140619e-02  4.444798345404638e-04  -1.261546145721175e-02
  1.069999999999998e+01  4.315241449996260e+06  3.307773060270553e+06  2.122013526836748e+06  2.376954652832420e+04  -3.224877792792708e+06  3.908998111031248e+06  -1.366856305437423e-02  -1.019041392666813e-03  -7.535232746673526e-03
  1.079999999999998e+01  4.317776001759300e+06  3.311901758374716e+06  2.100207629903316e+06  2.859371831885079e+04  -3.215848381186840e+06  3.883223352388619e+06  -1.860804279106766e-02  4.756508672770994e-04  -5.179583214467126e-03
  1.089999999999998e+01  4.338742541841074e+06  3.315172051371682e+06  2.047844861453173e+06  3.573252395970473e+04  -3.201654634884118e+06  3.854814224985563e+06  -2.330005542068864e-02  1.530153166848664e-03  -7.969929411642124e-03
  1.099999999999998e+01  4.371253262172396e+06  3.337884926133633e+06  2.015761077451322e+06  3.740302621246855e+04  -3.198206486778891e+06  3.829805202836497e+06  -2.611075775169940e-02  4.791394994304499e-04  -1.038103576157492e-02
  1.109999999999998e+01  4.400327876768289e+06  3.354874218394004e+06  2.012665151110525e+06  4.735151990089187e+04  -3.218335933423356e+06  3.813826015777909e+06  -2.771299585015184e-02  -8.993823025410428e-04  -1.045491205936909e-02
  1.119999999999998e+01  4.426744537755197e+06  3.321491085811273e+06  2.015299423675054e+06  6.639046392861783e+04  -3.239628444851913e+06  3.798113445268150e+06  -3.063006572708910e-02  -1.467269335017975e-03  -1.044688713237183e-02
  1.129999999999998e+01  4.461167580750655e+06  3.264355549461625e+06  2.032025681403527e+06  7.082880356191919e+04  -3.244547594987583e+06  3.763406854662978e+06  -3.567025951768886e-02  -3.487065001694913e-03  -9.726634595245937e-03
  1.139999999999998e+01  4.492616073998000e+06  3.245212363406813e+06  2.096920905466263e+06  5.003738858621222e+04  -3.246313858371284e+06  3.704863817757391e+06  -3.967781069188510e-02  -8.561206041911771e-03  -4.770068181114011e-03
  1.149999999999998e+01  4.498866517745527e+06  3.269041815150361e+06  2.202194859603257e+06  2.322673457172697e+04  -3.256932105673367e+06  3.651693489972420e+06  -3.885957875716643e-02  -1.337762658923422e-02  3.944325901114968e-03
  1.159999999999997e+01  4.486209883492960e+06  3.281552119908732e+06  2.293549175722128e+06  9.638252053552293e+03  -3.269811399241603e+06  3.640914551329007e+06  -3.333858808455242e-02  -1.367194682339898e-02  1.147904881505493e-02
  1.169999999999997e+01  4.481082836518723e+06  3.244147041284463e+06  2.340807223321989e+06  -3.099258539109195e+03  -3.276832890072212e+06  3.672152916035641e+06  -2.503459096302840e-02  -9.268801226939270e-03  1.613901655935253e-02
  1.179999999999997e+01  4.477456122894946e+06  3.181357312248253e+06  2.375738703013825e+06  -4.201961177784372e+04  -3.278166977227715e+06  3.711413454643170e+06  -1.471854416402100e-02  -3.068310724943924e-03  2.169280470774401e-02
  1.189999999999997e+01  4.440273412207093e+06  3.134104925238374e+06  2.434577022072214e+06  -9.614718283183579e+04  -3.275984216387708e+06  3.729715930808505e+06  -4.712628445037910e-03  1.559160104385091e-03  2.952579771973270e-02
  1.199999999999997e+01  4.368430274301880e+06  3.107927400566850e+06  2.511387595392163e+06  -1.177019557206498e+05  -3.267313800332989e+06  3.730737806901556e+06  1.907809073409231e-03  2.821748637824518e-03  3.660271358840917e-02
  1.209999999999997e+01  4.285777229021805e+06  3.091838979083987e+06  2.569637857304296e+06  -9.678467359437300e+04  -3.249972111271893e+06  3.736576854120296e+06  6.261294155305553e-03  2.679327065313863e-03  4.057124027125929e-02
  1.219999999999997e+01  4.207725289103595e+06  3.089750357319964e+06  2.592921668705013e+06  -7.709500497579484e+04  -3.231632727717204e+06  3.755182228737990e+06  1.221413148608800e-02  4.401254044264127e-03  4.163074948662635e-02
  1.229999999999997e+01  4.157009300631833e+06  3.096666966767308e+06  2.590557718649690e+06  -8.062769602247063e+04  -3.220945506701027e+06  3.783186592707875e+06  2.048445961130002e-02  6.653101566940221e-03  4.011964489822336e-02
  1.239999999999997e+01  4.150103770978424e+06  3.089751804700593e+06  2.566071305950549e+06  -8.071707669138553e+04  -3.211065448263891e+06  3.811206848750664e+06  2.682658318869453e-02  6.783630111559389e-03  3.596742980630189e-02
  1.249999999999997e+01  4.172579066937254e+06  3.069001935029765e+06  2.536526316786095e+06  -6.036496899727981e+04  -3.194495593234783e+06  3.824518686708183e+06  2.785933973165381e-02  6.414564195494019e-03  3.164438371649517e-02
  1.259999999999997e+01  4.191924269498272e+06  3.049037888144380e+06  2.527439192298466e+06  -3.612671540326707e+04  -3.184146474600800e+06  3.821223379109722e+06  2.504583517997048e-02  6.821510691226125e-03  2.990727452708454e-02
  1.269999999999997e+01  4.190128601271888e+06  3.029664802829360e+06  2.539168645650794e+06  -2.235306089704743e+04  -3.194951612622255e+06  3.815750362431225e+06  2.147046025900389e-02  5.754252446126093e-03  2.974819496071568e-02
  1.279999999999997e+01  4.172393124286861e+06  3.012152003949346e+06  2.548000960145174e+06  -1.574216392023263e+04  -3.219146735022429e+06  3.812679762006260e+06  1.840385490231523e-02  2.840251591030686e-03  2.865656415098122e-02
  1.289999999999997e+01  4.148757285815788e+06  3.013103430188962e+06  2.525997487396986e+06  -1.114627878585319e+04  -3.238237299194920e+06  3.794940981644581e+06  1.557104671017989e-02  1.230277968345778e-03  2.580835393097369e-02
  1.299999999999997e+01  4.128381173112815e+06  3.041243161492494e+06  2.468395686547853e+06  -8.207272865050832e+03  -3.245538380064090e+06  3.751913324990449e+06  1.210476133244229e-02  2.493567127544710e-03  2.153800395343087e-02
  1.309999999999997e+01  4.126084652518273e+06  3.076586069624509e+06  2.393962947222169e+06  -7.150785978363423e+03  -3.248079170695714e+06  3.702811529012760e+06  7.022523887061028e-03  3.954017988931299e-03  1.558682448709947e-02
  1.319999999999997e+01  4.151486586105010e+06  3.088214669211276e+06  2.314356400994970e+06  -6.320573177905550e+03  -3.256566936801914e+06  3.673341955580395e+06  3.156266690374725e-05  1.488627673356280e-03  7.834172224971240e-03
  1.329999999999997e+01  4.198140093473336e+06  3.075701781643167e+06  2.234518975477508e+06  -3.903377867234078e+03  -3.276169508793633e+06  3.661355240028659e+06  -7.944621678796785e-03  -5.860016256704004e-03  5.660623026316477e-04
  1.339999999999997e+01  4.248154267618963e+06  3.067909814673386e+06  2.164593207806497e+06  5.098709511995038e+02  -3.302245553845507e+06  3.644363948248377e+06  -1.524951947669015e-02  -1.422539625996955e-02  -3.454090017778834e-03
  1.349999999999997e+01  4.290767593695808e+06  3.079953528499798e+06  2.115411460307651e+06  9.560893304662906e+03  -3.327301374716335e+06  3.617234111762271e+06  -2.040093685458335e-02  -1.871271232739692e-02  -4.542793087978491e-03
  1.359999999999997e+01  4.331291674093961e+06  3.096943995153507e+06  2.090466228952035e+06  2.476925282196306e+04  -3.349159225881997e+06  3.603668208437433e+06  -2.242817572634282e-02  -1.807793692880434e-02  -5.569755328689563e-03
  1.369999999999997e+01  4.367552631485446e+06  3.102649170266477e+06  2.077721469625489e+06  3.601005311679477e+04  -3.365563751256731e+06  3.624607456479652e+06  -2.090597828690286e-02  -1.438191762792451e-02  -8.841664339712707e-03
  1.379999999999997e+01  4.380416902480110e+06  3.104124657204939e+06  2.064064450638489e+06  3.041601423640333e+04  -3.369651308526842e+06  3.671504062948405e+06  -1.634457767240767e-02  -9.891791029359432e-03  -1.349350144506252e-02
  1.389999999999997e+01  4.363564926431035e+06  3.113012499770456e+06  2.053645422530266e+06  1.404733653734030e+04  -3.359556917240124e+06  3.719044304918173e+06  -1.064972273286806e-02  -6.496312374972537e-03  -1.650220964722554e-02
  1.399999999999997e+01  4.336622096189459e+06  3.123025221921898e+06  2.054150477153308e+06  5.970950503960538e+03  -3.343842252170124e+06  3.752688740969838e+06  -6.465063565717560e-03  -5.852400514951051e-03  -1.667341312151089e-02
  1.409999999999997e+01  4.315920514486109e+06  3.128470437757924e+06  2.061273730538829e+06  9.759798137462209e+03  -3.331193490493514e+06  3.775539976179125e+06  -4.912825636896147e-03  -7.427171130914290e-03  -1.555700380705122e-02
  1.419999999999997e+01  4.296713741973867e+06  3.141875817721573e+06  2.066758704872773e+06  9.474937432762619e+03  -3.320608567542897e+06  3.795766854860954e+06  -4.344836434053992e-03  -7.814986149631482e-03  -1.459166944976725e-02
  1.429999999999997e+01  4.275046041927933e+06  3.170812586721594e+06  2.069924307783442e+06  -3.732637052050692e+03  -3.306299779762452e+06  3.815082793563797e+06  -2.536876244021938e-03  -4.435146537177742e-03  -1.350195818095006e-02
  1.439999999999996e+01  4.264181277023800e+06  3.196194215627220e+06  2.075218533448514e+06  -1.910757516272695e+04  -3.287888412657352e+06  3.826190195755153e+06  1.397348747920569e-04  7.284838161343966e-04  -1.171804411380841e-02
  1.449999999999996e+01  4.274589674458034e+06  3.194939183875794e+06  2.083023800709010e+06  -2.678000174467172e+04  -3.270065576141414e+06  3.822403954440673e+06  1.542313355656782e-03  3.467694799273731e-03  -9.932423172372360e-03
  1.459999999999996e+01  4.295051339364221e+06  3.173814740402640e+06  2.089890741305398e+06  -3.369920725674380e+04  -3.254492149304101e+06  3.811696970601889e+06  1.215878045256400e-03  2.929077131166634e-03  -9.466093641142318e-03
  1.469999999999996e+01  4.307162374175342e+06  3.161397246376674e+06  2.096005712783710e+06  -4.734802928030910e+04  -3.238748230961537e+06  3.812065531785095e+06  6.857398264962243e-04  2.084641060801188e-03  -1.066910219139258e-02
  1.479999999999996e+01  4.305840342023902e+06  3.171025463411076e+06  2.105108269190246e+06  -5.685350158268725e+04  -3.223768743660270e+06  3.830105308750440e+06  9.710454378025069e-04  3.105878337101961e-03  -1.242768060015016e-02
  1.489999999999996e+01  4.297430036345959e+06  3.192440036333345e+06  2.120694701425450e+06  -4.598681391181541e+04  -3.215049023048596e+06  3.852851394054101e+06  1.850588423791130e-03  5.254613460793010e-03  -1.286141876335082e-02
  1.499999999999996e+01  4.286254014515937e+06  3.213652086536421e+06  2.144292084245481e+06  -1.804822312915597e+04  -3.214247894353426e+06  3.863178204311832e+06  3.107693503900543e-03  7.101145520620761e-03  -1.073942242684189e-02
  1.509999999999996e+01  4.272135186015794e+06  3.229828950731602e+06  2.170399109042563e+06  5.327107674634863e+03  -3.216750626458000e+06  3.857512777049801e+06  4.820456520299281e-03  8.151993397783172e-03  -6.808043705995566e-03
  1.519999999999996e+01  4.259630716383421e+06  3.235888741427466e+06  2.189826092175087e+06  7.493847769093224e+03  -3.218430509372286e+06  3.845329474737035e+06  6.286436906605633e-03  8.197078058513581e-03  -3.101681987556506e-03
  1.529999999999996e+01  4.255711552611995e+06  3.226860134787647e+06  2.202939426728878e+06  -1.002714194719388e+04  -3.219398153580166e+06  3.835458520786824e+06  6.110000810844833e-03  6.818706245142346e-03  -5.261076668293086e-04
  1.539999999999996e+01  4.254706164339439e+06  3.205401424160092e+06  2.218721999651066e+06  -3.538438781978801e+04  -3.221884418248893e+06  3.827603626922547e+06  3.861917749667950e-03  4.115353625272994e-03  1.785954176465217e-03
  1.549999999999996e+01  4.241386866220515e+06  3.182758312254271e+06  2.241476493469747e+06  -5.791872316485272e+04  -3.228125243757577e+06  3.816937890876497e+06  8.956643524346173e-04  1.161609051202720e-03  4.715133833478975e-03
  1.559999999999996e+01  4.213779550321674e+06  3.168191335356461e+06  2.263934090308518e+06  -7.119247588115414e+04  -3.238646253284493e+06  3.803109755823923e+06  -1.037434282005884e-03  -7.705734917135449e-04  7.685347285762368e-03
  1.569999999999996e+01  4.190060436981609e+06  3.159685415738868e+06  2.273089780844865e+06  -7.291619232770089e+04  -3.251149304133461e+06  3.791875249841648e+06  -1.638842477246193e-03  -1.343701488161767e-03  9.297244749814741e-03
  1.579999999999996e+01  4.188254919403811e+06  3.149104093517761e+06  2.263543742273935e+06  -6.586569880865108e+04  -3.262359398059879e+06  3.788626999072331e+06  -1.976926404730179e-03  -1.337277572734011e-03  9.081833422869801e-03
  1.589999999999996e+01  4.206976282234058e+06  3.134610974630103e+06  2.242931442715580e+06  -5.670674021907127e+04  -3.270540790623833e+06  3.793350928837946e+06  -2.746900381002454e-03  -1.741660315486047e-03  7.909729483799720e-03
  1.599999999999996e+01  4.229432033199986e+06  3.123298451620774e+06  2.221983494437675e+06  -5.186334442121341e+04  -3.274889582779889e+06  3.802304313377534e+06  -3.437889158911807e-03  -2.667163738222953e-03  6.496907619658399e-03
  1.609999999999996e+01  4.241241225973340e+06  3.123352198140555e+06  2.204563681929407e+06  -5.404101953794153e+04  -3.274246005624270e+06  3.811700489087414e+06  -3.365916264986669e-03  -3.244737259382926e-03  4.403719348758784e-03
  1.619999999999996e+01  4.240342598284003e+06  3.135484803422316e+06  2.188647104874012e+06  -6.081651693297130e+04  -3.268294958731976e+06  3.818602578995800e+06  -2.759985058007461e-03  -2.703715168293275e-03  9.765582260779518e-04
  1.629999999999996e+01  4.234516455480655e+06  3.152449978062194e+06  2.171824626427968e+06  -6.523273030044077e+04  -3.259154924609465e+06  3.820900574937315e+06  -2.456275599742849e-03  -1.489869208275773e-03  -3.296270625396948e-03
  1.639999999999996e+01  4.234892351969464e+06  3.165871999865737e+06  2.154841727897839e+06  -5.979154907152766e+04  -3.250531523268183e+06  3.818406125482389e+06  -2.961318177477040e-03  -1.021240022293021e-03  -6.726714371112959e-03
  1.649999999999996e+01  4.248586635655626e+06  3.171659807920199e+06  2.141089294456378e+06  -4.329775788322155e+04  -3.245072510376872e+06  3.812924160631928e+06  -4.035334490285451e-03  -2.143663305138097e-03  -7.632675933775916e-03
  1.659999999999997e+01  4.271712658947716e+06  3.169674458663495e+06  2.132303602716994e+06  -2.398440676717557e+04  -3.242519827060128e+06  3.806627285396513e+06  -4.843975920748842e-03  -4.044710487185780e-03  -5.785783045241271e-03
  1.669999999999997e+01  4.290691160825736e+06  3.163707621865286e+06  2.127983804562168e+06  -1.351691109756965e+04  -3.241140810576715e+06  3.801746364821301e+06  -4.335660207522507e-03  -4.948318852186054e-03  -2.581542993421445e-03
  1.679999999999997e+01  4.293423322138843e+06  3.160702983652451e+06  2.128406148873546e+06  -1.662511319965999e+04  -3.240769983197649e+06  3.801634674156150e+06  -1.888980542003700e-03  -3.806928098429675e-03  2.026217399524283e-04
  1.689999999999997e+01  4.279430175659911e+06  3.164852280282286e+06  2.134347285775345e+06  -2.701652759437686e+04  -3.243497132172112e+06  3.809325677215170e+06  2.029720797749069e-03  -1.357918801880763e-03  1.609212177695460e-03
  1.699999999999997e+01  4.259106789616837e+06  3.172083836473991e+06  2.145649290515956e+06  -3.344282805745021e+04  -3.250720624383252e+06  3.822950643980888e+06  5.807950763834663e-03  4.763309148674462e-04  1.744190204577320e-03
  1.709999999999997e+01  4.244393102113581e+06  3.174056516345527e+06  2.162076001240185e+06  -2.964270692806117e+04  -3.260582356823763e+06  3.834534315234619e+06  7.559202133939208e-03  3.473762363435567e-04  1.389520207140074e-03
  1.719999999999997e+01  4.239864386347370e+06  3.167124162167505e+06  2.182061018945626e+06  -1.912365142925030e+04  -3.269565174193444e+06  3.836733518668792e+06  6.528108545812370e-03  -1.329838692799751e-03  1.344811910858278e-03
  1.729999999999998e+01  4.241815601375066e+06  3.155464783781859e+06  2.200697241873238e+06  -1.104671925861016e+04  -3.275727333940991e+06  3.830514771272245e+06  3.813005460451077e-03  -2.932852610299130e-03  1.774880604218979e-03
  1.739999999999998e+01  4.244030151649714e+06  3.145659044163934e+06  2.212564785529212e+06  -1.163871902734907e+04  -3.279099910650297e+06  3.823658383445097e+06  1.506139050009181e-03  -3.240359856991075e-03  2.077777736546909e-03
  1.749999999999998e+01  4.243081381726755e+06  3.139949384480689e+06  2.217228898842075e+06  -1.931985519835612e+04  -3.279446380724330e+06  3.822043516260141e+06  9.805780477000552e-04  -2.336609033710759e-03  1.536618054082180e-03
  1.759999999999998e+01  4.239299419207537e+06  3.136293229525644e+06  2.219618255458558e+06  -2.770385343776749e+04  -3.275289996204368e+06  3.824924863561001e+06  2.024234592051958e-03  -1.121885865177743e-03  1.794468453959575e-04
  1.769999999999998e+01  4.234629023884851e+06  3.133201524678087e+06  2.223565986361524e+06  -3.222589160849624e+04  -3.265720192486499e+06  3.828413503404488e+06  3.480579447815723e-03  -2.870146124832490e-04  -1.138767993515917e-03
  1.779999999999998e+01  4.230458702283214e+06  3.131988023611005e+06  2.226944373661623e+06  -3.315959992895208e+04  -3.252840100069900e+06  3.830689121990405e+06  4.373252602942155e-03  1.287651112572042e-04  -1.542263321318669e-03
  1.789999999999998e+01  4.227485829917826e+06  3.134056452034642e+06  2.225064729287208e+06  -3.309570749320851e+04  -3.241300261162561e+06  3.832633799430269e+06  4.374239824329018e-03  4.581372357588424e-04  -8.948318185680317e-04
  1.799999999999999e+01  4.227303419427523e+06  3.137919926489419e+06  2.217111240231134e+06  -3.331596196494692e+04  -3.235160515591980e+06  3.835271031061821e+06  3.631665272873249e-03  9.860854955292592e-04  2.161043343164309e-04
  1.809999999999999e+01  4.232421682165361e+06  3.139747928015295e+06  2.206521450229986e+06  -3.313415310999521e+04  -3.235494058070657e+06  3.838197376498321e+06  2.508607184822085e-03  1.776087408101891e-03  9.968565807421225e-04
  1.819999999999999e+01  4.242944827804137e+06  3.137529109682922e+06  2.195715254460318e+06  -3.180100813913353e+04  -3.240942208916084e+06  3.840224792857242e+06  1.437808380741997e-03  2.627565172256631e-03  8.811043587024895e-04
  1.829999999999999e+01  4.253682965279368e+06  3.134568927798113e+06  2.184067282785659e+06  -2.978645566866872e+04  -3.249343719460498e+06  3.840311250071596e+06  7.807061464491441e-04  3.173661106754796e-03  -2.278691515750331e-04
  1.839999999999999e+01  4.256904046731011e+06  3.137699634299507e+06  2.172360607036138e+06  -2.824886694560241e+04  -3.258407573910100e+06  3.837481153383178e+06  6.918888276063201e-04  3.185629640748774e-03  -1.824250536458550e-03
  1.849999999999999e+01  4.248863155334182e+06  3.150519880077361e+06  2.165409090482350e+06  -2.798654642034555e+04  -3.265596528897101e+06  3.830666198117547e+06  1.068509559618868e-03  2.839639741307446e-03  -3.055175722010543e-03
  1.859999999999999e+01  4.233641873807049e+06  3.168959528805811e+06  2.167479645269663e+06  -2.878909111315878e+04  -3.268669141281600e+06  3.819905805780483e+06  1.618253562508252e-03  2.553094240964469e-03  -3.354073085643321e-03
  1.870000000000000e+01  4.220745366173599e+06  3.184099654097416e+06  2.177136013263099e+06  -2.928762484083711e+04  -3.266551212882170e+06  3.807945161803901e+06  1.974213388617252e-03  2.559842769297010e-03  -2.819440147720733e-03
  1.880000000000000e+01  4.218209207395555e+06  3.188754199724091e+06  2.187881601665106e+06  -2.787828966207238e+04  -3.259675059614282e+06  3.799615219476275e+06  1.837137302147420e-03  2.720835426899470e-03  -1.989542603751882e-03
  1.890000000000000e+01  4.226785705665484e+06  3.181545591782731e+06  2.192835194878846e+06  -2.419953402186765e+04  -3.249713434084205e+06  3.798448243860572e+06  1.131760381813659e-03  2.686854897721772e-03  -1.377449336891734e-03
  1.900000000000000e+01  4.240791384820081e+06  3.167273173932813e+06  2.189027564332356e+06  -1.953068634794184e+04  -3.239299141574764e+06  3.803940389296770e+06  1.004439278682630e-04  2.152672122132087e-03  -1.208793249151324e-03
  1.910000000000000e+01  4.253836739094149e+06  3.154258704570523e+06  2.178293861630361e+06  -1.540720753366620e+04  -3.231360159784198e+06  3.812490193825361e+06  -7.525042122946172e-04  1.052414470316718e-03  -1.472984490457932e-03
  1.920000000000000e+01  4.262783173947534e+06  3.150034302039894e+06  2.164842308946662e+06  -1.221281888803658e+04  -3.228136674050660e+06  3.820706707922445e+06  -9.407280134194881e-04  -3.680748938099784e-04  -2.076604947587101e-03
  1.930000000000000e+01  4.267270326217625e+06  3.157187485161241e+06  2.152524576762269e+06  -9.519855973590304e+03  -3.230329173520675e+06  3.827224954489096e+06  -4.078319114331206e-04  -1.624058651693805e-03  -2.903593839627396e-03
  1.940000000000001e+01  4.267959689496993e+06  3.171975539749129e+06  2.144060590231885e+06  -7.426973857705852e+03  -3.236914607451704e+06  3.831787185738218e+06  2.981825189412969e-04  -2.261824596095534e-03  -3.764256643165324e-03
  1.950000000000001e+01  4.265933166100543e+06  3.186535551162100e+06  2.141327170645428e+06  -6.778834940744551e+03  -3.245610126017305e+06  3.833828892145058e+06  3.529146892101305e-04  -2.175272951046259e-03  -4.383563201193495e-03
  1.960000000000001e+01  4.262431479613625e+06  3.193539467479334e+06  2.145140168848142e+06  -8.032560307387545e+03  -3.254126744337384e+06  3.832735747827764e+06  -6.942410365408784e-04  -1.700998233899772e-03  -4.502058708506719e-03
  1.970000000000001e+01  4.258281193921461e+06  3.190278933323340e+06  2.154706426079320e+06  -1.048120755637380e+04  -3.261227357348260e+06  3.828973317215732e+06  -2.508291815094679e-03  -1.316891449227456e-03  -3.997850325809555e-03
  1.980000000000001e+01  4.254282903294300e+06  3.179679079616434e+06  2.167480619852317e+06  -1.304333330873491e+04  -3.266454156801267e+06  3.824205689643309e+06  -4.176444314376179e-03  -1.188443370574915e-03  -2.938116221500081e-03
  1.990000000000001e+01  4.252183293555034e+06  3.167586941307913e+06  2.179431787601392e+06  -1.549521863401848e+04  -3.269077634547081e+06  3.820093177127599e+06  -4.857249917422407e-03  -1.056682683644486e-03  -1.566014051244346e-03
