TITLE = "Temporal Signal for receiver number 03607"
VARIABLES = "Time","xx","yy","zz","xy","yz","xz","u","v","w"
# x1       3.550588610000e+05
# x2       4.735552750000e+06
# x3       -7.500000000000e+03
  0.000000000000000e+00  0.000000000000000e+00  0.000000000000000e+00  0.000000000000000e+00  0.000000000000000e+00  0.000000000000000e+00  0.000000000000000e+00  0.000000000000000e+00  0.000000000000000e+00  0.000000000000000e+00
  1.000000000000000e-01  0.000000000000000e+00  0.000000000000000e+00  0.000000000000000e+00  0.000000000000000e+00  0.000000000000000e+00  0.000000000000000e+00  0.000000000000000e+00  0.000000000000000e+00  0.000000000000000e+00
  2.000000000000000e-01  0.000000000000000e+00  0.000000000000000e+00  0.000000000000000e+00  0.000000000000000e+00  0.000000000000000e+00  0.000000000000000e+00  0.000000000000000e+00  0.000000000000000e+00  0.000000000000000e+00
  3.000000000000000e-01  -3.621586769322875e-17  -1.716220923080093e-17  -9.128653508879785e-18  1.316325793453663e-17  1.362677915547839e-17  -1.974638852207602e-17  -4.333754382107538e-24  1.729702560934343e-24  -1.415695186225568e-24
  4.000000000000000e-01  3.808367314334991e-10  3.025099321115882e-10  5.256225895574266e-10  -6.944233681639804e-11  -3.034535435262540e-10  2.246513150363543e-10  1.888763488411637e-17  -2.082750155923946e-17  5.472792028731791e-17
  5.000000000000000e-01  -3.542025468745720e-07  -2.752630050649390e-07  -2.310347006159727e-07  1.229423017478047e-07  1.423689880184081e-07  -1.749376914516504e-07  -2.855032855287294e-14  1.858663397816712e-14  -2.365877626889946e-14
  6.000000000000000e-01  -7.323640078793489e-07  1.240792051536420e-07  2.213313640031499e-06  3.020943818850322e-07  2.063454600875292e-06  -3.977353604730590e-07  -7.378430506739905e-14  8.441532818242704e-14  6.833230904532223e-14
  7.000000000000000e-01  9.954386692099890e-05  8.160468398932298e-05  1.024523928818486e-04  -2.546332464718615e-05  -2.442453970764695e-05  4.928684464539733e-05  7.039393643950482e-12  -3.787317835545458e-12  8.068051587177002e-12
  7.999999999999999e-01  7.992125289877732e-04  4.940098516234765e-04  1.026677074277795e-03  -6.323035518181868e-05  -9.367934635942702e-05  4.008550648151186e-04  5.104697348738735e-11  -2.008061777014656e-11  7.419323265850739e-11
  8.999999999999999e-01  2.512767067831551e-03  2.160148780819836e-03  4.810505423983738e-03  2.934241183579445e-04  9.894088128161525e-05  5.538504426609644e-04  1.045048414334101e-10  -8.738136931747056e-11  2.793804553132810e-10
  9.999999999999999e-01  -5.817688829165893e-03  1.716723171071870e-03  5.666263481841832e-03  1.546763151463664e-03  -1.095098898995486e-03  -3.991398147023766e-03  -7.076807539483053e-10  -3.402836304687891e-10  1.774961157761026e-10
  1.100000000000000e+00  3.871660172350536e-02  2.602060860178346e-02  4.361336877005463e-02  8.980443227718753e-04  2.379584223748868e-03  1.023480731548312e-02  2.186575542780016e-09  -9.008052685145693e-10  2.527383374144261e-09
  1.200000000000000e+00  -2.002754367945039e-01  -8.275864503433374e-02  -1.394254056326593e-01  1.622788739076386e-02  -9.413710291865409e-03  -9.199010431192167e-02  -1.669190422229128e-08  2.226388029163950e-10  -8.834337826019133e-09
  1.300000000000000e+00  1.328547830257558e+00  5.345512352375945e-01  7.723991744249484e-01  -7.663141604255666e-02  6.937838547528631e-02  4.770194504580524e-01  9.791835359322756e-08  -9.359154712752840e-09  4.614330083873516e-08
  1.400000000000000e+00  -5.304411795594584e+00  -2.388598604976363e+00  -3.386545756276590e+00  4.849717220265285e-01  -2.961870015077248e-01  -1.624823889189127e+00  -3.862097273062135e-07  8.268851078125004e-08  -1.620642161502232e-07
  1.500000000000000e+00  2.096345877464673e+01  1.111237271087934e+01  1.370329112918787e+01  -3.345132601017807e+00  -1.192920116740107e+00  7.491975776059593e+00  1.605100157901216e-06  -5.742565010727393e-07  7.757711052406136e-07
  1.600000000000000e+00  -2.616536749798216e+02  -1.322655683594518e+02  -1.605369574817369e+02  5.384646444893357e+01  3.420203210108647e+01  -9.895670143115157e+01  -1.968647592213424e-05  7.225413984532632e-06  -1.088586564996278e-05
  1.700000000000000e+00  -1.068315616334076e+03  -5.348956434306451e+02  -6.281340147536984e+02  2.904113007687049e+02  1.828900326529736e+02  -4.311998846850752e+02  -8.099878027610194e-05  3.574820137177829e-05  -4.523530256728897e-05
  1.800000000000000e+00  -1.572720955941374e+03  -8.089853877506237e+02  -9.182613408320415e+02  5.832911691197879e+02  3.656299241505022e+02  -7.446950305451376e+02  -1.217478713814256e-04  6.751224079342349e-05  -7.346675917689143e-05
  1.900000000000001e+00  -1.575290969720876e+03  -8.284130996925420e+02  -8.969000260011837e+02  8.229805312075622e+02  5.167167342885116e+02  -9.466044341376927e+02  -1.264324229398312e-04  8.804947152839302e-05  -8.437583387355779e-05
  2.000000000000000e+00  -2.249182343481387e+03  -1.186415160788697e+03  -1.267592028047918e+03  1.275410036178206e+03  7.960411916252751e+02  -1.481282126800959e+03  -1.830734493040141e-04  1.305098420987196e-04  -1.275242660533724e-04
  2.100000000000001e+00  -2.838538751688678e+03  -1.527442088945328e+03  -1.631328890194855e+03  1.826278304826544e+03  1.159825169445070e+03  -2.118584223086456e+03  -2.343252803225190e-04  1.797761535363812e-04  -1.765903492505797e-04
  2.200000000000001e+00  -4.210376716819424e+03  -2.150409618583611e+03  -2.180297956378513e+03  2.612007652284457e+03  1.636690139320759e+03  -3.125567318251145e+03  -3.511387806290852e-04  2.430232509886032e-04  -2.443313411396980e-04
  2.300000000000001e+00  -9.047988858662840e+03  -4.832554588943255e+03  -5.141013874387639e+03  4.603166556295101e+03  2.916241553476129e+03  -5.594216508272360e+03  -7.244450090830943e-04  4.737687664716633e-04  -4.808308829604129e-04
  2.400000000000001e+00  -1.966596325563348e+04  -1.004868738715574e+04  -1.165842056841004e+04  8.273935537384845e+03  5.319921322531553e+03  -1.123698682247246e+04  -1.523047835588586e-03  8.469715605280693e-04  -1.040578880463088e-03
  2.500000000000001e+00  -8.223623068296870e+04  -4.048187938252540e+04  -4.721568073038195e+04  2.631421240304812e+04  1.593323864666604e+04  -3.753514032539436e+04  -6.260894452171783e-03  2.853224643852206e-03  -3.771398903671088e-03
  2.600000000000001e+00  -2.527339127063990e+05  -1.255933690676256e+05  -1.201778208763422e+05  7.993108866516039e+04  4.144484187498843e+04  -9.591961058424320e+04  -1.917841747264070e-02  9.246435006750367e-03  -8.422981784357618e-03
  2.700000000000001e+00  -7.797688190607354e+05  -3.411631977051409e+05  -3.334777650646706e+05  2.319009701650015e+05  9.843629832056897e+04  -2.471990319808868e+05  -5.806107785289166e-02  2.429434968713306e-02  -2.187493832905358e-02
  2.800000000000001e+00  -1.489448100851432e+06  -6.467986688588428e+05  -4.654450755753307e+05  5.266287678271789e+05  1.809490097428092e+05  -3.761873627424999e+05  -1.097784629731013e-01  5.346464864171306e-02  -2.752844676384723e-02
  2.900000000000001e+00  -2.452439095240538e+06  -8.421988027198777e+05  -4.892710504876202e+05  8.840132358769075e+05  8.389931318236238e+04  -1.717762079164675e+05  -1.753793147064032e-01  8.114699510035242e-02  9.565499231834907e-03
  3.000000000000001e+00  -2.760416717271312e+06  -8.153235768447557e+05  -3.572942830060237e+05  1.032915571793956e+06  -5.116325683842774e+04  -3.182328081037243e+05  -1.921471280167186e-01  7.363171612152938e-02  -1.737611010941916e-02
  3.100000000000001e+00  -3.915890114258936e+06  -4.897904055229329e+05  3.577241626320686e+05  1.484132393189744e+06  3.037173578252446e+05  8.796850577453570e+04  -2.484775983201780e-01  1.008579804151146e-01  3.478682671710239e-02
  3.200000000000002e+00  -4.985515971841410e+06  -6.704467532954587e+05  7.577090462578414e+05  2.002068629581228e+06  -2.395604801489883e+05  7.061922546974891e+05  -3.211527819967894e-01  1.552673456952098e-01  1.133318618104359e-01
  3.300000000000002e+00  -6.916877963428374e+06  4.888089579107904e+05  1.606558171528704e+06  5.762079015283885e+05  -2.937550813410422e+05  -1.497132422809820e+06  -4.106172921616488e-01  -9.480518571990917e-02  -1.822768535529812e-01
  3.400000000000002e+00  -7.086316225508481e+06  1.773703304388159e+06  1.894224384904778e+06  -1.261502966887742e+06  1.652936253441938e+05  -3.153420057884294e+06  -3.607802193982262e-01  -3.030158144315128e-01  -3.456506387914468e-01
  3.500000000000002e+00  -4.985980344573281e+06  1.427615121770160e+06  9.822295737405582e+05  -8.616117712956913e+05  -4.816460884555738e+04  -2.245522110038632e+06  -1.820826642822681e-01  -1.989003145656708e-01  -2.150119224888136e-01
  3.600000000000002e+00  -3.234721840091787e+06  8.015138828599765e+05  -2.762539869582921e+05  2.947450624292942e+05  -1.180790225249187e+05  -8.571230484168902e+05  -3.745064745233071e-02  -5.586700658006165e-02  -1.217937846315541e-02
  3.700000000000002e+00  -2.802983371736972e+06  4.614030229318224e+05  -8.753845221922451e+05  8.057660211598608e+05  1.658823579469793e+05  -4.096210387818597e+05  -3.758262791448459e-03  2.815155580955020e-03  6.868691454636280e-02
  3.800000000000002e+00  -3.044115295107031e+06  3.683820245910236e+05  -8.786889907347962e+05  9.267886715355932e+05  3.994732365500503e+05  -5.111627143051282e+05  -1.019637267958233e-02  7.486251831039912e-03  4.655275426777585e-02
  3.900000000000002e+00  -3.069619507494790e+06  3.172378793287465e+05  -9.154810469592850e+05  9.729564768040992e+05  4.333461196193304e+05  -5.478341311989333e+05  -8.042320531088906e-03  7.834258363313177e-03  3.237507705078797e-02
  4.000000000000002e+00  -3.024680878798471e+06  2.074396621350662e+05  -1.047871339905023e+06  9.519719861663983e+05  3.949922603117952e+05  -6.188909072847891e+05  -1.111866485775321e-02  1.144328789219749e-02  1.664620982098036e-02
  4.100000000000001e+00  -3.006925907242985e+06  2.224917581035342e+05  -1.115692656270374e+06  9.341412457626336e+05  3.644751963588351e+05  -7.682216431860743e+05  -5.683249770085358e-03  9.406291502716027e-03  -5.255252023963737e-03
  4.200000000000001e+00  -2.913823859820190e+06  2.322425070918251e+05  -1.165111979552856e+06  9.345961338592910e+05  3.268730402816550e+05  -8.344522129956449e+05  2.388842258603531e-03  6.486921363118060e-03  -2.199740188079937e-02
  4.300000000000001e+00  -2.791658115538732e+06  2.340223172756589e+05  -1.278322461738022e+06  9.683715173837319e+05  3.178536017607312e+05  -8.842626749867509e+05  5.582083660933364e-03  9.196673975323665e-03  -3.578787500774185e-02
  4.400000000000000e+00  -2.754998631149341e+06  2.526894485401214e+05  -1.279513011513462e+06  1.019076306322917e+06  3.193994478884066e+05  -8.650107335034553e+05  1.512895369704689e-02  5.915329166287153e-03  -3.699089739519362e-02
  4.500000000000000e+00  -2.849814515708717e+06  2.104763369250797e+05  -1.130570597989967e+06  9.884833960430374e+05  3.375542393695467e+05  -7.826625847436392e+05  5.056185284535197e-03  5.016291074581843e-03  -1.608767239894374e-02
  4.600000000000000e+00  -3.022560135781072e+06  2.407563230083095e+05  -9.010527431356977e+05  9.237205241132973e+05  3.547688549162831e+05  -7.475419166438468e+05  -1.572401658497580e-02  -1.959645425093346e-03  5.250435373846127e-03
  4.699999999999999e+00  -3.174459337880306e+06  2.471385079725035e+05  -7.025327320501080e+05  9.143710179436636e+05  3.521619415953875e+05  -7.805890393125183e+05  -2.659459215032276e-02  -9.336432959212980e-03  1.690793484385285e-02
  4.799999999999999e+00  -3.200257952017883e+06  2.305396494065440e+05  -6.894066976614610e+05  9.017570275436019e+05  3.184926858212512e+05  -8.320910471869629e+05  -3.031667744886254e-02  -1.127643865949586e-02  1.836291288025656e-02
  4.899999999999999e+00  -3.218001071815295e+06  2.689234600301203e+05  -7.605667204865499e+05  9.076579312370158e+05  3.201877860203253e+05  -8.523364858181988e+05  -2.668014089916898e-02  -1.023970224920244e-02  1.328221143893076e-02
  4.999999999999998e+00  -3.231590009620940e+06  3.328352895487781e+05  -7.792879259382039e+05  8.939562004203816e+05  3.339790624013758e+05  -8.924387307242913e+05  -2.650311961199459e-02  -1.044664848828722e-02  6.826670511226833e-03
  5.099999999999998e+00  -3.220823559784939e+06  3.862703860077657e+05  -7.860443822776404e+05  8.785027295347863e+05  3.495226196670466e+05  -9.322361584397978e+05  -2.802465173204090e-02  -1.090406410983124e-02  2.936521361586699e-03
  5.199999999999998e+00  -3.129561737585030e+06  5.010911329753199e+05  -6.160617060944376e+05  9.279694046452494e+05  4.444142104582181e+05  -8.659215328566881e+05  -1.368385200418551e-02  -3.207756319044352e-03  1.590181138262967e-02
  5.299999999999997e+00  -3.006761939906775e+06  6.832431076134625e+05  -5.753451283124202e+04  9.419659301982395e+05  6.257107948004903e+05  -8.039148691478196e+05  -2.067649016688241e-03  1.418645053927318e-02  5.348619284202454e-02
  5.399999999999997e+00  -2.884167651960025e+06  9.807958446721327e+05  1.238182531716731e+06  8.552764355003244e+05  9.974870572804436e+05  -9.164877907495366e+05  -1.298630182689488e-02  4.668325329495673e-02  1.363296444458416e-01
  5.499999999999996e+00  -2.847619111179444e+06  9.234331314875331e+05  2.886298196323116e+06  5.882734482522651e+05  1.360757714325672e+06  -1.785341161965958e+06  -1.033183823576429e-01  6.200291442491444e-02  2.369909713732468e-01
  5.599999999999996e+00  -2.757259103007999e+06  9.150861272406981e+04  3.792232668099110e+06  5.266492728496197e+05  4.430152253247586e+05  -2.933467615142263e+06  -2.066566555896426e-01  -6.684656099498427e-02  2.695781663686341e-01
  5.699999999999996e+00  -3.585701272223910e+06  8.542368630705588e+04  4.207016083983680e+06  8.895725953093311e+05  -1.627627781717030e+05  -1.714245982443999e+06  2.977789907258257e-02  -1.113776801430163e-01  2.795027063261231e-01
  5.799999999999995e+00  -4.538229721305504e+06  7.913264491007669e+05  4.143545896664197e+06  6.618371530010395e+05  3.133803866225112e+05  -1.124980453374422e+06  1.993592306600912e-01  3.393902146464158e-04  2.704575856824672e-01
  5.899999999999995e+00  -4.892247252632011e+06  9.372173768336333e+05  3.961129700730855e+06  5.974158158965636e+05  4.725119494144488e+05  -1.059457587625677e+06  2.371063570977273e-01  5.639432370198630e-02  2.624535588519701e-01
  5.999999999999995e+00  -5.410098528660457e+06  6.170338907244346e+05  3.948530565575561e+06  3.679628952707172e+05  3.471994019633569e+05  -1.149593290400594e+06  3.022344610369079e-01  9.042743209833171e-02  3.028272905087726e-01
  6.099999999999994e+00  -5.985911650147135e+06  3.679741319668668e+05  3.720236991333524e+06  9.716286968185502e+04  2.984400751822151e+05  -1.604254516219941e+06  3.017255831654326e-01  1.201286956249046e-01  2.709745026920612e-01
  6.199999999999994e+00  -6.411391186839617e+06  1.846238147529360e+05  3.828504008253777e+06  1.348458911434436e+04  4.044805049513791e+05  -2.020596414603333e+06  2.753509169625892e-01  1.425370525863209e-01  2.673622225811015e-01
  6.299999999999994e+00  -5.418835732410526e+06  4.212929843327816e+05  4.515712167095299e+06  1.829962143489821e+05  6.724045325614724e+05  -1.829431305417109e+06  1.825521063713379e-01  1.386753509576285e-01  2.402901760730202e-01
  6.399999999999993e+00  -4.728650983960927e+06  2.995868835309999e+04  4.516498897963652e+06  4.531636641686900e+05  7.410488284389923e+05  -1.636984937314996e+06  9.913862003062628e-02  1.456928077478875e-01  2.205511515463429e-01
  6.499999999999993e+00  -3.792490212336875e+06  2.473703700458516e+05  3.870021920387943e+06  8.215563402237385e+05  9.800983225668009e+05  -1.028328596717734e+06  4.360613654883261e-02  8.415115570353279e-02  1.394995196459065e-01
  6.599999999999993e+00  -2.970362907624103e+06  5.390219730531194e+05  3.018363607198637e+06  1.051969754318990e+06  1.272701571617979e+06  -6.383131424442667e+05  1.157607448210808e-02  1.994272114832226e-02  8.147169440737966e-02
  6.699999999999992e+00  -2.924802267817205e+06  9.937599081109453e+05  2.657931355228314e+06  1.018689745626752e+06  1.378249210816385e+06  -6.808811492277895e+05  1.929366644989972e-02  -2.638693048114762e-02  5.974583398241323e-02
  6.799999999999992e+00  -3.040281891698753e+06  1.140311973870588e+06  2.551309970111416e+06  1.087910635518339e+06  1.451251138049665e+06  -8.215208615164439e+05  -3.072869706425890e-03  -3.144787805880511e-02  2.935416927607000e-02
  6.899999999999991e+00  -2.877546158328209e+06  9.825445514622757e+05  2.579120121566939e+06  1.366978358655936e+06  1.727579695214638e+06  -7.905240663732117e+05  -4.348404488184694e-02  -1.019404777737573e-02  -2.312486803568656e-02
  6.999999999999991e+00  -2.742883785230684e+06  8.775901132842152e+05  2.912280940438970e+06  1.547046880001957e+06  1.909893143917742e+06  -6.459569330345429e+05  -3.803088028256821e-02  2.674285757918645e-03  -5.095549894195554e-02
  7.099999999999991e+00  -2.793725708953521e+06  8.276662250054033e+05  3.215697810019973e+06  1.329619439447849e+06  1.830866324337064e+06  -5.813006538004640e+05  1.232818541793944e-02  1.488719636433626e-02  -4.999059799998644e-02
  7.199999999999990e+00  -2.900964242154899e+06  8.456079158559494e+05  3.245993847765182e+06  1.065385614884745e+06  1.756053167236852e+06  -6.109430471210113e+05  4.951154368927296e-02  1.408032366902138e-02  -5.798155860320658e-02
  7.299999999999990e+00  -2.914344213804648e+06  9.148677320343900e+05  3.111072627927321e+06  1.024764193165200e+06  1.753001776757042e+06  -6.410085842240112e+05  5.571336336681336e-02  -1.427275641238458e-03  -6.540791797218505e-02
  7.399999999999990e+00  -2.865031748208085e+06  8.502255335595174e+05  2.971086590089966e+06  1.073095361577538e+06  1.696877381007384e+06  -5.105684893238670e+05  6.159806503907251e-02  -3.579349938718038e-03  -7.306141615376373e-02
  7.499999999999989e+00  -2.771788700738523e+06  8.077570036438202e+05  2.936033006237966e+06  1.077485881033214e+06  1.605281856475930e+06  -3.396096192164893e+05  7.713182525504814e-02  1.005858300240485e-03  -6.125106980137023e-02
  7.599999999999989e+00  -2.733863607613763e+06  7.828217122844496e+05  3.111526968305326e+06  1.048538887783809e+06  1.625743107674387e+06  -2.247043796837884e+05  8.536854762991279e-02  1.791209441957376e-04  -4.553411779073793e-02
  7.699999999999989e+00  -2.753003345580676e+06  7.735635285334521e+05  3.343485793384027e+06  1.041692357504576e+06  1.590032756052774e+06  -1.573788964632310e+05  7.520763919463753e-02  -3.814681336138296e-03  -3.389657294225003e-02
  7.799999999999988e+00  -2.876430629598368e+06  7.954485915619072e+05  3.446502837814892e+06  1.010733958658749e+06  1.479677987615796e+06  -1.462496492321643e+05  7.753280010196013e-02  -8.650948570455404e-03  -1.313877713537379e-02
  7.899999999999988e+00  -2.953467778215347e+06  7.197654194282247e+05  3.503125264167553e+06  9.495635584871009e+05  1.411435925768978e+06  -1.139312355482408e+05  7.236091603628522e-02  -1.270148196773659e-02  -5.665029158771909e-03
  7.999999999999988e+00  -3.032218503162205e+06  6.543538032026186e+05  3.645541842415963e+06  9.285674821295370e+05  1.421777112667947e+06  -8.425737796514013e+04  5.642406960973199e-02  -1.504407664435403e-02  -6.998272364852120e-03
  8.099999999999987e+00  -3.154252896630646e+06  7.193060297758072e+05  3.694697409863293e+06  9.030785657057901e+05  1.426314365101168e+06  -8.820961666209725e+04  5.401908443774751e-02  -1.615824634132976e-02  9.504860503109732e-06
  8.199999999999987e+00  -3.161214264118957e+06  7.618045384508652e+05  3.663487293052053e+06  8.694663881675261e+05  1.379208917414029e+06  -9.702806294148874e+04  4.997973100501401e-02  -1.616437761979159e-02  2.815978050471887e-03
  8.299999999999986e+00  -3.164176916222968e+06  7.143955269902722e+05  3.692929505092747e+06  8.912620528238574e+05  1.331327732640237e+06  -1.140813415760648e+05  3.662405350337567e-02  -1.460886998685171e-02  3.866295480146513e-03
  8.399999999999986e+00  -3.268952250597619e+06  7.522285141450698e+05  3.762580855078119e+06  9.093384229840918e+05  1.347163240026097e+06  -1.514561483960105e+05  2.209917891086537e-02  -1.196977406233743e-02  1.141284754280811e-02
  8.499999999999986e+00  -3.412813378486933e+06  7.885272240903620e+05  3.743822036528931e+06  9.230164615568264e+05  1.398490182094569e+06  -2.770165637784405e+05  4.876076012924627e-03  -1.033295564666485e-02  1.889358534516895e-02
  8.599999999999985e+00  -3.496468446591641e+06  7.364007098570308e+05  3.677187383783368e+06  9.715748922101161e+05  1.370731969802541e+06  -4.264408352938201e+05  -1.747861591338280e-02  -1.208340693884008e-02  1.411124059849903e-02
  8.699999999999985e+00  -3.561683064072282e+06  6.945104622908974e+05  3.700063989228752e+06  1.031104872485253e+06  1.391544747625333e+06  -4.821385040582465e+05  -2.815484029092649e-02  -1.154499999538885e-02  8.530139205989933e-03
  8.799999999999985e+00  -3.636380006556481e+06  6.770564741290825e+05  3.707884858310812e+06  1.024655392828424e+06  1.456227183742591e+06  -4.784331398153325e+05  -2.832280942150130e-02  -4.147570538526553e-03  4.466525364802292e-03
  8.899999999999984e+00  -3.621058986270814e+06  6.708385063270857e+05  3.658970153706831e+06  9.591863106876570e+05  1.372240802921198e+06  -4.553045718237335e+05  -3.650286141332862e-02  5.463956560439831e-03  -1.089828618800025e-02
  8.999999999999984e+00  -3.584597344858142e+06  6.531295705571094e+05  3.665841385841600e+06  9.327422332601806e+05  1.275743114346554e+06  -4.581983496398632e+05  -3.794478324304047e-02  1.060532999502499e-02  -1.677409168288541e-02
  9.099999999999984e+00  -3.557332478815779e+06  6.348504777266715e+05  3.650290338056379e+06  9.282701993520499e+05  1.306446929858663e+06  -4.600866900217033e+05  -3.117129205723580e-02  1.010677043332855e-02  -1.185690455911367e-02
  9.199999999999983e+00  -3.549443606404057e+06  6.616795701850951e+05  3.589045233012636e+06  9.271198129061044e+05  1.368812262736954e+06  -3.828847633152443e+05  -2.227713281730680e-02  1.086788533748825e-02  -1.105720492049157e-02
  9.299999999999983e+00  -3.630128293358658e+06  6.933227467090813e+05  3.529281179254252e+06  9.280213452764675e+05  1.331093997001590e+06  -2.659425498177530e+05  -3.316833489622098e-03  1.653811816807186e-02  -1.345927914870282e-02
  9.399999999999983e+00  -3.713205519596781e+06  6.710564272836542e+05  3.519981257953140e+06  9.474014316548115e+05  1.243305733445438e+06  -2.030360609918143e+05  1.334548199615393e-02  1.989515801231994e-02  -1.808221181233367e-02
  9.499999999999982e+00  -3.736899755029199e+06  6.075947313589583e+05  3.482543114973062e+06  9.997547495124763e+05  1.215137360905891e+06  -1.988725896298933e+05  1.170388054021817e-02  1.911210012687651e-02  -2.966075792178657e-02
  9.599999999999982e+00  -3.733121732289541e+06  6.396944227114072e+05  3.453569810696054e+06  1.040072573764413e+06  1.211814191551115e+06  -2.093754885018636e+05  3.040478473420176e-03  1.362500356888916e-02  -3.347867611518754e-02
  9.699999999999982e+00  -3.705169324764305e+06  7.786826130966684e+05  3.549120585575640e+06  1.044258289486518e+06  1.194827787012523e+06  -2.216089999404903e+05  3.050330929095035e-03  7.399149922721518e-03  -1.827631127872474e-02
  9.799999999999981e+00  -3.633110895458104e+06  8.735653022801857e+05  3.683259084806175e+06  1.041567726585803e+06  1.181962854046447e+06  -2.551634676571741e+05  7.255269291833745e-03  8.961889875252082e-03  -1.669519309349433e-03
  9.899999999999981e+00  -3.586014410561982e+06  8.979859740927868e+05  3.742840118712932e+06  1.068570898014238e+06  1.168671925195370e+06  -3.253369946140655e+05  3.386287422772065e-03  1.335229868368751e-02  2.596433960060936e-03
  9.999999999999980e+00  -3.581270172119963e+06  9.260041546915279e+05  3.741306190465395e+06  1.101796162000541e+06  1.165962241393663e+06  -4.027278575745577e+05  -8.555288160392936e-03  1.181888494834784e-02  1.058024129764918e-03
  1.009999999999998e+01  -3.583685296724277e+06  9.478736635139635e+05  3.702801185700814e+06  1.084546330407207e+06  1.180236305710942e+06  -4.544131771946478e+05  -2.080729303355265e-02  4.807737138583320e-03  -2.369344161046195e-03
  1.019999999999998e+01  -3.571392291274208e+06  9.482755214095919e+05  3.672773354861166e+06  1.024375842585468e+06  1.189310045582947e+06  -4.900903668949375e+05  -2.788519847673359e-02  -1.547012301875975e-03  -7.838752563849709e-03
  1.029999999999998e+01  -3.549680011466995e+06  9.409967495138225e+05  3.682807535017296e+06  9.887360692078148e+05  1.199413357937374e+06  -5.177887060159619e+05  -2.948184234021099e-02  -2.680749655785826e-03  -1.262368145966102e-02
  1.039999999999998e+01  -3.540875295664044e+06  9.437179683824850e+05  3.735190498073231e+06  1.004611882516907e+06  1.227223011177867e+06  -5.207927520335110e+05  -2.696764884857305e-02  -7.767425229863137e-04  -1.170885762078460e-02
  1.049999999999998e+01  -3.567849983056029e+06  9.707343803667559e+05  3.816028074811624e+06  1.025416195857690e+06  1.267672550605225e+06  -4.968302538820616e+05  -1.914171084422713e-02  1.678955478428651e-03  -2.570531439361060e-03
  1.059999999999998e+01  -3.619749964835931e+06  1.008510530520419e+06  3.917452794343019e+06  1.015727704288839e+06  1.313232625061608e+06  -4.767947775703279e+05  -8.289706704988461e-03  5.458479522480342e-03  1.085043006664163e-02
  1.069999999999998e+01  -3.655643068451288e+06  1.020502577411424e+06  4.043580393472426e+06  9.970305796096768e+05  1.350606411227701e+06  -4.917269775302747e+05  -2.637026538366850e-03  1.062467608613448e-02  2.103277553683549e-02
  1.079999999999998e+01  -3.657877201607815e+06  9.926905349007698e+05  4.195758731174538e+06  9.835860579460139e+05  1.361721596291782e+06  -5.347784792260561e+05  -5.144209313331631e-03  1.506824640155846e-02  2.672384807672690e-02
  1.089999999999998e+01  -3.667367882451730e+06  9.393976467804593e+05  4.357764811395880e+06  9.529082777169561e+05  1.358852166003035e+06  -5.967860667143631e+05  -9.386073514402210e-03  1.743469573526777e-02  3.288964007702173e-02
  1.099999999999998e+01  -3.714712709309106e+06  8.923979101152206e+05  4.510783601268570e+06  9.020851140093859e+05  1.354766473172683e+06  -6.757926363199519e+05  -1.007488949287015e-02  1.765217401616910e-02  4.067812046536459e-02
  1.109999999999998e+01  -3.774447503683908e+06  8.708092277094902e+05  4.646068555379295e+06  8.716580744640464e+05  1.348990281942232e+06  -7.391472458071900e+05  -8.151233848520036e-03  1.603154303038728e-02  4.825757478466088e-02
  1.119999999999998e+01  -3.818098407416181e+06  8.646844833081660e+05  4.746450708161170e+06  8.783167923158814e+05  1.356718714463814e+06  -7.598011143428552e+05  -7.354654780863128e-03  1.338739701966848e-02  5.606223014666554e-02
  1.129999999999998e+01  -3.858754051734674e+06  8.552776640201883e+05  4.784511854893799e+06  8.836943493917735e+05  1.382338707633406e+06  -7.581466440683253e+05  -8.755621207632647e-03  1.128374051398234e-02  6.129480179912681e-02
  1.139999999999998e+01  -3.903927010439476e+06  8.341012422702078e+05  4.776478231493568e+06  8.597408129641837e+05  1.403317147759842e+06  -7.633242387440274e+05  -9.611251162432832e-03  1.067802914933953e-02  5.987217899863956e-02
  1.149999999999998e+01  -3.927709859338074e+06  7.936494423946410e+05  4.752858308207359e+06  8.258574401984679e+05  1.416640005305090e+06  -7.796388716591886e+05  -8.461757270124517e-03  1.022574715084188e-02  5.308024567082475e-02
  1.159999999999997e+01  -3.918784207413489e+06  7.342259988897948e+05  4.717410584896101e+06  8.112375414161913e+05  1.438962822602998e+06  -7.867524847850091e+05  -5.688143132110424e-03  8.939722768542000e-03  4.602455613391014e-02
  1.169999999999997e+01  -3.896350355259411e+06  6.833900644959995e+05  4.682031461546510e+06  8.206511649425657e+05  1.459632525202916e+06  -7.639449297402198e+05  -1.003710257665634e-03  8.273832210482505e-03  4.241344184269431e-02
  1.179999999999997e+01  -3.877811534190608e+06  6.586962879289582e+05  4.660509302459738e+06  8.379154830213835e+05  1.460898015861825e+06  -7.226308580146980e+05  5.334983347247500e-03  8.452239398055852e-03  4.227917041408259e-02
  1.189999999999997e+01  -3.862764248500363e+06  6.461047667586445e+05  4.643605660169812e+06  8.445183876108885e+05  1.456100879856136e+06  -6.961308277444431e+05  1.209518686345995e-02  7.854738432854273e-03  4.303777236978301e-02
  1.199999999999997e+01  -3.846978266314692e+06  6.384401873797966e+05  4.623149473139245e+06  8.334594314485843e+05  1.459025392463838e+06  -6.953643744943541e+05  1.794250669310183e-02  5.816917732813758e-03  4.160512169760273e-02
  1.209999999999997e+01  -3.833781950566884e+06  6.440864501345555e+05  4.601489392037923e+06  8.144084524464251e+05  1.461834863963190e+06  -6.991558760023790e+05  2.206495601781867e-02  4.012838774124587e-03  3.725861151177026e-02
  1.219999999999997e+01  -3.822857585117054e+06  6.624510841847220e+05  4.575626261685627e+06  8.040833545576446e+05  1.456821711066405e+06  -6.903076910014176e+05  2.361689339190830e-02  3.646842877988956e-03  3.202695337802069e-02
  1.229999999999997e+01  -3.801520394858069e+06  6.773153774529925e+05  4.530997557042414e+06  8.124633668601315e+05  1.444804804921711e+06  -6.796294528659311e+05  2.087069610752699e-02  2.342604262648016e-03  2.752037510577419e-02
  1.239999999999997e+01  -3.765994356843133e+06  6.772873516553758e+05  4.453396183522508e+06  8.397301350209453e+05  1.424212479038407e+06  -6.915298361650732e+05  1.331607425168895e-02  -2.859506090225853e-03  2.289300733714453e-02
  1.249999999999997e+01  -3.735690063021441e+06  6.726337939346675e+05  4.344961561750623e+06  8.762365008010048e+05  1.389495064445605e+06  -7.360131697167081e+05  3.076508641939854e-03  -1.063022217660116e-02  1.628214086445049e-02
  1.259999999999997e+01  -3.719786558017170e+06  6.747713961097024e+05  4.218809032414733e+06  9.054605924758679e+05  1.338815547614264e+06  -7.938565745378826e+05  -7.162358924740451e-03  -1.731028808609129e-02  7.317971519149828e-03
  1.269999999999997e+01  -3.698286818808867e+06  6.783337350695471e+05  4.097646012336069e+06  9.172474252637562e+05  1.283146383223584e+06  -8.343296915603409e+05  -1.548672091621799e-02  -2.162282878898513e-02  -1.347801549259050e-03
  1.279999999999997e+01  -3.656996557477062e+06  6.801870957543338e+05  4.012455043202121e+06  9.169309113243025e+05  1.238997309056563e+06  -8.466941315591041e+05  -2.011137499806502e-02  -2.436762968937852e-02  -6.405688783347051e-03
  1.289999999999997e+01  -3.619158453874013e+06  6.896134222926995e+05  3.977951059601793e+06  9.152164678585683e+05  1.209612585828439e+06  -8.395306234837227e+05  -2.048789741927649e-02  -2.584703290354281e-02  -8.492344532222787e-03
  1.299999999999997e+01  -3.614637334151802e+06  7.151179836006943e+05  3.992063228948636e+06  9.118198989514794e+05  1.191368008479044e+06  -8.185556880407896e+05  -1.780045369391414e-02  -2.533423867159982e-02  -1.018173488131984e-02
  1.309999999999997e+01  -3.644042927695143e+06  7.455919100271006e+05  4.035332148331467e+06  9.001469875229761e+05  1.190265929486494e+06  -7.878743132534445e+05  -1.368478627898563e-02  -2.257444642161497e-02  -1.149062327614518e-02
  1.319999999999997e+01  -3.681984159411742e+06  7.552697082473763e+05  4.067868035904614e+06  8.847078515344423e+05  1.210892289334718e+06  -7.570751439733182e+05  -9.609829967665453e-03  -1.903748480662261e-02  -1.138667939790407e-02
  1.329999999999997e+01  -3.698081220846309e+06  7.409470178718584e+05  4.065325131793595e+06  8.772801507327073e+05  1.242207698377695e+06  -7.336099790447172e+05  -6.696482674538414e-03  -1.632899877058368e-02  -1.048002338571405e-02
  1.339999999999997e+01  -3.689044096637118e+06  7.266613675074439e+05  4.037034644157962e+06  8.772947403642049e+05  1.270112668210950e+06  -7.200340147943948e+05  -5.600861024670757e-03  -1.379256653297390e-02  -1.019455533232003e-02
  1.349999999999997e+01  -3.676100373301459e+06  7.246041007636571e+05  4.004188519585298e+06  8.711252869211818e+05  1.293901204204694e+06  -7.137770754414632e+05  -6.153373627542771e-03  -9.761417295031168e-03  -1.088176286518797e-02
  1.359999999999997e+01  -3.674316556784447e+06  7.244557032647590e+05  3.983514737572311e+06  8.526666313140248e+05  1.321278486543401e+06  -7.055486799721984e+05  -7.190926986661665e-03  -4.337374455550142e-03  -1.190736256223799e-02
  1.369999999999997e+01  -3.688785600619788e+06  7.246058063458913e+05  3.987339596595311e+06  8.314498280218351e+05  1.351043423119619e+06  -6.846724489472237e+05  -7.405404657171345e-03  1.067814309345097e-03  -1.300722061454719e-02
  1.379999999999997e+01  -3.725063756600208e+06  7.418453450361468e+05  4.016214304984580e+06  8.216908809361808e+05  1.368744516151647e+06  -6.518062201238923e+05  -6.202337070478589e-03  5.296297962354757e-03  -1.428607304492402e-02
  1.389999999999997e+01  -3.777478183645239e+06  7.838357084821420e+05  4.050382691134321e+06  8.303418779698759e+05  1.362491182629530e+06  -6.238760245309202e+05  -4.141176550720342e-03  7.324217804022264e-03  -1.552809122740639e-02
  1.399999999999997e+01  -3.815801115273871e+06  8.320348182428502e+05  4.064455593498026e+06  8.510263267856808e+05  1.339853280012866e+06  -6.180283785204020e+05  -2.347661058077937e-03  6.300265125456519e-03  -1.614938948432922e-02
  1.409999999999997e+01  -3.809970558143479e+06  8.596454202215287e+05  4.050920028616957e+06  8.684266765207208e+05  1.322337293271280e+06  -6.329456063278910e+05  -1.414814833461784e-03  2.794375924493372e-03  -1.558857524955428e-02
  1.419999999999997e+01  -3.765207605033670e+06  8.604176150984002e+05  4.023498969916868e+06  8.705621894659883e+05  1.321447643186373e+06  -6.526691851139653e+05  -1.224437993249357e-03  -7.724745699288388e-04  -1.388963978797377e-02
  1.429999999999997e+01  -3.717982399056691e+06  8.511146536163469e+05  4.001384750533758e+06  8.578946087726662e+05  1.327698320853708e+06  -6.639735646081810e+05  -1.217422329307347e-03  -2.020254072160515e-03  -1.202468398818970e-02
  1.439999999999996e+01  -3.699616933210754e+06  8.485546909216789e+05  3.995098111091534e+06  8.412574296237088e+05  1.324846639803668e+06  -6.640379250925838e+05  -7.140576027501484e-04  -8.042023032868437e-04  -1.126976669605575e-02
  1.449999999999996e+01  -3.711568932770932e+06  8.549591606446482e+05  4.006090399050873e+06  8.324420378692606e+05  1.308069396954395e+06  -6.554732789502749e+05  6.668192595699212e-04  9.567003395088108e-04  -1.192479652411372e-02
  1.459999999999996e+01  -3.733577437645189e+06  8.639105322261128e+05  4.032502686928447e+06  8.365475051510639e+05  1.287046036763021e+06  -6.419884595444895e+05  2.788999077238721e-03  1.367403067072774e-03  -1.266207532564443e-02
  1.469999999999996e+01  -3.746781738295916e+06  8.700191117043841e+05  4.069032280572455e+06  8.495405311010655e+05  1.276186573135467e+06  -6.300577574474752e+05  5.037051933539370e-03  3.049649783435616e-04  -1.163246689932000e-02
  1.479999999999996e+01  -3.746044510589964e+06  8.702415541023018e+05  4.103053481748527e+06  8.614811159026226e+05  1.281652395428088e+06  -6.257514753265685e+05  6.894268052213067e-03  -7.162845351052362e-04  -8.613713824663216e-03
  1.489999999999996e+01  -3.735828620513659e+06  8.634543557677441e+05  4.119535505327838e+06  8.642920874785156e+05  1.295348821465826e+06  -6.275989496682831e+05  8.545847000328236e-03  -3.758470495567972e-04  -5.549379622955479e-03
  1.499999999999996e+01  -3.722972880517396e+06  8.540504783889044e+05  4.114064213895942e+06  8.593753675320529e+05  1.303957272290936e+06  -6.306178683015448e+05  1.024193792448522e-02  1.171192539761258e-03  -4.480078248839627e-03
  1.509999999999996e+01  -3.714231339828053e+06  8.513939114541676e+05  4.097269985813432e+06  8.571025481611138e+05  1.302717358420905e+06  -6.354739866707062e+05  1.122594434987172e-02  2.848180147974343e-03  -5.416455356011442e-03
  1.519999999999996e+01  -3.713168717604581e+06  8.596708368983263e+05  4.085101508575542e+06  8.661095297240788e+05  1.296127158361439e+06  -6.457323085277940e+05  1.007451812072630e-02  3.730158723772967e-03  -6.560315249459817e-03
  1.529999999999996e+01  -3.716425436872617e+06  8.696621772369797e+05  4.085486893003014e+06  8.842609077540797e+05  1.289518886619257e+06  -6.588695629819817e+05  6.142452062384496e-03  3.527478751084547e-03  -6.382226761977842e-03
  1.539999999999996e+01  -3.716486085102377e+06  8.670315474282976e+05  4.092802168498444e+06  9.015403461084589e+05  1.285633436997054e+06  -6.667224531604463e+05  5.189739277850345e-04  2.555290041584897e-03  -5.198194028446594e-03
  1.549999999999996e+01  -3.710449898501809e+06  8.491706767062522e+05  4.095158493401423e+06  9.098464483241813e+05  1.286355756172801e+06  -6.659633023691089e+05  -4.534546876541662e-03  1.420474626236664e-03  -4.444473418334019e-03
  1.559999999999996e+01  -3.701933100001070e+06  8.291187404312636e+05  4.088095732429281e+06  9.082547191788210e+05  1.293727451061066e+06  -6.636965735099916e+05  -7.261735301757032e-03  8.350258509242642e-04  -4.626427783400533e-03
  1.569999999999996e+01  -3.697218810553291e+06  8.198448905493818e+05  4.077524940515351e+06  9.001307472603103e+05  1.307703204033739e+06  -6.692080507866303e+05  -7.530225875887751e-03  1.304556295055402e-03  -4.778819641673554e-03
  1.579999999999996e+01  -3.702927877808930e+06  8.204838830388166e+05  4.072349359207749e+06  8.882814775677406e+05  1.322770838998751e+06  -6.827926613495854e+05  -6.501112450924426e-03  2.577371078791801e-03  -3.734845110356658e-03
  1.589999999999996e+01  -3.723190501789132e+06  8.218230844079473e+05  4.079253914216266e+06  8.742831265434866e+05  1.329924001146314e+06  -6.952642955415470e+05  -5.372460622701534e-03  3.652692859944746e-03  -1.090658918061115e-03
  1.599999999999996e+01  -3.755545113724089e+06  8.183178211466548e+05  4.098854722077406e+06  8.608704383389145e+05  1.324231205171876e+06  -6.974156451777546e+05  -4.468188910488121e-03  3.522698850781633e-03  2.711744211263819e-03
  1.609999999999996e+01  -3.788932822423054e+06  8.102154875205636e+05  4.122236911520867e+06  8.520356574200324e+05  1.309661980147599e+06  -6.892961755925482e+05  -3.609383031554294e-03  1.852149273407469e-03  6.523824879290423e-03
  1.619999999999996e+01  -3.807575419213286e+06  7.977292311665810e+05  4.135007668120360e+06  8.497429762958800e+05  1.297026044803816e+06  -6.798845676141026e+05  -2.873180729930246e-03  -7.304161482048585e-04  8.986846574255037e-03
  1.629999999999996e+01  -3.800866509462958e+06  7.797767992388910e+05  4.128202294307175e+06  8.518224458272167e+05  1.296654465211250e+06  -6.770154345066352e+05  -2.422409404661512e-03  -2.858591257746070e-03  9.412611903496876e-03
  1.639999999999996e+01  -3.773141635737921e+06  7.593357177150662e+05  4.105499074165285e+06  8.545245573206642e+05  1.310333388782030e+06  -6.787208022530816e+05  -1.906125693507564e-03  -3.401554587960517e-03  8.235270009689549e-03
  1.649999999999996e+01  -3.742159229471468e+06  7.450323955184838e+05  4.079973777393797e+06  8.562033810857736e+05  1.329564222426384e+06  -6.764405342528993e+05  -7.263311270984403e-04  -2.405011677413828e-03  6.457895829699680e-03
  1.659999999999997e+01  -3.724522117818588e+06  7.438757788392216e+05  4.063630225300789e+06  8.570078797577878e+05  1.342647977095857e+06  -6.658868561269892e+05  1.089373404680803e-03  -8.751940819536865e-04  4.773248138751240e-03
  1.669999999999997e+01  -3.723334148688612e+06  7.533118843972675e+05  4.059681638129319e+06  8.566864593876717e+05  1.343928521488538e+06  -6.510770104554987e+05  2.731488643025212e-03  2.021070999289470e-04  3.333776416301075e-03
  1.679999999999997e+01  -3.730416245093466e+06  7.632468649771502e+05  4.064308663717015e+06  8.546911874091489e+05  1.336441637587239e+06  -6.377618769026397e+05  3.341233352536562e-03  4.188440007088331e-04  2.154788155220701e-03
  1.689999999999997e+01  -3.737288853450275e+06  7.660765720378819e+05  4.073269737779125e+06  8.514141073411384e+05  1.327117615127587e+06  -6.278507319829807e+05  2.670619322510996e-03  -1.892287508065779e-04  1.436647704736164e-03
  1.699999999999997e+01  -3.741409721293864e+06  7.629955060208363e+05  4.084321125808225e+06  8.479903227534869e+05  1.321318116903037e+06  -6.213466366135625e+05  1.244883148361912e-03  -1.294144350472573e-03  1.333691864343672e-03
  1.709999999999997e+01  -3.744610714284810e+06  7.602853668850788e+05  4.094052802955641e+06  8.455436134432078e+05  1.321258050859707e+06  -6.191190217782445e+05  1.345491391445016e-04  -2.232692779938553e-03  1.490229273486142e-03
  1.719999999999997e+01  -3.748693516681834e+06  7.622793469529850e+05  4.097866262013080e+06  8.451607158581067e+05  1.326834770243737e+06  -6.210442651439956e+05  3.918394127479185e-04  -2.230193371964233e-03  1.187460941257695e-03
  1.729999999999998e+01  -3.752854994382109e+06  7.683244115222387e+05  4.094827987326934e+06  8.478083419950280e+05  1.336699225160444e+06  -6.238167700188159e+05  2.397372258912262e-03  -9.171164428232610e-04  7.930946205786630e-05
  1.739999999999998e+01  -3.754505703094960e+06  7.740807623592819e+05  4.089110939626958e+06  8.532458835249771e+05  1.348260117743484e+06  -6.242894502069753e+05  5.469711809504576e-03  1.269181564356675e-03  -1.417077015279662e-03
  1.749999999999998e+01  -3.751790695303910e+06  7.751098769139796e+05  4.086011273285612e+06  8.593681282869645e+05  1.357361355342693e+06  -6.242279895607678e+05  8.076089292620945e-03  3.226328582828211e-03  -2.468013488301811e-03
  1.759999999999998e+01  -3.745224399411324e+06  7.706911703508418e+05  4.087472969367403e+06  8.630985522064667e+05  1.359813828463801e+06  -6.279059270577129e+05  8.845974187083293e-03  3.907734297401843e-03  -2.453949067446924e-03
  1.769999999999998e+01  -3.737442336568545e+06  7.648640144021891e+05  4.090145059149267e+06  8.624269047549363e+05  1.354520007765215e+06  -6.347414523803520e+05  7.627043948273679e-03  3.072783130637675e-03  -1.431955863198093e-03
  1.779999999999998e+01  -3.731217962854104e+06  7.636821252713861e+05  4.088371364322314e+06  8.581688795605134e+05  1.344778484221536e+06  -6.379024334279030e+05  5.370960822595023e-03  1.387177006128212e-03  -9.175211509043050e-05
  1.789999999999998e+01  -3.727788498105273e+06  7.702788833205040e+05  4.080094703884343e+06  8.539017796378398e+05  1.336279503086198e+06  -6.316578025477527e+05  3.059816898216090e-03  -1.736157264091381e-04  7.613728465849872e-04
  1.799999999999999e+01  -3.726931304428909e+06  7.818720342503614e+05  4.068820857225366e+06  8.536288278344327e+05  1.333424291413784e+06  -6.179531712466929e+05  1.075697024420908e-03  -1.010003316188878e-03  6.755410367355199e-04
  1.809999999999999e+01  -3.727881011661080e+06  7.924274458974112e+05  4.059837191806559e+06  8.588916420794065e+05  1.336554240738147e+06  -6.045532545891949e+05  -5.435794615428329e-04  -1.167215867871075e-03  -2.925671946837566e-04
  1.819999999999999e+01  -3.730016656436683e+06  7.986680874949815e+05  4.056062122349084e+06  8.676666518892234e+05  1.341981281344130e+06  -5.983878068317587e+05  -1.747304845214666e-03  -1.120293510859376e-03  -1.657284766294453e-03
  1.829999999999999e+01  -3.733176002426563e+06  8.023700953637748e+05  4.057299277091456e+06  8.760709747948422e+05  1.344808990264454e+06  -6.018210961324316e+05  -2.474815853241892e-03  -1.347620413797751e-03  -2.769299374778634e-03
  1.839999999999999e+01  -3.737358724405535e+06  8.066745219343873e+05  4.062109237563192e+06  8.811078410260531e+05  1.342696824582373e+06  -6.133485784800699e+05  -2.721883985158967e-03  -1.923592554192079e-03  -3.161061557274251e-03
  1.849999999999999e+01  -3.741692075327410e+06  8.113379518948409e+05  4.068985041028017e+06  8.820308308719108e+05  1.337728075865215e+06  -6.290105643265953e+05  -2.457649553640820e-03  -2.411116181931381e-03  -2.815061951426240e-03
  1.859999999999999e+01  -3.744097552839526e+06  8.127826140017919e+05  4.076172502093168e+06  8.795639072812414e+05  1.334181568786209e+06  -6.432234619990548e+05  -1.582605392897614e-03  -2.263041986390804e-03  -2.167557032758532e-03
  1.870000000000000e+01  -3.742727562190747e+06  8.086796762610913e+05  4.081920874791490e+06  8.747004872858106e+05  1.333905958022329e+06  -6.511680827601616e+05  -1.249864581971478e-04  -1.386376974875177e-03  -1.778220532868088e-03
  1.880000000000000e+01  -3.738207011580802e+06  8.013978857400792e+05  4.085310723705219e+06  8.685768755279997e+05  1.334363383121143e+06  -6.519219451932284e+05  1.579862342068112e-03  -2.183684874059985e-04  -1.906123519673972e-03
  1.890000000000000e+01  -3.734136224580858e+06  7.966087422069928e+05  4.086542958056777e+06  8.630498950389171e+05  1.331617982716238e+06  -6.487032569707846e+05  3.002668653516678e-03  7.469976420843639e-04  -2.324966866447074e-03
  1.900000000000000e+01  -3.734671792405598e+06  7.990129169651334e+05  4.086440450789569e+06  8.604628194851684e+05  1.324843261164644e+06  -6.459505525635042e+05  3.687139080044143e-03  1.409659610076922e-03  -2.546022617026793e-03
  1.910000000000000e+01  -3.741746354054690e+06  8.089681285393306e+05  4.085506190415123e+06  8.623913397755621e+05  1.317231716937370e+06  -6.465827990854869e+05  3.419157863406163e-03  1.959405784571039e-03  -2.253215749179751e-03
  1.920000000000000e+01  -3.753852527388422e+06  8.223336958633361e+05  4.084119153726336e+06  8.684821488601834e+05  1.312315441329924e+06  -6.512066280143483e+05  2.227191687322147e-03  2.405996110675143e-03  -1.520176522330243e-03
  1.930000000000000e+01  -3.766781071845647e+06  8.328164245463142e+05  4.083010967841261e+06  8.764920159158754e+05  1.310313477986080e+06  -6.582984185858930e+05  3.764103403743901e-04  2.367901291175820e-03  -6.721192514266134e-04
  1.940000000000001e+01  -3.775817506880742e+06  8.352199344175684e+05  4.082591281115465e+06  8.835399361993062e+05  1.308874850859246e+06  -6.645466236599311e+05  -1.615387044312271e-03  1.433963216730051e-03  -4.574179039580028e-05
  1.950000000000001e+01  -3.777922476416159e+06  8.283559157091489e+05  4.082215795421351e+06  8.874430881782025e+05  1.306726955089755e+06  -6.664336881702015e+05  -3.147077007254092e-03  -3.102511798593168e-04  1.756608918645250e-04
  1.960000000000001e+01  -3.772848439657317e+06  8.157535381387081e+05  4.081269477239138e+06  8.873591343746958e+05  1.305512147582135e+06  -6.628615241030002e+05  -3.894980465634460e-03  -2.210327602446247e-03  3.412403801326116e-05
  1.970000000000001e+01  -3.762946062467820e+06  8.031549950943383e+05  4.080391051020917e+06  8.837997010648247e+05  1.307757388979376e+06  -6.559966284619253e+05  -4.002909020696790e-03  -3.499457437761578e-03  -2.768912710861244e-04
  1.980000000000001e+01  -3.751663155420959e+06  7.947997318204808e+05  4.080837393914165e+06  8.782761434629770e+05  1.313684669729874e+06  -6.490159700467609e+05  -3.847170196425965e-03  -3.783355329297996e-03  -5.911384677716789e-04
  1.990000000000001e+01  -3.741730215990840e+06  7.914981735444483e+05  4.082640911410863e+06  8.726712897012826e+05  1.320536043474635e+06  -6.434164102277148e+05  -3.650822642469309e-03  -3.155925895600563e-03  -8.977096143748188e-04
