TITLE = "Temporal Signal for receiver number 03694"
VARIABLES = "Time","xx","yy","zz","xy","yz","xz","u","v","w"
# x1       3.523510910000e+05
# x2       4.734261220000e+06
# x3       -9.000000000000e+03
  0.000000000000000e+00  0.000000000000000e+00  0.000000000000000e+00  0.000000000000000e+00  0.000000000000000e+00  0.000000000000000e+00  0.000000000000000e+00  0.000000000000000e+00  0.000000000000000e+00  0.000000000000000e+00
  1.000000000000000e-01  0.000000000000000e+00  0.000000000000000e+00  0.000000000000000e+00  0.000000000000000e+00  0.000000000000000e+00  0.000000000000000e+00  0.000000000000000e+00  0.000000000000000e+00  0.000000000000000e+00
  2.000000000000000e-01  0.000000000000000e+00  0.000000000000000e+00  0.000000000000000e+00  0.000000000000000e+00  0.000000000000000e+00  0.000000000000000e+00  0.000000000000000e+00  0.000000000000000e+00  0.000000000000000e+00
  3.000000000000000e-01  -2.595964481368345e-32  -3.822747269402759e-32  5.230764235304492e-32  3.105289527017456e-32  4.567185202620737e-33  1.004991106667276e-32  -4.170497059133571e-39  3.595339179110094e-39  -4.635811573722405e-39
  4.000000000000000e-01  -4.797496322421811e-16  -1.812517615779986e-16  -3.154021511975330e-16  -2.771001118714770e-17  -5.218731506382222e-17  -2.738788361703270e-16  -5.542019641070216e-23  -1.716920008769676e-24  -3.962334274299246e-23
  5.000000000000000e-01  8.070680960904341e-13  2.230528879582025e-13  4.289085023040939e-13  -6.667382453291440e-14  5.840959932369658e-14  3.530425613525772e-13  7.977809593345712e-20  7.821695615918770e-21  6.621548075712310e-20
  6.000000000000000e-01  -1.171758549194167e-10  -6.561619326043521e-11  -1.150477817501376e-10  -1.795557467693499e-11  -1.612821815686354e-11  -3.144737276929833e-11  -1.087892798157370e-17  -4.734017372612525e-18  -4.912575212382187e-18
  7.000000000000000e-01  9.422031849942041e-10  2.373509664631497e-09  5.674071021787512e-09  1.261640955212447e-09  9.839324959419019e-10  4.872691354936818e-10  1.465530847187213e-16  1.492354671104270e-16  2.249343237498040e-17
  7.999999999999999e-01  1.277468158500153e-07  5.583627797955338e-08  6.929675676638161e-08  2.900163867396318e-09  2.030035937836345e-09  3.039091125829686e-08  9.465955215312182e-15  9.381098634252952e-16  7.274790116884313e-15
  8.999999999999999e-01  4.948449068906593e-07  -2.625926981505407e-08  -1.628106946520846e-07  -3.798393902162868e-08  -1.904013290179245e-07  3.059699219278733e-07  4.872934055048970e-14  -3.533564402404975e-15  6.832901134907440e-14
  9.999999999999999e-01  -3.729508047884305e-06  -3.836186780446844e-06  -5.998837976274920e-06  -6.738960237067548e-07  -1.635915634574656e-07  7.919961483269085e-08  -2.745036958800439e-13  4.803539800132456e-14  -3.801919519909202e-14
  1.100000000000000e+00  -1.253095720269323e-06  -6.668327370531728e-06  -3.418252205479464e-05  -1.096953803489431e-05  7.984361378227605e-06  -5.531114254192640e-06  -1.031077309522746e-12  3.224928935379223e-13  -1.141680166593988e-12
  1.200000000000000e+00  1.988101397240286e-04  7.396182058170312e-05  -1.106704153370810e-04  -5.124925307905847e-05  4.616880597584710e-05  -6.616344957553728e-05  7.921691011066385e-12  3.028114748827611e-12  -9.244378630138026e-12
  1.300000000000000e+00  7.969671110702905e-04  2.195666232345563e-04  -4.197343390135168e-04  -1.466029341042100e-04  1.636483966750582e-04  -5.113536981575432e-04  2.863378953926388e-11  1.258389986065322e-11  -8.477785722072803e-11
  1.400000000000000e+00  1.427696587873505e-03  6.222742961108800e-05  -7.499188509294478e-04  -2.349448981867263e-04  1.622072839207178e-04  -2.003818748836792e-03  4.754101864151460e-11  2.109766757894500e-11  -3.366876361286349e-10
  1.500000000000000e+00  1.417551828936645e-02  4.346126728295538e-03  6.501234348572331e-03  -5.414474560016644e-04  -1.032574558630845e-03  -4.149233236497388e-04  1.045692997478371e-09  1.962976966028354e-10  -5.908194146846150e-12
  1.600000000000000e+00  2.751757424349726e-02  5.979356514818177e-03  2.209920286667559e-02  1.926688582034930e-03  -1.368458940771447e-03  4.749832299909392e-03  2.658943242054373e-09  1.197519808211709e-09  4.936214026551442e-10
  1.700000000000000e+00  7.723575408249118e-02  3.642165372449677e-02  5.915354505581193e-02  -1.009849453403916e-02  -3.369260521986446e-02  8.410733526673224e-02  6.817370296986563e-09  1.436936110451075e-09  2.014275836080363e-08
  1.800000000000000e+00  3.472818678043706e-01  8.123299729157497e-02  3.729215902952022e-02  -4.161536330180957e-02  1.274203785487052e-01  8.988497204362425e-02  1.778359310664551e-08  7.925612188949960e-09  1.452521347300379e-09
  1.900000000000001e+00  -7.261902898215958e+00  -2.428412046247829e+00  -3.159666442982243e+00  4.287518112235881e-01  2.166459150919568e-01  -2.148236349128751e+00  -5.048519122863816e-07  -5.914045641916634e-08  -3.240098654711638e-07
  2.000000000000000e+00  3.188676525265819e+01  1.199108348881819e+01  1.757668093405379e+01  -1.725448247325306e+00  -8.707825331787098e-01  9.586192756996985e+00  2.204860103356434e-06  2.142974202711650e-08  1.274533916641730e-06
  2.100000000000001e+00  -2.188512539984164e+02  -9.284160169920642e+01  -1.379031211769182e+02  1.230672825476919e+01  7.232067954265808e+00  -7.573412918663317e+01  -1.559835805648553e-05  1.312829158429534e-06  -9.382760366407054e-06
  2.200000000000001e+00  -9.759343891251941e+02  -3.996612411883029e+02  -6.180838401848790e+02  8.150758539238822e+01  4.813988955279627e+01  -3.611950999455190e+02  -6.976348352051296e-05  9.769643350917615e-06  -4.338235178378610e-05
  2.300000000000001e+00  -1.499729103537721e+03  -5.690253953470935e+02  -9.331547635604733e+02  1.734289778343309e+02  1.039821631727352e+02  -6.137707991390447e+02  -1.078264312001016e-04  1.962889440984169e-05  -6.998260537875117e-05
  2.400000000000001e+00  -1.434345034717096e+03  -4.555097862086507e+02  -8.336919169995798e+02  2.594550102187380e+02  1.447119553110505e+02  -7.090800342984312e+02  -1.050146037286227e-04  2.755621048187757e-05  -6.919692582239446e-05
  2.500000000000001e+00  -2.010304890205393e+03  -5.927584584270392e+02  -1.104213511581613e+03  3.819069089674725e+02  2.216556096844443e+02  -1.065213216182841e+03  -1.492547242521905e-04  3.879973944333303e-05  -9.789680683757283e-05
  2.600000000000001e+00  -2.722951425742128e+03  -7.491461034055926e+02  -1.433733097588270e+03  5.553423657072251e+02  3.097554259171536e+02  -1.484081949720145e+03  -2.018047324440903e-04  5.306589762989182e-05  -1.300834257839846e-04
  2.700000000000001e+00  -3.216123697382313e+03  -8.050866878104466e+02  -1.792939796311930e+03  7.670765668243520e+02  4.131801648056233e+02  -1.986298204326511e+03  -2.411502771151580e-04  7.840758068685573e-05  -1.625428567961286e-04
  2.800000000000001e+00  -8.590335767537739e+03  -2.804415097790560e+03  -4.825538359175132e+03  1.279876510124093e+03  8.355975291153500e+02  -4.111847148692319e+03  -6.297050196908552e-04  1.216372395364739e-04  -4.153298320988183e-04
  2.900000000000001e+00  -1.801347175018538e+04  -6.136877448970237e+03  -1.035263800180547e+04  2.607822988865747e+03  1.284447494091602e+03  -8.149948842824156e+03  -1.294335680311439e-03  2.544414656183338e-04  -8.119638512937871e-04
  3.000000000000001e+00  -6.225569387690895e+04  -2.405030408254655e+04  -3.893926048032481e+04  6.776935784389856e+03  3.545181944542569e+03  -2.601633166515375e+04  -4.526485370968467e-03  8.602145886397619e-04  -2.859594361229391e-03
  3.100000000000001e+00  -2.494427897687166e+05  -9.366844527579378e+04  -1.356699504810178e+05  2.158400462367339e+04  1.183957285560866e+04  -7.720141977510642e+04  -1.769367716033645e-02  2.135150297328621e-03  -8.590743859280450e-03
  3.200000000000002e+00  -6.435700400718257e+05  -2.308903912907273e+05  -3.254246881137455e+05  6.220420417917991e+04  2.861568225471373e+04  -2.228527169504914e+05  -4.555411632483607e-02  6.802584173422191e-03  -2.371571235971313e-02
  3.300000000000002e+00  -1.825595937528819e+06  -5.898529052879013e+05  -7.118219734263775e+05  1.705672197065619e+05  5.228156567738106e+04  -3.746132062164794e+05  -1.269214384969451e-01  1.713310739195488e-02  -3.700192046786507e-02
  3.400000000000002e+00  -1.363266250448211e+06  -2.909608858955693e+05  -3.672307878664781e+05  1.776483939318547e+05  4.831614452111888e+04  -3.938073626458731e+05  -9.294939968856226e-02  1.567184569606388e-02  -3.129600708979337e-02
  3.500000000000002e+00  -1.277193306754171e+06  -1.189543344753881e+05  -1.690998528761493e+05  2.061608715381066e+05  5.330177569483525e+04  -4.686347961696319e+05  -8.522847288851962e-02  1.649783720007498e-02  -3.185003867906731e-02
  3.600000000000002e+00  -1.604116791251808e+06  -1.377644985780937e+05  -1.565831773413602e+05  1.824233764439251e+05  4.780107143702117e+04  -6.578864076237258e+05  -1.056136894389761e-01  1.101854591060455e-02  -4.253941201880194e-02
  3.700000000000002e+00  -1.886750890152746e+06  -1.001737419190518e+05  -7.196032548742583e+04  2.907181301706994e+05  4.280706990398229e+04  -7.530587343529357e+05  -1.203141204169523e-01  2.258196231021918e-02  -4.045971337725160e-02
  3.800000000000002e+00  -1.979299247520836e+06  1.217161762291813e+05  1.810769956208411e+05  2.571882306528834e+05  5.445708877521074e+04  -9.759713542615331e+05  -1.231204899419439e-01  1.632354707341248e-02  -5.464141170748565e-02
  3.900000000000002e+00  -2.012388714069752e+06  2.266254858940809e+05  2.180855095807703e+05  2.656444773730208e+05  1.405766726607235e+04  -1.095623918267724e+06  -1.173936628605955e-01  1.069603128345143e-02  -5.537536808939830e-02
  4.000000000000002e+00  -2.329942861495392e+06  3.510823208282008e+05  5.837915910010983e+05  7.475542803846601e+05  8.003225434467001e+04  -1.076653387886149e+06  -1.298871480512372e-01  6.990080598220434e-02  -2.888621400028183e-02
  4.100000000000001e+00  -2.576175026983534e+06  6.467665398498207e+05  9.640536453732650e+05  4.907571050619084e+05  7.838948861003190e+04  -1.507231929356331e+06  -1.407086425627584e-01  3.447329747975315e-02  -5.573072754354112e-02
  4.200000000000001e+00  -2.343045278369375e+06  7.012284154789204e+05  6.014922053486797e+05  -6.141636524704498e+05  -2.095127853634303e+05  -1.775597005479581e+06  -1.166673020537656e-01  -1.127769497775092e-01  -8.291513898819890e-02
  4.300000000000001e+00  -1.924730081536506e+06  5.142996074267631e+05  1.614237068725055e+05  -1.010455982012986e+06  -3.910507422295146e+05  -1.225950365638163e+06  -7.897336722860632e-02  -1.593150461776766e-01  -3.074775227890333e-02
  4.400000000000000e+00  -1.736267492259033e+06  3.420631664089785e+05  4.022898648803517e+04  -4.581750302911993e+05  -2.415724159946227e+05  -6.170705416772311e+05  -5.838486275010425e-02  -8.097553978518274e-02  3.061971761319681e-02
  4.500000000000000e+00  -1.592778070243532e+06  2.487289021204162e+05  -7.243480360406799e+03  9.580136646869581e+04  -9.728720487359349e+03  -4.681009104655473e+05  -4.309066645917189e-02  -1.216112711284463e-02  4.555433574933297e-02
  4.600000000000000e+00  -1.425857969456052e+06  1.639713417055664e+05  -1.248975238805213e+05  2.556770731579813e+05  1.103918530560700e+05  -5.129221163409244e+05  -3.116256057374295e-02  2.236050764825374e-03  3.356139049978055e-02
  4.699999999999999e+00  -1.312100298022922e+06  1.414794422060940e+05  -2.070986511419574e+05  2.683038655542566e+05  1.528921702037325e+05  -5.527636950351910e+05  -2.372764056456767e-02  -5.224810461097143e-04  2.607765260660083e-02
  4.799999999999999e+00  -1.294615082145730e+06  1.377532877005764e+05  -2.906530387956780e+05  3.169144588955867e+05  1.713035266056189e+05  -6.071696153230760e+05  -1.987019550813067e-02  4.739390682091355e-03  2.046333605812121e-02
  4.899999999999999e+00  -1.188359437562658e+06  1.862331828200719e+05  -3.413547611329258e+05  3.360445296936881e+05  1.540255278165665e+05  -6.436893386964902e+05  -1.264072648888098e-02  6.951541119570505e-03  9.992819819432824e-03
  4.999999999999998e+00  -1.039593983331491e+06  2.563418095560373e+05  -3.816094680838136e+05  3.005978091108005e+05  1.261992595273655e+05  -7.114114721475448e+05  -3.050846886260459e-03  6.069981988824307e-04  -2.630175306976178e-03
  5.099999999999998e+00  -9.884461554966476e+05  2.527068537470811e+05  -4.888003890463932e+05  2.776787090362885e+05  1.071554018000885e+05  -7.900115488023751e+05  1.396961089755503e-03  -5.436555875954389e-03  -1.343734398784613e-02
  5.199999999999998e+00  -9.212893776007683e+05  2.592742885168474e+05  -6.153099618384425e+05  2.761672478208521e+05  7.739437157679678e+04  -7.743919239409495e+05  8.775728680308896e-03  -7.605159095383273e-03  -1.980607103897898e-02
  5.299999999999997e+00  -8.570893170027894e+05  2.747632084828936e+05  -6.943283630951676e+05  3.040108677461943e+05  4.102001868725684e+04  -7.297769656773967e+05  1.663224695972935e-02  -3.807229465665153e-03  -2.340485529532930e-02
  5.399999999999997e+00  -8.955789411550408e+05  2.702416317095641e+05  -6.607415370423445e+05  3.280917687925327e+05  4.276231425853431e+04  -7.136440496026886e+05  1.474571937862592e-02  -8.537802483370035e-04  -1.966380025213665e-02
  5.499999999999996e+00  -1.051772342231238e+06  2.632893668590012e+05  -5.058947262976091e+05  2.965855836801706e+05  7.655754456539887e+04  -6.743067439153225e+05  2.008869011585304e-03  -6.149975400075551e-03  -1.814113904212263e-03
  5.599999999999996e+00  -1.253313744509951e+06  2.582273541741291e+05  -3.161273404628004e+05  2.221176130968640e+05  9.286471530806166e+04  -6.376222802869825e+05  -1.362120200295578e-02  -1.515369156335541e-02  1.759757004447590e-02
  5.699999999999996e+00  -1.401735410059013e+06  2.040766348277638e+05  -2.976310446612152e+05  1.540817523203361e+05  6.452641334307447e+04  -6.436692105817659e+05  -1.980070430020309e-02  -1.778203797291714e-02  1.673761122587248e-02
  5.799999999999995e+00  -9.773842715837089e+05  4.520236323342515e+05  -1.610115907184784e+06  6.129836030995605e+05  6.943567666336612e+04  -9.235270509577519e+05  -5.694247648700018e-02  -4.306082866221099e-02  4.547557667079095e-02
  5.899999999999995e+00  5.456170311545184e+05  1.902118048361297e+05  -8.083830999152866e+06  2.195886680248932e+06  -1.154487129770421e+06  -1.969288928268815e+06  1.326020354375537e-01  3.160707435291725e-03  -3.708646805680306e-01
  5.999999999999995e+00  1.703503767727365e+06  1.113332038238890e+06  -8.369090695838655e+06  2.636584921636053e+06  -1.336479400459356e+06  -2.210618481039930e+06  -4.444337271948158e-02  -3.996857251532274e-02  -1.274601428004058e-01
  6.099999999999994e+00  6.186111491939287e+05  7.577627416261330e+05  -6.605563106905869e+06  1.823241350419982e+06  -5.850179218464303e+05  -2.138261292567950e+06  -2.839556137751462e-01  -1.226145494374040e-01  1.395773422790862e-01
  6.199999999999994e+00  1.086217130908088e+06  5.874205425430171e+05  -6.982958596532834e+06  1.845309992340072e+06  -3.749342132251708e+05  -2.270580742064497e+06  -2.589023170224469e-01  -1.242079876480148e-01  1.341379289079313e-01
  6.299999999999994e+00  1.517744588185651e+06  6.365918359985006e+05  -7.691472327519379e+06  1.977378838536270e+06  -3.215590526391723e+05  -2.374291195262289e+06  -2.308307719239511e-01  -1.259732539186389e-01  9.115658469888074e-02
  6.399999999999993e+00  2.064798929468623e+06  6.432058651184717e+05  -8.125914016077021e+06  2.154414501854443e+06  -2.640897955612772e+05  -2.422724166416322e+06  -2.214136756147662e-01  -1.169019493401598e-01  8.146227436660336e-02
  6.499999999999993e+00  2.514561879084056e+06  6.728516104413279e+05  -8.421283598633910e+06  2.454690200471106e+06  -2.915884863500071e+05  -2.343068198720290e+06  -1.879489800011674e-01  -7.810133763544827e-02  9.419761304484792e-02
  6.599999999999993e+00  2.894550772726596e+06  9.431063857173574e+05  -8.519298676556034e+06  2.755348110110939e+06  -3.022914334554154e+05  -2.048747991945690e+06  -1.411734656327155e-01  -6.090999808369533e-02  9.942585114326606e-02
  6.699999999999992e+00  2.861751019448823e+06  1.242943867459236e+06  -8.591736872518241e+06  2.944803690472812e+06  -2.867130897858015e+05  -1.876958410470553e+06  -1.036505139094371e-01  -4.506857269373991e-02  4.783628854037500e-02
  6.799999999999992e+00  2.819019608421443e+06  1.593391407551469e+06  -8.751865588232320e+06  3.082171757065806e+06  -4.227888140995816e+05  -1.802517781996142e+06  -7.281431023783032e-02  -3.208853419520218e-02  1.535293206523916e-02
  6.899999999999991e+00  2.978080495608626e+06  1.757235380408657e+06  -8.899078956258141e+06  3.165581143771808e+06  -5.114003171859800e+05  -1.747689603560570e+06  -3.969849814151873e-02  -2.018120822594786e-02  1.517788266271070e-02
  6.999999999999991e+00  3.323751100191435e+06  1.714180871244797e+06  -8.990171352309950e+06  3.208593595834068e+06  -2.861870814440568e+05  -1.763247948971194e+06  -8.146962874254779e-04  7.944819461127810e-04  -1.327036824106831e-02
  7.099999999999991e+00  3.575346268550147e+06  1.594581761179787e+06  -9.136508617483465e+06  3.228463856975727e+06  -8.314873724630478e+04  -1.659910925698965e+06  2.893651815506579e-02  2.346017670133574e-02  -5.194861566084812e-02
  7.199999999999990e+00  3.706354241159982e+06  1.647253094914074e+06  -9.250207942197826e+06  3.238523392529660e+06  -2.597600542394913e+04  -1.624768252906886e+06  4.299526275859451e-02  3.439953186631044e-02  -5.055442616753905e-02
  7.299999999999990e+00  3.736360752668038e+06  1.718900511668995e+06  -9.308137656815868e+06  3.251734559192878e+06  -5.672101690812118e+04  -1.635424409508801e+06  3.979366521396037e-02  2.731548809262164e-02  -3.993653683910231e-02
  7.399999999999990e+00  3.621281300960569e+06  1.770104119511379e+06  -9.221522707216075e+06  3.218445872307110e+06  -1.013213980580765e+05  -1.726896705108906e+06  2.628355214037411e-02  1.021945228129683e-02  -3.795087559707121e-02
  7.499999999999989e+00  3.514442898080293e+06  1.773045797122513e+06  -9.098165757012051e+06  3.137980541694031e+06  -1.405411823885030e+05  -1.768604029916319e+06  1.511423266522468e-02  1.704589932947877e-04  -3.735850452490658e-02
  7.599999999999989e+00  3.505057901257148e+06  1.744505647548900e+06  -9.104017623603577e+06  3.099843559946604e+06  -1.532775007953214e+05  -1.727288935895065e+06  1.893872675193204e-02  1.721767944708564e-03  -3.479817472635089e-02
  7.699999999999989e+00  3.589207124996189e+06  1.755392751730188e+06  -9.210414460400220e+06  3.137110639435812e+06  -1.073048500447305e+05  -1.677707381994272e+06  2.713244878938110e-02  3.484023732991434e-03  -3.362053291200938e-02
  7.799999999999988e+00  3.663387990720859e+06  1.756227608760433e+06  -9.309944956998358e+06  3.152648216037905e+06  -8.710286329310659e+04  -1.644834901104968e+06  3.820641334777528e-02  -1.186108094118442e-03  -3.856123796016077e-02
  7.899999999999988e+00  3.682790765862004e+06  1.699010271051631e+06  -9.363370867744103e+06  3.116251855689155e+06  -1.045500947765188e+05  -1.663486841106452e+06  4.607218531287408e-02  8.999893249158973e-04  -5.382793537433512e-02
  7.999999999999988e+00  3.754625899614516e+06  1.636039139186055e+06  -9.424184683062745e+06  3.137306874676761e+06  -1.218331990255447e+05  -1.621405409632429e+06  4.951268546508860e-02  5.294005171221576e-03  -6.411996924818451e-02
  8.099999999999987e+00  3.910039872158803e+06  1.639676795239477e+06  -9.501964256491417e+06  3.189640459565709e+06  -9.349052351858572e+04  -1.552403995159613e+06  6.123630077132803e-02  7.536105420612807e-03  -4.974444010501791e-02
  8.199999999999987e+00  4.048815657692239e+06  1.676554362927337e+06  -9.537136361985274e+06  3.222253628347191e+06  -6.907080503530403e+04  -1.486577651088097e+06  7.266630336215570e-02  9.574381827249954e-03  -3.966006856252602e-02
  8.299999999999986e+00  4.079343071010240e+06  1.669760397124990e+06  -9.552529157129789e+06  3.235915018278995e+06  -1.147937725715896e+05  -1.389087900011268e+06  7.238404593957758e-02  7.489589980294928e-03  -5.214559789166931e-02
  8.399999999999986e+00  4.087685683000231e+06  1.668631897191233e+06  -9.530657967644513e+06  3.211679990005790e+06  -1.538768478626269e+05  -1.355336051109332e+06  7.204849820466130e-02  5.576354892452571e-03  -4.982037883228773e-02
  8.499999999999986e+00  4.122461164629907e+06  1.644678319381124e+06  -9.515900658685885e+06  3.188393763565005e+06  -1.359004367552790e+05  -1.366669593939547e+06  7.514196737260274e-02  5.969219127550976e-03  -3.606249000193469e-02
  8.599999999999985e+00  4.180098345990916e+06  1.604329648292426e+06  -9.529423173932271e+06  3.180037730394312e+06  -1.397664436848325e+05  -1.333727167040596e+06  6.975162785724492e-02  3.146858566484324e-05  -3.714998768170402e-02
  8.699999999999985e+00  4.154797609147313e+06  1.596470002336748e+06  -9.512502750695597e+06  3.126002647710677e+06  -1.791362633395525e+05  -1.322519690058608e+06  5.513829634364874e-02  -1.094303476264111e-02  -3.648913055605373e-02
  8.799999999999985e+00  4.006088350517983e+06  1.600015833861220e+06  -9.440745137085527e+06  3.075067237188032e+06  -1.786508843862241e+05  -1.334015842665030e+06  4.587501948813982e-02  -1.453798333711539e-02  -2.686962982565860e-02
  8.899999999999984e+00  3.898030531571322e+06  1.550453535686519e+06  -9.376321036198851e+06  3.036559565765706e+06  -1.814503267992448e+05  -1.324141329538643e+06  3.557079768138320e-02  -1.237584339285933e-02  -2.313986710410831e-02
  8.999999999999984e+00  3.888327325277955e+06  1.487256817445304e+06  -9.344047252811270e+06  2.962935748860066e+06  -1.873036970577354e+05  -1.338281501255951e+06  1.910631089469790e-02  -1.227146638507691e-02  -1.478376392278063e-02
  9.099999999999984e+00  3.804484334331962e+06  1.519234935861413e+06  -9.326481054751782e+06  2.991665881946741e+06  -1.503784551139474e+05  -1.357558293038257e+06  1.707283984119393e-02  -1.186663507966199e-02  -5.566808118403735e-04
  9.199999999999983e+00  3.621145400085728e+06  1.619336339968952e+06  -9.302867786555588e+06  3.099372279041104e+06  -1.570056555994428e+05  -1.357930006773157e+06  2.171696769763180e-02  -7.855235147197227e-03  -1.365938791079133e-03
  9.299999999999983e+00  3.426712824652684e+06  1.664133273513760e+06  -9.248190184134563e+06  3.123683794713016e+06  -2.297690649830943e+05  -1.396593569919892e+06  1.031035246204737e-02  -2.520829290933079e-03  -1.492194901318355e-02
  9.399999999999983e+00  3.291846714626126e+06  1.668811353677019e+06  -9.153835412947806e+06  3.081527261543442e+06  -2.635876403220420e+05  -1.460257571994791e+06  -9.829207026682860e-03  1.701106742283667e-03  -1.829108460204878e-02
  9.499999999999982e+00  3.223674603129405e+06  1.658825953374947e+06  -9.140553205285301e+06  3.053667638485370e+06  -2.252737933039951e+05  -1.483409973645599e+06  -2.064664969252742e-02  5.010465677957847e-03  -9.160625743045997e-03
  9.599999999999982e+00  3.200319299700264e+06  1.627434740411554e+06  -9.233051445211364e+06  3.054895868279675e+06  -1.719468868195188e+05  -1.465294627998676e+06  -1.934339599209176e-02  8.916111000819047e-03  -8.260757743759885e-06
  9.699999999999982e+00  3.185792225015397e+06  1.601724943543958e+06  -9.315360805114815e+06  3.072984614480121e+06  -1.346559651468236e+05  -1.454667591529381e+06  -1.438832804254625e-02  1.324555024853899e-02  2.652935416883245e-03
  9.799999999999981e+00  3.156235020313037e+06  1.587377945396734e+06  -9.417194491746975e+06  3.091079101023769e+06  -1.350396238542541e+05  -1.469969339968583e+06  -1.442737165314204e-02  1.317265453322646e-02  -8.202600181611406e-03
  9.899999999999981e+00  3.207505951930170e+06  1.653953490946144e+06  -9.401231521165140e+06  3.100347269735564e+06  -1.720490086034783e+05  -1.484806145966923e+06  -1.910522895689583e-02  9.238717627550476e-03  -1.598501876986767e-02
  9.999999999999980e+00  3.335429622599549e+06  1.770105509301711e+06  -9.267778822833849e+06  3.111988036566594e+06  -2.338782331028168e+05  -1.469434216626663e+06  -1.923522060351109e-02  4.053262048108514e-03  -1.053082454836492e-02
  1.009999999999998e+01  3.446107539044694e+06  1.822016729031271e+06  -9.223435432284886e+06  3.139765829487378e+06  -3.050945855772331e+05  -1.441418746913700e+06  -1.363269324994811e-02  -1.940054936393400e-03  -4.341706131635929e-03
  1.019999999999998e+01  3.555247450639672e+06  1.832692774939668e+06  -9.233443598672802e+06  3.179478493600328e+06  -3.424957792522144e+05  -1.437623224415197e+06  -1.239643647539529e-02  -5.986332874794334e-03  1.277541954224656e-03
  1.029999999999998e+01  3.630029929573878e+06  1.839161465770624e+06  -9.256862490380224e+06  3.221949397711048e+06  -3.479043975801589e+05  -1.453223566496756e+06  -1.811447706291795e-02  -5.437917966947360e-03  4.951547134038948e-03
  1.039999999999998e+01  3.610520875635258e+06  1.846543843975822e+06  -9.263984597814899e+06  3.251889516035999e+06  -3.518670997439644e+05  -1.453145668584832e+06  -2.149687093372750e-02  -6.354004509681572e-04  4.315935305476459e-03
  1.049999999999998e+01  3.536407814664400e+06  1.864965522797982e+06  -9.192913927076587e+06  3.251221041443216e+06  -3.466895121503983e+05  -1.421201601347933e+06  -1.716754531928482e-02  5.664853477530716e-03  4.521003108377700e-03
  1.059999999999998e+01  3.461066421180883e+06  1.884553079360859e+06  -9.085223125676651e+06  3.234672295518807e+06  -3.170749897172436e+05  -1.376551059934073e+06  -7.878306882183477e-03  1.014862722336611e-02  9.415483551703465e-03
  1.069999999999998e+01  3.400951510775265e+06  1.899942402895124e+06  -8.986381678138474e+06  3.235001877444795e+06  -2.678324304651215e+05  -1.335534345479317e+06  2.571546304786870e-03  1.301578662500253e-02  1.733996407846293e-02
  1.079999999999998e+01  3.366695594977369e+06  1.909961957079299e+06  -8.881716253989426e+06  3.236267590981497e+06  -2.158533234429202e+05  -1.286044442474831e+06  1.171637716010190e-02  1.592641173058547e-02  2.387081163216697e-02
  1.089999999999998e+01  3.361602195050082e+06  1.900896401977853e+06  -8.755325452842968e+06  3.203927355942156e+06  -1.795419009176350e+05  -1.232456008806581e+06  1.767964505463207e-02  1.770659000352769e-02  2.882507142195444e-02
  1.099999999999998e+01  3.369724999113912e+06  1.878176388435254e+06  -8.614338227141382e+06  3.151294226401921e+06  -1.538926660014063e+05  -1.216701531333117e+06  1.929873001879601e-02  1.743142702921656e-02  3.663603561266063e-02
  1.109999999999998e+01  3.354872524427085e+06  1.872966552083854e+06  -8.497530884628791e+06  3.112047611966492e+06  -1.254501582271530e+05  -1.249132546241480e+06  1.731990832417469e-02  1.797391036277786e-02  4.632308184454301e-02
  1.119999999999998e+01  3.317383251812129e+06  1.897107330055013e+06  -8.430069788264183e+06  3.104410479470565e+06  -9.717634629791672e+04  -1.271685794436355e+06  1.512056986739989e-02  2.171550059055987e-02  5.052131119579553e-02
  1.129999999999998e+01  3.281635779271131e+06  1.910693800428602e+06  -8.388724369876161e+06  3.128403259726671e+06  -6.935875261502484e+04  -1.258448504294837e+06  1.456522171195176e-02  2.558585130999298e-02  4.779753890861454e-02
  1.139999999999998e+01  3.240662647947594e+06  1.882169231506940e+06  -8.343152775545198e+06  3.156754548046725e+06  -3.918229306099450e+04  -1.259149656031250e+06  1.467442013853144e-02  2.580472383879857e-02  4.479004889980998e-02
  1.149999999999998e+01  3.179224070935266e+06  1.830163666871484e+06  -8.290419027526377e+06  3.158968734708515e+06  -1.273587256367913e+04  -1.299507954202318e+06  1.405364057732409e-02  2.349873446318481e-02  4.506380802853542e-02
  1.159999999999997e+01  3.117062573953344e+06  1.781616956404273e+06  -8.235264751682889e+06  3.140439794126479e+06  4.906758523491461e+03  -1.340015752928980e+06  1.251835334832264e-02  2.154957758351237e-02  4.689244964430745e-02
  1.169999999999997e+01  3.075919614278868e+06  1.746012395703522e+06  -8.196172135091227e+06  3.124151684600137e+06  1.668166923953239e+04  -1.352210090851784e+06  1.060488343553687e-02  2.148282620343061e-02  4.769817132571695e-02
  1.179999999999997e+01  3.045632680387814e+06  1.726880676757419e+06  -8.184373425991011e+06  3.114048499184044e+06  3.401945101048889e+04  -1.357609763250782e+06  8.437834076059601e-03  2.349864049332452e-02  4.728255821566523e-02
  1.189999999999997e+01  3.006060617961154e+06  1.720603248939910e+06  -8.172534756083498e+06  3.102327858601366e+06  6.362281367960462e+04  -1.381912910232340e+06  6.520133417848030e-03  2.625400436916219e-02  4.723635242355027e-02
  1.199999999999997e+01  2.949103072897950e+06  1.716043669922371e+06  -8.132933608317907e+06  3.085165651097604e+06  8.724010643461840e+04  -1.416740386442824e+06  5.982657216362723e-03  2.711349436470609e-02  4.756961275294509e-02
  1.209999999999997e+01  2.890034960433023e+06  1.707372175061281e+06  -8.072284401785310e+06  3.063726916491064e+06  8.318443270752982e+04  -1.435797427215943e+06  6.407269324071128e-03  2.403241670744604e-02  4.733381079600292e-02
  1.219999999999997e+01  2.864867724490960e+06  1.690560844835251e+06  -8.018863062092845e+06  3.044310367049086e+06  5.980941332075395e+04  -1.433740602009597e+06  5.886632588876508e-03  1.753142789502450e-02  4.673774606294017e-02
  1.229999999999997e+01  2.886178308200146e+06  1.660035401918244e+06  -8.006626936625079e+06  3.032239002208517e+06  4.110499129160590e+04  -1.444619326276397e+06  2.787783765014865e-03  1.047456235123044e-02  4.576368836892834e-02
  1.239999999999997e+01  2.936217105578854e+06  1.624048844970634e+06  -8.054810885960314e+06  3.026537951767727e+06  3.107050142268480e+04  -1.501320640770942e+06  -3.212230069154541e-03  4.750247845781049e-03  4.270646148968448e-02
  1.249999999999997e+01  3.004240309796224e+06  1.599384427007298e+06  -8.156023284538634e+06  3.024736372664152e+06  1.337605557755938e+04  -1.588804163216157e+06  -1.122538762422738e-02  -6.987940435504589e-04  3.557730147949582e-02
  1.259999999999997e+01  3.090952416318212e+06  1.589201344764553e+06  -8.298343728278705e+06  3.028193191078296e+06  -1.981291959557027e+04  -1.662741801889032e+06  -1.910710470501818e-02  -7.013722446756866e-03  2.421934018804250e-02
  1.269999999999997e+01  3.193955835370302e+06  1.592317082456596e+06  -8.462410348507537e+06  3.041442355650709e+06  -5.631609746303637e+04  -1.696548287108421e+06  -2.380564798189224e-02  -1.280986230784383e-02  1.167364012120991e-02
  1.279999999999997e+01  3.295048525314386e+06  1.611817923952305e+06  -8.617066794426419e+06  3.063192284441764e+06  -8.615360595105273e+04  -1.699329700670523e+06  -2.404873580055331e-02  -1.665247978250630e-02  1.608548214017769e-03
  1.289999999999997e+01  3.365946344371698e+06  1.646717738713750e+06  -8.732000918737527e+06  3.082418628767527e+06  -1.146100482198454e+05  -1.696278654644664e+06  -2.182568918280749e-02  -1.924568952522659e-02  -4.833278598440076e-03
  1.299999999999997e+01  3.385653839402250e+06  1.684340149784483e+06  -8.785448960091829e+06  3.088067219025070e+06  -1.463289577388490e+05  -1.699702476437410e+06  -1.987601912011647e-02  -2.185191130042947e-02  -8.272557247902566e-03
  1.309999999999997e+01  3.353395025319158e+06  1.706567758616817e+06  -8.779143397776673e+06  3.080978455216280e+06  -1.738904630218184e+05  -1.698592643725323e+06  -1.804339779659663e-02  -2.438387666783032e-02  -9.584869575843979e-03
  1.319999999999997e+01  3.291524363309457e+06  1.710615387682884e+06  -8.742706304475045e+06  3.072871931467730e+06  -1.871757099817086e+05  -1.675799084594110e+06  -1.415867991597696e-02  -2.555911294154685e-02  -9.721595643458472e-03
  1.329999999999997e+01  3.236935044110436e+06  1.707959100313837e+06  -8.712690387856137e+06  3.070058360895094e+06  -1.864616792346079e+05  -1.634434624367714e+06  -9.028803156926276e-03  -2.495820115778652e-02  -9.820791066072769e-03
  1.339999999999997e+01  3.223401268690438e+06  1.702290699161554e+06  -8.712691965932023e+06  3.066824413278604e+06  -1.819917047212465e+05  -1.598969269095781e+06  -6.948148380848481e-03  -2.389417898672771e-02  -1.089651078364175e-02
  1.349999999999997e+01  3.258553266704733e+06  1.692344226900922e+06  -8.738906898897203e+06  3.056457172317652e+06  -1.788148913649915e+05  -1.589776967089019e+06  -9.997799467709295e-03  -2.315223172285670e-02  -1.222802967544206e-02
  1.359999999999997e+01  3.311381709778419e+06  1.687223680052724e+06  -8.764998463868780e+06  3.040375795710214e+06  -1.701659031482494e+05  -1.601813914645404e+06  -1.468204113854370e-02  -2.139506695879671e-02  -1.146366017147673e-02
  1.369999999999997e+01  3.336438535403642e+06  1.698180131114615e+06  -8.771623354990866e+06  3.024977041997920e+06  -1.516013272727845e+05  -1.608510403982335e+06  -1.543371292648375e-02  -1.713759966821158e-02  -8.044811433281779e-03
  1.379999999999997e+01  3.317824720672616e+06  1.724495006516937e+06  -8.758126084230516e+06  3.015294858463306e+06  -1.314223235503009e+05  -1.587181402185371e+06  -9.895717885099724e-03  -1.102321929268135e-02  -4.741054443604472e-03
  1.389999999999997e+01  3.274349710861124e+06  1.753026442315587e+06  -8.736179901794834e+06  3.012134036009927e+06  -1.206602642337840e+05  -1.543437169807368e+06  -6.627077299506520e-04  -5.277531407744731e-03  -5.012960786286044e-03
  1.399999999999997e+01  3.232781090035181e+06  1.770220758230855e+06  -8.721312405560696e+06  3.011646398974731e+06  -1.192363177321858e+05  -1.505002140104647e+06  7.516072351210794e-03  -1.460465026062550e-03  -9.440043684045199e-03
  1.409999999999997e+01  3.210757245008103e+06  1.774478654134110e+06  -8.718007737195387e+06  3.008504227029577e+06  -1.190464752758506e+05  -1.492192795528674e+06  1.156127760758304e-02  4.945472198922181e-04  -1.464272559964587e-02
  1.419999999999997e+01  3.208287409072258e+06  1.775055598280347e+06  -8.720292513158247e+06  3.000831280673812e+06  -1.175081947454011e+05  -1.503738097304907e+06  1.103206544583085e-02  1.329579249213394e-03  -1.629793707345004e-02
  1.429999999999997e+01  3.211814971520418e+06  1.784012117307987e+06  -8.725205487297870e+06  2.992750129028430e+06  -1.198766382420347e+05  -1.526611142911994e+06  7.371370625166510e-03  1.492791569838091e-03  -1.345134921659707e-02
  1.439999999999996e+01  3.211945390392289e+06  1.806153169624981e+06  -8.734816406873951e+06  2.991755829025758e+06  -1.304829222852385e+05  -1.548598670117095e+06  2.895017624363237e-03  9.372632314901359e-04  -9.051887912283499e-03
  1.449999999999996e+01  3.211119364321213e+06  1.830774208998543e+06  -8.749211736927273e+06  3.002317282153169e+06  -1.477990787219771e+05  -1.561966730995722e+06  -6.743825324472767e-04  -5.681487113483092e-04  -6.249869698977666e-03
  1.459999999999996e+01  3.215584093868859e+06  1.841011339732707e+06  -8.761548996573513e+06  3.021729639988831e+06  -1.653714557561765e+05  -1.564049897612942e+06  -2.976315964405076e-03  -2.804676415896936e-03  -5.376287727737634e-03
  1.469999999999996e+01  3.225901426257094e+06  1.832474493699034e+06  -8.762587773734348e+06  3.042136380372249e+06  -1.760271177385492e+05  -1.558994209226468e+06  -4.309259736982395e-03  -4.845083324081418e-03  -5.074556614449155e-03
  1.479999999999996e+01  3.236886019998741e+06  1.816115368585434e+06  -8.750960161207369e+06  3.055466261552495e+06  -1.776906603043083e+05  -1.553813277695250e+06  -4.764841672971974e-03  -5.495993058850194e-03  -4.843130202010335e-03
  1.489999999999996e+01  3.246834224338161e+06  1.806519315169758e+06  -8.734679450538350e+06  3.057576864072606e+06  -1.743685139593167e+05  -1.550293211374266e+06  -4.082089840807129e-03  -4.125642124598827e-03  -5.232826474588570e-03
  1.499999999999996e+01  3.260927338219584e+06  1.809654206207548e+06  -8.726089351522982e+06  3.050559776469059e+06  -1.710874584656879e+05  -1.545261319613248e+06  -2.029353206284317e-03  -1.298942492208893e-03  -6.621611948811979e-03
  1.509999999999996e+01  3.284063267223096e+06  1.820446226106762e+06  -8.736003634396669e+06  3.041535474410235e+06  -1.699880972185933e+05  -1.537207634666911e+06  1.089589837469216e-03  1.453776915607548e-03  -8.779861593926736e-03
  1.519999999999996e+01  3.313739638546178e+06  1.830442394209401e+06  -8.765979086682227e+06  3.038120670811470e+06  -1.711411210004346e+05  -1.528153110113240e+06  4.150855709956309e-03  2.692195888403461e-03  -1.102345321798820e-02
  1.529999999999996e+01  3.341103371737989e+06  1.835624366438557e+06  -8.804046159527719e+06  3.044217513355324e+06  -1.737167459529891e+05  -1.520981250777259e+06  5.806880698649264e-03  2.028545545955548e-03  -1.236940835933184e-02
  1.539999999999996e+01  3.357245512723920e+06  1.838035946236989e+06  -8.831690422560629e+06  3.058462592345085e+06  -1.749323575349416e+05  -1.516973661949795e+06  5.767570645574153e-03  3.429011187156446e-04  -1.202851252384268e-02
  1.549999999999996e+01  3.356749673021634e+06  1.841805640545259e+06  -8.836548874646347e+06  3.075394143591092e+06  -1.717237582524726e+05  -1.515106387886054e+06  5.151541401479020e-03  -9.557804673850917e-04  -1.001540715644627e-02
  1.559999999999996e+01  3.338914502650325e+06  1.848768451215554e+06  -8.818562750072939e+06  3.087914552882161e+06  -1.654255131839548e+05  -1.513682519270392e+06  5.214189413065200e-03  -1.009505056049150e-03  -7.229039824736619e-03
  1.569999999999996e+01  3.309379232349071e+06  1.856480756754118e+06  -8.787899303363334e+06  3.090209302516724e+06  -1.614950083853211e+05  -1.513600722608506e+06  5.966517822911237e-03  1.154461006646054e-04  -4.953354913977833e-03
  1.579999999999996e+01  3.278519861497572e+06  1.857703305402152e+06  -8.758402811236130e+06  3.081134910944254e+06  -1.628628172316639e+05  -1.518896000432172e+06  6.290655994855299e-03  1.786435961624751e-03  -4.019605575968552e-03
  1.589999999999996e+01  3.256475490379815e+06  1.845186233770167e+06  -8.738326752805039e+06  3.066425431348903e+06  -1.651495322682449e+05  -1.531580972892174e+06  5.367344337153517e-03  3.387703834632398e-03  -4.122886954542741e-03
  1.599999999999996e+01  3.247362861711667e+06  1.820026238947282e+06  -8.726825345008940e+06  3.055943616154668e+06  -1.602601024658539e+05  -1.546563350334559e+06  3.646989520615061e-03  4.668345207322512e-03  -4.096346491857007e-03
  1.609999999999996e+01  3.246828273421904e+06  1.792790377906225e+06  -8.719557133735010e+06  3.056034095687028e+06  -1.453488769166306e+05  -1.554622972982658e+06  2.205471961906940e-03  5.527659739739062e-03  -2.992711226042141e-03
  1.619999999999996e+01  3.246621773185460e+06  1.775038976607736e+06  -8.715203033791544e+06  3.064183950263390e+06  -1.267962281486332e+05  -1.551091250848348e+06  1.412752621923102e-03  5.783765443190844e-03  -8.408995299472102e-04
  1.629999999999996e+01  3.241992013402516e+06  1.770548877968486e+06  -8.715346173458127e+06  3.072150337244424e+06  -1.147931510305925e+05  -1.540696111398507e+06  5.953539079868587e-04  5.400411070006316e-03  1.513199855552076e-03
  1.639999999999996e+01  3.234484146581994e+06  1.774075969807966e+06  -8.718794265828200e+06  3.073805684202323e+06  -1.152727096359719e+05  -1.533688461689199e+06  -1.046485651975051e-03  4.652998248768089e-03  3.195444934422848e-03
  1.649999999999996e+01  3.228051050926126e+06  1.776541761045143e+06  -8.719794187916998e+06  3.069134454633951e+06  -1.264231487154539e+05  -1.537149283072076e+06  -3.462485596349085e-03  3.845365815924765e-03  3.929197729828401e-03
  1.659999999999997e+01  3.223830681752465e+06  1.771628689964163e+06  -8.713976399384478e+06  3.061570986654805e+06  -1.407561391448886e+05  -1.549778808143633e+06  -5.675900461520668e-03  3.020210868259647e-03  3.969092630811020e-03
  1.669999999999997e+01  3.220061605323165e+06  1.759433944102810e+06  -8.702908898851216e+06  3.053304821376140e+06  -1.499794576403762e+05  -1.564021645406745e+06  -6.638556963959854e-03  2.038221856807013e-03  3.736837102168065e-03
  1.679999999999997e+01  3.215544508498091e+06  1.745043015110793e+06  -8.692129795600995e+06  3.043963519865055e+06  -1.494200645606632e+05  -1.571471987996073e+06  -6.135326071762879e-03  8.868916155755739e-04  3.625284187995131e-03
  1.689999999999997e+01  3.211502835486480e+06  1.734617020334199e+06  -8.685975146000708e+06  3.033154302166642e+06  -1.397501606312958e+05  -1.567100333071802e+06  -4.777359541062154e-03  -1.112813784025131e-04  3.870117947556303e-03
  1.699999999999997e+01  3.210309676419428e+06  1.732031575091720e+06  -8.684924877826361e+06  3.023017635037552e+06  -1.254122871804125e+05  -1.551463098893207e+06  -3.305839729230389e-03  -4.843311761029989e-04  4.382144734433830e-03
  1.709999999999997e+01  3.212950310059682e+06  1.736496426170494e+06  -8.688698359324720e+06  3.017677129752944e+06  -1.117551388831289e+05  -1.530650378229084e+06  -2.056643840406723e-03  -1.761942319903926e-04  4.657056481405525e-03
  1.719999999999997e+01  3.218893993389511e+06  1.743869915526066e+06  -8.698484471329564e+06  3.019902885305903e+06  -1.033916720439328e+05  -1.512525651496193e+06  -9.780906101444363e-04  1.533088782756003e-04  4.079300622139514e-03
  1.729999999999998e+01  3.227493171160729e+06  1.750904164762931e+06  -8.714763808097180e+06  3.028283426913310e+06  -1.033268548385708e+05  -1.500945335511928e+06  7.072203097071778e-05  -3.377607685730078e-04  2.507096793837575e-03
  1.739999999999998e+01  3.237270531969329e+06  1.757046180504340e+06  -8.735791103104770e+06  3.038047681921253e+06  -1.112101107807839e+05  -1.493912306355553e+06  1.040159004155290e-03  -1.814967512368712e-03  4.458002489064547e-04
  1.749999999999998e+01  3.245893243313193e+06  1.763422351433625e+06  -8.757389907632057e+06  3.044912043660336e+06  -1.217619908810185e+05  -1.487680710996189e+06  1.629516679890437e-03  -3.558017111989152e-03  -1.316747331048333e-03
  1.759999999999998e+01  3.252645314499887e+06  1.770648410148793e+06  -8.773712957216628e+06  3.048083595937333e+06  -1.270267888285512e+05  -1.481792741716277e+06  1.540540757004588e-03  -4.591155519256134e-03  -2.201289926609655e-03
  1.769999999999998e+01  3.259313257125843e+06  1.776827338281843e+06  -8.780978827074869e+06  3.049737779667816e+06  -1.224092933855354e+05  -1.479102221604832e+06  8.431538719166980e-04  -4.447085670963247e-03  -2.147640320282715e-03
  1.779999999999998e+01  3.267653240520507e+06  1.778960168226533e+06  -8.780560895801801e+06  3.052010292504580e+06  -1.104029371693467e+05  -1.481450014013328e+06  6.495666529747639e-05  -3.367409931826346e-03  -1.585836226722431e-03
  1.789999999999998e+01  3.276211655852366e+06  1.776785500151068e+06  -8.777717563245215e+06  3.054841465426095e+06  -9.788150360705241e+04  -1.486928912046538e+06  -1.277263406752088e-04  -1.929192683563852e-03  -1.145887795158767e-03
  1.799999999999999e+01  3.280919769037633e+06  1.774062933459985e+06  -8.777081884090658e+06  3.056689720026204e+06  -9.051687410484948e+04  -1.491663686734837e+06  6.489913271150859e-04  -5.549479421530556e-04  -1.284550283578316e-03
  1.809999999999999e+01  3.279451014208296e+06  1.775215055856954e+06  -8.778894398748925e+06  3.056639475157954e+06  -9.000154989726689e+04  -1.493629165926581e+06  2.283780994673025e-03  6.554977953219043e-04  -1.980654315050327e-03
  1.819999999999999e+01  3.273688453062018e+06  1.781235224063833e+06  -8.779341522490965e+06  3.055070813923408e+06  -9.489838745600179e+04  -1.494932483312268e+06  4.204889867617240e-03  1.691221548037541e-03  -2.756015137790430e-03
  1.829999999999999e+01  3.267476285710755e+06  1.789397463250906e+06  -8.774630607230602e+06  3.052317070014706e+06  -1.026503242252892e+05  -1.500597738088168e+06  5.641218335910920e-03  2.356685052497663e-03  -3.081985450379402e-03
  1.839999999999999e+01  3.263108341441494e+06  1.795961374763103e+06  -8.764711515981497e+06  3.048249436391803e+06  -1.112807235563400e+05  -1.513840034675130e+06  6.118079928366579e-03  2.347989424145886e-03  -2.775237151549329e-03
  1.849999999999999e+01  3.260159755622506e+06  1.798601470599189e+06  -8.753260360685840e+06  3.043656783243402e+06  -1.199820622701063e+05  -1.531385534449717e+06  5.776032097843606e-03  1.639954349476269e-03  -2.015326169433254e-03
  1.859999999999999e+01  3.256924246270845e+06  1.797127023439652e+06  -8.744687967399724e+06  3.040640960840693e+06  -1.282303409963680e+05  -1.544260482500115e+06  5.112047754924277e-03  6.744927261685204e-04  -1.145570861040895e-03
  1.870000000000000e+01  3.252559631508724e+06  1.792726835530468e+06  -8.741299272554658e+06  3.040803666007883e+06  -1.346282113640343e+05  -1.544561008995014e+06  4.386448726835216e-03  2.744846780927890e-05  -4.943202336467779e-04
  1.880000000000000e+01  3.248195166675762e+06  1.786817345462114e+06  -8.742365133770509e+06  3.043674421507854e+06  -1.372393854891192e+05  -1.532002868353361e+06  3.353882380029632e-03  -7.016136808769870e-05  -2.154426364519554e-04
  1.890000000000000e+01  3.246245306297841e+06  1.780346740798524e+06  -8.745407061540518e+06  3.047523198159105e+06  -1.354416110133294e+05  -1.513825986284955e+06  1.638038241279543e-03  1.588618571375127e-04  -1.976607640703799e-04
  1.900000000000000e+01  3.248459879081141e+06  1.774171849617465e+06  -8.748271227302400e+06  3.051136639764627e+06  -1.310247539180006e+05  -1.498598115566696e+06  -6.598936213294518e-04  3.037084441048317e-04  -1.627567330525209e-04
  1.910000000000000e+01  3.254042406036203e+06  1.770216926613567e+06  -8.750114291230302e+06  3.054262570200380e+06  -1.268436166532444e+05  -1.490513121128288e+06  -2.793551413346368e-03  7.706987326800835e-05  9.371993196208056e-05
  1.920000000000000e+01  3.259069499131252e+06  1.771237418569865e+06  -8.751024078446887e+06  3.056992108761609e+06  -1.244252447221530e+05  -1.488925765053860e+06  -3.891001656665036e-03  -5.293770027293525e-04  5.303753092849228e-04
  1.930000000000000e+01  3.258646198514858e+06  1.778405494227785e+06  -8.751423921907453e+06  3.059371570970192e+06  -1.233845338863396e+05  -1.491436464438285e+06  -3.648020978432452e-03  -1.261868557599405e-03  9.008813171817756e-04
  1.940000000000001e+01  3.251170408812991e+06  1.789284724417360e+06  -8.751940666788071e+06  3.061198425507040e+06  -1.231638653645509e+05  -1.496128623862351e+06  -2.514291899187439e-03  -1.794338802304466e-03  9.360855758108835e-04
  1.950000000000001e+01  3.240320543252779e+06  1.798609226381865e+06  -8.753254775463600e+06  3.061687537053216e+06  -1.246022162838150e+05  -1.501513237374997e+06  -1.325029785959584e-03  -1.994074519091066e-03  5.164325703539142e-04
  1.960000000000001e+01  3.231878345511443e+06  1.801417510624739e+06  -8.755413990283970e+06  3.059858528320425e+06  -1.290111909225021e+05  -1.506008005533354e+06  -7.600068168168411e-04  -1.980724966566409e-03  -2.399160624418458e-04
  1.970000000000001e+01  3.228640731179833e+06  1.795993419007040e+06  -8.757256652585758e+06  3.055969911562530e+06  -1.356910787955351e+05  -1.508531929822844e+06  -1.013073401041437e-03  -1.878837864466484e-03  -1.021057330285062e-03
  1.980000000000001e+01  3.228995157921118e+06  1.784532438458624e+06  -8.756763280740635e+06  3.052354846761800e+06  -1.411970646184357e+05  -1.509431822908820e+06  -1.807163228407633e-03  -1.599252211959530e-03  -1.499893168715382e-03
  1.990000000000001e+01  3.229680707550607e+06  1.771548215695370e+06  -8.752544701101702e+06  3.052035292753900e+06  -1.420436362285240e+05  -1.510026902250324e+06  -2.653445029896837e-03  -9.640663450512405e-04  -1.541043261036356e-03
