TITLE = "Temporal Signal for receiver number 03972"
VARIABLES = "Time","xx","yy","zz","xy","yz","xz","u","v","w"
# x1       3.518997960000e+05
# x2       4.734045970000e+06
# x3       -1.350000000000e+04
  0.000000000000000e+00  0.000000000000000e+00  0.000000000000000e+00  0.000000000000000e+00  0.000000000000000e+00  0.000000000000000e+00  0.000000000000000e+00  0.000000000000000e+00  0.000000000000000e+00  0.000000000000000e+00
  1.000000000000000e-01  0.000000000000000e+00  0.000000000000000e+00  0.000000000000000e+00  0.000000000000000e+00  0.000000000000000e+00  0.000000000000000e+00  0.000000000000000e+00  0.000000000000000e+00  0.000000000000000e+00
  2.000000000000000e-01  0.000000000000000e+00  0.000000000000000e+00  0.000000000000000e+00  0.000000000000000e+00  0.000000000000000e+00  0.000000000000000e+00  0.000000000000000e+00  0.000000000000000e+00  0.000000000000000e+00
  3.000000000000000e-01  0.000000000000000e+00  0.000000000000000e+00  0.000000000000000e+00  0.000000000000000e+00  0.000000000000000e+00  0.000000000000000e+00  0.000000000000000e+00  0.000000000000000e+00  0.000000000000000e+00
  4.000000000000000e-01  -1.469570896253149e-22  -1.142091214160260e-22  -1.207564043724149e-22  4.822030336346231e-23  4.090197874404066e-23  -5.021415057196194e-23  -1.134189155259858e-29  6.678097319529292e-30  -7.433431081758320e-30
  5.000000000000000e-01  6.575316876170409e-17  3.473706449186840e-17  4.760040958510508e-17  -1.930476882567259e-17  -8.219445866765066e-18  2.703533462924850e-17  5.437121906022266e-24  -1.760347786949078e-24  3.248998920143135e-24
  6.000000000000000e-01  2.304591027016713e-14  1.488959037242685e-14  1.015590793711278e-14  -1.140555593284431e-14  -5.008882545311982e-15  7.570652461112851e-15  1.977152358190579e-21  -8.422278564943275e-22  2.840980968256081e-22
  7.000000000000000e-01  -9.574078362019792e-13  -7.238174654001542e-13  -3.101778041964640e-13  1.148392199589573e-13  2.359477033381960e-14  -8.345856473625338e-15  -8.342752929713386e-20  1.631221818175177e-20  3.413139849135055e-21
  7.999999999999999e-01  -2.599935796534062e-11  -1.252665697328153e-11  -1.068249844691263e-11  1.386900720939690e-11  6.175755696618728e-12  -9.842983764580311e-12  -2.606365905700965e-18  1.119721763258215e-18  -5.398930470470740e-19
  8.999999999999999e-01  -3.088912698164604e-10  -1.342569311991458e-10  -1.930318635976781e-10  1.307861030705051e-10  5.120669504610510e-11  -1.398262065823176e-10  -3.158015510212937e-17  1.358802685048514e-17  -1.738614830848813e-17
  9.999999999999999e-01  -5.498942263976666e-09  -3.075798355910019e-09  -2.976531227091140e-09  2.067923785320043e-09  8.496327592975204e-10  -2.302283348110228e-09  -5.830400841339818e-16  2.036110395502141e-16  -2.308836552485900e-16
  1.100000000000000e+00  -2.955057728419330e-08  -2.951582259448735e-08  -3.210795810652145e-09  -7.489922685866961e-09  2.253433634623300e-09  2.493960642005651e-09  -3.764593903300370e-15  -1.824752876075250e-16  6.434114148923948e-16
  1.200000000000000e+00  -2.330296004621662e-07  -2.593543104704218e-07  -1.287383552740226e-07  -1.608650129931289e-07  4.773225280257657e-09  2.567881036322609e-08  -2.655627647433539e-14  -8.294634533430498e-15  -2.219812350857136e-15
  1.300000000000000e+00  3.022630944338255e-06  8.403455768043980e-07  1.045043252428384e-06  -4.448816782948329e-07  -1.174419640311784e-07  6.667399619261993e-07  2.513333228339440e-13  -2.049132758123935e-14  2.627516158328158e-14
  1.400000000000000e+00  1.326134527411199e-05  5.357270438886297e-06  8.476440574111066e-06  2.774396271084340e-07  -3.710318519995838e-08  3.580552510428514e-06  8.932368760855487e-13  1.433059913275859e-13  3.801929884662003e-13
  1.500000000000000e+00  2.874917015171044e-05  -3.413931264671827e-06  4.059476242152364e-06  -9.913323522005103e-06  8.043034724235962e-06  2.168291740563407e-05  2.548156633666850e-12  -7.512933622277582e-14  1.374874082788081e-12
  1.600000000000000e+00  5.652513847769308e-05  3.436526199317568e-09  -1.376187254999869e-05  9.820303680772807e-05  6.275930919113414e-05  -2.458959498970428e-05  1.056647726125086e-11  1.107054852384333e-11  -7.825328180302648e-12
  1.700000000000000e+00  -1.478858220780134e-03  -6.909924777158184e-04  -2.849555689713948e-04  5.511363711010548e-05  -1.084225907496742e-05  -8.358446046569141e-05  -1.241469214127838e-10  1.886366804013537e-11  2.675769257023096e-11
  1.800000000000000e+00  4.120413895465233e-03  2.497673036668146e-03  -1.373496029114259e-06  -2.762998652955791e-03  -1.026035278346748e-03  -2.110848487639049e-04  3.528139125435230e-10  -2.369839866054412e-10  -1.976933051020090e-10
  1.900000000000001e+00  2.246256017229385e-02  1.253258558215985e-02  3.267002652241915e-02  8.411898765678711e-03  -9.605450803252383e-04  1.450562821372406e-02  1.355677002096608e-09  1.799687582984760e-10  2.839846497125171e-09
  2.000000000000000e+00  -8.495669863947516e-02  -3.543907056289761e-02  -8.347240680607840e-02  -2.386053858027309e-02  -2.302482720535680e-03  -4.083573767267267e-02  -5.815994677093685e-09  -1.392540783230075e-09  -6.278783868226196e-09
  2.100000000000001e+00  1.819390905898994e-01  3.570352371963599e-03  6.452898023577928e-02  7.068200407779075e-02  4.429795256924077e-02  7.546491540526991e-02  1.430926139574244e-08  8.310158483985799e-09  5.705746144577694e-09
  2.200000000000001e+00  -3.408118467103119e-01  1.074644689400258e-01  1.241001054335278e-01  -1.232255102993961e-01  -1.313614723714821e-01  -1.274457968789479e-01  -3.009929633516487e-08  -1.976694650025275e-08  7.599585508789762e-09
  2.300000000000001e+00  1.483634406522699e+00  -4.445546317923825e-02  2.946518188969137e-01  2.967500642011950e-01  3.154819225909288e-01  6.925624774957350e-01  1.218538592049159e-07  4.990068998895841e-08  2.972998267366952e-08
  2.400000000000001e+00  -4.372083304884103e+00  -8.672459451062743e-01  -2.591897122944098e+00  -3.718902798617878e-01  -4.281411151576811e-01  -2.319345768645092e+00  -3.454057873367440e-07  -8.020748000604322e-08  -2.005778914706948e-07
  2.500000000000001e+00  5.519853310766233e+00  1.656894238480201e+00  4.261686184342802e+00  1.142864047574187e+00  9.483477596198294e-01  3.070671490061170e+00  4.514380052436185e-07  2.111103827946842e-07  3.497872910342080e-07
  2.600000000000001e+00  3.257798164551077e+00  1.669869499272242e+00  3.855161836501879e+00  -1.921094918669477e+00  -1.534011864964077e+00  1.959089491722845e+00  1.942370845607152e-07  -2.761316629879995e-07  2.078630641341634e-07
  2.700000000000001e+00  -1.899993710408401e+02  -1.037209130889628e+02  -2.133762511929293e+02  1.291874028535895e+01  1.320452600554309e+01  -9.975285732338375e+01  -1.375944577828534e-05  1.817792730463502e-06  -1.554315472553247e-05
  2.800000000000001e+00  -3.252754789099647e+02  -2.008049289822433e+02  -4.859717885452552e+02  4.139982008105120e+01  4.595055397272354e+01  -2.186550609579568e+02  -2.412513693697223e-05  6.824564782074713e-06  -3.640818956103287e-05
  2.900000000000001e+00  -2.973048771620298e+02  -2.030782123312516e+02  -6.191956508493107e+02  7.091924444132816e+01  7.600513922320144e+01  -2.726559290765256e+02  -2.354506201922076e-05  8.676453563859798e-06  -4.441672900239025e-05
  3.000000000000001e+00  -4.662453076291032e+02  -3.463916825955874e+02  -9.429245674733936e+02  1.915522917449074e+02  1.594082464825261e+02  -4.163828072540778e+02  -3.957478964574949e-05  2.561500127726238e-05  -7.155420076749578e-05
  3.100000000000001e+00  2.813560544547435e+02  6.030794901361232e+01  -7.038764891370853e+02  -1.225090148854934e+02  3.455669410203005e+01  -3.237076064314368e+02  1.719786299038766e-05  -1.296556885653165e-05  -5.263045160031623e-05
  3.200000000000002e+00  -5.864105599230724e+02  -4.110016124133799e+02  -1.078301911913634e+03  8.596164590945999e+02  4.265709707211993e+02  -5.520190448971630e+02  -6.050009675462136e-05  8.470575485814074e-05  -6.608117584851168e-05
  3.300000000000002e+00  4.773261439442403e+02  -8.861244543928544e+02  -3.068058485325776e+03  -9.732365320330025e+02  3.138749946303741e+01  -7.314042529600561e+02  3.866508909550963e-05  -8.711303920138646e-05  -2.362961780212787e-04
  3.400000000000002e+00  -1.534982771365557e+04  -4.678031172867448e+03  -1.076107475110217e+04  2.659384638879058e+03  8.374919689289379e+02  -7.754265773857062e+03  -1.159645797069974e-03  2.491216694595445e-04  -7.348652755992109e-04
  3.500000000000002e+00  4.106815547680137e+04  1.268247872710212e+04  1.894226179939529e+04  -1.095514101199116e+03  1.090971817501022e+03  1.462718978442501e+04  3.009318415300055e-03  4.797076596018261e-05  1.337146102835359e-03
  3.600000000000002e+00  -1.587266909134283e+05  -7.461029214195677e+04  -1.395132308193317e+05  5.390504109201393e+03  4.990024133585393e+03  -7.203809548948149e+04  -1.160304390055619e-02  6.249597335178861e-04  -1.013788195248164e-02
  3.700000000000002e+00  -4.420073166473338e+05  -2.276292936744294e+05  -4.700655796338487e+05  5.094422514658920e+04  4.374500154087476e+04  -2.431736167131694e+05  -3.243821925834865e-02  6.898670471390606e-03  -3.468870205701009e-02
  3.800000000000002e+00  -1.913680841826793e+05  -1.317832355139731e+05  -4.381822527207104e+05  6.290955902798869e+04  5.981319998202373e+04  -2.330669957753605e+05  -1.670197014950891e-02  8.280935297893706e-03  -3.456009239049749e-02
  3.900000000000002e+00  4.319455307386484e+04  -2.745231142346273e+04  -3.464212977660982e+05  7.160558427248670e+04  6.965857943963785e+04  -1.962887527699677e+05  -1.450413404097456e-03  8.484743283721924e-03  -2.809932640035096e-02
  4.000000000000002e+00  5.647711811725959e+04  -4.358019823631706e+04  -4.550801274777259e+05  9.548954663280159e+04  8.484479338162714e+04  -2.465073329876788e+05  -1.554734782624809e-03  1.045744045688447e-02  -3.443738702881306e-02
  4.100000000000001e+00  9.398242222126854e+04  -4.661742466422695e+04  -5.916763279844401e+05  1.233999079800910e+05  9.867435889235105e+04  -3.283120041994827e+05  -2.192831536494948e-03  1.249752572656296e-02  -4.312425665530794e-02
  4.200000000000001e+00  1.590678072002901e+05  -2.632465927528748e+04  -6.591839388739372e+05  1.499392892645822e+05  1.218522707119005e+05  -3.789919126953792e+05  -4.187908547094482e-04  1.454528163986074e-02  -4.630074088974004e-02
  4.300000000000001e+00  1.924331885932854e+05  -3.521773051726734e+02  -6.647930651140800e+05  1.620991926368295e+05  1.406005381084601e+05  -3.852981907042526e+05  -4.457990421840379e-04  1.433787518212450e-02  -4.292321428667492e-02
  4.400000000000000e+00  2.380670651858801e+05  1.390574004986373e+04  -7.352340400036724e+05  1.827465282188713e+05  1.557542915430175e+05  -4.171255331881588e+05  4.932681204629397e-04  1.523529725172865e-02  -4.353648125322397e-02
  4.500000000000000e+00  4.003110227236766e+05  4.416140310712033e+04  -8.950893419860486e+05  2.442722985469078e+05  1.937771557820366e+05  -5.041922155849760e+05  8.144946551720208e-03  2.173049991821017e-02  -5.439956640089610e-02
  4.600000000000000e+00  5.567430119212839e+05  6.785620965892238e+04  -1.056185116309748e+06  3.129382579090276e+05  2.478468607220218e+05  -6.096080122830836e+05  1.346029202481903e-02  2.834181633071836e-02  -6.614635346813801e-02
  4.699999999999999e+00  5.118240473135736e+05  7.712700769385719e+04  -1.040216374957141e+06  3.233032546195953e+05  2.728169703920060e+05  -6.566444685734294e+05  5.064167376324638e-03  2.642153029264090e-02  -5.856529695590256e-02
  4.799999999999999e+00  1.926767705985025e+05  8.438225885721410e+04  -7.648114176988780e+05  2.288885120366021e+05  2.133484209061711e+05  -6.105251591196392e+05  -2.239576636186012e-02  9.220812364412403e-03  -2.348200569490686e-02
  4.899999999999999e+00  -3.077049335955726e+05  8.118969724620189e+04  -3.328750850409144e+05  4.643959995737438e+04  7.478521408663328e+04  -5.017010160896766e+05  -6.170728073029934e-02  -1.992469424172774e-02  2.694186452149538e-02
  4.999999999999998e+00  -7.695593224522631e+05  7.463974253330188e+04  9.609819738007283e+04  -1.401133863234493e+05  -7.078730127520232e+04  -3.816012279304654e+05  -9.553705699195224e-02  -4.821603216697253e-02  7.337637249337134e-02
  5.099999999999998e+00  -1.015491124358511e+06  6.123006678739723e+04  3.576583074302700e+05  -2.439272914728413e+05  -1.563244481986791e+05  -3.009055777993036e+05  -1.120736127724758e-01  -6.431297339652672e-02  9.882667003854428e-02
  5.199999999999998e+00  -9.369241571164256e+05  5.706971805356641e+04  3.929073796727679e+05  -2.405069315032949e+05  -1.531718952321575e+05  -2.576690250338741e+05  -1.024054448971564e-01  -6.289318676513378e-02  9.665914183153917e-02
  5.299999999999997e+00  -6.295870302712218e+05  7.033418152471933e+04  2.652081030839466e+05  -1.666650112993042e+05  -8.409204743765159e+04  -2.296497166341945e+05  -7.293969192528145e-02  -4.810542566353459e-02  7.510325056588146e-02
  5.399999999999997e+00  -3.427444139219277e+05  7.161400228269749e+04  5.731575886007756e+04  -6.528017780804047e+04  -1.254734039197171e+03  -2.290142901704121e+05  -4.479404132720088e-02  -2.922813627890399e-02  4.741281649257036e-02
  5.499999999999996e+00  -1.725238158451967e+05  6.027649705067584e+04  -1.450953566675309e+05  2.938137481981630e+04  5.926352609952435e+04  -2.532218685914192e+05  -2.690124063157222e-02  -1.360456386276310e-02  2.395090311910131e-02
  5.599999999999996e+00  -8.448385902399651e+04  5.639354501308369e+04  -2.775534342177711e+05  9.000983195170935e+04  8.520925519716994e+04  -2.766018220906259e+05  -1.829287878733465e-02  -5.647816623792669e-03  1.078877643911926e-02
  5.699999999999996e+00  -4.668168206417872e+04  5.852308745156859e+04  -3.571775676237319e+05  1.184913490480483e+05  8.870746549751384e+04  -2.898327939924838e+05  -1.559791452032231e-02  -3.808484779307254e-03  4.952313809885974e-03
  5.799999999999995e+00  -3.413639419365407e+04  6.434518711541445e+04  -4.202351703506371e+05  1.296382113838054e+05  8.252833541235040e+04  -2.961416258945381e+05  -1.418945545822961e-02  -4.296787763643374e-03  1.573275540514042e-03
  5.899999999999995e+00  -2.082344156252592e+04  8.220706030355880e+04  -4.643213142465707e+05  1.318628654456134e+05  7.037877938892378e+04  -2.967124465655309e+05  -1.159003457507179e-02  -5.060100320354877e-03  -2.109719950127443e-04
  5.999999999999995e+00  -1.238793089812659e+04  9.591451986887013e+04  -5.027445063219795e+05  1.321733592617259e+05  5.859880381188813e+04  -2.995371968943037e+05  -8.629744168442085e-03  -5.002447515315966e-03  -2.229476121203318e-03
  6.099999999999994e+00  -1.204913317937719e+04  9.941873535347306e+04  -5.320048474172313e+05  1.328607253433529e+05  4.978882980172724e+04  -3.050171892950261e+05  -6.732555572311811e-03  -4.520681913891552e-03  -4.286949822124403e-03
  6.199999999999994e+00  -9.523131255360173e+03  1.039457970409956e+05  -5.442442006044396e+05  1.325743181859416e+05  4.011448266086225e+04  -3.067492495276113e+05  -5.775810629339862e-03  -4.681374010419011e-03  -5.043967395497141e-03
  6.299999999999994e+00  -1.165238050039001e+04  1.103455186133629e+05  -5.664625181731188e+05  1.353696463038281e+05  3.231088210263182e+04  -3.055597145266848e+05  -5.815462068931074e-03  -4.514828868624695e-03  -5.340786282730017e-03
  6.399999999999993e+00  5.129939888724134e+03  1.315856427611338e+05  -5.662075333034745e+05  1.418853078490268e+05  2.710714890484951e+04  -2.787032421964203e+05  -4.119325654013108e-03  -5.574755041279572e-03  -3.651444650151043e-03
  6.499999999999993e+00  -2.660118909495136e+03  1.752024864964625e+05  -4.815820842988656e+05  1.512986401213630e+05  3.826294207785087e+04  -2.455592174160265e+05  -5.651349827002913e-03  -3.830135610494533e-03  5.477974240164409e-03
  6.599999999999993e+00  2.740783935182673e+05  5.319256597456302e+05  3.308120002430675e+05  2.113633770686590e+05  2.047635200400203e+05  -8.987046804739175e+03  1.430137414112306e-02  1.314345089710598e-02  6.410577634332215e-02
  6.699999999999992e+00  1.892631285153504e+05  5.757003226453947e+05  5.101618193937014e+05  2.473557186919571e+05  3.531026999172570e+05  1.846642825751984e+05  2.281100384660816e-02  2.520422575875404e-02  7.838025484147729e-02
  6.799999999999992e+00  -9.726415064956812e+04  3.658994068856883e+05  1.135868198019888e+05  2.447060999107790e+05  3.825893617934151e+05  2.859427382218015e+05  2.303544658104130e-02  2.353154009567975e-02  5.004463641425905e-02
  6.899999999999991e+00  -1.777413315545359e+05  2.740135130358489e+05  -6.739098686752752e+03  2.646270524812816e+05  4.483295728250439e+05  3.926529386392030e+05  3.145640187573544e-02  2.538876677448272e-02  3.559651874762738e-02
  6.999999999999991e+00  -4.359981978767330e+04  2.782271366983454e+05  2.107164666253421e+04  3.352884206795715e+05  6.377823364561402e+05  6.094911872836602e+05  5.715240786320726e-02  4.220287753990019e-02  3.188121250976431e-02
  7.099999999999991e+00  1.718728175693853e+05  2.764822658835899e+05  3.643297641688628e+04  4.208226023882561e+05  8.846520233440921e+05  9.063722143240108e+05  8.888988422120291e-02  6.173474650359399e-02  2.952512183732216e-02
  7.199999999999990e+00  1.310898840561894e+05  1.462245639548660e+05  -6.264503843271211e+04  4.697893040813583e+05  1.025351371701284e+06  9.697906184877250e+05  8.039690178553319e-02  6.422154268284160e-02  2.141160413529777e-02
  7.299999999999990e+00  -5.405513386177366e+04  -6.615294706677298e+03  -1.848556306566656e+04  4.436460661530313e+05  9.216062406789168e+05  7.093794046681301e+05  2.858761467565697e-02  3.897974149332973e-02  2.345832333463762e-02
  7.399999999999990e+00  -1.512636996070797e+05  -6.537165647197692e+04  2.605112197809815e+05  3.458046187503952e+05  6.628414839638936e+05  2.904133001337280e+05  -3.415230391711711e-02  -1.813747329721495e-03  3.820579061214083e-02
  7.499999999999989e+00  -1.779366109572112e+05  -5.772171309610740e+04  5.211253729102409e+05  2.169348550282807e+05  4.305786464462042e+05  -1.147727175794663e+05  -8.403194936975092e-02  -3.746505358901426e-02  4.909258939835068e-02
  7.599999999999989e+00  -1.686332422480572e+05  -6.782368472827819e+03  6.650876922669694e+05  1.134850654581355e+05  2.941633766231206e+05  -3.945272986115855e+05  -1.135771022449467e-01  -5.715193581677602e-02  5.433399197673690e-02
  7.699999999999989e+00  -1.262961704155709e+05  7.728421498632002e+04  7.069114942301613e+05  8.276482227535345e+04  2.414669063137061e+05  -5.373318378046837e+05  -1.232625037158211e-01  -6.027669855302483e-02  5.438629128136784e-02
  7.799999999999988e+00  -4.452197985448559e+04  1.927968667105776e+05  6.337034510139999e+05  1.425456477830648e+05  2.456771612530054e+05  -5.790776366685135e+05  -1.161071216305582e-01  -5.123554892013082e-02  4.440574072823041e-02
  7.899999999999988e+00  5.978979299821143e+04  3.208383546471919e+05  4.382735125594689e+05  2.568571200563695e+05  2.837867997979695e+05  -5.343086732393480e+05  -9.703576662955520e-02  -3.651136561520716e-02  2.608950368176146e-02
  7.999999999999988e+00  1.777095102758743e+05  4.351641113375010e+05  1.829286072603804e+05  3.644439641119327e+05  3.480348994552655e+05  -4.162132489644252e+05  -6.843211884242588e-02  -2.032264534756923e-02  6.875767373272501e-03
  8.099999999999987e+00  3.100309638964188e+05  5.062198445804685e+05  -5.012641881536721e+04  4.283588943249285e+05  4.273705533751665e+05  -2.592754475672026e+05  -3.462082793735594e-02  -5.381704604455169e-03  -9.156818442633035e-03
  8.199999999999987e+00  4.335819604149686e+05  5.129860681402666e+05  -2.295249006022873e+05  4.411233196287821e+05  5.009453384883541e+05  -9.888975482292706e+04  -2.535795609165941e-03  5.665319317936322e-03  -2.109461370606464e-02
  8.299999999999986e+00  5.345793664635748e+05  4.833519645156460e+05  -3.734402920020123e+05  4.273426698032326e+05  5.519216527997022e+05  2.827113297308382e+04  2.125738189241604e-02  1.219360367907605e-02  -2.964923175453623e-02
  8.399999999999986e+00  6.115376525682729e+05  4.536621349852839e+05  -4.718500551900807e+05  4.127972083272721e+05  5.760550416854450e+05  1.071895112739058e+05  3.473684249742783e-02  1.441576320706255e-02  -3.370423917489553e-02
  8.499999999999986e+00  6.296006185540014e+05  4.054223177547955e+05  -5.443391531608859e+05  3.973951606554428e+05  5.759486156084157e+05  1.399739234957673e+05  3.871393217853313e-02  1.239763155183923e-02  -3.520699276159535e-02
  8.599999999999985e+00  5.966254107472184e+05  3.505813623136664e+05  -5.861957210633206e+05  3.774798979922121e+05  5.517400999281909e+05  1.379486732185790e+05  3.466915615914121e-02  6.512325700403197e-03  -3.509890440717538e-02
  8.699999999999985e+00  5.721001094027653e+05  3.289275528581809e+05  -5.529297304615340e+05  3.500173585640896e+05  5.132555071808575e+05  1.247347890117099e+05  2.816449806509766e-02  -9.118058476431148e-04  -3.067033208846644e-02
  8.799999999999985e+00  5.790132396502953e+05  3.175507922797364e+05  -4.879344282477500e+05  3.174196435905535e+05  4.787826888677775e+05  1.179223144393580e+05  2.524864651979126e-02  -6.739919811220755e-03  -2.516767141854918e-02
  8.899999999999984e+00  6.130845628098799e+05  2.896780379720088e+05  -4.589727249316357e+05  2.961951953798212e+05  4.572545830671273e+05  1.261198869722020e+05  2.855529472998887e-02  -1.002708750493292e-02  -2.373560697403664e-02
  8.999999999999984e+00  6.598257882746590e+05  2.566394384405961e+05  -4.788735876160475e+05  2.991689080895270e+05  4.487356950273071e+05  1.526327516971596e+05  3.628297929210077e-02  -1.042696790436303e-02  -2.610806737014578e-02
  9.099999999999984e+00  7.008859962890213e+05  2.263719751971475e+05  -5.194263540489570e+05  3.197590189852759e+05  4.518732994956894e+05  1.922782397313143e+05  4.333889767097440e-02  -7.623508407450314e-03  -2.804274948832320e-02
  9.199999999999983e+00  7.383545822312522e+05  1.947943407957816e+05  -5.360043551842903e+05  3.401394806562180e+05  4.615704831893974e+05  2.355729240638956e+05  4.673468073750783e-02  -3.417506630546536e-03  -2.633991096994752e-02
  9.299999999999983e+00  7.688804684157193e+05  1.534287426923954e+05  -5.323213707369553e+05  3.484245935341233e+05  4.657208010470229e+05  2.705342831149321e+05  4.659142394846370e-02  -9.096641030086021e-04  -2.335844304932401e-02
  9.399999999999983e+00  7.877273746163420e+05  1.042041596069649e+05  -5.375828752022833e+05  3.440139169429213e+05  4.581707366288185e+05  2.981556736397709e+05  4.547370885626602e-02  -1.290150666248893e-03  -2.230030107278078e-02
  9.499999999999982e+00  8.013751356112834e+05  6.239818954169428e+04  -5.587305165942067e+05  3.342176878475724e+05  4.424435049940345e+05  3.303748082382192e+05  4.614146931935495e-02  -3.039776216127554e-03  -2.326977747978629e-02
  9.599999999999982e+00  8.098966914474759e+05  3.740146900972131e+04  -5.900519767483005e+05  3.261627915775759e+05  4.241763884237287e+05  3.706356449981448e+05  4.874712578257866e-02  -4.383798904971901e-03  -2.510116989816278e-02
  9.699999999999982e+00  8.006152892487238e+05  2.485400877323138e+04  -6.325041540042668e+05  3.236106924904834e+05  4.078188103873261e+05  4.071986590942353e+05  5.121329934553882e-02  -4.330927696517643e-03  -2.726017414032545e-02
  9.799999999999981e+00  7.700127869511876e+05  2.542947194051488e+04  -6.751710114843440e+05  3.253746693331317e+05  3.936141642699947e+05  4.294480159044304e+05  5.135940123313013e-02  -2.861437463689768e-03  -2.876330628820897e-02
  9.899999999999981e+00  7.262387061846020e+05  4.565562459216172e+04  -6.888427253981637e+05  3.231947002391063e+05  3.782503669469594e+05  4.385266536492303e+05  4.833406503511320e-02  -1.236437782745825e-03  -2.778777300381334e-02
  9.999999999999980e+00  6.672882281347025e+05  7.636501006409590e+04  -6.747028260830006e+05  3.097540515845849e+05  3.591130721139369e+05  4.381946646824080e+05  4.281518706898059e-02  -5.190139883296609e-04  -2.526195342309707e-02
  1.009999999999998e+01  5.950741493846470e+05  1.012525518766975e+05  -6.513519821983782e+05  2.899204490737295e+05  3.433964116904327e+05  4.329078245345959e+05  3.667918307662381e-02  -4.864943989120771e-04  -2.305286823934167e-02
  1.019999999999998e+01  5.228476908221225e+05  1.105926147321004e+05  -6.211025613685091e+05  2.781815780696019e+05  3.417043294393881e+05  4.244907507169342e+05  3.111374263020428e-02  -1.070526714061169e-04  -2.134866547247440e-02
  1.029999999999998e+01  4.474723893661311e+05  9.577359940220069e+04  -6.070879654969566e+05  2.790052018719943e+05  3.494642528019348e+05  4.041742128943659e+05  2.442497017552569e-02  6.059647025639684e-04  -2.088774422372553e-02
  1.039999999999998e+01  3.645127638883712e+05  6.817738667448856e+04  -6.094371236402940e+05  2.813736614292280e+05  3.499664578718314e+05  3.645104964987473e+05  1.477180816174782e-02  3.491845960725012e-04  -2.029180299166812e-02
  1.049999999999998e+01  2.760177476453263e+05  4.970635948187977e+04  -6.023640585025665e+05  2.770644913936121e+05  3.361620257458962e+05  3.077042010991314e+05  2.242401815199810e-03  -1.059153469445929e-03  -1.763477648175302e-02
  1.059999999999998e+01  1.869147191861033e+05  4.929829225703127e+04  -5.687873236392968e+05  2.721620962612206e+05  3.226457283348718e+05  2.390981937322456e+05  -1.207320212380084e-02  -1.831969080357102e-03  -1.260904940752411e-02
  1.069999999999998e+01  1.426888354587229e+05  9.066528185674170e+04  -4.403797903321034e+05  2.763993325204218e+05  3.292312165377900e+05  1.786998978909041e+05  -2.371840916469295e-02  1.729383696370161e-04  -2.308149771107952e-03
  1.079999999999998e+01  1.614054452212855e+05  1.621231169168046e+05  -2.319688026647820e+05  2.871729776501382e+05  3.527815891958818e+05  1.447228187831020e+05  -2.897377154887189e-02  4.642351498936895e-03  1.129002697049318e-02
  1.089999999999998e+01  1.968962922073286e+05  2.125552768866273e+05  -7.625750010186402e+04  2.982802236630195e+05  3.729737301297306e+05  1.291787116960584e+05  -2.917711852237664e-02  8.869139174238594e-03  1.982408071500604e-02
  1.099999999999998e+01  2.242056452453310e+05  2.379730853773367e+05  -1.974315587209073e+04  3.139784668944828e+05  3.790129608249896e+05  1.211621964438617e+05  -2.698687680901876e-02  1.117026594131539e-02  2.124944450068868e-02
  1.109999999999998e+01  2.446725420682606e+05  2.602557266048369e+05  -3.422578191840827e+04  3.398199283886883e+05  3.760754349144675e+05  1.185922875376600e+05  -2.477499712741642e-02  1.196535467090105e-02  1.858751102097066e-02
  1.119999999999998e+01  2.667406977076616e+05  2.862278800418530e+05  -9.090610785410895e+04  3.709733824033429e+05  3.778489279721312e+05  1.206012895914611e+05  -2.325490794623673e-02  1.245123848673124e-02  1.381424615772180e-02
  1.129999999999998e+01  3.047225196739020e+05  3.138525617117299e+05  -1.506867709370641e+05  3.950868268343136e+05  3.885291056721500e+05  1.253238173085161e+05  -2.172263292436012e-02  1.320699094701891e-02  9.251230203767880e-03
  1.139999999999998e+01  3.538395453455891e+05  3.312332602025646e+05  -1.917351718304686e+05  4.049487618035684e+05  3.929793737711475e+05  1.283229025987741e+05  -2.043658758517891e-02  1.337198311347515e-02  6.761427716904650e-03
  1.149999999999998e+01  3.977726595053847e+05  3.316079625944043e+05  -2.142736869071872e+05  4.061649271217802e+05  3.744466057786444e+05  1.240297141070276e+05  -1.968124388623000e-02  1.181365008333410e-02  6.257363941759726e-03
  1.159999999999997e+01  4.361552931598031e+05  3.290297460803858e+05  -2.098423346804171e+05  4.096662447471311e+05  3.371158637385898e+05  1.136997985780078e+05  -1.903166913383703e-02  8.738238873133693e-03  7.186199450671428e-03
  1.169999999999997e+01  4.727660338226644e+05  3.378399667298954e+05  -1.713897469435814e+05  4.183228443551100e+05  3.026165361626361e+05  1.062536221622626e+05  -1.747542061142777e-02  5.690987450752941e-03  8.901362437406390e-03
  1.179999999999997e+01  4.942053174941704e+05  3.533572611399796e+05  -1.167051804506251e+05  4.229614220746887e+05  2.874352066163635e+05  1.087952795010916e+05  -1.416808159743080e-02  3.621935884043056e-03  1.008345971347270e-02
  1.189999999999997e+01  4.865745070488745e+05  3.633367230793830e+05  -6.150303078371810e+04  4.110643311850133e+05  2.954790241365221e+05  1.253409512065269e+05  -8.651818110853873e-03  2.252977502788211e-03  1.086646256546667e-02
  1.199999999999997e+01  4.487329498168215e+05  3.607527670295040e+05  -6.420198912565694e+03  3.799621271041995e+05  3.228904106674466e+05  1.571655312608205e+05  -1.191953646892010e-03  1.877881310823155e-03  1.285615018023292e-02
  1.209999999999997e+01  3.940006579234452e+05  3.462469859199675e+05  4.359316305927223e+04  3.417721776645360e+05  3.598333063008983e+05  1.995922764844272e+05  6.065312230104896e-03  3.110128437983091e-03  1.599628017719096e-02
  1.219999999999997e+01  3.419476904346490e+05  3.225366773810450e+05  7.409316725290394e+04  3.156358258438413e+05  3.957103397049407e+05  2.431128443723466e+05  1.096428846097241e-02  5.899522120363700e-03  1.861315121056572e-02
  1.229999999999997e+01  3.059858052739935e+05  2.947195159435579e+05  7.921577465853983e+04  3.128742883916775e+05  4.263585369399120e+05  2.798463442973939e+05  1.303785283211069e-02  9.684656882510351e-03  1.966232069734878e-02
  1.239999999999997e+01  2.872114569917323e+05  2.703320133000758e+05  6.942519531807628e+04  3.275262138466667e+05  4.552585018680538e+05  3.058402673340371e+05  1.339571885135982e-02  1.381813496156424e-02  1.922451654353155e-02
  1.249999999999997e+01  2.700972787151926e+05  2.510360261089469e+05  5.910469066695962e+04  3.417136830890763e+05  4.855690277004068e+05  3.210923972383970e+05  1.378635243488961e-02  1.721405582063159e-02  1.812418865116608e-02
  1.259999999999997e+01  2.384544851886212e+05  2.351760170987235e+05  6.384351938508614e+04  3.420665245794340e+05  5.133341436767058e+05  3.283669296807481e+05  1.481388336899331e-02  1.859348397101965e-02  1.726969312179081e-02
  1.269999999999997e+01  1.939784474530428e+05  2.216222462185142e+05  9.580177043002807e+04  3.299534998929770e+05  5.323749388985714e+05  3.292295112028370e+05  1.584978855228438e-02  1.795577364246155e-02  1.739730909252328e-02
  1.279999999999997e+01  1.514124514859159e+05  2.086572178789461e+05  1.532991854860160e+05  3.154824922928679e+05  5.413711965099749e+05  3.238053835974862e+05  1.605359506727786e-02  1.659971301413676e-02  1.892350959171049e-02
  1.289999999999997e+01  1.233307250228013e+05  1.967042308495688e+05  2.248250766258798e+05  3.053074652161270e+05  5.442190712556646e+05  3.132089874704700e+05  1.504317329450356e-02  1.591691565192491e-02  2.151044847759472e-02
  1.299999999999997e+01  1.052310453237176e+05  1.840202336471861e+05  2.958394017013792e+05  2.983216205147518e+05  5.459966148152569e+05  2.987591251330466e+05  1.285976600261877e-02  1.614641378538844e-02  2.443795586117150e-02
  1.309999999999997e+01  8.219818424376388e+04  1.661244583613406e+05  3.529007231399032e+05  2.917826621874020e+05  5.489157945605213e+05  2.826685976879285e+05  1.002600853987357e-02  1.646017091368407e-02  2.693161442461957e-02
  1.319999999999997e+01  5.188266319004933e+04  1.433278659774790e+05  3.884311451110883e+05  2.870030369812145e+05  5.516227653616555e+05  2.709707507137805e+05  7.651415536575833e-03  1.594159215534908e-02  2.853447010145114e-02
  1.329999999999997e+01  2.701289708219000e+04  1.196121597665768e+05  3.987886540972478e+05  2.868421427201545e+05  5.512801950437471e+05  2.692096848607257e+05  6.719169623765149e-03  1.412891425317114e-02  2.910766290671590e-02
  1.339999999999997e+01  1.908628494232537e+04  9.888846565240294e+04  3.810249267546381e+05  2.891879631829030e+05  5.457241360829931e+05  2.743583355533989e+05  7.291423829286790e-03  1.119608854910463e-02  2.826705602075960e-02
  1.349999999999997e+01  2.867178899340008e+04  8.367922142034383e+04  3.377498653809845e+05  2.875419670790135e+05  5.341429015921444e+05  2.739120400829472e+05  7.874629894006294e-03  7.588431656213940e-03  2.578344029235533e-02
  1.359999999999997e+01  5.082424078096149e+04  7.418471521560272e+04  2.813028602354150e+05  2.798952857773622e+05  5.163669419295287e+05  2.531947984669530e+05  6.541224269468425e-03  3.832882111240438e-03  2.203683468825331e-02
  1.369999999999997e+01  8.152521507395362e+04  6.790992452099721e+04  2.232573577340925e+05  2.719282653368219e+05  4.928984232653700e+05  2.039037925684537e+05  2.064076295726437e-03  2.045643885042055e-04  1.755722999426290e-02
  1.379999999999997e+01  1.204386708905423e+05  6.268627838899446e+04  1.655448846417581e+05  2.712738675983247e+05  4.662639064474826e+05  1.304748259699270e+05  -5.609118483239897e-03  -3.425304956924295e-03  1.252961835232351e-02
  1.389999999999997e+01  1.727311716252457e+05  6.118555675497141e+04  1.042047982229749e+05  2.803875935377427e+05  4.419673430024696e+05  5.235561722569908e+04  -1.397151730347783e-02  -6.987407232194667e-03  7.032869094266758e-03
  1.399999999999997e+01  2.424654323991273e+05  6.878829517123743e+04  3.782885943083173e+04  2.946978440869786e+05  4.252371640959568e+05  -5.573585207123035e+03  -1.990472503725863e-02  -1.030181386019234e-02  1.503665518567025e-03
  1.409999999999997e+01  3.167530108932926e+05  8.647870426588217e+04  -3.041828550873145e+04  3.068111124310265e+05  4.135036933834046e+05  -3.163843555389312e+04  -2.185577148878060e-02  -1.345056425458507e-02  -3.373978261083131e-03
  1.419999999999997e+01  3.697260789348450e+05  1.107087528612901e+05  -9.189770441067623e+04  3.122655553431885e+05  3.968263915348860e+05  -3.219363651988587e+04  -2.049214445340393e-02  -1.686912229222104e-02  -6.908609550121902e-03
  1.429999999999997e+01  3.838037397827661e+05  1.384862277284179e+05  -1.336601654890937e+05  3.115013022895547e+05  3.680250879006058e+05  -2.121134391347526e+04  -1.779349427532463e-02  -2.063584820216428e-02  -8.493572205908323e-03
  1.439999999999996e+01  3.612521695478039e+05  1.674686870447500e+05  -1.496336501233231e+05  3.070566451422965e+05  3.308613232057460e+05  -8.475554217266143e+03  -1.478561608269090e-02  -2.384444319617330e-02  -8.057419943062185e-03
  1.449999999999996e+01  3.241580147497755e+05  1.920578466513334e+05  -1.463830318051042e+05  2.999857104356160e+05  2.983604137362480e+05  4.743048709259154e+03  -1.192350207698916e-02  -2.524866668167550e-02  -6.502142671447469e-03
  1.459999999999996e+01  2.951984293440577e+05  2.025596452571898e+05  -1.408656827534374e+05  2.891116571717519e+05  2.821787444255411e+05  1.882047725633967e+04  -9.394969428395532e-03  -2.413009622742199e-02  -5.395629617772279e-03
  1.469999999999996e+01  2.844723644000159e+05  1.938342370601824e+05  -1.455782091273523e+05  2.748595101651377e+05  2.861787802655306e+05  3.255366010109225e+04  -7.458806529432288e-03  -2.078202959513066e-02  -5.749080391086668e-03
  1.479999999999996e+01  2.915259318286944e+05  1.729010782391755e+05  -1.562943682895110e+05  2.610416314144699e+05  3.068449871524076e+05  4.604783841714173e+04  -6.274708627084673e-03  -1.608335337007015e-02  -7.135689668218584e-03
  1.489999999999996e+01  3.035077309570208e+05  1.533611788577570e+05  -1.617732116063571e+05  2.521838040071507e+05  3.361253616471044e+05  6.202998194917354e+04  -5.004605645533588e-03  -1.093402071363668e-02  -8.133396432084395e-03
  1.499999999999996e+01  3.047641439426153e+05  1.454033743479197e+05  -1.537920548945000e+05  2.495064833182347e+05  3.661505059601403e+05  8.563065285094368e+04  -2.740379886035642e-03  -6.142830393144409e-03  -7.516757469878979e-03
  1.509999999999996e+01  2.891375605512535e+05  1.515776448344665e+05  -1.318353448637956e+05  2.498080082042686e+05  3.907083096832741e+05  1.180858905667359e+05  8.864124378148096e-04  -2.379328440347305e-03  -5.285910874211452e-03
  1.519999999999996e+01  2.604679456463255e+05  1.677767330445445e+05  -1.038585244280143e+05  2.491488652671457e+05  4.056183572366195e+05  1.519095186551405e+05  5.472167163914290e-03  1.502910630859477e-05  -2.503104465927752e-03
  1.529999999999996e+01  2.324897804960551e+05  1.888931039157133e+05  -7.802937283746993e+04  2.466131155833057e+05  4.103587237795761e+05  1.758609844992752e+05  9.450030341194059e-03  1.051657850435733e-03  -5.679609832239896e-04
  1.539999999999996e+01  2.161335467361312e+05  2.103421046629568e+05  -6.065973446927689e+04  2.445532387930379e+05  4.068141545108660e+05  1.809667642516728e+05  1.138621516243705e-02  1.017700220659388e-03  -2.068678362310161e-04
  1.549999999999996e+01  2.107962993874825e+05  2.261090302631700e+05  -5.621727384554062e+04  2.456257278355305e+05  3.982983117943955e+05  1.669418146685442e+05  1.063270113091296e-02  3.321758043959774e-04  -1.030849004319853e-03
  1.559999999999996e+01  2.138583911930942e+05  2.338555907696744e+05  -6.380520290283410e+04  2.508311370745107e+05  3.888979559333308e+05  1.422980254042983e+05  7.371458945120687e-03  -6.525026094490011e-04  -2.215646609984339e-03
  1.569999999999996e+01  2.240634821514871e+05  2.363045124263925e+05  -8.095197606201151e+04  2.593655721298618e+05  3.815432888151219e+05  1.173428436503297e+05  2.918521562135273e-03  -1.516009977751848e-03  -2.964430585866968e-03
  1.579999999999996e+01  2.422328376666441e+05  2.376111146261720e+05  -1.058165499468792e+05  2.698226717312893e+05  3.773686092078779e+05  1.002083384983603e+05  -1.504785586203042e-03  -1.951265353606803e-03  -3.082829616936266e-03
  1.589999999999996e+01  2.675337153567586e+05  2.406168813200815e+05  -1.359832522825055e+05  2.807666368687349e+05  3.754380005032570e+05  9.366791924067469e+04  -5.176349495532888e-03  -1.975380099683626e-03  -2.917179688505826e-03
  1.599999999999996e+01  2.957287494585129e+05  2.457161641291636e+05  -1.665642369372731e+05  2.903781683986425e+05  3.740583770670271e+05  9.619549151716349e+04  -7.671024348048595e-03  -1.869807370966617e-03  -2.736665965186360e-03
  1.609999999999996e+01  3.226498481956861e+05  2.532594734995591e+05  -1.897961778015881e+05  2.971534981788632e+05  3.732922100888066e+05  1.049317138900902e+05  -8.816454054751647e-03  -1.939231880359473e-03  -2.760932791210315e-03
  1.619999999999996e+01  3.440526129003168e+05  2.634400607589685e+05  -2.017862247295446e+05  3.002810572975069e+05  3.746944424524893e+05  1.166950561366411e+05  -8.447704034990599e-03  -2.256286187562293e-03  -3.269076252071573e-03
  1.629999999999996e+01  3.571036804661426e+05  2.747278451245942e+05  -2.045266457477431e+05  3.002755991300359e+05  3.789324075663819e+05  1.288950147765334e+05  -6.592041438667630e-03  -2.533445845826528e-03  -4.497457330951608e-03
  1.639999999999996e+01  3.600005993839675e+05  2.837018616134557e+05  -2.008910827841861e+05  2.988967025970574e+05  3.849145191720831e+05  1.398511882529598e+05  -3.638978246650866e-03  -2.292119820086337e-03  -6.314186250376170e-03
  1.649999999999996e+01  3.523475708908514e+05  2.857418525471534e+05  -1.925518962219142e+05  2.979853137945073e+05  3.902799982737844e+05  1.481433999533115e+05  -3.111198073195955e-04  -1.290997823759561e-03  -8.043948790402222e-03
  1.659999999999997e+01  3.369645182503970e+05  2.789193601218748e+05  -1.792363378574649e+05  2.987325441511539e+05  3.929566645458920e+05  1.520852865948617e+05  2.740806328621903e-03  3.620615146692442e-04  -8.841869782779975e-03
  1.669999999999997e+01  3.198657525907654e+05  2.663005476360127e+05  -1.611035476966767e+05  3.012346340097398e+05  3.926241146490055e+05  1.510665486553210e+05  5.149682067909847e-03  2.175634252292048e-03  -8.259367164669632e-03
  1.679999999999997e+01  3.062218236939844e+05  2.526070958595696e+05  -1.421732281250415e+05  3.048997563851232e+05  3.903655281717354e+05  1.459492978963742e+05  6.799390673959546e-03  3.662214346597345e-03  -6.549655085929995e-03
  1.689999999999997e+01  2.970741873499348e+05  2.408188942677021e+05  -1.275184463690495e+05  3.086546294765347e+05  3.884638272585318e+05  1.396138925904541e+05  7.620920776059261e-03  4.729419849711540e-03  -4.494939845138551e-03
  1.699999999999997e+01  2.913674734508225e+05  2.317990901816837e+05  -1.189810097349431e+05  3.110434945979982e+05  3.889850111286029e+05  1.356243220343119e+05  7.574073743697180e-03  5.521177031723185e-03  -2.797503067738444e-03
  1.709999999999997e+01  2.874157828835363e+05  2.254443808464433e+05  -1.135512664315063e+05  3.106454041225961e+05  3.924442022575840e+05  1.352055838096903e+05  6.729832906121699e-03  6.177250050840659e-03  -1.617250588964577e-03
  1.719999999999997e+01  2.835438397734885e+05  2.215771864833206e+05  -1.065679756717808e+05  3.067874661457614e+05  3.979621232539930e+05  1.369015152438678e+05  5.232629839213467e-03  6.678029201408643e-03  -6.762360316346875e-04
  1.729999999999998e+01  2.782245693455823e+05  2.195629329432489e+05  -9.663417322030153e+04  3.011675626854662e+05  4.033543886727446e+05  1.374461211562845e+05  3.446467145535251e-03  6.864502900165838e-03  3.334933071831152e-04
  1.739999999999998e+01  2.693359590610890e+05  2.173725359124853e+05  -8.642952102627042e+04  2.962712019189983e+05  4.074445486808700e+05  1.350402546059647e+05  1.697169230980002e-03  6.603351556498899e-03  1.505547610282818e-03
  1.749999999999998e+01  2.566541296550907e+05  2.128798160919756e+05  -7.947499844267452e+04  2.936513635761673e+05  4.109403221063096e+05  1.309406902757746e+05  2.436299713052967e-04  5.951561755488353e-03  2.631692291939533e-03
  1.759999999999998e+01  2.426136519704522e+05  2.059215346105630e+05  -7.610560157455581e+04  2.931766758219304e+05  4.150329617661308e+05  1.270349031418683e+05  -8.591197775032166e-04  4.989280579048135e-03  3.430368036961109e-03
  1.769999999999998e+01  2.299368451688755e+05  1.981474948169346e+05  -7.357455479771369e+04  2.922500991059739e+05  4.196179073203107e+05  1.241348224392004e+05  -1.907479701067307e-03  3.740647967911654e-03  3.751976066974445e-03
  1.779999999999998e+01  2.209277279356282e+05  1.914736856960686e+05  -6.866792472315129e+04  2.880639769315126e+05  4.225213088675560e+05  1.217106888090696e+05  -3.177353354466732e-03  2.250020679121460e-03  3.504909419085847e-03
  1.789999999999998e+01  2.162040538356183e+05  1.864833014457207e+05  -6.037797734062886e+04  2.794048829672520e+05  4.212534532271816e+05  1.188223771255795e+05  -4.696966471937623e-03  5.962911432075264e-04  2.824345249965569e-03
  1.799999999999999e+01  2.151516475558370e+05  1.823752733540671e+05  -5.028125723012458e+04  2.672806685836335e+05  4.151086983683578e+05  1.161434909672200e+05  -6.244995976777614e-03  -9.865598333156837e-04  1.981480307534752e-03
  1.809999999999999e+01  2.175731098514232e+05  1.789639193262182e+05  -4.217243857331475e+04  2.550407337182415e+05  4.061423796868235e+05  1.153182100973083e+05  -7.349926718117916e-03  -2.256530635327427e-03  1.255927849013993e-03
  1.819999999999999e+01  2.240477135775072e+05  1.777036697755315e+05  -4.038365265059051e+04  2.466870202203999e+05  3.977439975363411e+05  1.180705390491460e+05  -7.609104414934397e-03  -3.091987594436904e-03  7.989933506474779e-04
  1.829999999999999e+01  2.345893205677519e+05  1.800118569851534e+05  -4.762161145571575e+04  2.451183943432529e+05  3.924423555912705e+05  1.254155819191393e+05  -6.970743628819725e-03  -3.500260560890740e-03  5.466665507034886e-04
  1.839999999999999e+01  2.475869946041126e+05  1.862863784412600e+05  -6.300625617423430e+04  2.514736439070729e+05  3.906123520546011e+05  1.363846421807575e+05  -5.670356143466604e-03  -3.604030776366947e-03  3.915998369578891e-04
  1.849999999999999e+01  2.598784325633371e+05  1.947721910106268e+05  -8.211636520855645e+04  2.642234931775173e+05  3.909014128806290e+05  1.488094780611126e+05  -4.224111062222908e-03  -3.527445384784504e-03  2.434216004435375e-04
  1.859999999999999e+01  2.680109312516560e+05  2.024482707117315e+05  -1.005052924983382e+05  2.797343051922194e+05  3.919100744451734e+05  1.599574153401621e+05  -2.984364980887041e-03  -3.340983585233250e-03  6.446604345544293e-05
  1.870000000000000e+01  2.711783571612541e+05  2.076129137482615e+05  -1.152502861269644e+05  2.932232355095295e+05  3.932472587094599e+05  1.680352975064381e+05  -1.905705666990368e-03  -3.101998823908425e-03  -2.282901284073647e-04
  1.880000000000000e+01  2.704846003677508e+05  2.096316143492886e+05  -1.251102349605252e+05  3.001195378089825e+05  3.960626193295508e+05  1.729239630756120e+05  -7.544014883473746e-04  -2.853277048289602e-03  -6.292310935377387e-04
  1.890000000000000e+01  2.677035314170624e+05  2.088589973701956e+05  -1.291893803718667e+05  2.988217278337180e+05  4.015096451318894e+05  1.752581915038345e+05  6.044082096272410e-04  -2.550159560871929e-03  -9.979595492964530e-04
  1.900000000000000e+01  2.641141743017760e+05  2.060005995461700e+05  -1.271314127028176e+05  2.908790228945791e+05  4.094889739889214e+05  1.758133805966681e+05  1.928444546824478e-03  -2.149848403620737e-03  -1.168910175259708e-03
  1.910000000000000e+01  2.605722819102706e+05  2.021441209698801e+05  -1.206121570667763e+05  2.805032676340040e+05  4.184423868407545e+05  1.748200033302298e+05  2.814626088869526e-03  -1.621983630171520e-03  -1.083923400964745e-03
  1.920000000000000e+01  2.582015734685664e+05  1.987443823410695e+05  -1.130241073115648e+05  2.723896297470185e+05  4.258172119310619e+05  1.722037386437985e+05  2.964095196447761e-03  -9.599249165293278e-04  -9.179459491292666e-04
  1.930000000000000e+01  2.577401688630388e+05  1.971399306886770e+05  -1.080849557057216e+05  2.689743295798787e+05  4.297707816257522e+05  1.679758755843368e+05  2.365318174484551e-03  -3.091827150470646e-04  -9.251343491919553e-04
  1.940000000000001e+01  2.592385169128762e+05  1.979993788190890e+05  -1.072480568499449e+05  2.703529992734563e+05  4.295817259619067e+05  1.620741507923478e+05  1.245804716780470e-03  2.043935559188263e-04  -1.253742593101317e-03
  1.950000000000001e+01  2.608368972557531e+05  2.003679064190027e+05  -1.088864743642814e+05  2.745588175964661e+05  4.257226958715315e+05  1.545830497777524e+05  -1.588709802396395e-04  4.601248283381036e-04  -1.729571141427768e-03
  1.960000000000001e+01  2.603146817853498e+05  2.030797276103958e+05  -1.097502793691070e+05  2.789962714014230e+05  4.191986408456212e+05  1.460824477154276e+05  -1.614079117339600e-03  3.339194893914881e-04  -2.013405226566537e-03
  1.970000000000001e+01  2.572650287701706e+05  2.054946599700452e+05  -1.076945197332017e+05  2.820185749023207e+05  4.110295455203854e+05  1.382310078831716e+05  -2.737707564741894e-03  -1.492759714624262e-04  -1.889902927936022e-03
  1.980000000000001e+01  2.536297074641846e+05  2.076836061315681e+05  -1.033430768957273e+05  2.832274505078530e+05  4.026916320176530e+05  1.337090954974161e+05  -3.063331312241398e-03  -9.136174156361132e-04  -1.397055629199479e-03
  1.990000000000001e+01  2.524013932874373e+05  2.100528383303549e+05  -9.945877342424582e+04  2.835253415012708e+05  3.959847036147087e+05  1.344772522557076e+05  -2.300141218270099e-03  -1.717766597231105e-03  -8.748753478589973e-04
