  -0.00000000    
  -1.99098622E-08
  -4.54953692E-08
  -7.67639676E-08
  -1.13616892E-07
  -1.56084411E-07
  -2.03938441E-07
  -2.56782954E-07
  -3.14159621E-07
  -3.75591497E-07
  -4.40225108E-07
  -5.07516120E-07
  -5.76413584E-07
  -6.46018123E-07
  -7.15277793E-07
  -7.83181463E-07
  -8.48610000E-07
  -9.10339168E-07
  -9.67307983E-07
  -1.01859018E-06
  -1.06283005E-06
  -1.09946791E-06
  -1.12733017E-06
  -1.14590875E-06
  -1.15468561E-06
  -1.15290823E-06
  -1.14032582E-06
  -1.11721124E-06
  -1.08323502E-06
  -1.03883428E-06
  -9.84360440E-07
  -9.20603441E-07
  -8.47948627E-07
  -7.67566860E-07
  -6.80577728E-07
  -5.87966724E-07
  -4.91085871E-07
  -3.91406729E-07
  -2.90000827E-07
  -1.88448382E-07
  -8.83638620E-08
   9.29316002E-09
   1.02903755E-07
   1.91274580E-07
   2.73377339E-07
   3.47925493E-07
   4.14379770E-07
   4.71669978E-07
   5.19381729E-07
   5.56962732E-07
   5.84240752E-07
   6.01032070E-07
   6.07396828E-07
   6.03536932E-07
   5.89915430E-07
   5.66825634E-07
   5.34773562E-07
   4.94652795E-07
   4.47045409E-07
   3.92814343E-07
   3.32871309E-07
   2.68047756E-07
   1.99302406E-07
   1.27502631E-07
   5.36476819E-08
  -2.15542855E-08
  -9.71267582E-08
  -1.72309456E-07
  -2.46434695E-07
  -3.18586558E-07
  -3.88157218E-07
  -4.54564997E-07
  -5.17335309E-07
  -5.75690763E-07
  -6.29442866E-07
  -6.77880962E-07
  -7.20575031E-07
  -7.57338739E-07
  -7.87786462E-07
  -8.11521033E-07
  -8.28257157E-07
  -8.37779112E-07
  -8.39853897E-07
  -8.34500838E-07
  -8.21190724E-07
  -8.00168095E-07
  -7.71173461E-07
  -7.34207902E-07
  -6.89456556E-07
  -6.36944833E-07
  -5.76902551E-07
  -5.09575784E-07
  -4.35439858E-07
  -3.54962140E-07
  -2.68515038E-07
  -1.77049372E-07
  -8.13644760E-08
   1.75174364E-08
   1.18737660E-07
   2.20730726E-07
   3.21904736E-07
   4.20516244E-07
   5.14581870E-07
   6.01638931E-07
   6.78931656E-07
   7.43093437E-07
   7.90366812E-07
   8.16455781E-07
   8.15634849E-07
   7.82004463E-07
   7.07949653E-07
   5.84722784E-07
   4.02279738E-07
   1.47864341E-07
  -1.92817140E-07
  -6.36499635E-07
  -1.20368486E-06
  -1.91754134E-06
  -2.80551012E-06
  -3.89949082E-06
  -5.23601557E-06
  -6.85777195E-06
  -8.81316828E-06
  -1.11576946E-05
  -1.39541253E-05
  -1.72732271E-05
  -2.11943607E-05
  -2.58058262E-05
  -3.12051197E-05
  -3.74998890E-05
  -4.48069732E-05
  -5.32530576E-05
  -6.29739952E-05
  -7.41146941E-05
  -8.68273783E-05
  -1.01271187E-04
  -1.17609859E-04
  -1.36010742E-04
  -1.56641283E-04
  -1.79666924E-04
  -2.05247939E-04
  -2.33535029E-04
  -2.64666014E-04
  -2.98761326E-04
  -3.35919060E-04
  -3.76210286E-04
  -4.19673510E-04
  -4.66310215E-04
  -5.16079250E-04
  -5.68891875E-04
  -6.24607143E-04
  -6.83027378E-04
  -7.43895303E-04
  -8.06889206E-04
  -8.71622469E-04
  -9.37640551E-04
  -1.00442232E-03
  -1.07137836E-03
  -1.13785511E-03
  -1.20313594E-03
  -1.26644631E-03
  -1.32695842E-03
  -1.38379855E-03
  -1.43605366E-03
  -1.48277986E-03
  -1.52301195E-03
  -1.55577366E-03
  -1.58008945E-03
  -1.59499317E-03
  -1.59954233E-03
  -1.59282843E-03
  -1.57398987E-03
  -1.54222269E-03
  -1.49679428E-03
  -1.43705308E-03
  -1.36244087E-03
  -1.27250317E-03
  -1.16690062E-03
  -1.04541716E-03
  -9.07969836E-04
  -7.54617562E-04
  -5.85568137E-04
  -4.01184894E-04
  -2.01991788E-04
   1.13223032E-05
   2.37899294E-04
   4.76713700E-04
   7.26571423E-04
   9.86112864E-04
   1.25381723E-03
   1.52801117E-03
   1.80687825E-03
   2.08847201E-03
   2.37072958E-03
   2.65149307E-03
   2.92852987E-03
   3.19955591E-03
   3.46226152E-03
   3.71434283E-03
   3.95352952E-03
   4.17762017E-03
   4.38451022E-03
   4.57222993E-03
   4.73897345E-03
   4.88313287E-03
   5.00332518E-03
   5.09842066E-03
   5.16756531E-03
   5.21020079E-03
   5.22607844E-03
   5.21526951E-03
   5.17817074E-03
   5.11549879E-03
   5.02828509E-03
   4.91786329E-03
   4.78584785E-03
   4.63410793E-03
   4.46473993E-03
   4.28003352E-03
   4.08243015E-03
   3.87448305E-03
   3.65881389E-03
   3.43806716E-03
   3.21486336E-03
   2.99175642E-03
   2.77118804E-03
   2.55544833E-03
   2.34663463E-03
   2.14662030E-03
   1.95702468E-03
   1.77918852E-03
   1.61415327E-03
   1.46265293E-03
   1.32510485E-03
   1.20161043E-03
   1.09196024E-03
   9.95647744E-04
   9.11888084E-04
   8.39639630E-04
   7.77633046E-04
   7.24404410E-04
   6.78331533E-04
   6.37671619E-04
   6.00602885E-04
   5.65266702E-04
   5.29810612E-04
   4.92428429E-04
   4.51401371E-04
   4.05135943E-04
   3.52199364E-04
   2.91349017E-04
   2.21558963E-04
   1.42041958E-04
   5.22648406E-05
  -4.80427334E-05
  -1.58885305E-04
  -2.80004315E-04
  -4.10886947E-04
  -5.50783589E-04
  -6.98729767E-04
  -8.53571633E-04
  -1.01399864E-03
  -1.17857906E-03
  -1.34580012E-03
  -1.51410687E-03
  -1.68194459E-03
  -1.84780045E-03
  -2.01024418E-03
  -2.16796296E-03
  -2.31979438E-03
  -2.46475823E-03
  -2.60207290E-03
  -2.73117376E-03
  -2.85171997E-03
  -2.96359230E-03
  -3.06688622E-03
  -3.16189486E-03
  -3.24908155E-03
  -3.32905119E-03
  -3.40251159E-03
  -3.47023061E-03
  -3.53298918E-03
  -3.59153515E-03
  -3.64653254E-03
  -3.69851850E-03
  -3.74785648E-03
  -3.79470293E-03
  -3.83897172E-03
  -3.88031825E-03
  -3.91811971E-03
  -3.95148434E-03
  -3.97924846E-03
  -4.00001183E-03
  -4.01215674E-03
  -4.01390437E-03
  -4.00336040E-03
  -3.97858303E-03
  -3.93764814E-03
  -3.87872476E-03
  -3.80015001E-03
  -3.70050897E-03
  -3.57870408E-03
  -3.43402661E-03
  -3.26621486E-03
  -3.07550747E-03
  -2.86268117E-03
  -2.62907473E-03
  -2.37659784E-03
  -2.10772641E-03
  -1.82547432E-03
  -1.53335778E-03
  -1.23533234E-03
  -9.35722899E-04
  -6.39136590E-04
  -3.50362243E-04
  -7.42612028E-05
   1.84347140E-04
   4.20806697E-04
   6.30746072E-04
   8.10197438E-04
   9.55709547E-04
   1.06445188E-03
   1.13430771E-03
   1.16395159E-03
   1.15291018E-03
   1.10160024E-03
   1.01135124E-03
   8.84401612E-04
   7.23871577E-04
   5.33715880E-04
   3.18652485E-04
   8.40706925E-05
  -1.64080804E-04
  -4.19420481E-04
  -6.75277261E-04
  -9.24841792E-04
  -1.16132491E-03
  -1.37812039E-03
  -1.56896468E-03
  -1.72809255E-03
  -1.85037812E-03
  -1.93147105E-03
  -1.96790462E-03
  -1.95719069E-03
  -1.89788954E-03
  -1.78965146E-03
  -1.63323234E-03
  -1.43048528E-03
  -1.18431693E-03
  -8.98624945E-04
  -5.78206731E-04
  -2.28643112E-04
   1.43832760E-04
   5.32484322E-04
   9.30234499E-04
   1.32983329E-03
   1.72402873E-03
   2.10573501E-03
   2.46819621E-03
   2.80513777E-03
   3.11090192E-03
   3.38056218E-03
   3.61002516E-03
   3.79610015E-03
   3.93654546E-03
   4.03008796E-03
   4.07642685E-03
   4.07619635E-03
   4.03091824E-03
   3.94292921E-03
   3.81529308E-03
   3.65169160E-03
   3.45631386E-03
   3.23373033E-03
   2.98877107E-03
   2.72640004E-03
   2.45159166E-03
   2.16922211E-03
   1.88396208E-03
   1.60018739E-03
   1.32190355E-03
   1.05268299E-03
   7.95621308E-04
   5.53307356E-04
   3.27809947E-04
   1.20680954E-04
  -6.70304144E-05
  -2.34752704E-04
  -3.82351805E-04
  -5.10087877E-04
  -6.18564780E-04
  -7.08675478E-04
  -7.81545823E-04
  -8.38478445E-04
  -8.80898384E-04
  -9.10304196E-04
  -9.28219117E-04
  -9.36151308E-04
  -9.35559161E-04
  -9.27822664E-04
  -9.14220058E-04
  -8.95913166E-04
  -8.73936515E-04
  -8.49192904E-04
  -8.22453818E-04
  -7.94362102E-04
  -7.65442441E-04
  -7.36107759E-04
  -7.06674007E-04
  -6.77371863E-04
  -6.48359477E-04
  -6.19737199E-04
  -5.91559627E-04
  -5.63847192E-04
  -5.36597101E-04
  -5.09792648E-04
  -4.83410084E-04
  -4.57425806E-04
  -4.31820779E-04
  -4.06582840E-04
  -3.81709891E-04
  -3.57210258E-04
  -3.33102420E-04
  -3.09415016E-04
  -2.86183902E-04
  -2.63453025E-04
  -2.41269954E-04
  -2.19684822E-04
  -1.98749171E-04
  -1.78512375E-04
  -1.59020376E-04
  -1.40316683E-04
  -1.22437064E-04
  -1.05412706E-04
  -8.92669486E-05
  -7.40153482E-05
  -5.96671998E-05
  -4.62247226E-05
  -3.36824232E-05
  -2.20293095E-05
  -1.12485423E-05
  -1.31848810E-06
   7.78707363E-06
   1.60974832E-05
   2.36454653E-05
   3.04647074E-05
   3.65915330E-05
   4.20623328E-05
   4.69146908E-05
   5.11849794E-05
   5.49095348E-05
   5.81246568E-05
   6.08643204E-05
   6.31616276E-05
   6.50492002E-05
   6.65564585E-05
   6.77132339E-05
   6.85465784E-05
   6.90812012E-05
   6.93432230E-05
   6.93540642E-05
   6.91358873E-05
   6.87078282E-05
   6.80895464E-05
   6.72987226E-05
   6.63519459E-05
   6.52645977E-05
   6.40511280E-05
   6.27272384E-05
   6.13046141E-05
   5.97958060E-05
   5.82136017E-05
   5.65693081E-05
   5.48734497E-05
   5.31366568E-05
   5.13692685E-05
   4.95802997E-05
   4.77793583E-05
   4.59752737E-05
   4.41763768E-05
   4.23903475E-05
   4.06247491E-05
   3.88880144E-05
   3.71850547E-05
   3.55228767E-05
   3.39065627E-05
   3.23418972E-05
   3.08325652E-05
   2.93827125E-05
   2.79956239E-05
   2.66736261E-05
   2.54189290E-05
   2.42324641E-05
   2.31151462E-05
   2.20662441E-05
   2.10861599E-05
   2.01725106E-05
   1.93238302E-05
   1.85389872E-05
   1.78139544E-05
   1.71457341E-05
   1.65316887E-05
   1.59678748E-05
   1.54505851E-05
   1.49756179E-05
   1.45397498E-05
   1.41391083E-05
   1.37697962E-05
   1.34284201E-05
   1.31122388E-05
   1.28177999E-05
   1.25425768E-05
   1.22845013E-05
   1.20410914E-05
   1.18115868E-05
   1.15940056E-05
   1.13876331E-05
   1.11921991E-05
   1.10063966E-05
   1.08310451E-05
   1.06654034E-05
   1.05100999E-05
   1.03652901E-05
   1.02307840E-05
   1.01070373E-05
   9.99486292E-06
   9.89323598E-06
   9.80254845E-06
   9.72317685E-06
   9.65447634E-06
   9.59516365E-06
   9.54525149E-06
   9.50303001E-06
   9.46858654E-06
   9.44088697E-06
   9.41704366E-06
   9.39682559E-06
   9.37889672E-06
   9.36193646E-06
   9.34439777E-06
   9.32454896E-06
   9.30219448E-06
   9.27639030E-06
   9.24549659E-06
   9.20956063E-06
   9.16866975E-06
   9.12134965E-06
   9.06944933E-06
   9.01153544E-06
   8.94885306E-06
   8.88253544E-06
   8.81263986E-06
   8.74024772E-06
   8.66574828E-06
   8.59137344E-06
   8.51660661E-06
   8.44262286E-06
   8.37050720E-06
   8.30123918E-06
   8.23380378E-06
   8.17012278E-06
   8.10952861E-06
   8.05144555E-06
   7.99632107E-06
   7.94408243E-06
   7.89299247E-06
   7.84269741E-06
   7.79260426E-06
   7.74136151E-06
   7.68843620E-06
   7.63224944E-06
   7.57174712E-06
   7.50662457E-06
   7.43585679E-06
   7.35805588E-06
   7.27300358E-06
   7.18055981E-06
   7.08028892E-06
   6.97063115E-06
   6.85342957E-06
   6.72776150E-06
   6.59352872E-06
   6.45164891E-06
   6.30173054E-06
   6.14488772E-06
   5.98152201E-06
   5.81153245E-06
   5.63545200E-06
   5.45417015E-06
   5.26693702E-06
   5.07575851E-06
   4.87928992E-06
   4.67865357E-06
   4.47304819E-06
   4.26406632E-06
   4.05030005E-06
   3.83311863E-06
   3.61130060E-06
   3.38517611E-06
   3.15525108E-06
   2.92053619E-06
   2.68237659E-06
   2.44015973E-06
   2.19425579E-06
   1.94464042E-06
   1.69121927E-06
   1.43472016E-06
   1.17615468E-06
   9.14292855E-07
   6.50609536E-07
   3.85963290E-07
   1.19354468E-07
  -1.47875426E-07
  -4.15785451E-07
  -6.84342922E-07
  -9.52282448E-07
  -1.21994833E-06
  -1.48761831E-06
  -1.75446849E-06
  -2.01962825E-06
  -2.28416525E-06
  -2.54748761E-06
  -2.81010671E-06
  -3.06989546E-06
  -3.32884156E-06
  -3.58520356E-06
  -3.83969655E-06
  -4.09089489E-06
  -4.33978403E-06
  -4.58494060E-06
  -4.82541054E-06
  -5.06194692E-06
  -5.29226463E-06
  -5.51738776E-06
  -5.73507805E-06
  -5.94588073E-06
  -6.14820829E-06
  -6.34164280E-06
  -6.52524295E-06
  -6.69814199E-06
  -6.85999885E-06
  -7.01034014E-06
  -7.14824046E-06
  -7.27399265E-06
  -7.38643212E-06
  -7.48552475E-06
  -7.57088037E-06
  -7.64289871E-06
  -7.70137649E-06
  -7.74623913E-06
  -7.77858986E-06
  -7.79715810E-06
  -7.80305436E-06
  -7.79683523E-06
  -7.77811874E-06
  -7.74809268E-06
  -7.70708903E-06
  -7.65544428E-06
  -7.59421300E-06
  -7.52264759E-06
  -7.44286035E-06
  -7.35499862E-06
  -7.25843620E-06
  -7.15543092E-06
  -7.04492231E-06
  -6.92818821E-06
  -6.80674520E-06
  -6.67818995E-06
  -6.54494443E-06
  -6.40764938E-06
  -6.26649944E-06
  -6.12077793E-06
  -5.97113376E-06
  -5.81845279E-06
  -5.66225117E-06
  -5.50180812E-06
  -5.33847833E-06
  -5.17107901E-06
  -4.99981024E-06
  -4.82393989E-06
  -4.64460300E-06
  -4.46036165E-06
  -4.27094074E-06
  -4.07676998E-06
  -3.87709952E-06
  -3.67188431E-06
  -3.46107890E-06
  -3.24535631E-06
  -3.02419653E-06
  -2.79779715E-06
  -2.56756630E-06
  -2.33274750E-06
  -2.09512905E-06
  -1.85566762E-06
  -1.61551554E-06
  -1.37482641E-06
  -1.13648343E-06
  -9.00611781E-07
  -6.69744963E-07
  -4.45096788E-07
  -2.28039568E-07
  -1.97746886E-08
   1.77479194E-07
   3.63614561E-07
   5.36504899E-07
   6.96275947E-07
   8.41278847E-07
   9.70863425E-07
   1.08692711E-06
   1.18831667E-06
   1.27437966E-06
   1.35012783E-06
   1.41080909E-06
   1.46147022E-06
   1.50409824E-06
   1.53757424E-06
   1.56704823E-06
   1.59248202E-06
   1.61173057E-06
   1.63424784E-06
   1.65582264E-06
   1.67750954E-06
   1.70570820E-06
   1.73833837E-06
   1.77329366E-06
   1.81813016E-06
   1.86645934E-06
   1.91939534E-06
   1.97915188E-06
   2.03925219E-06
   2.10625649E-06
   2.17364800E-06
   2.23922871E-06
   2.30518663E-06
   2.36599089E-06
   2.42214696E-06
   2.46971354E-06
   2.51084361E-06
   2.54099564E-06
   2.55950545E-06
   2.56513795E-06
   2.55918758E-06
   2.53871167E-06
   2.50670541E-06
   2.46078071E-06
   2.40309942E-06
   2.33498963E-06
   2.25808458E-06
   2.17273805E-06
   2.08307483E-06
   1.99007445E-06
   1.89691491E-06
   1.80549728E-06
   1.71891998E-06
   1.64031849E-06
   1.57124418E-06
   1.51415497E-06
   1.47242827E-06
   1.44702699E-06
   1.43989450E-06
   1.45269814E-06
   1.48502090E-06
   1.54013242E-06
   1.61510457E-06
   1.71137003E-06
   1.82793474E-06
   1.96366682E-06
   2.11655902E-06
   2.28571025E-06
   2.46738705E-06
   2.66088909E-06
   2.86151703E-06
   3.06754396E-06
   3.27480484E-06
   3.48142839E-06
   3.68238352E-06
   3.87509544E-06
   4.05664105E-06
   4.22247922E-06
   4.37214339E-06
   4.50006382E-06
   4.60699403E-06
   4.69017414E-06
   4.74616581E-06
   4.77536241E-06
   4.77622052E-06
   4.75107527E-06
   4.69708220E-06
   4.61658828E-06
   4.50869629E-06
   4.37775498E-06
   4.22355470E-06
   4.04919047E-06
   3.85845897E-06
   3.64988455E-06
   3.43264810E-06
   3.20399909E-06
   2.97055135E-06
   2.73361343E-06
   2.49653681E-06
   2.26339193E-06
   2.03354216E-06
   1.81315909E-06
   1.60096965E-06
   1.40117027E-06
   1.21388098E-06
   1.03991329E-06
   8.82163818E-07
   7.38009817E-07
   6.08277787E-07
   4.92405889E-07
   3.87722991E-07
   2.95741245E-07
   2.15170701E-07
   1.43997568E-07
   7.66358994E-08
   1.73920967E-08
  -4.07942480E-08
  -9.64799369E-08
  -1.54667077E-07
  -2.15016968E-07
  -2.80438002E-07
  -3.49525720E-07
  -4.27946190E-07
  -5.13231157E-07
  -6.06904621E-07
  -7.10600659E-07
  -8.23454513E-07
  -9.43944315E-07
  -1.07300502E-06
  -1.20912227E-06
  -1.35063465E-06
  -1.49525238E-06
  -1.64206324E-06
  -1.78863945E-06
  -1.93214646E-06
  -2.07009316E-06
  -2.19862932E-06
  -2.31633248E-06
  -2.41966336E-06
  -2.50714538E-06
  -2.57325200E-06
  -2.61759124E-06
  -2.63773813E-06
  -2.63056108E-06
  -2.59716830E-06
  -2.53244298E-06
  -2.43912973E-06
  -2.31598528E-06
  -2.16293438E-06
  -1.98069233E-06
  -1.77275717E-06
  -1.54048644E-06
  -1.28645161E-06
  -1.01405658E-06
  -7.25946052E-07
  -4.29625231E-07
  -1.27850768E-07
   1.76181686E-07
   4.73553655E-07
   7.60937837E-07
   1.03312811E-06
   1.28301167E-06
   1.50929623E-06
   1.70212206E-06
   1.86091575E-06
   1.98115890E-06
   2.05739548E-06
   2.08775577E-06
   2.07118728E-06
   2.00494719E-06
   1.88815670E-06
   1.72119712E-06
   1.50699907E-06
   1.24385690E-06
   9.34736590E-07
   5.84353756E-07
   1.96626843E-07
  -2.28778561E-07
  -6.81839651E-07
  -1.16366516E-06
  -1.66669031E-06
  -2.18412697E-06
  -2.71259819E-06
  -3.24780785E-06
  -3.78452773E-06
  -4.31790568E-06
  -4.84302973E-06
  -5.35803383E-06
  -5.85835960E-06
  -6.33983882E-06
  -6.80183621E-06
  -7.24146321E-06
  -7.65669938E-06
  -8.04617594E-06
  -8.41032579E-06
  -8.74776742E-06
  -9.05841443E-06
  -9.34212585E-06
  -9.59967747E-06
  -9.83174050E-06
  -1.00368616E-05
  -1.02186068E-05
  -1.03745488E-05
  -1.05089875E-05
  -1.06199695E-05
  -1.07064525E-05
  -1.07719707E-05
  -1.08149152E-05
  -1.08355471E-05
  -1.08346103E-05
  -1.08102404E-05
  -1.07643709E-05
  -1.06953657E-05
  -1.06034940E-05
  -1.04873416E-05
  -1.03493485E-05
  -1.01856795E-05
  -9.99962776E-06
  -9.78989465E-06
  -9.55565520E-06
  -9.30098668E-06
  -9.02226020E-06
  -8.72024884E-06
  -8.39784298E-06
  -8.05548552E-06
  -7.69237795E-06
  -7.31171531E-06
  -6.91184096E-06
  -6.49560798E-06
  -6.06565300E-06
  -5.62046944E-06
  -5.16196042E-06
  -4.69243514E-06
  -4.21084769E-06
  -3.71870215E-06
  -3.22105575E-06
  -2.71406884E-06
  -2.20316497E-06
  -1.68903659E-06
  -1.17173306E-06
  -6.54372229E-07
  -1.38408268E-07
   3.74128660E-07
   8.78680794E-07
   1.37393818E-06
   1.85903855E-06
   2.32759317E-06
   2.77818526E-06
   3.20603908E-06
   3.61004231E-06
   3.98526208E-06
   4.32728530E-06
   4.63669994E-06
   4.90682851E-06
   5.13712439E-06
   5.32502872E-06
   5.46807723E-06
   5.56817258E-06
   5.62347486E-06
   5.63201320E-06
   5.59784667E-06
   5.51976427E-06
   5.40349720E-06
   5.25045516E-06
   5.06265587E-06
   4.84790417E-06
   4.61098307E-06
   4.35552374E-06
   4.08802771E-06
   3.81194013E-06
   3.53924588E-06
   3.26971485E-06
   3.00998909E-06
   2.76884953E-06
   2.54937254E-06
   2.35120137E-06
   2.18281070E-06
   2.04802586E-06
   1.94411859E-06
   1.87767500E-06
   1.84706096E-06
   1.84956502E-06
   1.88456579E-06
   1.95923144E-06
   2.06140726E-06
   2.19327399E-06
   2.34954132E-06
   2.53175904E-06
   2.73314936E-06
   2.95358086E-06
   3.18979960E-06
   3.43599277E-06
   3.69466716E-06
   3.96584346E-06
   4.24351765E-06
   4.53043549E-06
   4.82529003E-06
   5.12938914E-06
   5.44127079E-06
   5.76500133E-06
   6.10093093E-06
   6.44849479E-06
   6.81288111E-06
   7.18911906E-06
   7.58306578E-06
   7.98956080E-06
   8.41152632E-06
   8.84548717E-06
   9.28916506E-06
   9.73848273E-06
   1.01895876E-05
   1.06350162E-05
   1.10711089E-05
   1.14847971E-05
   1.18706248E-05
   1.22192996E-05
   1.25175993E-05
   1.27563935E-05
   1.29243135E-05
   1.30112003E-05
   1.30069811E-05
   1.28983593E-05
   1.26807681E-05
