  -0.00000000    
   6.79847290E-09
   1.87681621E-08
   3.59123078E-08
   5.81947006E-08
   8.56491624E-08
   1.18109540E-07
   1.55473515E-07
   1.97365864E-07
   2.43846046E-07
   2.94266613E-07
   3.48192373E-07
   4.05197341E-07
   4.64643961E-07
   5.25799351E-07
   5.87883221E-07
   6.50027459E-07
   7.11354971E-07
   7.70910788E-07
   8.27593169E-07
   8.80459140E-07
   9.28327211E-07
   9.70350015E-07
   1.00545742E-06
   1.03267200E-06
   1.05119329E-06
   1.06024197E-06
   1.05920867E-06
   1.04755111E-06
   1.02502133E-06
   9.91325010E-07
   9.46451905E-07
   8.90705223E-07
   8.24301992E-07
   7.47812976E-07
   6.61999536E-07
   5.67729671E-07
   4.66011812E-07
   3.58058060E-07
   2.45078638E-07
   1.28554689E-07
   9.87381554E-09
  -1.09451435E-07
  -2.27896635E-07
  -3.43977376E-07
  -4.56181169E-07
  -5.63178219E-07
  -6.63622359E-07
  -7.56302143E-07
  -8.40150165E-07
  -9.14304565E-07
  -9.77956006E-07
  -1.03042044E-06
  -1.07135702E-06
  -1.10052201E-06
  -1.11788336E-06
  -1.12342696E-06
  -1.11748182E-06
  -1.10036422E-06
  -1.07271194E-06
  -1.03526372E-06
  -9.88615056E-07
  -9.33657816E-07
  -8.71409839E-07
  -8.02798695E-07
  -7.28898044E-07
  -6.50555421E-07
  -5.69069243E-07
  -4.85357759E-07
  -4.00558179E-07
  -3.15515308E-07
  -2.31411491E-07
  -1.49043331E-07
  -6.93640914E-08
   6.83149892E-09
   7.86651526E-08
   1.45397451E-07
   2.06363325E-07
   2.60994796E-07
   3.08701544E-07
   3.48937874E-07
   3.81459358E-07
   4.05766002E-07
   4.21756567E-07
   4.29246512E-07
   4.28209091E-07
   4.18735794E-07
   4.01179818E-07
   3.75708282E-07
   3.42801684E-07
   3.03339448E-07
   2.57889099E-07
   2.07368373E-07
   1.52918631E-07
   9.58244755E-08
   3.72991167E-08
  -2.12380087E-08
  -7.81877816E-08
  -1.31905949E-07
  -1.80779807E-07
  -2.23152256E-07
  -2.57236479E-07
  -2.81491339E-07
  -2.94311462E-07
  -2.94248480E-07
  -2.79873802E-07
  -2.50128892E-07
  -2.03812192E-07
  -1.40613224E-07
  -5.95015308E-08
   3.95623374E-08
   1.56609985E-07
   2.91283584E-07
   4.43205550E-07
   6.11549126E-07
   7.95278766E-07
   9.92672767E-07
   1.20268976E-06
   1.42324279E-06
   1.65237475E-06
   1.88829074E-06
   2.12851796E-06
   2.37067297E-06
   2.61258492E-06
   2.85182068E-06
   3.08605627E-06
   3.31293995E-06
   3.53050609E-06
   3.73650209E-06
   3.92903257E-06
   4.10648772E-06
   4.26730185E-06
   4.41035263E-06
   4.53463781E-06
   4.63956394E-06
   4.72488409E-06
   4.79068240E-06
   4.83732492E-06
   4.86584668E-06
   4.87767738E-06
   4.87464649E-06
   4.85943247E-06
   4.83498115E-06
   4.80521840E-06
   4.77472850E-06
   4.74910030E-06
   4.73480213E-06
   4.73943055E-06
   4.77176354E-06
   4.84233487E-06
   4.96298526E-06
   5.14751127E-06
   5.41185182E-06
   5.77431956E-06
   6.25578241E-06
   6.88032196E-06
   7.67506845E-06
   8.67120889E-06
   9.90360058E-06
   1.14119630E-05
   1.32406813E-05
   1.54393638E-05
   1.80632305E-05
   2.11734259E-05
   2.48370688E-05
   2.91277920E-05
   3.41253144E-05
   3.99160635E-05
   4.65922640E-05
   5.42519956E-05
   6.29987553E-05
   7.29404201E-05
   8.41885412E-05
   9.68568638E-05
   1.11060130E-04
   1.26912462E-04
   1.44525213E-04
   1.64004683E-04
   1.85450030E-04
   2.08950674E-04
   2.34583393E-04
   2.62409274E-04
   2.92471261E-04
   3.24791123E-04
   3.59366066E-04
   3.96166870E-04
   4.35134454E-04
   4.76178713E-04
   5.19175432E-04
   5.63965412E-04
   6.10353542E-04
   6.58108213E-04
   7.06960913E-04
   7.56607100E-04
   8.06707540E-04
   8.56889645E-04
   9.06750211E-04
   9.55856638E-04
   1.00375165E-03
   1.04995596E-03
   1.09397178E-03
   1.13528629E-03
   1.17337611E-03
   1.20771071E-03
   1.23775634E-03
   1.26297900E-03
   1.28284842E-03
   1.29684131E-03
   1.30444334E-03
   1.30515313E-03
   1.29848497E-03
   1.28397031E-03
   1.26116187E-03
   1.22963637E-03
   1.18899753E-03
   1.13888027E-03
   1.07895478E-03
   1.00893213E-03
   9.28569702E-04
   8.37677042E-04
   7.36124231E-04
   6.23848697E-04
   5.00865106E-04
   3.67271597E-04
   2.23260911E-04
   6.91285895E-05
  -9.47192457E-05
  -2.67758849E-04
  -4.49341431E-04
  -6.38688973E-04
  -8.34891456E-04
  -1.03690638E-03
  -1.24356081E-03
  -1.45355437E-03
  -1.66546961E-03
  -1.87778147E-03
  -2.08886922E-03
  -2.29703542E-03
  -2.50052381E-03
  -2.69754138E-03
  -2.88628321E-03
  -3.06495512E-03
  -3.23180389E-03
  -3.38514289E-03
  -3.52337863E-03
  -3.64503753E-03
  -3.74879362E-03
  -3.83348856E-03
  -3.89815751E-03
  -3.94204259E-03
  -3.96461366E-03
  -3.96557525E-03
  -3.94487847E-03
  -3.90271936E-03
  -3.83954612E-03
  -3.75604723E-03
  -3.65314679E-03
  -3.53199244E-03
  -3.39393620E-03
  -3.24052013E-03
  -3.07344878E-03
  -2.89456849E-03
  -2.70583876E-03
  -2.50930502E-03
  -2.30706972E-03
  -2.10126350E-03
  -1.89401396E-03
  -1.68741774E-03
  -1.48351502E-03
  -1.28425984E-03
  -1.09149853E-03
  -9.06946370E-04
  -7.32167915E-04
  -5.68561838E-04
  -4.17345611E-04
  -2.79545086E-04
  -1.55988178E-04
  -4.72996835E-05
   4.60993069E-05
   1.23990016E-04
   1.86350648E-04
   2.33348750E-04
   2.65331881E-04
   2.82815832E-04
   2.86470051E-04
   2.77102867E-04
   2.55645427E-04
   2.23134499E-04
   1.80694915E-04
   1.29522508E-04
   7.08666848E-05
   6.01444299E-06
  -6.37269404E-05
  -1.37043186E-04
  -2.12627638E-04
  -2.89193995E-04
  -3.65487474E-04
  -4.40294913E-04
  -5.12454542E-04
  -5.80863620E-04
  -6.44485874E-04
  -7.02358026E-04
  -7.53596658E-04
  -7.97402405E-04
  -8.33066762E-04
  -8.59977095E-04
  -8.77621816E-04
  -8.85596324E-04
  -8.83607776E-04
  -8.71481316E-04
  -8.49164906E-04
  -8.16733867E-04
  -7.74395070E-04
  -7.22491357E-04
  -6.61500730E-04
  -5.92039025E-04
  -5.14855550E-04
  -4.30830230E-04
  -3.40965635E-04
  -2.46375334E-04
  -1.48270847E-04
  -4.79453047E-05
   5.32490994E-05
   1.53925779E-04
   2.52689526E-04
   3.48165981E-04
   4.39035473E-04
   5.24065632E-04
   6.02144806E-04
   6.72315015E-04
   7.33805995E-04
   7.86063494E-04
   8.28775577E-04
   8.61893874E-04
   8.85649526E-04
   9.00564075E-04
   9.07448702E-04
   9.07400681E-04
   9.01788939E-04
   8.92232056E-04
   8.80568114E-04
   8.68814532E-04
   8.59125750E-04
   8.53740319E-04
   8.54925078E-04
   8.64913629E-04
   8.85846384E-04
   9.19707818E-04
   9.68263950E-04
   1.03300659E-03
   1.11509976E-03
   1.21533452E-03
   1.33409060E-03
   1.47130783E-03
   1.62646931E-03
   1.79859519E-03
   1.98624819E-03
   2.18754797E-03
   2.40020338E-03
   2.62155011E-03
   2.84860004E-03
   3.07809655E-03
   3.30658373E-03
   3.53047391E-03
   3.74612026E-03
   3.94988991E-03
   4.13824385E-03
   4.30780090E-03
   4.45541274E-03
   4.57821554E-03
   4.67369286E-03
   4.73971479E-03
   4.77457838E-03
   4.77702729E-03
   4.74627642E-03
   4.68201004E-03
   4.58438415E-03
   4.45401156E-03
   4.29194467E-03
   4.09964565E-03
   3.87895852E-03
   3.63206770E-03
   3.36146564E-03
   3.06990556E-03
   2.76036328E-03
   2.43599410E-03
   2.10009399E-03
   1.75605842E-03
   1.40734739E-03
   1.05744926E-03
   7.09848478E-04
   3.67994828E-04
   3.52727111E-05
  -2.85024988E-04
  -5.89727133E-04
  -8.75812548E-04
  -1.14043558E-03
  -1.38095813E-03
  -1.59497827E-03
  -1.78036338E-03
  -1.93527946E-03
  -2.05822755E-03
  -2.14807433E-03
  -2.20408780E-03
  -2.22596386E-03
  -2.21385760E-03
  -2.16840650E-03
  -2.09074933E-03
  -1.98253756E-03
  -1.84594083E-03
  -1.68363925E-03
  -1.49881036E-03
  -1.29509997E-03
  -1.07658433E-03
  -8.47718446E-04
  -6.13274518E-04
  -3.78265046E-04
  -1.47860439E-04
   7.27082224E-05
   2.78249150E-04
   4.63718199E-04
   6.24329725E-04
   7.55667803E-04
   8.53793696E-04
   9.15349985E-04
   9.37655452E-04
   9.18786915E-04
   8.57648847E-04
   7.54025707E-04
   6.08614995E-04
   4.23038728E-04
   1.99834190E-04
  -5.75773338E-05
  -3.44946224E-04
  -6.57270488E-04
  -9.88892862E-04
  -1.33361784E-03
  -1.68484042E-03
  -2.03569187E-03
  -2.37919553E-03
  -2.70842272E-03
  -3.01665254E-03
  -3.29753011E-03
  -3.54521698E-03
  -3.75452428E-03
  -3.92103661E-03
  -4.04121447E-03
  -4.11247555E-03
  -4.13324777E-03
  -4.10300028E-03
  -4.02225135E-03
  -3.89253721E-03
  -3.71637056E-03
  -3.49716051E-03
  -3.23912315E-03
  -2.94716354E-03
  -2.62674759E-03
  -2.28376221E-03
  -1.92436553E-03
  -1.55483687E-03
  -1.18142762E-03
  -8.10218742E-04
  -4.46986058E-04
  -9.70799883E-05
   2.34677587E-04
   5.44078648E-04
   8.27595475E-04
   1.08242384E-03
   1.30650471E-03
   1.49852585E-03
   1.65790378E-03
   1.78474607E-03
   1.87979953E-03
   1.94438081E-03
   1.98030286E-03
   1.98978744E-03
   1.97537802E-03
   1.93984562E-03
   1.88610458E-03
   1.81712280E-03
   1.73584442E-03
   1.64512009E-03
   1.54764554E-03
   1.44591019E-03
   1.34215900E-03
   1.23836484E-03
   1.13621179E-03
   1.03708904E-03
   9.42094252E-04
   8.52046243E-04
   7.67503865E-04
   6.88788772E-04
   6.16016099E-04
   5.49123622E-04
   4.87906742E-04
   4.32049041E-04
   3.81152960E-04
   3.34770652E-04
   2.92429177E-04
   2.53652513E-04
   2.17981462E-04
   1.84990291E-04
   1.54293273E-04
   1.25558203E-04
   9.85046936E-05
   7.29104868E-05
   4.86059798E-05
   2.54710303E-05
   3.43190095E-06
  -1.75479090E-05
  -3.74732226E-05
  -5.63260510E-05
  -7.40685864E-05
  -9.06590503E-05
  -1.06047621E-04
  -1.20188357E-04
  -1.33040579E-04
  -1.44574326E-04
  -1.54772075E-04
  -1.63629316E-04
  -1.71156964E-04
  -1.77378563E-04
  -1.82333519E-04
  -1.86072371E-04
  -1.88655933E-04
  -1.90154446E-04
  -1.90644976E-04
  -1.90209234E-04
  -1.88931124E-04
  -1.86895821E-04
  -1.84188364E-04
  -1.80890158E-04
  -1.77080321E-04
  -1.72832879E-04
  -1.68217506E-04
  -1.63298129E-04
  -1.58132738E-04
  -1.52773573E-04
  -1.47268234E-04
  -1.41657583E-04
  -1.35978451E-04
  -1.30262953E-04
  -1.24539263E-04
  -1.18831136E-04
  -1.13160459E-04
  -1.07544845E-04
  -1.02001286E-04
  -9.65438303E-05
  -9.11847892E-05
  -8.59350985E-05
  -8.08059049E-05
  -7.58054666E-05
  -7.09415544E-05
  -6.62225575E-05
  -6.16543111E-05
  -5.72430436E-05
  -5.29931604E-05
  -4.89100494E-05
  -4.49965119E-05
  -4.12557529E-05
  -3.76895005E-05
  -3.42989515E-05
  -3.10846735E-05
  -2.80461063E-05
  -2.51818783E-05
  -2.24905252E-05
  -1.99685146E-05
  -1.76136273E-05
  -1.54201225E-05
  -1.33851936E-05
  -1.15026442E-05
  -9.76773754E-06
  -8.17365799E-06
  -6.71554835E-06
  -5.38561244E-06
  -4.17854108E-06
  -3.08725566E-06
  -2.10577491E-06
  -1.22677443E-06
  -4.44230409E-07
   2.48459344E-07
   8.57293116E-07
   1.38862686E-06
   1.84789485E-06
   2.24081396E-06
   2.57274723E-06
   2.84896396E-06
   3.07392679E-06
   3.25254109E-06
   3.38910854E-06
   3.48766139E-06
   3.55182192E-06
   3.58554985E-06
   3.59191336E-06
   3.57442741E-06
   3.53515748E-06
   3.47722676E-06
   3.40284873E-06
   3.31406204E-06
   3.21277594E-06
   3.10092651E-06
   2.97916222E-06
   2.84966586E-06
   2.71268482E-06
   2.56923340E-06
   2.41987982E-06
   2.26523116E-06
   2.10529333E-06
   1.94009135E-06
   1.76990955E-06
   1.59415549E-06
   1.41314263E-06
   1.22687982E-06
   1.03427465E-06
   8.35317337E-07
   6.30162674E-07
   4.18272293E-07
   2.00052909E-07
  -2.51278038E-08
  -2.56987050E-07
  -4.95172799E-07
  -7.39647248E-07
  -9.88689294E-07
  -1.24288295E-06
  -1.50055234E-06
  -1.76032881E-06
  -2.02226806E-06
  -2.28348358E-06
  -2.54221368E-06
  -2.79965434E-06
  -3.05044114E-06
  -3.29433442E-06
  -3.52996767E-06
  -3.75361515E-06
  -3.96493351E-06
  -4.16066086E-06
  -4.34086223E-06
  -4.50175912E-06
  -4.64241339E-06
  -4.76139076E-06
  -4.85742521E-06
  -4.92900335E-06
  -4.97566771E-06
  -4.99662292E-06
  -4.99140333E-06
  -4.95986160E-06
  -4.90212415E-06
  -4.81875259E-06
  -4.70971827E-06
  -4.57782971E-06
  -4.42312285E-06
  -4.24706968E-06
  -4.05259379E-06
  -3.84115310E-06
  -3.61475350E-06
  -3.37648953E-06
  -3.12894690E-06
  -2.87438002E-06
  -2.61667788E-06
  -2.35779066E-06
  -2.10095550E-06
  -1.84832470E-06
  -1.60352442E-06
  -1.36804533E-06
  -1.14486966E-06
  -9.36760102E-07
  -7.43591841E-07
  -5.68346991E-07
  -4.11953238E-07
  -2.74594981E-07
  -1.57094860E-07
  -5.99354735E-08
   1.81215114E-08
   7.70193083E-08
   1.18024559E-07
   1.42510714E-07
   1.52451662E-07
   1.49860966E-07
   1.36574045E-07
   1.14843658E-07
   8.74564421E-08
   5.73368197E-08
   2.74156378E-08
  -8.47933279E-10
  -2.33889068E-08
  -3.78479967E-08
  -4.21204049E-08
  -3.40763222E-08
  -1.07793880E-08
   2.88142701E-08
   8.65160246E-08
   1.63279537E-07
   2.60586091E-07
   3.78622872E-07
   5.17822855E-07
   6.78868560E-07
   8.59557076E-07
   1.06062043E-06
   1.28038369E-06
   1.51770882E-06
   1.77106915E-06
   2.03885588E-06
   2.31793456E-06
   2.60752176E-06
   2.90442608E-06
   3.20529011E-06
   3.50912660E-06
   3.81226209E-06
   4.11225483E-06
   4.40624899E-06
   4.69096904E-06
   4.96528901E-06
   5.22574373E-06
   5.46960473E-06
   5.69436952E-06
   5.89828960E-06
   6.07985794E-06
   6.23676124E-06
   6.36824143E-06
   6.47194611E-06
   6.54735049E-06
   6.59312764E-06
   6.61033573E-06
   6.59764055E-06
   6.55476606E-06
   6.48251080E-06
   6.38276515E-06
   6.25365283E-06
   6.09898098E-06
   5.91933394E-06
   5.71585360E-06
   5.49079141E-06
   5.24574170E-06
   4.98369809E-06
   4.70686336E-06
   4.41649581E-06
   4.11623569E-06
   3.80809479E-06
   3.49507172E-06
   3.17950071E-06
   2.86279374E-06
   2.54871202E-06
   2.23891925E-06
   1.93502751E-06
   1.63866923E-06
   1.35306993E-06
   1.07833716E-06
   8.16306738E-07
   5.66814606E-07
   3.34039157E-07
   1.14945408E-07
  -8.91679974E-08
  -2.78157017E-07
  -4.52462814E-07
  -6.10179995E-07
  -7.52920869E-07
  -8.82910740E-07
  -9.97653046E-07
  -1.10295923E-06
  -1.19455740E-06
  -1.27471503E-06
  -1.34813286E-06
  -1.41354053E-06
  -1.47146693E-06
  -1.52426765E-06
  -1.57311115E-06
  -1.61856974E-06
  -1.65999882E-06
  -1.70227281E-06
  -1.74170236E-06
  -1.78567461E-06
  -1.82679332E-06
  -1.87124760E-06
  -1.91782010E-06
  -1.96527822E-06
  -2.01551097E-06
  -2.06791356E-06
  -2.12124155E-06
  -2.17581919E-06
  -2.23038637E-06
  -2.28557792E-06
  -2.33948140E-06
  -2.39096153E-06
  -2.43886916E-06
  -2.48252536E-06
  -2.52059522E-06
  -2.55148507E-06
  -2.57512761E-06
  -2.58835348E-06
  -2.59221270E-06
  -2.58305636E-06
  -2.56277212E-06
  -2.52878976E-06
  -2.48149104E-06
  -2.41969406E-06
  -2.34393406E-06
  -2.25395866E-06
  -2.14993293E-06
  -2.03290824E-06
  -1.90327387E-06
  -1.76235699E-06
  -1.61101298E-06
  -1.45114109E-06
  -1.28405486E-06
  -1.11175382E-06
  -9.36082529E-07
  -7.59269369E-07
  -5.82563644E-07
  -4.08791720E-07
  -2.39944598E-07
  -7.79062930E-08
   7.63798766E-08
   2.20201912E-07
   3.52754057E-07
   4.72337035E-07
   5.78827610E-07
   6.71034400E-07
   7.48287391E-07
   8.11341010E-07
   8.60600721E-07
   8.96658037E-07
   9.20292905E-07
   9.32658224E-07
   9.36375500E-07
   9.33187835E-07
   9.24677238E-07
   9.12995802E-07
   9.01150429E-07
   8.92000514E-07
   8.89273679E-07
   8.94422158E-07
   9.10685003E-07
   9.40289738E-07
   9.86708869E-07
   1.05232880E-06
   1.13840952E-06
   1.24700557E-06
   1.37957886E-06
   1.53727501E-06
   1.71979718E-06
   1.92899711E-06
   2.16194644E-06
   2.41953262E-06
   2.69878774E-06
   2.99854696E-06
   3.31471392E-06
   3.64606649E-06
   3.98627981E-06
   4.33307150E-06
   4.68058715E-06
   5.02369039E-06
   5.35797381E-06
   5.67738698E-06
   5.97600410E-06
   6.24642962E-06
   6.48618925E-06
   6.68674784E-06
   6.84390398E-06
   6.95280141E-06
   7.00791588E-06
   7.00549208E-06
   6.94132132E-06
   6.81422034E-06
   6.61950162E-06
   6.35922515E-06
   6.02969158E-06
   5.63275808E-06
   5.17010085E-06
   4.64404729E-06
   4.05737410E-06
   3.41331724E-06
   2.71810222E-06
   1.97803570E-06
   1.19908009E-06
   3.88123738E-07
  -4.47431489E-07
  -1.29752539E-06
  -2.15368846E-06
  -3.00648617E-06
  -3.84464056E-06
  -4.66366328E-06
  -5.44945715E-06
  -6.19472348E-06
  -6.88857926E-06
  -7.52439337E-06
  -8.09281846E-06
  -8.58263138E-06
  -8.99309362E-06
  -9.31103386E-06
  -9.53736799E-06
  -9.66142306E-06
  -9.68135373E-06
  -9.59799308E-06
  -9.40498285E-06
  -9.10583367E-06
  -8.69957421E-06
  -8.18613353E-06
  -7.57137877E-06
  -6.85896703E-06
  -6.05443847E-06
  -5.16249065E-06
  -4.19180606E-06
  -3.14944282E-06
  -2.04574440E-06
  -8.89065859E-07
   3.08654421E-07
   1.53604685E-06
   2.78462744E-06
   4.03804415E-06
   5.28826104E-06
   6.52073550E-06
   7.72526892E-06
   8.88819704E-06
   1.00007164E-05
   1.10483961E-05
   1.20224095E-05
   1.29152813E-05
   1.37175066E-05
   1.44184933E-05
   1.50143596E-05
   1.54982408E-05
   1.58661460E-05
   1.61150201E-05
   1.62427696E-05
   1.62487668E-05
   1.61331263E-05
   1.58979692E-05
   1.55464513E-05
   1.50833348E-05
   1.45125096E-05
   1.38409914E-05
   1.30769686E-05
   1.22267938E-05
   1.13007272E-05
   1.03075490E-05
   9.25691529E-06
   8.15835119E-06
   7.02420766E-06
   5.86259421E-06
   4.68600138E-06
   3.50343294E-06
   2.32348020E-06
   1.15916180E-06
   1.78451955E-08
  -1.09240386E-06
  -2.16210037E-06
  -3.18353341E-06
  -4.14926535E-06
  -5.05341995E-06
  -5.89031970E-06
  -6.65422021E-06
  -7.34065725E-06
  -7.94592597E-06
  -8.46492549E-06
  -8.89358398E-06
  -9.23432435E-06
  -9.47921762E-06
  -9.63285311E-06
  -9.68943459E-06
  -9.64916580E-06
  -9.51558013E-06
  -9.28448935E-06
  -8.96056554E-06
  -8.54295922E-06
  -8.03753937E-06
  -7.44519639E-06
  -6.77190474E-06
  -6.02032969E-06
  -5.19714104E-06
  -4.30909586E-06
  -3.36161111E-06
  -2.36532628E-06
  -1.32871696E-06
  -2.61374794E-07
   8.25256450E-07
   1.91913773E-06
   3.01066007E-06
   4.08444885E-06
   5.12947145E-06
   6.13219845E-06
   7.07941126E-06
   7.95861888E-06
   8.75703063E-06
   9.46407999E-06
   1.00696670E-05
   1.05614863E-05
   1.09333769E-05
   1.11776062E-05
   1.12890684E-05
   1.12638108E-05
   1.10990532E-05
   1.07956421E-05
   1.03541333E-05
   9.78030766E-06
   9.07694812E-06
   8.25212101E-06
   7.31430464E-06
   6.27302006E-06
   5.13791110E-06
   3.92202037E-06
   2.63793072E-06
   1.29712816E-06
  -8.46637249E-08
  -1.49562993E-06
  -2.92206596E-06
  -4.35176617E-06
  -5.77221272E-06
  -7.17049625E-06
  -8.53683468E-06
  -9.86261330E-06
  -1.11338732E-05
  -1.23462296E-05
  -1.34903848E-05
  -1.45580634E-05
  -1.55484486E-05
  -1.64492521E-05
  -1.72626987E-05
  -1.79793496E-05
  -1.85959962E-05
  -1.91123927E-05
  -1.95208522E-05
  -1.98225880E-05
  -2.00103514E-05
  -2.00891373E-05
