  -0.00000000    
  -2.16666365E-08
  -4.09302743E-08
  -5.75846286E-08
  -7.13766894E-08
  -8.21614492E-08
  -8.98144492E-08
  -9.43140037E-08
  -9.56009956E-08
  -9.37578193E-08
  -8.88307454E-08
  -8.09944822E-08
  -7.03885519E-08
  -5.72639465E-08
  -4.17990975E-08
  -2.43041427E-08
  -5.02265607E-09
   1.57135389E-08
   3.75991931E-08
   6.03685635E-08
   8.36481036E-08
   1.07138291E-07
   1.30566974E-07
   1.53591316E-07
   1.75928889E-07
   1.97282048E-07
   2.17491333E-07
   2.36150385E-07
   2.53077815E-07
   2.68034512E-07
   2.80834229E-07
   2.91232652E-07
   2.99054761E-07
   3.04139633E-07
   3.06324552E-07
   3.05485401E-07
   3.01488626E-07
   2.94256239E-07
   2.83717640E-07
   2.69887664E-07
   2.52715722E-07
   2.32303393E-07
   2.08679225E-07
   1.82021751E-07
   1.52476474E-07
   1.20282735E-07
   8.57374403E-08
   4.91370713E-08
   1.09210418E-08
  -2.85535009E-08
  -6.87871307E-08
  -1.09280251E-07
  -1.49452717E-07
  -1.88762272E-07
  -2.26620102E-07
  -2.62419348E-07
  -2.95566508E-07
  -3.25456540E-07
  -3.51521749E-07
  -3.73234514E-07
  -3.90083244E-07
  -4.01614557E-07
  -4.07484777E-07
  -4.07333005E-07
  -4.00933118E-07
  -3.88117599E-07
  -3.68825340E-07
  -3.43061799E-07
  -3.10951634E-07
  -2.72675379E-07
  -2.28506337E-07
  -1.78818709E-07
  -1.24063149E-07
  -6.47313243E-08
  -1.39104372E-09
   6.53450627E-08
   1.34785353E-07
   2.06262868E-07
   2.79061908E-07
   3.52494965E-07
   4.25834571E-07
   4.98397981E-07
   5.69530357E-07
   6.38613415E-07
   7.05073091E-07
   7.68399275E-07
   8.28131363E-07
   8.83904306E-07
   9.35383810E-07
   9.82329311E-07
   1.02460922E-06
   1.06206994E-06
   1.09476298E-06
   1.12270618E-06
   1.14599698E-06
   1.16484171E-06
   1.17945228E-06
   1.19010610E-06
   1.19714286E-06
   1.20087111E-06
   1.20168193E-06
   1.19995707E-06
   1.19613651E-06
   1.19058950E-06
   1.18371452E-06
   1.17592356E-06
   1.16761055E-06
   1.15911030E-06
   1.15082787E-06
   1.14302804E-06
   1.13601891E-06
   1.13004558E-06
   1.12539635E-06
   1.12222824E-06
   1.12074463E-06
   1.12102907E-06
   1.12320913E-06
   1.12735404E-06
   1.13350347E-06
   1.14161446E-06
   1.15166756E-06
   1.16357614E-06
   1.17725835E-06
   1.19254332E-06
   1.20928507E-06
   1.22729125E-06
   1.24635721E-06
   1.26620125E-06
   1.28661509E-06
   1.30729723E-06
   1.32800255E-06
   1.34844834E-06
   1.36837286E-06
   1.38749783E-06
   1.40557574E-06
   1.42241117E-06
   1.43778868E-06
   1.45151876E-06
   1.46347736E-06
   1.47357764E-06
   1.48176809E-06
   1.48801269E-06
   1.49232937E-06
   1.49483458E-06
   1.49560231E-06
   1.49478467E-06
   1.49254890E-06
   1.48913102E-06
   1.48477989E-06
   1.47971946E-06
   1.47420383E-06
   1.46855302E-06
   1.46303114E-06
   1.45787635E-06
   1.45335230E-06
   1.44971932E-06
   1.44714079E-06
   1.44578337E-06
   1.44585590E-06
   1.44742478E-06
   1.45062847E-06
   1.45541014E-06
   1.46180912E-06
   1.46980472E-06
   1.47934247E-06
   1.49036680E-06
   1.50271273E-06
   1.51635311E-06
   1.53120288E-06
   1.54717088E-06
   1.56428337E-06
   1.58255784E-06
   1.60215018E-06
   1.62335004E-06
   1.64654773E-06
   1.67235100E-06
   1.70155613E-06
   1.73533272E-06
   1.77507218E-06
   1.82265148E-06
   1.88033664E-06
   1.95085977E-06
   2.03769014E-06
   2.14489023E-06
   2.27721966E-06
   2.44035959E-06
   2.64094888E-06
   2.88658202E-06
   3.18601201E-06
   3.54918188E-06
   3.98731117E-06
   4.51304959E-06
   5.14040266E-06
   5.88494777E-06
   6.76368791E-06
   7.79524271E-06
   8.99963015E-06
   1.03984348E-05
   1.20145551E-05
   1.38721070E-05
   1.59963110E-05
   1.84131859E-05
   2.11493225E-05
   2.42316000E-05
   2.76866758E-05
   3.15406214E-05
   3.58185280E-05
   4.05438477E-05
   4.57378010E-05
   5.14189269E-05
   5.76023922E-05
   6.42993109E-05
   7.15162387E-05
   7.92545325E-05
   8.75097248E-05
   9.62711056E-05
   1.05521322E-04
   1.15236006E-04
   1.25383420E-04
   1.35924463E-04
   1.46812730E-04
   1.57994495E-04
   1.69408988E-04
   1.80988791E-04
   1.92660445E-04
   2.04344906E-04
   2.15958382E-04
   2.27412922E-04
   2.38617678E-04
   2.49479082E-04
   2.59902270E-04
   2.69791635E-04
   2.79051659E-04
   2.87587405E-04
   2.95305275E-04
   3.02113360E-04
   3.07921669E-04
   3.12642369E-04
   3.16189951E-04
   3.18480597E-04
   3.19432816E-04
   3.18966515E-04
   3.17003170E-04
   3.13465658E-04
   3.08277435E-04
   3.01363412E-04
   2.92649434E-04
   2.82062800E-04
   2.69532786E-04
   2.54991755E-04
   2.38375796E-04
   2.19626570E-04
   1.98692869E-04
   1.75532521E-04
   1.50114836E-04
   1.22422469E-04
   9.24543856E-05
   6.02283544E-05
   2.57831198E-05
  -1.08192780E-05
  -4.94912420E-05
  -9.01179083E-05
  -1.32555899E-04
  -1.76632442E-04
  -2.22145100E-04
  -2.68861768E-04
  -3.16522259E-04
  -3.64839099E-04
  -4.13500587E-04
  -4.62172611E-04
  -5.10503014E-04
  -5.58124855E-04
  -6.04661298E-04
  -6.49729278E-04
  -6.92945847E-04
  -7.33932364E-04
  -7.72319792E-04
  -8.07753648E-04
  -8.39899119E-04
  -8.68446019E-04
  -8.93112505E-04
  -9.13649157E-04
  -9.29842936E-04
  -9.41519276E-04
  -9.48546047E-04
  -9.50832677E-04
  -9.48334811E-04
  -9.41051811E-04
  -9.29029193E-04
  -9.12356772E-04
  -8.91168544E-04
  -8.65640352E-04
  -8.35988729E-04
  -8.02467868E-04
  -7.65366887E-04
  -7.25007150E-04
  -6.81737962E-04
  -6.35933247E-04
  -5.87987131E-04
  -5.38310152E-04
  -4.87324316E-04
  -4.35458613E-04
  -3.83144710E-04
  -3.30811832E-04
  -2.78882682E-04
  -2.27768716E-04
  -1.77865746E-04
  -1.29549997E-04
  -8.31743964E-05
  -3.90649402E-05
   2.48224660E-06
   4.12035624E-05
   7.68702375E-05
   1.09289365E-04
   1.38305841E-04
   1.63802237E-04
   1.85699158E-04
   2.03954405E-04
   2.18562171E-04
   2.29551326E-04
   2.36983586E-04
   2.40950685E-04
   2.41572299E-04
   2.38992609E-04
   2.33377243E-04
   2.24909847E-04
   2.13788997E-04
   2.00224720E-04
   1.84435281E-04
   1.66644095E-04
   1.47077211E-04
   1.25960243E-04
   1.03516744E-04
   7.99659247E-05
   5.55213701E-05
   3.03899742E-05
   4.77110507E-06
  -2.11436691E-05
  -4.71705462E-05
  -7.31333275E-05
  -9.88626562E-05
  -1.24195518E-04
  -1.48974214E-04
  -1.73045410E-04
  -1.96259352E-04
  -2.18468820E-04
  -2.39528556E-04
  -2.59294698E-04
  -2.77624815E-04
  -2.94377445E-04
  -3.09413532E-04
  -3.22596403E-04
  -3.33793694E-04
  -3.42878920E-04
  -3.49733804E-04
  -3.54250602E-04
  -3.56335251E-04
  -3.55910335E-04
  -3.52918636E-04
  -3.47326335E-04
  -3.39126389E-04
  -3.28342081E-04
  -3.15029873E-04
  -2.99281499E-04
  -2.81226588E-04
  -2.61033594E-04
  -2.38910390E-04
  -2.15103748E-04
  -1.89898172E-04
  -1.63613076E-04
  -1.36599410E-04
  -1.09234818E-04
  -8.19178604E-05
  -5.50610312E-05
  -2.90829885E-05
  -4.39982159E-06
   1.85843146E-05
   3.94867093E-05
   5.79564512E-05
   7.36843431E-05
   8.64125323E-05
   9.59433528E-05
   1.02148166E-04
   1.04973878E-04
   1.04448787E-04
   1.00686477E-04
   9.38881058E-05
   8.43418966E-05
   7.24215133E-05
   5.85811467E-05
   4.33488713E-05
   2.73179558E-05
   1.11354693E-05
  -4.51055894E-06
  -1.89055154E-05
  -3.13241799E-05
  -4.10476350E-05
  -4.73805303E-05
  -4.96685825E-05
  -4.73153232E-05
  -3.97985459E-05
  -2.66852749E-05
  -7.64443848E-06
   1.75422701E-05
   4.89719241E-05
   8.66145638E-05
   1.30311557E-04
   1.79775903E-04
   2.34596315E-04
   2.94244266E-04
   3.58084508E-04
   4.25388047E-04
   4.95347253E-04
   5.67093724E-04
   6.39717036E-04
   7.12284876E-04
   7.83863652E-04
   8.53538513E-04
   9.20433376E-04
   9.83729726E-04
   1.04268140E-03
   1.09663082E-03
   1.14501955E-03
   1.18739682E-03
   1.22342550E-03
   1.25288276E-03
   1.27566047E-03
   1.29175943E-03
   1.30128267E-03
   1.30442425E-03
   1.30145799E-03
   1.29272253E-03
   1.27860578E-03
   1.25952892E-03
   1.23593025E-03
   1.20824913E-03
   1.17691094E-03
   1.14231429E-03
   1.10481912E-03
   1.06473838E-03
   1.02233153E-03
   9.77800693E-04
   9.31290095E-04
   8.82888795E-04
   8.32634978E-04
   7.80523522E-04
   7.26515951E-04
   6.70550915E-04
   6.12557400E-04
   5.52468293E-04
   4.90233593E-04
   4.25834034E-04
   3.59293772E-04
   2.90692144E-04
   2.20173082E-04
   1.47952844E-04
   7.43254641E-05
  -3.34104186E-07
  -7.55707442E-05
  -1.50851702E-04
  -2.25572090E-04
  -2.99063162E-04
  -3.70603520E-04
  -4.39431809E-04
  -5.04762109E-04
  -5.65799652E-04
  -6.21759682E-04
  -6.71885442E-04
  -7.15466333E-04
  -7.51857064E-04
  -7.80495408E-04
  -8.00918788E-04
  -8.12779414E-04
  -8.15857959E-04
  -8.10074329E-04
  -7.95496453E-04
  -7.72345869E-04
  -7.40999938E-04
  -7.01992249E-04
  -6.56008313E-04
  -6.03878521E-04
  -5.46568015E-04
  -4.85163298E-04
  -4.20855242E-04
  -3.54920456E-04
  -2.88698880E-04
  -2.23570081E-04
  -1.60927477E-04
  -1.02150960E-04
  -4.85789533E-05
  -1.48023003E-06
   3.79743506E-05
   6.87389038E-05
   8.99182123E-05
   1.00791607E-04
   1.00833488E-04
   8.97311475E-05
   6.73986578E-05
   3.39860562E-05
  -1.01160495E-05
  -6.42764207E-05
  -1.27629319E-04
  -1.99085058E-04
  -2.77347281E-04
  -3.60934297E-04
  -4.48204868E-04
  -5.37390704E-04
  -6.26630965E-04
  -7.14010268E-04
  -7.97599729E-04
  -8.75498983E-04
  -9.45878797E-04
  -1.00702397E-03
  -1.05737173E-03
  -1.09555200E-03
  -1.12041947E-03
  -1.13108463E-03
  -1.12693489E-03
  -1.10765465E-03
  -1.07323355E-03
  -1.02397101E-03
  -9.60470526E-04
  -8.83629138E-04
  -7.94616935E-04
  -6.94852090E-04
  -5.85967617E-04
  -4.69774648E-04
  -3.48219997E-04
  -2.23340860E-04
  -9.72185080E-05
   2.80702861E-05
   1.50500797E-04
   2.68144009E-04
   3.79210338E-04
   4.82086267E-04
   5.75367187E-04
   6.57883764E-04
   7.28721032E-04
   7.87231314E-04
   8.33038590E-04
   8.66037619E-04
   8.86382535E-04
   8.94473691E-04
   8.90934432E-04
   8.76585371E-04
   8.52414174E-04
   8.19541747E-04
   7.79187714E-04
   7.32634449E-04
   6.81191159E-04
   6.26161403E-04
   5.68811316E-04
   5.10340091E-04
   4.51857690E-04
   3.94363597E-04
   3.38732090E-04
   2.85701710E-04
   2.35869520E-04
   1.89690181E-04
   1.47479193E-04
   1.09419656E-04
   7.55727888E-05
   4.58905306E-05
   2.02305382E-05
  -1.62777860E-06
  -1.99667575E-05
  -3.51132549E-05
  -4.74229855E-05
  -5.72651043E-05
  -6.50087823E-05
  -7.10110180E-05
  -7.56072186E-05
  -7.91030980E-05
  -8.17688488E-05
  -8.38359483E-05
  -8.54953469E-05
  -8.68974603E-05
  -8.81538726E-05
  -8.93401229E-05
  -9.04998597E-05
  -9.16490244E-05
  -9.27809597E-05
  -9.38712910E-05
  -9.48836314E-05
  -9.57735538E-05
  -9.64931096E-05
  -9.69952453E-05
  -9.72363050E-05
  -9.71788540E-05
  -9.67932501E-05
  -9.60590914E-05
  -9.49657260E-05
  -9.35120188E-05
  -9.17065117E-05
  -8.95658668E-05
  -8.71141019E-05
  -8.43814632E-05
  -8.14026207E-05
  -7.82157367E-05
  -7.48605526E-05
  -7.13771587E-05
  -6.78051729E-05
  -6.41825172E-05
  -6.05443856E-05
  -5.69229305E-05
  -5.33465136E-05
  -4.98397276E-05
  -4.64232871E-05
  -4.31135559E-05
  -3.99236451E-05
  -3.68626024E-05
  -3.39366452E-05
  -3.11493022E-05
  -2.85014630E-05
  -2.59918979E-05
  -2.36182696E-05
  -2.13768271E-05
  -1.92627776E-05
  -1.72711079E-05
  -1.53964502E-05
  -1.36332173E-05
  -1.19758533E-05
  -1.04192695E-05
  -8.95872017E-06
  -7.58933129E-06
  -6.30707382E-06
  -5.10804239E-06
  -3.98848488E-06
  -2.94539041E-06
  -1.97558234E-06
  -1.07632741E-06
  -2.44810337E-07
   5.21491359E-07
   1.22492497E-06
   1.86807415E-06
   2.45342039E-06
   2.98328018E-06
   3.46026377E-06
   3.88668468E-06
   4.26516272E-06
   4.59807825E-06
   4.88799469E-06
   5.13720715E-06
   5.34825313E-06
   5.52340998E-06
   5.66511380E-06
   5.77551145E-06
   5.85687758E-06
   5.91104890E-06
   5.94010362E-06
   5.94571702E-06
   5.92980041E-06
   5.89372075E-06
   5.83930841E-06
   5.76766342E-06
   5.68037285E-06
   5.57835574E-06
   5.46293950E-06
   5.33519005E-06
   5.19604919E-06
   5.04653826E-06
   4.88752903E-06
   4.71985823E-06
   4.54465180E-06
   4.36241135E-06
   4.17435785E-06
   3.98083466E-06
   3.78288132E-06
   3.58124316E-06
   3.37686470E-06
   3.17008426E-06
   2.96216876E-06
   2.75348589E-06
   2.54489623E-06
   2.33720925E-06
   2.13112799E-06
   1.92694847E-06
   1.72607281E-06
   1.52869700E-06
   1.33528147E-06
   1.14680142E-06
   9.63563707E-07
   7.86368105E-07
   6.15477347E-07
   4.51796751E-07
   2.95130405E-07
   1.46724588E-07
   6.21648155E-09
  -1.25589679E-07
  -2.48306378E-07
  -3.61692514E-07
  -4.65700225E-07
  -5.60095714E-07
  -6.44560828E-07
  -7.18732849E-07
  -7.83179530E-07
  -8.37410767E-07
  -8.81627102E-07
  -9.15666647E-07
  -9.40227892E-07
  -9.54915095E-07
  -9.60490411E-07
  -9.57018983E-07
  -9.45147349E-07
  -9.25011818E-07
  -8.97309064E-07
  -8.62736442E-07
  -8.21719709E-07
  -7.74903924E-07
  -7.22863433E-07
  -6.66464985E-07
  -6.06342496E-07
  -5.43241129E-07
  -4.77773483E-07
  -4.10639075E-07
  -3.42281112E-07
  -2.73635180E-07
  -2.05098388E-07
  -1.37237663E-07
  -7.02758030E-08
  -4.92698859E-09
   5.87089630E-08
   1.20306098E-07
   1.79785275E-07
   2.36823411E-07
   2.91522468E-07
   3.44011113E-07
   3.94368925E-07
   4.42133455E-07
   4.88181740E-07
   5.32360104E-07
   5.75112438E-07
   6.16372859E-07
   6.56505563E-07
   6.95810286E-07
   7.34382240E-07
   7.72596422E-07
   8.10308677E-07
   8.48038553E-07
   8.85504221E-07
   9.23124787E-07
   9.60441412E-07
   9.97521056E-07
   1.03439606E-06
   1.07106359E-06
   1.10659062E-06
   1.14132456E-06
   1.17482512E-06
   1.20664686E-06
   1.23655627E-06
   1.26380814E-06
   1.28815873E-06
   1.30943442E-06
   1.32723949E-06
   1.34080631E-06
   1.35016887E-06
   1.35491825E-06
   1.35471464E-06
   1.34943798E-06
   1.33881758E-06
   1.32317859E-06
   1.30213732E-06
   1.27583269E-06
   1.24470807E-06
   1.20868208E-06
   1.16835690E-06
   1.12377018E-06
   1.07599351E-06
   1.02520994E-06
   9.71729833E-07
   9.16466490E-07
   8.59886654E-07
   8.02987586E-07
   7.46072487E-07
   6.89770843E-07
   6.35060417E-07
   5.82252596E-07
   5.32155525E-07
   4.85112309E-07
   4.41351091E-07
   4.01460909E-07
   3.65718364E-07
   3.34162820E-07
   3.06673115E-07
   2.83610120E-07
   2.64368452E-07
   2.49389615E-07
   2.37411456E-07
   2.28788593E-07
   2.22733547E-07
   2.18284740E-07
   2.15292431E-07
   2.13274362E-07
   2.11245009E-07
   2.08040419E-07
   2.03816583E-07
   1.97727701E-07
   1.88749823E-07
   1.76351492E-07
   1.59657233E-07
   1.39135878E-07
   1.13053758E-07
   8.18714341E-08
   4.48588935E-08
   2.30616592E-09
  -4.60087222E-08
  -1.00482765E-07
  -1.60998297E-07
  -2.26915176E-07
  -2.98281520E-07
  -3.74709089E-07
  -4.55979773E-07
  -5.40730298E-07
  -6.29607484E-07
  -7.21055699E-07
  -8.15273552E-07
  -9.10416134E-07
  -1.00635566E-06
  -1.10211238E-06
  -1.19694130E-06
  -1.28961562E-06
  -1.37948643E-06
  -1.46537911E-06
  -1.54650013E-06
  -1.62177116E-06
  -1.69025247E-06
  -1.75101945E-06
  -1.80307916E-06
  -1.84545002E-06
  -1.87732417E-06
  -1.89804632E-06
  -1.90639525E-06
  -1.90206993E-06
  -1.88434387E-06
  -1.85252998E-06
  -1.80626330E-06
  -1.74522233E-06
  -1.66927225E-06
  -1.57822979E-06
  -1.47224466E-06
  -1.35146865E-06
  -1.21634480E-06
  -1.06758716E-06
  -9.05508841E-07
  -7.31663135E-07
  -5.46578008E-07
  -3.51690801E-07
  -1.48310392E-07
   6.17503702E-08
   2.76987947E-07
   4.95380220E-07
   7.15548310E-07
   9.34758475E-07
   1.15123964E-06
   1.36309905E-06
   1.56803230E-06
   1.76393360E-06
   1.94877202E-06
   2.12097348E-06
   2.27787859E-06
   2.41847647E-06
   2.54077486E-06
   2.64398591E-06
   2.72659508E-06
   2.78732750E-06
   2.82628935E-06
   2.84255248E-06
   2.83606278E-06
   2.80723589E-06
   2.75623233E-06
   2.68389863E-06
   2.59114495E-06
   2.47894695E-06
   2.34903496E-06
   2.20294942E-06
   2.04214348E-06
   1.86889133E-06
   1.68490647E-06
   1.49267635E-06
   1.29364105E-06
   1.09044913E-06
   8.85049644E-07
   6.78979745E-07
   4.74341959E-07
   2.72785257E-07
   7.59238503E-08
  -1.15256199E-07
  -2.99636838E-07
  -4.76322384E-07
  -6.44641204E-07
  -8.04503202E-07
  -9.55682481E-07
  -1.09802420E-06
  -1.23206223E-06
  -1.35821028E-06
  -1.47688775E-06
  -1.58871853E-06
  -1.69454870E-06
  -1.79503422E-06
  -1.89095522E-06
  -1.98246812E-06
  -2.07039511E-06
  -2.15501950E-06
  -2.23619213E-06
  -2.31403351E-06
  -2.38811617E-06
  -2.45750607E-06
  -2.52188579E-06
  -2.57938837E-06
  -2.62878052E-06
  -2.66867278E-06
  -2.69685643E-06
  -2.71144609E-06
  -2.71069143E-06
  -2.69185989E-06
  -2.65324502E-06
  -2.59284798E-06
  -2.50883613E-06
  -2.39926430E-06
  -2.26325142E-06
  -2.09988366E-06
  -1.90894343E-06
  -1.69015084E-06
  -1.44424246E-06
  -1.17264688E-06
  -8.77806201E-07
  -5.60323883E-07
  -2.25500912E-07
   1.24180005E-07
   4.83940255E-07
   8.50329684E-07
   1.21643791E-06
   1.57793522E-06
   1.92916536E-06
   2.26338125E-06
   2.57605916E-06
   2.86107934E-06
   3.11173198E-06
   3.32432955E-06
   3.49436391E-06
   3.61597176E-06
   3.68739666E-06
   3.70503062E-06
   3.66758832E-06
   3.57324438E-06
   3.42174008E-06
   3.21493621E-06
   2.95312520E-06
   2.63927313E-06
   2.27638566E-06
   1.86938587E-06
   1.42137696E-06
   9.38472112E-07
   4.26049496E-07
  -1.09765551E-07
  -6.62362027E-07
  -1.22600318E-06
  -1.79405811E-06
  -2.36022652E-06
  -2.91854440E-06
  -3.46283605E-06
  -3.98782186E-06
  -4.48955052E-06
  -4.96227676E-06
  -5.40277915E-06
  -5.80779624E-06
  -6.17459364E-06
  -6.50086395E-06
  -6.78498282E-06
  -7.02581656E-06
  -7.22306868E-06
  -7.37600567E-06
  -7.48502771E-06
  -7.55041128E-06
  -7.57312137E-06
  -7.55388555E-06
  -7.49362607E-06
  -7.39364168E-06
  -7.25568725E-06
  -7.08000289E-06
  -6.86933299E-06
  -6.62439425E-06
  -6.34768912E-06
  -6.04026764E-06
  -5.70349312E-06
  -5.34038963E-06
  -4.95357199E-06
  -4.54463452E-06
  -4.11685278E-06
  -3.67384428E-06
  -3.21927428E-06
  -2.75624348E-06
  -2.29048601E-06
  -1.82535837E-06
  -1.36717506E-06
  -9.20788693E-07
  -4.92191930E-07
  -8.67532322E-08
   2.88889339E-07
   6.29147962E-07
   9.27800727E-07
   1.18044409E-06
   1.37984500E-06
   1.52284372E-06
   1.60486502E-06
   1.62261699E-06
   1.57354327E-06
   1.45633828E-06
   1.27067608E-06
   1.01673288E-06
   6.96974041E-07
   3.13335562E-07
  -1.29166352E-07
  -6.26004748E-07
  -1.17033312E-06
  -1.75554328E-06
  -2.37316658E-06
  -3.01549312E-06
  -3.67248504E-06
  -4.33563855E-06
  -4.99459702E-06
  -5.63954472E-06
  -6.26113024E-06
  -6.85207033E-06
