TITLE = "Temporal Signal for receiver number 02577"
VARIABLES = "Time","xx","yy","zz","xy","yz","xz","u","v","w"
# x1       3.523997960000e+05
# x2       4.732045970000e+06
# x3       -6.000000000000e+03
  0.000000000000000e+00  0.000000000000000e+00  0.000000000000000e+00  0.000000000000000e+00  0.000000000000000e+00  0.000000000000000e+00  0.000000000000000e+00  0.000000000000000e+00  0.000000000000000e+00  0.000000000000000e+00
  1.000000000000000e-01  0.000000000000000e+00  0.000000000000000e+00  0.000000000000000e+00  0.000000000000000e+00  0.000000000000000e+00  0.000000000000000e+00  0.000000000000000e+00  0.000000000000000e+00  0.000000000000000e+00
  2.000000000000000e-01  0.000000000000000e+00  0.000000000000000e+00  0.000000000000000e+00  0.000000000000000e+00  0.000000000000000e+00  0.000000000000000e+00  0.000000000000000e+00  0.000000000000000e+00  0.000000000000000e+00
  3.000000000000000e-01  1.368131741162836e-05  2.988468922186580e-05  -1.646229978772339e-07  -9.191218396294358e-06  -2.202291505755998e-05  9.469727431156452e-06  1.002818264604090e-12  -1.387090351724513e-12  9.576038884580265e-13
  4.000000000000000e-01  -4.114186542536023e-02  -3.748822513449250e-02  -4.055942830320981e-02  1.780520634939778e-02  2.193763502529452e-02  -2.238684874473939e-02  -2.586478341824810e-09  2.373423451581776e-09  -2.184199564602921e-09
  5.000000000000000e-01  1.394607295152912e-01  -1.108756955382364e-02  1.275915602739799e-01  -8.689534444283406e-02  -4.887677219132550e-02  5.574918690175667e-02  1.158741126743497e-08  7.946657389298895e-09  1.182806928598453e-08
  6.000000000000000e-01  3.503535514257299e-02  3.041257229628156e-01  5.769454155679071e-01  -6.984542479043662e-01  1.464348720920890e-01  1.244371279792617e-01  8.269531982662759e-08  1.169501010847744e-07  2.258829645820059e-08
  7.000000000000000e-01  -9.259228329971156e+00  -1.167838251989187e+01  -2.224936621299982e+01  5.564687128124950e+00  1.794144985365240e+01  -2.478035396522082e+00  -3.932210098978146e-07  1.242391983255403e-06  -1.909699597580994e-06
  7.999999999999999e-01  2.514752675156628e+02  6.064544144939471e+02  3.159981545499224e+02  -1.122695758871120e+02  -1.999934131373729e+02  5.007492571788742e+01  1.034613793001523e-05  -3.715275194663298e-05  2.067056318738944e-05
  8.999999999999999e-01  1.073004368166388e+03  3.519627419490334e+03  1.193501855903432e+03  -7.724503934307054e+02  -9.424355251410634e+02  2.882181720207455e+02  6.195307998327530e-05  -2.172929890425846e-04  7.224818911619168e-05
  9.999999999999999e-01  1.060452457991599e+03  7.242845700782688e+03  7.766373574814891e+02  -2.089331495684591e+03  -1.537899757104264e+03  4.818829751807632e+02  1.333491932537200e-04  -4.138810167000995e-04  7.141007514520619e-05
  1.100000000000000e+00  -4.987962720177948e+02  1.118444996640021e+04  -2.054031705130879e+03  -4.069240506817237e+03  -1.039635046981950e+03  3.505190137643221e+02  1.962895922736611e-04  -5.760803802458595e-04  -9.427539702400460e-05
  1.200000000000000e+00  -2.840217145971653e+03  1.711328655279424e+04  -3.966272209103306e+03  -6.160595338549934e+03  -1.856949632148134e+03  -1.668468788162837e+02  1.926375461026620e-04  -7.866325363905702e-04  -5.870959462612522e-05
  1.300000000000000e+00  -5.385509642542862e+03  1.864825016324447e+04  -1.581459673474377e+03  -6.596420472902634e+03  -6.426034178545969e+03  2.027576304365303e+02  7.693493011016770e-05  -6.743742167005446e-04  5.672188580181629e-04
  1.400000000000000e+00  -3.910499426052029e+03  2.111302980781964e+04  3.027288966387826e+03  -6.249249618046471e+03  -1.182206825411382e+04  1.854174490498227e+03  9.118803055348439e-06  -6.712814172513418e-04  1.201050138184940e-03
  1.500000000000000e+00  -1.323749399783362e+01  3.217994985176948e+04  4.228568419741882e+03  -7.425978195930852e+03  -1.491661806940086e+04  3.362857452487582e+03  1.238739677395576e-04  -1.145430628584279e-03  1.289440374781017e-03
  1.600000000000000e+00  4.637179226706566e+03  6.288799457974949e+04  5.544795864883960e+03  -1.251164964099771e+04  -1.976802587634395e+04  5.132722818363632e+03  4.505398757974099e-04  -2.668605053619073e-03  1.312106000399813e-03
  1.700000000000000e+00  1.151440566061203e+04  1.386374143803013e+05  1.340002405604530e+04  -2.532930199629553e+04  -3.616767917140742e+04  8.082570547147918e+03  1.203169792287412e-03  -6.609947655669077e-03  2.196599688764333e-03
  1.800000000000000e+00  2.189142460535882e+04  3.253496912743055e+05  3.286994398125976e+04  -3.502843865077184e+04  -6.966599682533840e+04  9.676591897268670e+03  1.101676891476160e-03  -1.668230039747575e-02  3.786821845045773e-03
  1.900000000000001e+00  -2.302337578378502e+04  6.544488838602136e+05  -7.334985918322219e+02  -2.565982826384913e+04  -1.193103597274108e+05  -7.255063726751385e+03  -3.286243946164113e-04  -3.219324771979823e-02  4.608750199960631e-03
  2.000000000000000e+00  -1.253751273885736e+05  1.033950511666289e+06  -6.071862294829878e+04  1.403697164815381e+05  -1.624762631214877e+05  -5.823815639980564e+04  -1.428211748048832e-02  -4.773305803788788e-02  4.927179268654544e-03
  2.100000000000001e+00  -9.785258969297764e+04  8.248428466310059e+05  2.546453751610299e+05  3.630718659569853e+05  -3.979099440887391e+05  -6.650413306809285e+04  -1.744194087337553e-02  -2.072013314247032e-02  4.756977359124246e-02
  2.200000000000001e+00  2.539117844410826e+04  -4.313258113933177e+05  1.060875459446504e+06  -7.081522179411112e+04  -9.547497542195997e+05  1.008082713609084e+05  4.783113236268429e-02  5.964190055817827e-02  1.491303811596986e-01
  2.300000000000001e+00  -2.950349747066351e+05  -1.746364577799521e+06  1.937189251039002e+06  -1.110813042290723e+06  -1.512238241774640e+06  1.288545087793202e+05  1.575063433756480e-01  1.262591698969437e-01  2.501442123142362e-01
  2.400000000000001e+00  -1.118289074036048e+06  -2.258958212847658e+06  2.557129579292592e+06  -2.129620889072776e+06  -1.859965232842091e+06  9.522281423571979e+04  2.420978666190539e-01  1.502888578786792e-01  2.879184574160302e-01
  2.500000000000001e+00  -1.892621495859998e+06  -2.359574167212105e+06  2.896330909771212e+06  -2.689188371117340e+06  -2.093326332311007e+06  -1.215805012884371e+05  2.774437131873372e-01  1.444556325007039e-01  3.087336541822879e-01
  2.600000000000001e+00  -2.834998268855784e+06  -2.402573569032311e+06  3.028148549177443e+06  -3.047931689809164e+06  -2.216862624466436e+06  -4.970231998972617e+05  3.074122240727336e-01  1.510431887312280e-01  3.246990984392150e-01
  2.700000000000001e+00  -3.539681001127801e+06  -2.513076570840581e+06  3.042234046704052e+06  -3.244681256871900e+06  -2.339735454554681e+06  -6.653880408777432e+05  3.239399990896874e-01  1.515966158961014e-01  3.214468735119594e-01
  2.800000000000001e+00  -4.254079826469331e+06  -2.579736436988074e+06  2.968027056804232e+06  -3.410777380723362e+06  -2.412194721204215e+06  -1.027279569756579e+06  3.408330046646955e-01  1.510892535056726e-01  3.416288081005674e-01
  2.900000000000001e+00  -4.876485579152920e+06  -2.539273674217069e+06  2.753657093012853e+06  -3.552353546172229e+06  -2.517682732326244e+06  -1.414573790518799e+06  3.506316229780779e-01  1.435817201127745e-01  3.579598276449324e-01
  3.000000000000001e+00  -5.090424427402582e+06  -2.053949758416920e+06  2.943331983960615e+06  -3.412206051484542e+06  -2.405354778946190e+06  -1.578996346565324e+06  3.355579222727894e-01  1.079099372114626e-01  3.366108864442763e-01
  3.100000000000001e+00  -5.229534200751535e+06  -1.558339417577178e+06  3.336018821659926e+06  -3.138401263709219e+06  -2.098214135919984e+06  -1.495341558218231e+06  3.102886680654685e-01  6.120052243080368e-02  3.016547197630164e-01
  3.200000000000002e+00  -5.279508168533571e+06  -1.124981790409417e+06  3.459851484900338e+06  -3.029233155652259e+06  -1.749577354798201e+06  -1.538235878607933e+06  2.800957229212317e-01  5.117708052677650e-02  2.866218077472715e-01
  3.300000000000002e+00  -5.245274823006363e+06  -6.307988994218935e+05  3.776679646066007e+06  -2.941022806255546e+06  -1.069072344614349e+06  -1.576463673995880e+06  2.439927528745318e-01  6.203446851980274e-02  2.691625990482930e-01
  3.400000000000002e+00  -4.404357373731813e+06  -7.490518327773163e+05  3.795879816573686e+06  -3.062742230659495e+06  -7.194759160234885e+05  -7.807094925363240e+05  1.499573914493214e-01  5.580111516914545e-02  1.329713942136344e-01
  3.500000000000002e+00  -2.872812936276551e+06  -1.345399218680130e+06  2.891437565252885e+06  -3.129194110460145e+06  -1.037676775617902e+06  1.977221723651846e+05  2.250451247083258e-02  2.836229962474232e-02  4.413239496960381e-03
  3.600000000000002e+00  -1.832161730994828e+06  -1.500759857216477e+06  2.221189322180294e+06  -2.684969391832737e+06  -1.285279939972839e+06  7.501817270188692e+05  -6.188201244489097e-02  -1.658294877873262e-02  -8.458226790784836e-03
  3.700000000000002e+00  -1.236561343294879e+06  -1.563300259970994e+06  1.643336855324354e+06  -2.290873421186290e+06  -1.524767471983279e+06  1.046923439171221e+06  -1.019087919344510e-01  -5.053594087871240e-02  6.463919653914149e-03
  3.800000000000002e+00  -1.094770995680602e+06  -1.587999985610953e+06  1.489262926196101e+06  -2.218018438418812e+06  -1.653664841442889e+06  1.016610012605765e+06  -8.955548239941895e-02  -5.489701505268119e-02  1.436504964363429e-02
  3.900000000000002e+00  -1.322768303831354e+06  -1.587022749159613e+06  1.741081897719675e+06  -2.306574486292759e+06  -1.716257832447750e+06  9.388045252903309e+05  -6.258971966731425e-02  -4.658987207495408e-02  -1.318639759965184e-02
  4.000000000000002e+00  -1.438995783489605e+06  -1.547880555116318e+06  1.878201647774629e+06  -2.300561259699120e+06  -1.668950427654689e+06  7.692189469924156e+05  -5.137644753928669e-02  -4.021758263560830e-02  -1.853598883083849e-02
  4.100000000000001e+00  -1.440939072207922e+06  -1.452249317042430e+06  1.894104910671064e+06  -2.292537156844789e+06  -1.665657782646983e+06  6.223001482470431e+05  -4.179875385122264e-02  -3.486250972298622e-02  -7.698302213911073e-03
  4.200000000000001e+00  -1.603282952122719e+06  -1.452692127742087e+06  2.001144145503148e+06  -2.405166892666628e+06  -1.730310266687805e+06  5.774080872398043e+05  -2.316918375543837e-02  -1.871996286819322e-02  -1.209050531856460e-02
  4.300000000000001e+00  -1.768678025226514e+06  -1.479235676940396e+06  2.109465894502184e+06  -2.519626847471665e+06  -1.699912730669532e+06  5.089457316316967e+05  -9.128000950323669e-03  -3.668475991719563e-03  -1.960941890666297e-02
  4.400000000000000e+00  -1.826027348927870e+06  -1.445465980052929e+06  2.166124848305847e+06  -2.553057270227838e+06  -1.630054831753257e+06  5.053539505760165e+05  -4.220583264463126e-03  8.513052423702280e-05  -2.253476766179040e-02
  4.500000000000000e+00  -1.802468670530190e+06  -1.412145882831473e+06  2.222902420475383e+06  -2.583822942197884e+06  -1.659986613514638e+06  5.695118103523542e+05  2.268645377800808e-04  3.425802688888833e-03  -2.838027973280210e-02
  4.600000000000000e+00  -1.810085430479840e+06  -1.402341550469975e+06  2.234484859578084e+06  -2.612373750839595e+06  -1.692772859522210e+06  6.000298340853552e+05  6.700763405661013e-03  1.117078523991645e-02  -2.752545530475934e-02
  4.699999999999999e+00  -1.799676461234554e+06  -1.421727741933624e+06  2.212077012283075e+06  -2.629840947362900e+06  -1.632061667347664e+06  5.741981822960986e+05  8.750948661641575e-03  1.278582234725713e-02  -2.367693623882919e-02
  4.799999999999999e+00  -1.764484158506553e+06  -1.460979520361380e+06  2.151551539231124e+06  -2.636087315195755e+06  -1.645278710863692e+06  6.507543433372071e+05  4.461864616347816e-03  9.164314318454315e-03  -2.699878663415320e-02
  4.899999999999999e+00  -1.727464641277188e+06  -1.570914207928486e+06  2.058964055699392e+06  -2.648995643009274e+06  -1.767574360494700e+06  7.161105232882221e+05  3.150706181579877e-03  1.377390499940737e-02  -2.047047983887898e-02
  4.999999999999998e+00  -1.695395692499597e+06  -1.664307539603202e+06  1.942520564255314e+06  -2.665909420433788e+06  -1.766021617684189e+06  6.184902331881790e+05  1.821053380852200e-03  1.981208810140215e-02  -2.444778260198928e-02
  5.099999999999998e+00  -1.730389032824638e+06  -1.597459818644472e+06  1.861052408245116e+06  -2.548984212668114e+06  -1.505908290197776e+06  5.238533736851619e+05  -1.545960174972669e-02  1.553407047369945e-02  -5.988332956255452e-02
  5.199999999999998e+00  -1.824422252847589e+06  -1.579437584236923e+06  1.786980379126604e+06  -2.352762943128543e+06  -1.236685994816817e+06  5.215018776326214e+05  -3.664691177645053e-02  1.065625879593535e-02  -9.648501503108488e-02
  5.299999999999997e+00  -1.841948810366229e+06  -1.580418066537376e+06  1.676463372717132e+06  -2.271389062626418e+06  -1.128778497537041e+06  4.375460587839221e+05  -4.051467105996708e-02  1.584760520905210e-02  -1.071243788616768e-01
  5.399999999999997e+00  -1.835784944528849e+06  -1.524666172192587e+06  1.545917854462066e+06  -2.280810638695818e+06  -1.123671157309447e+06  3.159381782610447e+05  -3.180216165484307e-02  2.299815703533489e-02  -1.093971286441912e-01
  5.499999999999996e+00  -1.864695617800134e+06  -1.541517575101801e+06  1.382819451248098e+06  -2.284981374173555e+06  -1.134308499404072e+06  3.311959525791561e+05  -1.963357813518087e-02  1.962845906119847e-02  -1.236069453879587e-01
  5.599999999999996e+00  -1.811069434297588e+06  -1.526393027031815e+06  1.329043062456515e+06  -2.350187689582877e+06  -1.103786973076952e+06  3.739477266898818e+05  -4.730735098981206e-03  1.554751801814022e-02  -1.307969767642032e-01
  5.699999999999996e+00  -1.726295982030368e+06  -1.429806539068726e+06  1.423061867157917e+06  -2.455343026623480e+06  -1.042393633163041e+06  3.841764847171934e+05  8.569434483838779e-03  1.717951576840776e-02  -1.245365439251771e-01
  5.799999999999995e+00  -1.798720604319709e+06  -1.402686775009172e+06  1.440557310128931e+06  -2.509837896121693e+06  -1.007705095425917e+06  4.200264266545320e+05  1.703985547315991e-02  2.183303085028541e-02  -1.198810194944869e-01
  5.899999999999995e+00  -1.821046089725712e+06  -1.346941204918639e+06  1.462483092973157e+06  -2.552843866180335e+06  -1.083518673782395e+06  4.768420220248404e+05  2.353180032356955e-02  1.885890744389295e-02  -1.113198908960902e-01
  5.999999999999995e+00  -1.605364690226248e+06  -1.208233886109538e+06  1.610715164023847e+06  -2.605413016055906e+06  -1.192440918345875e+06  5.856800572473510e+05  3.296855064431876e-02  6.287958933136308e-03  -9.883405746195791e-02
  6.099999999999994e+00  -1.393710748309191e+06  -1.108292362731140e+06  1.790343965952421e+06  -2.641006815050212e+06  -1.169811655529000e+06  7.046752345874817e+05  4.630353009371770e-02  2.092147030890040e-03  -8.436081387131783e-02
  6.199999999999994e+00  -1.348444789126453e+06  -1.103172483403512e+06  1.926159014895044e+06  -2.663724288644740e+06  -1.099625795595376e+06  7.863851628505372e+05  5.798026483441333e-02  1.072863874315248e-02  -6.767912014442914e-02
  6.299999999999994e+00  -1.361936218023238e+06  -1.136573188913186e+06  2.069505371833143e+06  -2.667225869474519e+06  -1.134131655529351e+06  8.597912710908790e+05  5.788178967563261e-02  1.500671712565056e-02  -5.287681434307200e-02
  6.399999999999993e+00  -1.443672168335510e+06  -1.154495157869023e+06  2.239797940158752e+06  -2.639982335960567e+06  -1.198000311936950e+06  8.972907687862571e+05  4.936838080811112e-02  9.504945387881917e-03  -3.806767403394565e-02
  6.499999999999993e+00  -1.588281865981511e+06  -1.155868823993876e+06  2.367454906261572e+06  -2.628055737401482e+06  -1.221982440158832e+06  8.688620298891690e+05  3.926614180898666e-02  4.413472545786224e-03  -2.177962936788755e-02
  6.599999999999993e+00  -1.728796752785746e+06  -1.185948318451164e+06  2.529548576310727e+06  -2.645574845434196e+06  -1.256630865594820e+06  7.936803444616536e+05  2.956784251819249e-02  1.405709147890542e-03  -5.130627866814289e-03
  6.699999999999992e+00  -1.856123998420881e+06  -1.282738618460954e+06  2.798975549595267e+06  -2.681233103602473e+06  -1.320237852467063e+06  7.120077847246495e+05  1.914790923423262e-02  -5.941461493154110e-03  8.987027898290928e-03
  6.799999999999992e+00  -1.983742820829787e+06  -1.386637448354817e+06  3.047570307588161e+06  -2.721956581378719e+06  -1.408043586102031e+06  6.117884604033423e+05  6.884532620100340e-03  -1.720379956268380e-02  2.346494012628577e-02
  6.899999999999991e+00  -2.076411246782292e+06  -1.412037976141713e+06  3.210861535425386e+06  -2.749069395221411e+06  -1.547871864434136e+06  4.707626838446383e+05  -5.896684798137981e-03  -3.064251548986005e-02  4.328047422934962e-02
  6.999999999999991e+00  -2.146311051033754e+06  -1.431606941170616e+06  3.357617214940262e+06  -2.741198724374728e+06  -1.697838620340015e+06  3.459606876580147e+05  -1.694199902103509e-02  -4.500590881443644e-02  5.842888017819603e-02
  7.099999999999991e+00  -2.245073692801538e+06  -1.500355360014336e+06  3.536116688337720e+06  -2.728289069144249e+06  -1.801706020575509e+06  2.828788881268021e+05  -2.101472006438723e-02  -5.371847803414366e-02  6.432060688888946e-02
  7.199999999999990e+00  -2.346731064195627e+06  -1.550494066020263e+06  3.723488977868601e+06  -2.747030397960796e+06  -1.861468234948057e+06  2.463222632984804e+05  -1.962445161627810e-02  -5.154122913042552e-02  7.099556146902948e-02
  7.299999999999990e+00  -2.405216103047233e+06  -1.569522498422463e+06  3.844847172292794e+06  -2.767984344074753e+06  -1.877917824692360e+06  1.944929518863360e+05  -2.084265357789233e-02  -4.201643271902027e-02  7.950305322302867e-02
  7.399999999999990e+00  -2.398659042364080e+06  -1.601574143657683e+06  3.886610274596272e+06  -2.762779894464132e+06  -1.882017275752957e+06  1.366725996284593e+05  -2.585006780948329e-02  -3.392731910614598e-02  8.305660702922717e-02
  7.499999999999989e+00  -2.346767477254444e+06  -1.638258506478822e+06  3.882646995824817e+06  -2.758874737612751e+06  -1.926851914009088e+06  1.045888115155909e+05  -2.740560946639647e-02  -2.892112826975445e-02  8.021015350532057e-02
  7.599999999999989e+00  -2.337610250497771e+06  -1.653823005183761e+06  3.831947481366377e+06  -2.758664498736843e+06  -1.985939981513629e+06  1.140332180135667e+05  -1.939681114908588e-02  -2.271857543781938e-02  7.559076241672776e-02
  7.699999999999989e+00  -2.406554075848877e+06  -1.663276269256217e+06  3.801486883979553e+06  -2.727483664874597e+06  -2.007406196435170e+06  1.688714714700546e+05  -3.235493546489191e-03  -1.526892828072043e-02  7.627286730032491e-02
  7.799999999999988e+00  -2.506433193467929e+06  -1.708816504724637e+06  3.859687369419240e+06  -2.683506108518232e+06  -2.002261005205775e+06  2.544732032147838e+05  1.328183973009552e-02  -8.325998653250484e-03  8.271084032533720e-02
  7.899999999999988e+00  -2.592121148029048e+06  -1.767811413152664e+06  3.942118444791765e+06  -2.667204842318760e+06  -1.995054440101635e+06  3.294339405725382e+05  2.275084085591559e-02  -1.201609868838062e-03  8.753176558390499e-02
  7.999999999999988e+00  -2.618579711712998e+06  -1.770594226184126e+06  3.965771826756126e+06  -2.668283021673267e+06  -1.980711748492835e+06  3.642899185489487e+05  2.440255957621931e-02  6.870474718306845e-03  8.539846175880046e-02
  8.099999999999987e+00  -2.555995793882808e+06  -1.727988423473082e+06  3.927968625927248e+06  -2.667624401639512e+06  -1.943465571478341e+06  3.732467351817259e+05  2.196380297963777e-02  1.489085253091590e-02  7.754924400989710e-02
  8.199999999999987e+00  -2.445351645996359e+06  -1.710985387725821e+06  3.865264032204804e+06  -2.681299416776214e+06  -1.883012539537562e+06  3.855892731685993e+05  2.018031486582698e-02  2.198039265993683e-02  6.877045497000960e-02
  8.299999999999986e+00  -2.368789939832224e+06  -1.734202279492379e+06  3.795588417144968e+06  -2.717098222079607e+06  -1.825218557605699e+06  3.981906323625139e+05  2.123781273088615e-02  2.871854439759228e-02  6.261235735628522e-02
  8.399999999999986e+00  -2.365445023409213e+06  -1.745285659376243e+06  3.730595804776748e+06  -2.749680480483412e+06  -1.800675989066900e+06  3.936611677851214e+05  2.261801594384741e-02  3.466089249387445e-02  5.924335066333626e-02
  8.499999999999986e+00  -2.408628654397981e+06  -1.721275423200571e+06  3.682947250770456e+06  -2.758656135286104e+06  -1.809380699139029e+06  3.790835272376838e+05  2.162738374210382e-02  3.691158358000297e-02  5.718773836439976e-02
  8.599999999999985e+00  -2.452300746700773e+06  -1.696936491551309e+06  3.627940738135560e+06  -2.749440376765079e+06  -1.828247417838842e+06  3.628024666496742e+05  1.887064123717999e-02  3.263527425103108e-02  5.347386802142754e-02
  8.699999999999985e+00  -2.462021715636966e+06  -1.689771212929564e+06  3.544439099581940e+06  -2.730399102133805e+06  -1.852058285690446e+06  3.307997006778857e+05  1.382411851735284e-02  2.259372808022277e-02  4.511094447199300e-02
  8.799999999999985e+00  -2.426275469330943e+06  -1.679784118174893e+06  3.454741350308727e+06  -2.699426674398108e+06  -1.893608875702528e+06  2.683211354796583e+05  3.238705991594690e-03  1.117816653875315e-02  3.292243123706486e-02
  8.899999999999984e+00  -2.366075674538244e+06  -1.654836933300858e+06  3.377966579605856e+06  -2.655729809554533e+06  -1.944100285344679e+06  1.759961829372474e+05  -1.232648408497947e-02  2.425499762265697e-03  2.162102381539898e-02
  8.999999999999984e+00  -2.320500718630715e+06  -1.619907638776061e+06  3.316484426397121e+06  -2.611714862574298e+06  -1.979106273515683e+06  6.243088455298872e+04  -2.773996587012363e-02  -3.082231928897796e-03  1.528005262086658e-02
  9.099999999999984e+00  -2.318087353875220e+06  -1.586006193594841e+06  3.282652181702591e+06  -2.591831232368192e+06  -1.995600794349438e+06  -5.627305691100016e+04  -4.002696227959189e-02  -6.938577383877545e-03  1.391421688362465e-02
  9.199999999999983e+00  -2.356595006584806e+06  -1.566822386693360e+06  3.287200540644160e+06  -2.611334133266170e+06  -2.003748377137776e+06  -1.536005295563563e+05  -4.898528517100610e-02  -9.705571788050225e-03  1.473875719706044e-02
  9.299999999999983e+00  -2.400543065255225e+06  -1.563469153220827e+06  3.311507754108911e+06  -2.655083404638943e+06  -2.001155358233368e+06  -2.032813737564952e+05  -5.254840563215728e-02  -1.042639352129058e-02  1.473250591150307e-02
  9.399999999999983e+00  -2.410080646160546e+06  -1.557263114636689e+06  3.311715222018122e+06  -2.692647517560612e+06  -1.974749595280049e+06  -1.862861839690404e+05  -4.760299900138978e-02  -8.959135424012067e-03  1.156771208429176e-02
  9.499999999999982e+00  -2.375248530375870e+06  -1.529785082230170e+06  3.256567419985450e+06  -2.710199214565075e+06  -1.916821811534319e+06  -9.951772273575312e+04  -3.537216534510926e-02  -6.459405086005975e-03  4.429961322102612e-03
  9.599999999999982e+00  -2.313991715623798e+06  -1.487271336382586e+06  3.155845496325701e+06  -2.710015605428029e+06  -1.840277374504470e+06  2.773598861927234e+04  -2.257991561270043e-02  -3.443499178297082e-03  -5.333167096662955e-03
  9.699999999999982e+00  -2.250324214517978e+06  -1.449745601399804e+06  3.050949001813392e+06  -2.692136873437287e+06  -1.774907860642021e+06  1.445343567428512e+05  -1.514688151270016e-02  -1.351441455090702e-04  -1.469659483654362e-02
  9.799999999999981e+00  -2.203639901307557e+06  -1.423792460755851e+06  2.970042521472581e+06  -2.660219961021723e+06  -1.737588823134318e+06  2.154861023324991e+05  -1.249782583726305e-02  1.736247102421468e-03  -2.164198087028388e-02
  9.899999999999981e+00  -2.175624996578173e+06  -1.405131236075058e+06  2.903034634140891e+06  -2.631722774849708e+06  -1.714761712521692e+06  2.430409788582068e+05  -1.015655304595257e-02  4.405372473764560e-04  -2.668893415373787e-02
  9.999999999999980e+00  -2.148114263579645e+06  -1.394661874607865e+06  2.836940709296687e+06  -2.619179077842466e+06  -1.684548148760700e+06  2.528475260357897e+05  -6.318661615516812e-03  -2.640696373645332e-03  -3.057002057524957e-02
  1.009999999999998e+01  -2.115436923582829e+06  -1.396540219958038e+06  2.786440548670170e+06  -2.615593086903327e+06  -1.643632898625399e+06  2.646355947544206e+05  -3.223882321335750e-03  -4.291471248059205e-03  -3.289645028314719e-02
  1.019999999999998e+01  -2.098324467229816e+06  -1.408109965465239e+06  2.772486312870430e+06  -2.613387457939314e+06  -1.608981559350365e+06  2.799833246415717e+05  -2.571959981926136e-03  -3.651190573072089e-03  -3.360843269579362e-02
  1.029999999999998e+01  -2.111042793714574e+06  -1.419389444908052e+06  2.792977370808002e+06  -2.621600343497626e+06  -1.600838084070508e+06  2.909109033016447e+05  -2.721569102756319e-03  -2.002203631372042e-03  -3.311073086255116e-02
  1.039999999999998e+01  -2.141891528897601e+06  -1.427646511500394e+06  2.826081139731322e+06  -2.650948751128817e+06  -1.619406192393924e+06  2.927193714152697e+05  -8.668189961382347e-04  -7.883730532874942e-05  -3.079113178582460e-02
  1.049999999999998e+01  -2.172244682185078e+06  -1.437646488088076e+06  2.860769703036061e+06  -2.693310340310171e+06  -1.642590750494951e+06  2.859293052517537e+05  3.592469946593848e-03  1.825148295797060e-03  -2.535224097723400e-02
  1.059999999999998e+01  -2.196217463330433e+06  -1.445126453015575e+06  2.906496164774555e+06  -2.730076921662130e+06  -1.655594411503535e+06  2.729619674091177e+05  8.302569518375113e-03  2.377879839449914e-03  -1.752809351290157e-02
  1.069999999999998e+01  -2.219607277775529e+06  -1.442977667839982e+06  2.962626568005390e+06  -2.752527985848978e+06  -1.664401097447814e+06  2.593736625329544e+05  1.062826714301687e-02  5.391155009500039e-04  -1.100362525705444e-02
  1.079999999999998e+01  -2.246340857549751e+06  -1.436160996360827e+06  3.009271771060162e+06  -2.763018762921218e+06  -1.672422297341714e+06  2.552392796159075e+05  1.057003420556614e-02  -2.074863550867726e-03  -8.572574616703261e-03
  1.089999999999998e+01  -2.271984665229837e+06  -1.431650095867757e+06  3.038993531108622e+06  -2.765856515098392e+06  -1.670690104087405e+06  2.679214012396552e+05  9.688969025915475e-03  -2.835113682016823e-03  -9.240118659790414e-03
  1.099999999999998e+01  -2.290266887338740e+06  -1.427693470512125e+06  3.062442989218242e+06  -2.765500106400190e+06  -1.659721328031740e+06  2.919749733836116e+05  7.981312972621179e-03  -1.665862913571581e-03  -1.058690566823721e-02
  1.109999999999998e+01  -2.297608767514529e+06  -1.421015493238781e+06  3.084789498629507e+06  -2.764873044762593e+06  -1.654602293336451e+06  3.123846510241729e+05  4.475353540848631e-03  -6.932852821785791e-04  -1.118487030588590e-02
  1.119999999999998e+01  -2.293757657430700e+06  -1.414972684603265e+06  3.101300236919756e+06  -2.761937287713139e+06  -1.660101551381061e+06  3.190528528909619e+05  2.675377424688350e-04  -1.002657678551117e-03  -1.034232541511782e-02
  1.129999999999998e+01  -2.284219681010813e+06  -1.416073511898558e+06  3.109010662353275e+06  -2.754302979901738e+06  -1.662567005044871e+06  3.133045192680204e+05  -2.040598751925190e-03  -1.697011916171817e-03  -7.965034495082828e-03
  1.139999999999998e+01  -2.278491185479289e+06  -1.426025097173008e+06  3.115039970455064e+06  -2.744859641662338e+06  -1.654238047379278e+06  3.023923108062496e+05  -1.719023442199322e-03  -1.862179506272763e-03  -4.856017917283463e-03
  1.149999999999998e+01  -2.282317716717916e+06  -1.441852949156816e+06  3.132407902714053e+06  -2.735959501694105e+06  -1.647043743190996e+06  2.922700170685225e+05  -6.152418285689729e-04  -1.843063169307101e-03  -2.063586468773664e-03
  1.159999999999997e+01  -2.294220322843513e+06  -1.459968372808174e+06  3.168850922194490e+06  -2.725673374698763e+06  -1.653595038122276e+06  2.844985002239032e+05  -5.663836816624512e-04  -2.132886649887886e-03  1.668061900093471e-04
  1.169999999999997e+01  -2.310621163244948e+06  -1.476821863898187e+06  3.219805826996030e+06  -2.717277936265124e+06  -1.670263865259060e+06  2.777270355346492e+05  -1.467714674694435e-03  -2.269610519786761e-03  2.271154889459070e-03
  1.179999999999997e+01  -2.331169146965648e+06  -1.489542710528892e+06  3.268635524948404e+06  -2.722047276001882e+06  -1.687744219958994e+06  2.716668455284889e+05  -2.141126653002138e-03  -1.600852359360880e-03  4.039736274316705e-03
  1.189999999999997e+01  -2.355171627526902e+06  -1.497372903505109e+06  3.297487869949997e+06  -2.744152059247371e+06  -1.704034249583625e+06  2.675252961606688e+05  -2.005618336467973e-03  -5.313262821938718e-04  4.486473920019877e-03
  1.199999999999997e+01  -2.377244196532681e+06  -1.501175890878053e+06  3.299506548574565e+06  -2.770163605762362e+06  -1.719151438350094e+06  2.645941402545059e+05  -1.507063321074612e-03  -2.998146892193162e-04  3.331815947649609e-03
  1.209999999999997e+01  -2.392988130251293e+06  -1.499489249611246e+06  3.280947527638549e+06  -2.781305757392810e+06  -1.728096979863972e+06  2.593027421715730e+05  -1.382369167991423e-03  -1.494778928729118e-03  1.585370110587951e-03
  1.219999999999997e+01  -2.404782818200031e+06  -1.488373580530535e+06  3.255806177722263e+06  -2.773460874800948e+06  -1.726367154699665e+06  2.490368311851328e+05  -1.769388326545787e-03  -3.218582997489661e-03  4.139950504510587e-04
  1.229999999999997e+01  -2.417071212783156e+06  -1.470644259605346e+06  3.236645470124715e+06  -2.758601200298751e+06  -1.717807962348142e+06  2.354709557628351e+05  -2.330301421353997e-03  -4.031808869231328e-03  -1.403351782294444e-05
  1.239999999999997e+01  -2.429935763565635e+06  -1.458072453244869e+06  3.228070888726743e+06  -2.748608412748599e+06  -1.711934813928349e+06  2.220493376506433e+05  -2.902651596337090e-03  -3.409760671201890e-03  -2.527284738125025e-04
  1.249999999999997e+01  -2.440218184540989e+06  -1.459580375799105e+06  3.226402499047603e+06  -2.744395939984240e+06  -1.714821157126050e+06  2.098761195459144e+05  -3.626164133870948e-03  -1.865702289586829e-03  -5.762373437141771e-04
  1.259999999999997e+01  -2.445298322904497e+06  -1.473335266993853e+06  3.224504984013897e+06  -2.740056935596919e+06  -1.724785371855696e+06  1.989333828098333e+05  -4.391775217016386e-03  -1.362801928288008e-04  -7.433554386656253e-04
  1.269999999999997e+01  -2.443447475076358e+06  -1.492282337034010e+06  3.216768328463634e+06  -2.732979942577032e+06  -1.736321071830677e+06  1.925333130688830e+05  -4.394861303260623e-03  1.272553083692556e-03  -5.013089127928249e-04
  1.279999999999997e+01  -2.433724654711370e+06  -1.510810827219313e+06  3.200881666829610e+06  -2.728674240315596e+06  -1.746125949990095e+06  1.963266955146495e+05  -2.774475972565083e-03  2.081335503113587e-03  -3.226030153123332e-06
  1.289999999999997e+01  -2.419078747578034e+06  -1.523311650098658e+06  3.179497890379030e+06  -2.736163348280462e+06  -1.754581952523771e+06  2.101383598349144e+05  2.348996562520212e-04  2.240627845501783e-03  3.371742346003487e-04
  1.299999999999997e+01  -2.406239191920418e+06  -1.524834155079680e+06  3.160826319183505e+06  -2.757302581959380e+06  -1.763258748384328e+06  2.246335683993050e+05  3.067678722955370e-03  2.009545708204813e-03  4.207502432912703e-04
  1.309999999999997e+01  -2.400176738453714e+06  -1.518471159023530e+06  3.154260781384086e+06  -2.780884163405295e+06  -1.771733223789838e+06  2.301641177217395e+05  4.087088874599229e-03  1.843957337520499e-03  5.910505223340997e-04
  1.319999999999997e+01  -2.400666521051545e+06  -1.515357645758783e+06  3.162734855353550e+06  -2.790934308584007e+06  -1.776598817220030e+06  2.275201644904054e+05  3.146148907965177e-03  2.068654133425688e-03  1.083428489600368e-03
  1.329999999999997e+01  -2.403045879924391e+06  -1.523039507937018e+06  3.178637600668261e+06  -2.782096308030965e+06  -1.774333705655263e+06  2.269303842858483e+05  1.656476949519767e-03  2.647950752322107e-03  1.563090937783464e-03
  1.339999999999997e+01  -2.401459079943424e+06  -1.537615815160978e+06  3.187332218259505e+06  -2.764510055659809e+06  -1.764964498389842e+06  2.365796119258141e+05  1.196776045522053e-03  3.282513281376426e-03  1.319177347355070e-03
  1.349999999999997e+01  -2.391990270293465e+06  -1.549046926554562e+06  3.176679495343904e+06  -2.752297831633670e+06  -1.752388876222961e+06  2.547317115814140e+05  2.114223440530243e-03  3.648211445575836e-03  7.911678458896233e-05
  1.359999999999997e+01  -2.373488694782673e+06  -1.550820389149866e+06  3.147496898459555e+06  -2.749731342427365e+06  -1.740907105601459e+06  2.727593959222361e+05  3.454261555752213e-03  3.578291145718444e-03  -1.404061416192587e-03
  1.369999999999997e+01  -2.347876533569782e+06  -1.544592344793944e+06  3.113922642872043e+06  -2.750539227112770e+06  -1.731827166060205e+06  2.831975781932241e+05  4.062678490498663e-03  3.220307246314941e-03  -1.896868419405077e-03
  1.379999999999997e+01  -2.320493724494063e+06  -1.538063833612859e+06  3.090254646538289e+06  -2.747959623296195e+06  -1.724055739641874e+06  2.844370150262540e+05  3.539230498025328e-03  2.879165044673744e-03  -9.557779840439975e-04
  1.389999999999997e+01  -2.297936441447985e+06  -1.536925759538934e+06  3.079478146435818e+06  -2.742412163999877e+06  -1.716932548889974e+06  2.797837473975510e+05  2.427832023723491e-03  2.583219668981393e-03  5.803033210847017e-04
  1.399999999999997e+01  -2.283669892326126e+06  -1.539161149202986e+06  3.074254295885068e+06  -2.739648891800474e+06  -1.711498135917155e+06  2.738491860799789e+05  1.644174078599782e-03  2.079768392099451e-03  1.476421035732432e-03
  1.409999999999997e+01  -2.277079675537719e+06  -1.538963194772840e+06  3.067095673187969e+06  -2.743631323390248e+06  -1.709411864895053e+06  2.693368055941595e+05  1.653635877093603e-03  1.317068061558501e-03  1.129998038748122e-03
  1.419999999999997e+01  -2.276924545547687e+06  -1.533853595526909e+06  3.058971041107105e+06  -2.752245597604210e+06  -1.711428656054623e+06  2.661086071275411e+05  2.180284815009698e-03  6.371679082149016e-04  -2.612771943579312e-04
  1.429999999999997e+01  -2.283206565585844e+06  -1.526537299017170e+06  3.056565038114510e+06  -2.759105960026721e+06  -1.716864290150839e+06  2.626588325237631e+05  2.524793511618945e-03  4.072289082368759e-04  -2.140845693665698e-03
  1.439999999999996e+01  -2.295218144811502e+06  -1.520755874064529e+06  3.062573290098507e+06  -2.758990937227580e+06  -1.723524878530063e+06  2.579662452620170e+05  2.118879872551962e-03  5.834529761443448e-04  -4.090547290992841e-03
  1.449999999999996e+01  -2.308917445738797e+06  -1.516602812053554e+06  3.071191025416123e+06  -2.752063417203309e+06  -1.728012886827388e+06  2.525496800514357e+05  9.447463374432033e-04  7.125868152199800e-04  -5.909744644176046e-03
  1.459999999999996e+01  -2.317244471418810e+06  -1.511347513399352e+06  3.073758144531492e+06  -2.742960049763603e+06  -1.727036140346307e+06  2.487948355076375e+05  -5.166466049641928e-04  4.081669187166903e-04  -7.406130835539405e-03
  1.469999999999996e+01  -2.314198923335950e+06  -1.504207095227967e+06  3.066085393761097e+06  -2.735561458202652e+06  -1.719164286466056e+06  2.497892535142770e+05  -1.680698510098878e-03  -2.016569354816348e-04  -8.299929872005632e-03
  1.479999999999996e+01  -2.299321433904487e+06  -1.497872850582478e+06  3.049974883162564e+06  -2.729253892989211e+06  -1.706232535898538e+06  2.571924980585527e+05  -2.120422078081651e-03  -5.670731171527043e-04  -8.316592126227120e-03
  1.489999999999996e+01  -2.278862184915681e+06  -1.494608314107771e+06  3.031051921137895e+06  -2.720420553897283e+06  -1.693336622931456e+06  2.698812124453585e+05  -1.719978980294170e-03  -3.268432822763809e-04  -7.394001609121944e-03
  1.499999999999996e+01  -2.262311616540164e+06  -1.492995068607321e+06  3.015812923864782e+06  -2.707771966568555e+06  -1.686297178794602e+06  2.843464225848232e+05  -7.357725156181702e-04  1.930184646668503e-04  -5.798580828123475e-03
  1.509999999999996e+01  -2.256375177350797e+06  -1.489677042448673e+06  3.008927328073856e+06  -2.695868332299938e+06  -1.688255350828083e+06  2.965316967387255e+05  3.635988311256113e-04  2.502109245397197e-04  -3.985162798993425e-03
  1.519999999999996e+01  -2.261075182541085e+06  -1.482623857362485e+06  3.011537603576567e+06  -2.691603670699662e+06  -1.698324288060382e+06  3.034473881911638e+05  1.104414969146337e-03  -5.077733709517110e-04  -2.280906141823355e-03
  1.529999999999996e+01  -2.271374063685861e+06  -1.472393020760009e+06  3.022080195156456e+06  -2.697552976037630e+06  -1.712341970255479e+06  3.035987926127773e+05  1.310145015189309e-03  -1.592827000262337e-03  -7.093130865295868e-04
  1.539999999999996e+01  -2.281984368826166e+06  -1.462025490958334e+06  3.037926247616084e+06  -2.709368598997796e+06  -1.724705247769110e+06  2.975198750189696e+05  1.204289284265756e-03  -2.147349314544230e-03  8.047320334409240e-04
  1.549999999999996e+01  -2.290702561812425e+06  -1.456100831558934e+06  3.055388612942461e+06  -2.719665822352774e+06  -1.731015459014665e+06  2.882144439355073e+05  1.114246935201383e-03  -1.796653707780754e-03  2.039165547283966e-03
  1.559999999999996e+01  -2.298419365582535e+06  -1.457388748305046e+06  3.069406229407077e+06  -2.724395157136404e+06  -1.730372078489420e+06  2.800067007797665e+05  1.194786683252801e-03  -9.452836999003469e-04  2.462687441463756e-03
  1.569999999999996e+01  -2.306494587797421e+06  -1.462831213664907e+06  3.076172347807648e+06  -2.724637559520332e+06  -1.725567372563430e+06  2.764424850273354e+05  1.322088018071041e-03  -2.970520652034093e-04  1.732115575618274e-03
  1.579999999999996e+01  -2.314862726015776e+06  -1.465191308728217e+06  3.076810350554669e+06  -2.723304941911065e+06  -1.720511664928074e+06  2.782587000430818e+05  1.286671172248821e-03  -2.008510923980923e-04  1.569092668317215e-04
  1.589999999999996e+01  -2.322190468184100e+06  -1.460376418093954e+06  3.077219023015783e+06  -2.721128342097567e+06  -1.716883832297524e+06  2.828875205524276e+05  1.034861368356099e-03  -5.398981629092114e-04  -1.322495077539339e-03
  1.599999999999996e+01  -2.326712359758910e+06  -1.451510075173718e+06  3.083691260231000e+06  -2.716247504139091e+06  -1.713455381597469e+06  2.865376846306624e+05  5.914067631597630e-04  -1.082399208394977e-03  -1.749442557666580e-03
  1.609999999999996e+01  -2.328138462670016e+06  -1.445529657892387e+06  3.097202982201656e+06  -2.708013570933539e+06  -1.708474891090680e+06  2.866373137570889e+05  -4.352553920861943e-06  -1.754589301513355e-03  -8.122078347239980e-04
  1.619999999999996e+01  -2.328175758679058e+06  -1.446954349614997e+06  3.112723689357927e+06  -2.700189080287842e+06  -1.702586181418990e+06  2.830826962080549e+05  -6.493160976030975e-04  -2.537273244875077e-03  9.866370891425270e-04
  1.629999999999996e+01  -2.329140703015040e+06  -1.455321868859161e+06  3.124107927056909e+06  -2.699234396408589e+06  -1.699104699294461e+06  2.776238090591054e+05  -1.130783365520675e-03  -3.225840208093961e-03  2.773899022633740e-03
  1.639999999999996e+01  -2.332444820385998e+06  -1.466927553842873e+06  3.128651269129629e+06  -2.708487746464001e+06  -1.700801749647047e+06  2.720213718200963e+05  -1.217325683189748e-03  -3.523382121958270e-03  3.923433302039090e-03
  1.649999999999996e+01  -2.337844252334311e+06  -1.477318246708220e+06  3.128295964681956e+06  -2.724066697781547e+06  -1.706719890739280e+06  2.668635370121494e+05  -8.982964834825131e-04  -3.298487926604753e-03  4.267514671197756e-03
  1.659999999999997e+01  -2.344184203054265e+06  -1.483351519077624e+06  3.127175935218262e+06  -2.737328811992216e+06  -1.712972951570414e+06  2.616359073395770e+05  -4.857550110520033e-04  -2.641644285943821e-03  3.962095203720903e-03
  1.669999999999997e+01  -2.350208488385024e+06  -1.484621444016777e+06  3.128654942582856e+06  -2.741694998522916e+06  -1.716347243402946e+06  2.554998273924009e+05  -4.194773381800928e-04  -1.714590215208942e-03  3.286355963115436e-03
  1.679999999999997e+01  -2.354938319049039e+06  -1.483694260943140e+06  3.134246391185810e+06  -2.737464377155574e+06  -1.716572662554297e+06  2.482010232861438e+05  -8.681025302913468e-04  -6.450278580105016e-04  2.546242380463572e-03
  1.689999999999997e+01  -2.357863361688474e+06  -1.484583695924190e+06  3.143643686883279e+06  -2.730405644795672e+06  -1.715676670838132e+06  2.410782584118669e+05  -1.513646397542027e-03  3.637344547184521e-04  2.034296537365528e-03
  1.699999999999997e+01  -2.358534083758847e+06  -1.490159842592609e+06  3.155275594107042e+06  -2.726221535068873e+06  -1.715676480673956e+06  2.372527890906028e+05  -1.782819199167513e-03  1.013272457529767e-03  1.902189355879560e-03
  1.709999999999997e+01  -2.356547034572883e+06  -1.500542468517368e+06  3.165909686067333e+06  -2.726294609715547e+06  -1.716782554253757e+06  2.395406397436568e+05  -1.354442131751839e-03  1.126497243141952e-03  2.063358286424808e-03
  1.719999999999997e+01  -2.351721162379746e+06  -1.513347702433427e+06  3.171191370894042e+06  -2.727680441144490e+06  -1.717500862779015e+06  2.476971487195425e+05  -4.876977163555410e-04  8.542506625463233e-04  2.171195013544741e-03
  1.729999999999998e+01  -2.344829560529176e+06  -1.525567975630300e+06  3.167501850737884e+06  -2.726528942886063e+06  -1.716474871490597e+06  2.573817173335773e+05  1.509594494265789e-04  5.450380868504327e-04  1.825237146983007e-03
  1.739999999999998e+01  -2.338014735229299e+06  -1.534969972554482e+06  3.154698841899815e+06  -2.721508243140939e+06  -1.714105494430076e+06  2.627173100100745e+05  2.660736419852518e-05  4.153612076125193e-04  8.342894312424383e-04
  1.749999999999998e+01  -2.334309583162938e+06  -1.540240932662073e+06  3.136989482687294e+06  -2.714884871498989e+06  -1.712281136041972e+06  2.601788364645766e+05  -8.367616655050955e-04  4.091567219689017e-04  -6.527924062315129e-04
  1.759999999999998e+01  -2.335980726098821e+06  -1.540390975415958e+06  3.120948952681490e+06  -2.711010164815624e+06  -1.712711061351379e+06  2.506349521569312e+05  -1.851199084019305e-03  3.647780487761841e-04  -2.236771848338276e-03
  1.769999999999998e+01  -2.342418842887501e+06  -1.534956436295140e+06  3.112850313373908e+06  -2.713639995715705e+06  -1.715801768686931e+06  2.384227724145905e+05  -2.293842029525729e-03  2.576296831930488e-04  -3.466214350077412e-03
  1.779999999999998e+01  -2.349874060337306e+06  -1.525591786894414e+06  3.116034781774909e+06  -2.723708681579642e+06  -1.721042791823510e+06  2.285654271821230e+05  -1.837884390321074e-03  2.281724244090688e-04  -3.968510322149465e-03
  1.789999999999998e+01  -2.353613676075983e+06  -1.516405597043926e+06  3.129429587259131e+06  -2.738446328730666e+06  -1.727550510954038e+06  2.244979939747614e+05  -7.645030451745015e-04  4.216730756715624e-04  -3.590783123090603e-03
  1.799999999999999e+01  -2.350692258696964e+06  -1.511722805469874e+06  3.147836922971083e+06  -2.752388318033978e+06  -1.734134733253527e+06  2.272737509458084e+05  2.836713327978062e-04  8.743812655468815e-04  -2.559256461453744e-03
  1.809999999999999e+01  -2.341427369855803e+06  -1.513288133669558e+06  3.163409009768891e+06  -2.760216505436619e+06  -1.739574111456483e+06  2.355364097678474e+05  8.199777999240313e-04  1.494571378879760e-03  -1.456608253325711e-03
  1.819999999999999e+01  -2.328804697899329e+06  -1.519152474986927e+06  3.169085971557138e+06  -2.759920134184757e+06  -1.743175739818933e+06  2.461109942583190e+05  8.102747068545182e-04  2.078460592819004e-03  -9.435717112544856e-04
  1.829999999999999e+01  -2.316904329378958e+06  -1.525153782903120e+06  3.162118756765843e+06  -2.753926602887778e+06  -1.744884604344518e+06  2.550059144884493e+05  5.439507683679551e-04  2.381610042421214e-03  -1.329848942831843e-03
  1.839999999999999e+01  -2.309374173522776e+06  -1.527293311797485e+06  3.145428352158406e+06  -2.747099647162443e+06  -1.744428545487818e+06  2.587935830877818e+05  3.154091178153030e-04  2.233182164924533e-03  -2.365559312537891e-03
  1.849999999999999e+01  -2.308142744578826e+06  -1.523549417879955e+06  3.126399026708669e+06  -2.743287332187639e+06  -1.740833997401146e+06  2.562702677758294e+05  2.259195805066596e-04  1.674466226450631e-03  -3.415311393987042e-03
  1.859999999999999e+01  -2.312734604763487e+06  -1.514800423647127e+06  3.113353500053047e+06  -2.743357049532236e+06  -1.733361994256505e+06  2.491244598433147e+05  2.491551382496209e-04  9.450867455199910e-04  -3.832040347009440e-03
  1.870000000000000e+01  -2.320544193207961e+06  -1.504621742392517e+06  3.111656707168923e+06  -2.745739942055751e+06  -1.722920400109855e+06  2.409252206052571e+05  3.384741587159831e-04  2.982605700042269e-04  -3.283211862006155e-03
  1.880000000000000e+01  -2.328041610936427e+06  -1.498011533231695e+06  3.121846373551160e+06  -2.748607041798712e+06  -1.712478171849002e+06  2.350339916653123e+05  4.381500939766150e-04  -1.434174333126148e-04  -1.884987491266140e-03
  1.890000000000000e+01  -2.332324622366971e+06  -1.499024241166247e+06  3.139885961234237e+06  -2.751608697150290e+06  -1.705786981345871e+06  2.328758273757310e+05  4.735509561707317e-04  -4.078145453946445e-04  -1.114719621507990e-04
  1.900000000000000e+01  -2.332220767298738e+06  -1.508290631211496e+06  3.158993331830928e+06  -2.755576393563480e+06  -1.705328031075326e+06  2.339643064270151e+05  3.814751342993709e-04  -5.575222052314926e-04  1.455737122736504e-03
  1.910000000000000e+01  -2.328431985817002e+06  -1.522092632022060e+06  3.172605609706271e+06  -2.760857435209563e+06  -1.710793796986733e+06  2.373861375134157e+05  2.120954118633275e-04  -5.876031530536952e-04  2.364869318139607e-03
  1.920000000000000e+01  -2.322908453228145e+06  -1.534049383180484e+06  3.176266434204444e+06  -2.765939916492154e+06  -1.719177344376036e+06  2.429891519743089e+05  1.515371175514675e-04  -4.351236945921745e-04  2.468784799207114e-03
  1.930000000000000e+01  -2.318008596618159e+06  -1.538510963425072e+06  3.168655050118928e+06  -2.767908902562173e+06  -1.726455270385281e+06  2.510925220678108e+05  3.994584045441699e-04  -5.921860465882258e-05  1.952805104496351e-03
  1.940000000000001e+01  -2.315628094075785e+06  -1.533422164539721e+06  3.151909210911017e+06  -2.764587486760528e+06  -1.729779451381175e+06  2.613382118430136e+05  1.010253093758301e-03  4.693769350717267e-04  1.222316406224900e-03
  1.950000000000001e+01  -2.316611270980460e+06  -1.521065883757391e+06  3.130572982791614e+06  -2.756276136980312e+06  -1.728828575920163e+06  2.721652297929139e+05  1.820451457192433e-03  9.739415817680324e-04  7.218174110324088e-04
  1.960000000000001e+01  -2.320388300814188e+06  -1.506480181960020e+06  3.110242563645885e+06  -2.745767753905200e+06  -1.725306572956386e+06  2.817226028265695e+05  2.540759719673743e-03  1.251142249205775e-03  7.104587247810933e-04
  1.970000000000001e+01  -2.325201666657062e+06  -1.494985092015142e+06  3.095699463384410e+06  -2.736726446743660e+06  -1.721239475715394e+06  2.891722020683013e+05  2.908842195955166e-03  1.187362442075757e-03  1.163686264886967e-03
  1.980000000000001e+01  -2.329173231895418e+06  -1.489940048948221e+06  3.089564398384028e+06  -2.731628317201778e+06  -1.717562638685521e+06  2.948526431460305e+05  2.794939360412104e-03  8.310009150926568e-04  1.834598375080766e-03
  1.990000000000001e+01  -2.331318652995858e+06  -1.491649383738682e+06  3.092135943662358e+06  -2.730687660541334e+06  -1.714066264792478e+06  2.992603465287545e+05  2.233181756484577e-03  3.613464603907698e-04  2.421396750711757e-03
