TITLE = "Temporal Signal for receiver number 02280"
VARIABLES = "Time","xx","yy","zz","xy","yz","xz","u","v","w"
# x1       3.582666310000e+05
# x2       4.734844280000e+06
# x3       -1.000000000000e+03
  0.000000000000000e+00  0.000000000000000e+00  0.000000000000000e+00  0.000000000000000e+00  0.000000000000000e+00  0.000000000000000e+00  0.000000000000000e+00  0.000000000000000e+00  0.000000000000000e+00  0.000000000000000e+00
  1.000000000000000e-01  0.000000000000000e+00  0.000000000000000e+00  0.000000000000000e+00  0.000000000000000e+00  0.000000000000000e+00  0.000000000000000e+00  0.000000000000000e+00  0.000000000000000e+00  0.000000000000000e+00
  2.000000000000000e-01  0.000000000000000e+00  0.000000000000000e+00  0.000000000000000e+00  0.000000000000000e+00  0.000000000000000e+00  0.000000000000000e+00  0.000000000000000e+00  0.000000000000000e+00  0.000000000000000e+00
  3.000000000000000e-01  -7.569198915220763e-24  -1.020784174355197e-23  -1.612927732945966e-23  -2.279995250064410e-24  -5.618958399177752e-24  -3.269516509633800e-24  7.955266807729682e-31  1.160384773467120e-30  1.980989530077801e-30
  4.000000000000000e-01  2.043151267578988e-13  1.042687409441088e-12  1.822965762531729e-12  5.975089597367395e-13  8.770158460174255e-13  7.724791412877446e-13  -5.682344678500414e-20  -1.474005309550310e-19  -2.287055815515558e-19
  5.000000000000000e-01  -5.716338390002402e-10  -6.831979908052341e-10  -7.685466969468539e-10  -1.820294382629316e-10  -2.820148253486247e-10  -2.552471840660071e-10  7.589169731153710e-17  7.536714440381471e-17  9.467917148746738e-17
  6.000000000000000e-01  1.491826344233550e-08  2.649336637515844e-08  3.390941618799517e-08  1.269966542648568e-08  1.868088590725774e-08  1.708776826438495e-08  -3.288938201505046e-15  -4.543110129185633e-15  -4.204434091354917e-15
  7.000000000000000e-01  5.442146150917449e-07  1.013248597380418e-06  1.114520068862356e-06  3.864663320602811e-07  6.108680019220426e-07  4.652488856068712e-07  -9.603100029624735e-14  -1.527201204325579e-13  -1.466531534650502e-13
  7.999999999999999e-01  6.017744086391449e-06  6.019680933381301e-06  5.306082659875198e-06  1.634999389364366e-06  1.908847714124738e-06  1.171143916164985e-06  -7.632368780591284e-13  -7.792057380589825e-13  -6.810251283489597e-13
  8.999999999999999e-01  -2.930309138375471e-05  -6.990233788106407e-05  -8.057693970377554e-05  -3.585837224564858e-05  -4.848436733640234e-05  -4.488458554344150e-05  6.258440004553283e-12  1.095759511443063e-11  1.066682521816132e-11
  9.999999999999999e-01  -5.923050708571590e-04  -5.122923477184818e-04  -2.962202443046615e-04  -2.688545794884622e-04  -9.648199813041660e-05  -2.007221326564166e-04  9.421868754671599e-11  7.718480509372043e-11  3.131067263740546e-11
  1.100000000000000e+00  2.180198724386460e-03  3.304616842980381e-03  3.229569217884075e-03  1.064034511037190e-03  1.393060235378787e-03  1.072164890791343e-03  -2.319982432681218e-10  -4.709394871221711e-10  -4.090446351404431e-10
  1.200000000000000e+00  -2.575909276890960e-03  -4.950039765255059e-03  -5.279963640985802e-03  -2.421875951567102e-03  -4.176430415880641e-03  -3.209549218113809e-03  4.804474311204255e-10  8.344948343596006e-10  1.100558428390522e-09
  1.300000000000000e+00  -1.666399673718928e-02  -1.141855645360540e-02  3.966692986276768e-03  -5.880210614813823e-03  7.132851067528701e-03  1.445757334528099e-03  2.019178534094480e-09  1.415642189378318e-09  -2.671339593360907e-09
  1.400000000000000e+00  2.712982302308604e-01  2.864729433776487e-01  3.165019558879076e-01  7.823144456775680e-02  9.015765618488919e-02  7.663694389649470e-02  -2.741057536352626e-08  -3.255219708621159e-08  -3.233087824529289e-08
  1.500000000000000e+00  -7.558735950800384e-01  -7.758309790173735e-01  -9.565123533227131e-01  -2.126542543779922e-01  -2.571207583842522e-01  -2.500727333116347e-01  7.600418819271547e-08  8.238041398199096e-08  1.032535924220812e-07
  1.600000000000000e+00  2.021226298426680e+00  1.974597987321037e+00  2.695867056175133e+00  6.255531984140882e-01  7.311148914743777e-01  8.280644314747394e-01  -2.205571418356997e-07  -2.020568324262448e-07  -3.014799763176149e-07
  1.700000000000000e+00  -4.798351459571878e+00  -4.937589200805955e+00  -6.942976505498065e+00  -1.531036935544738e+00  -2.043007648059626e+00  -2.201030295497124e+00  5.144197606967253e-07  5.118482032776879e-07  8.488054845442961e-07
  1.800000000000000e+00  4.901124648039517e+00  4.696206900254430e+00  8.326617326435029e+00  1.191494690109645e+00  2.121526517383848e+00  2.500853662977204e+00  -4.633274747446349e-07  -4.521334083598178e-07  -1.121952259443365e-06
  1.900000000000001e+00  6.055620621643099e-01  1.930120783404204e+00  1.025018422428626e+00  1.121392374567834e+00  5.669244999948242e-01  -7.564398211494212e-03  -9.158035706160491e-08  -3.325872272416741e-07  -4.419799539986160e-08
  2.000000000000000e+00  -4.269894330646229e+02  -4.716197462704021e+02  -5.924745533537405e+02  -1.495423472284517e+02  -2.173480359723924e+02  -1.878661241052540e+02  4.779690516283732e-05  5.554579589416206e-05  7.304241192155772e-05
  2.100000000000001e+00  -1.134564960309554e+03  -1.326775874040462e+03  -1.426876564744118e+03  -4.793883759704548e+02  -6.696873171878219e+02  -5.445478892109321e+02  1.407264183103668e-04  1.729509063362510e-04  1.773328213427433e-04
  2.200000000000001e+00  -1.402855176791668e+03  -1.820120304087875e+03  -1.534247278216389e+03  -7.567000315269155e+02  -1.011891257670402e+03  -7.565850041235072e+02  1.984488270008465e-04  2.641320572125829e-04  1.951880023719904e-04
  2.300000000000001e+00  -1.094484998412828e+03  -1.717913018907012e+03  -9.440394927184302e+02  -8.542609034171410e+02  -1.049162646268977e+03  -7.027198165296739e+02  1.854489078820995e-04  2.766939512970121e-04  1.272185404606847e-04
  2.400000000000001e+00  -1.166283551871822e+03  -1.993023234939031e+03  -1.060439451996283e+03  -1.045224408976928e+03  -1.197510725847563e+03  -7.749652424098424e+02  2.010892169009155e-04  3.131912988762914e-04  1.504991853887592e-04
  2.500000000000001e+00  -2.058278708388099e+03  -3.228409396663515e+03  -2.218161194016473e+03  -1.578093259825231e+03  -1.849481017983217e+03  -1.274333150060711e+03  3.205595092860940e-04  4.730204866611652e-04  3.046053300901362e-04
  2.600000000000001e+00  -3.976698708760076e+03  -5.825232488756408e+03  -4.486297966899385e+03  -2.673813924912243e+03  -3.259367984844247e+03  -2.344739344700291e+03  5.834643355457215e-04  8.262707509438370e-04  6.005506040432314e-04
  2.700000000000001e+00  -8.189163245236327e+03  -1.136849244092655e+04  -9.170196477227899e+03  -5.001824514908241e+03  -6.226912722687843e+03  -4.577074268750270e+03  1.159783169209136e-03  1.584130588860270e-03  1.241669400498025e-03
  2.800000000000001e+00  -2.096158453080352e+04  -2.661896728631552e+04  -2.363500772058920e+04  -1.115498903821498e+04  -1.410667575201246e+04  -1.098973344019223e+04  2.835147913184919e-03  3.595835819664166e-03  3.157488503922186e-03
  2.900000000000001e+00  -4.913646538722255e+04  -6.105906801143093e+04  -5.396158376176713e+04  -2.543148933154379e+04  -3.161534783203650e+04  -2.507727769263766e+04  6.592491793869780e-03  8.260370221665730e-03  7.058511243461255e-03
  3.000000000000001e+00  -9.727079332875997e+04  -1.216031927565251e+05  -1.005125581023351e+05  -5.229432049821703e+04  -6.159818016576952e+04  -4.897342206172629e+04  1.330278754769125e-02  1.672406407218106e-02  1.292154587120262e-02
  3.100000000000001e+00  -1.536352420046420e+05  -1.952928154349680e+05  -1.400535165192517e+05  -9.052591349637938e+04  -9.767112365797762e+04  -7.799461517627999e+04  2.208189959033991e-02  2.768082346075037e-02  1.810092103430272e-02
  3.200000000000002e+00  -2.115951638840722e+05  -2.711621656902124e+05  -1.648548361140148e+05  -1.372498624868204e+05  -1.324476068127150e+05  -1.078560717187716e+05  3.195609324393658e-02  3.937115522408890e-02  2.152970382267574e-02
  3.300000000000002e+00  -2.693654794696158e+05  -3.492961207195825e+05  -1.802771873060036e+05  -1.916307182505407e+05  -1.649675687957373e+05  -1.365973185882375e+05  4.223914537294798e-02  5.154771328703994e-02  2.374372472797533e-02
  3.400000000000002e+00  -3.068743612087989e+05  -4.026999034906122e+05  -1.691472522433874e+05  -2.425042670733286e+05  -1.936588078259486e+05  -1.634936818464771e+05  5.052579636342510e-02  6.081192824921546e-02  2.409659421226645e-02
  3.500000000000002e+00  -3.371629844149771e+05  -4.313741947523850e+05  -1.557678530040942e+05  -2.866490112059332e+05  -2.278498901931749e+05  -2.020261000723841e+05  5.796371064461558e-02  6.629353276849971e-02  2.775106303755290e-02
  3.600000000000002e+00  -3.783275749338649e+05  -4.695162120088477e+05  -1.549160194146978e+05  -3.366619836153213e+05  -2.811229489659972e+05  -2.552535284295916e+05  6.658868402824290e-02  7.297407785504430e-02  3.650498099825263e-02
  3.700000000000002e+00  -4.231860086020717e+05  -5.317186029047054e+05  -1.202413189388665e+05  -4.054634442697395e+05  -3.483613752666850e+05  -3.065716595040190e+05  7.638391240810886e-02  8.486903834008259e-02  4.266028209187345e-02
  3.800000000000002e+00  -5.107608479622641e+05  -6.135063660979666e+05  -7.725025386273040e+04  -4.971546892216683e+05  -4.151921203270094e+05  -3.727749953974849e+05  9.267189042348616e-02  9.908462626586710e-02  4.645435002829686e-02
  3.900000000000002e+00  -6.443964697195443e+05  -6.588160055169374e+05  -5.560504700347719e+04  -5.898676375037064e+05  -4.655093189692027e+05  -4.768655100538825e+05  1.166445452010288e-01  1.063308975498528e-01  5.349187099402387e-02
  4.000000000000002e+00  -7.881566113477555e+05  -6.468642172389412e+05  -7.312846682217483e+04  -6.576098493550866e+05  -5.012204399374413e+05  -6.028550854161941e+05  1.431739438400464e-01  1.052113501379253e-01  7.374648295939643e-02
  4.100000000000001e+00  -8.980061222165696e+05  -6.020361646331246e+05  -1.037927760009863e+05  -6.913314040500512e+05  -5.360554376036947e+05  -7.183576547830373e+05  1.647230572364045e-01  1.011357143457339e-01  1.046259503542221e-01
  4.200000000000001e+00  -9.565017727763258e+05  -5.419168782593762e+05  -1.183247122240692e+05  -6.940475261669867e+05  -5.913515308964974e+05  -8.237243836879212e+05  1.752196787795994e-01  9.549417181434482e-02  1.342433744303202e-01
  4.300000000000001e+00  -9.435376924483057e+05  -4.560238879141303e+05  -6.958913333084104e+04  -6.841404040604323e+05  -6.538466505504145e+05  -9.084078579865234e+05  1.725667258954940e-01  8.894445656895512e-02  1.475283771021950e-01
  4.400000000000000e+00  -8.941475724936795e+05  -4.174754414680648e+05  2.389633534472559e+04  -7.043135885025285e+05  -6.807694805202681e+05  -9.292497473066760e+05  1.636515632524783e-01  9.362195311610591e-02  1.401649558073814e-01
  4.500000000000000e+00  -8.530853856367586e+05  -4.576262159739386e+05  1.665826409330786e+05  -7.630421644615354e+05  -6.363755073697409e+05  -8.734645327009379e+05  1.594757592619787e-01  1.102363048119994e-01  1.140384972928969e-01
  4.600000000000000e+00  -7.636128891605965e+05  -4.917111163266670e+05  3.550113157336874e+05  -8.180762585647055e+05  -5.643372655928872e+05  -7.835484670796167e+05  1.536807458338901e-01  1.246608646467524e-01  8.688934497682055e-02
  4.699999999999999e+00  -6.050891071230404e+05  -4.708793164982176e+05  5.354371551540669e+05  -8.391065431532394e+05  -5.241757665526449e+05  -7.317080813346879e+05  1.392484811384939e-01  1.300857218702780e-01  8.060016401662945e-02
  4.799999999999999e+00  -4.040635825044215e+05  -4.148112037796415e+05  7.677012287100402e+05  -8.428940509508753e+05  -5.090610381990397e+05  -7.332653451733191e+05  1.189601984347524e-01  1.304952995136008e-01  9.068635042252589e-02
  4.899999999999999e+00  -2.149452953045507e+05  -3.793148846738029e+05  1.043830776875066e+06  -8.660215636227146e+05  -5.203504883946602e+05  -7.522577044552937e+05  1.019629964589589e-01  1.318076381878679e-01  1.120708249881015e-01
  4.999999999999998e+00  -6.562646995556538e+04  -3.279195483329082e+05  1.276725263000471e+06  -9.180617796124006e+05  -5.502721129462055e+05  -7.474433174424561e+05  9.760184528365871e-02  1.270530114527356e-01  1.317639477388897e-01
  5.099999999999998e+00  6.571023885639926e+04  -2.077810512810949e+05  1.375907361442245e+06  -9.610749938926187e+05  -5.551462984779398e+05  -6.707148902240350e+05  9.652028587572582e-02  1.074447055015847e-01  1.312790276819101e-01
  5.199999999999998e+00  1.678095408244222e+05  -4.361477252310448e+04  1.384493681518262e+06  -9.503167902692445e+05  -4.987558110992429e+05  -5.200494515989125e+05  9.203324449486366e-02  7.528533542765729e-02  1.073102875323433e-01
  5.299999999999997e+00  1.762734336253405e+05  7.637820941191912e+04  1.364104656132470e+06  -8.917493644821158e+05  -3.799328692691920e+05  -3.559236951169135e+05  9.326208832228479e-02  4.601101123059779e-02  6.406316603440486e-02
  5.399999999999997e+00  8.825111931269866e+04  8.299636839536115e+04  1.260239670423696e+06  -8.152909865169130e+05  -2.248287046495742e+05  -2.209585189093860e+05  9.460376718977316e-02  3.090765529201665e-02  1.617890487062865e-02
  5.499999999999996e+00  2.176013098889767e+04  3.382265355420866e+04  1.109564433130015e+06  -7.293417868003700e+05  -5.619524644581637e+04  -9.242382503417926e+04  8.372575633075899e-02  2.261836138316669e-02  -2.633519629038742e-02
  5.599999999999996e+00  9.279447896539174e+03  5.055295981289441e+02  9.512486747092153e+05  -6.448309508868842e+05  1.015084109956184e+05  2.955328090566041e+04  6.945303113650698e-02  1.312771305551077e-02  -5.759263140939395e-02
  5.699999999999996e+00  -1.165493728742733e+04  5.261603143192851e+01  7.837400254511075e+05  -5.890964713604873e+05  2.245681692282086e+05  1.146397842383274e+05  6.371655622707616e-02  1.047972451043669e-04  -7.701284715010291e-02
  5.799999999999995e+00  -4.914433329115628e+04  2.488088182504690e+04  6.847686312204989e+05  -5.796540630456127e+05  2.997144289232145e+05  1.667319907992193e+05  6.647364431351829e-02  -1.252957881304706e-02  -8.719126301461880e-02
  5.899999999999995e+00  -8.331747477555292e+04  1.573127549588110e+04  6.620854790815967e+05  -6.101408055405604e+05  3.266126637458994e+05  2.220551470366806e+05  6.869989191514861e-02  -1.492895142211091e-02  -9.661930720085070e-02
  5.999999999999995e+00  -1.109947416970323e+05  -3.335624003407395e+04  6.515114396880933e+05  -6.449614111007232e+05  3.245190920280067e+05  2.965649600391331e+05  6.404914183220627e-02  -1.134795869068077e-02  -1.185524510925021e-01
  6.099999999999994e+00  -1.264916902381252e+05  -5.887376216355367e+04  5.810636363778716e+05  -6.511221250010150e+05  3.248750908487274e+05  3.616796834974342e+05  5.378139972359144e-02  -1.647583000181593e-02  -1.452090878607478e-01
  6.199999999999994e+00  -6.500691700044968e+04  -3.099004471811858e+04  3.840812354651453e+05  -6.205342912943885e+05  3.405068498242478e+05  4.013402811132041e+05  3.103196356111471e-02  -3.222969849965828e-02  -1.523193024228567e-01
  6.299999999999994e+00  9.038182106128518e+04  4.406518476641194e+04  8.716150633068179e+04  -5.693183409982285e+05  3.491746598880136e+05  4.172748991881540e+05  -4.924211045511530e-03  -5.408668604044972e-02  -1.326606148755449e-01
  6.399999999999993e+00  2.174130876507505e+05  1.558611042554508e+05  -1.826344207546096e+05  -5.271471916052896e+05  3.295273561656345e+05  4.054330392778577e+05  -3.188750004725445e-02  -7.976565377533910e-02  -1.057582481838596e-01
  6.499999999999993e+00  2.180190981868887e+05  2.292454639279353e+05  -3.361706130033094e+05  -5.013979757738215e+05  2.887054035331980e+05  3.908041811953775e+05  -3.724581403046372e-02  -1.009589455082558e-01  -9.334114151156987e-02
  6.599999999999993e+00  1.434457175010320e+05  1.703413537596866e+05  -3.536009036925288e+05  -4.710971810846223e+05  2.417985436387080e+05  4.195340189527916e+05  -3.555772045548649e-02  -1.061825621106417e-01  -1.008000949261237e-01
  6.699999999999992e+00  8.407437716081594e+04  -1.289209644289023e+04  -2.674602103022692e+05  -4.241393872257749e+05  1.897236775971039e+05  4.896584529728507e+05  -4.187899154342112e-02  -9.263064739308692e-02  -1.180298120721761e-01
  6.799999999999992e+00  6.247021073521475e+04  -2.151358308536613e+05  -1.765799698169191e+05  -3.774391978836380e+05  1.335817565880175e+05  5.404433986818134e+05  -5.416670009400257e-02  -7.235845093929837e-02  -1.279535090822582e-01
  6.899999999999991e+00  5.777767848911216e+04  -3.387448518236424e+05  -1.724318472040916e+05  -3.523547982955961e+05  8.076431239197038e+04  5.305750372285291e+05  -6.345077082868890e-02  -6.035678256209783e-02  -1.224659250555673e-01
  6.999999999999991e+00  5.314659868328046e+04  -3.786418307160683e+05  -2.586689840733296e+05  -3.404699684950741e+05  2.879823500012914e+04  4.813611935323667e+05  -6.973507008171650e-02  -5.777419252922485e-02  -1.090259538756906e-01
  7.099999999999991e+00  4.571103858502878e+04  -3.803478146328653e+05  -3.362242381689753e+05  -3.241529153330834e+05  -3.375364750771593e+04  4.297061796107563e+05  -7.698129181187448e-02  -5.792275239794118e-02  -9.673395073925056e-02
  7.199999999999990e+00  1.665391375492512e+04  -3.773114792121341e+05  -3.085986684705204e+05  -3.183258560243917e+05  -1.079537972099131e+05  3.760188510635495e+05  -7.813081227314707e-02  -5.691471384511020e-02  -8.267001775893580e-02
  7.299999999999990e+00  -5.253911938861841e+04  -3.871348994494347e+05  -2.112416218969037e+05  -3.421072229896556e+05  -1.805541894621685e+05  3.003429395943042e+05  -6.698852363952458e-02  -5.436178096139428e-02  -5.970845227027981e-02
  7.399999999999990e+00  -1.218672082583531e+05  -3.910819881667980e+05  -1.265062056642053e+05  -3.720509347249785e+05  -2.360191863162847e+05  2.073113696481274e+05  -5.277538457394786e-02  -5.281871588177613e-02  -3.143197872683274e-02
  7.499999999999989e+00  -1.459899660895316e+05  -3.593677031579626e+05  -6.958308533662451e+04  -3.674523788041687e+05  -2.688622111315712e+05  1.113983573443007e+05  -4.731625835704218e-02  -5.528350437313483e-02  -7.802506790146288e-03
  7.599999999999989e+00  -1.397161983542467e+05  -3.115411797498574e+05  -2.988397645532017e+04  -3.212753716222668e+05  -2.821869426368405e+05  7.805519960111963e+03  -5.257117354688879e-02  -5.962002370469031e-02  5.791529958391534e-03
  7.699999999999989e+00  -1.300497028420205e+05  -2.729957446232652e+05  -9.331380636060711e+02  -2.579309634421537e+05  -2.893278148515817e+05  -1.066102457145963e+05  -6.543549370921191e-02  -6.128493573181917e-02  1.029929107550610e-02
  7.799999999999988e+00  -1.282724624607983e+05  -2.405893187779033e+05  1.711518087676162e+04  -2.039132430792763e+05  -3.148184578607681e+05  -2.199211170571255e+05  -7.987171775734027e-02  -5.885721557118052e-02  1.254994022288823e-02
  7.899999999999988e+00  -1.352054631286118e+05  -2.172586321651015e+05  1.668449609625559e+04  -1.753493443217598e+05  -3.655521649329553e+05  -3.158653917775927e+05  -8.852621022877391e-02  -5.386978401972258e-02  1.793891921123327e-02
  7.999999999999988e+00  -1.448293369673857e+05  -2.223517795890999e+05  3.015583445862215e+03  -1.813053201511808e+05  -4.200639530228679e+05  -3.827121791758866e+05  -8.826390698750894e-02  -4.662972435344727e-02  2.482066645818023e-02
  8.099999999999987e+00  -1.625427608866533e+05  -2.674306440857039e+05  -9.120068126898163e+03  -2.265020058740798e+05  -4.567488131642586e+05  -4.243558958832803e+05  -8.059524329950613e-02  -3.520625595401489e-02  3.164892143063686e-02
  8.199999999999987e+00  -2.040327554482323e+05  -3.357782005369685e+05  -1.947814620327182e+04  -3.009604228721590e+05  -4.681602024573316e+05  -4.579129288167446e+05  -6.857511311861771e-02  -2.034298507540689e-02  4.064723557130822e-02
  8.299999999999986e+00  -2.724293273584754e+05  -3.986607675884053e+05  -2.762683533628640e+04  -3.763337144575933e+05  -4.625993091260114e+05  -4.925096383792061e+05  -5.425582260697499e-02  -6.082298380504222e-03  5.175311295723910e-02
  8.399999999999986e+00  -3.527756305099534e+05  -4.457552884721089e+05  -1.780424558503097e+04  -4.312751209798320e+05  -4.598454934175095e+05  -5.209823342533880e+05  -3.797617672792453e-02  4.862037614228905e-03  6.108707252654965e-02
  8.499999999999986e+00  -4.207342512109293e+05  -4.749991618622213e+05  1.778716721259340e+04  -4.691260646400552e+05  -4.669982477562287e+05  -5.336363761596124e+05  -2.101677449075970e-02  1.126786656573811e-02  6.625368145595578e-02
  8.599999999999985e+00  -4.615342451742325e+05  -4.824649445459738e+05  7.177462175420421e+04  -5.017083276692468e+05  -4.694230270377278e+05  -5.329683117374938e+05  -5.770078469175973e-03  1.311740307020960e-02  6.844279679759725e-02
  8.699999999999985e+00  -4.813361607553666e+05  -4.832871878860465e+05  1.339661715509206e+05  -5.318848432086133e+05  -4.602533128782736e+05  -5.295894140399793e+05  6.203381248504908e-03  1.462529171787794e-02  7.036923516020116e-02
  8.799999999999985e+00  -4.799248425999202e+05  -4.928661578331621e+05  1.970664227367855e+05  -5.525346794540730e+05  -4.501104588716223e+05  -5.241546991256501e+05  1.264191146844759e-02  2.053021895019775e-02  7.283212941007433e-02
  8.899999999999984e+00  -4.454916787468550e+05  -4.993381410783922e+05  2.513093327566276e+05  -5.560438736271572e+05  -4.395427314639749e+05  -5.074989085649070e+05  1.159940636691819e-02  2.926098457190084e-02  7.385286461556813e-02
  8.999999999999984e+00  -3.826181359313412e+05  -4.830122278364159e+05  3.043160157496302e+05  -5.453365492261875e+05  -4.141385837183489e+05  -4.795526428542255e+05  4.863082115974276e-03  3.602928069233512e-02  7.143605552754473e-02
  9.099999999999984e+00  -3.174659234178446e+05  -4.508151836796204e+05  3.724479768322631e+05  -5.338855449509593e+05  -3.725234979726306e+05  -4.542552295574737e+05  -3.057275017477571e-03  4.043417103089568e-02  6.721953361779523e-02
  9.199999999999983e+00  -2.694354120696752e+05  -4.245147865965471e+05  4.465941623816583e+05  -5.331826547031784e+05  -3.306196518623173e+05  -4.412596102281589e+05  -8.635802624730472e-03  4.434919002094470e-02  6.456810521504579e-02
  9.299999999999983e+00  -2.381303073572384e+05  -4.079229382631569e+05  4.994845860132636e+05  -5.414312971470504e+05  -2.974526171341992e+05  -4.350179875643839e+05  -1.029807923720325e-02  4.648591726702463e-02  6.408013270249607e-02
  9.399999999999983e+00  -2.161145547601816e+05  -3.878159444318328e+05  5.238957388056360e+05  -5.485042871941086e+05  -2.688312805007423e+05  -4.241544278142179e+05  -7.927669181773607e-03  4.546783927667247e-02  6.283897278667568e-02
  9.499999999999982e+00  -2.015742753461667e+05  -3.589875809464713e+05  5.339753897034123e+05  -5.504542718253344e+05  -2.401418384783452e+05  -4.044330798938766e+05  -3.039263048389966e-03  4.337985211292941e-02  5.816747271081761e-02
  9.599999999999982e+00  -1.965844446033883e+05  -3.283537617457723e+05  5.376478711468271e+05  -5.514412958890122e+05  -2.099012976541681e+05  -3.820690586668209e+05  2.161431487045586e-03  4.209249549970739e-02  5.076638925670642e-02
  9.699999999999982e+00  -1.998709091024327e+05  -2.999941697626945e+05  5.362960705794295e+05  -5.539305229633289e+05  -1.773579443137842e+05  -3.656762473400212e+05  6.785579648572720e-03  4.059342291448615e-02  4.258379197741376e-02
  9.799999999999981e+00  -2.118932432342188e+05  -2.773006042059292e+05  5.306380532441764e+05  -5.563709009743652e+05  -1.471612724306983e+05  -3.572293639401008e+05  1.123838033255389e-02  3.799169672710289e-02  3.384484659450225e-02
  9.899999999999981e+00  -2.345186443719983e+05  -2.630724322852985e+05  5.169728547742176e+05  -5.597482280329984e+05  -1.306323284448515e+05  -3.536420386630567e+05  1.490903821784475e-02  3.504314214763064e-02  2.413289708819199e-02
  9.999999999999980e+00  -2.580035122480442e+05  -2.480298872060217e+05  4.948985920812318e+05  -5.675325546772126e+05  -1.351053101545945e+05  -3.499678622607494e+05  1.614032854333919e-02  3.203995045802473e-02  1.476858312802302e-02
  1.009999999999998e+01  -2.674828802300268e+05  -2.237421781009963e+05  4.704963596177805e+05  -5.779706970365865e+05  -1.516262527809507e+05  -3.370421336023040e+05  1.489041782935817e-02  2.781316322329213e-02  7.481917373405062e-03
  1.019999999999998e+01  -2.624589313734517e+05  -1.994690705530322e+05  4.458052931471539e+05  -5.837449146038260e+05  -1.584834711883427e+05  -3.072961992835667e+05  1.299689074609675e-02  2.134778115242143e-02  1.259046679615654e-03
  1.029999999999998e+01  -2.542397161360383e+05  -1.879870057091981e+05  4.164069469483179e+05  -5.792421665005108e+05  -1.440827071510440e+05  -2.674774221122807e+05  1.150215475261569e-02  1.350247688911551e-02  -6.361234468112294e-03
  1.039999999999998e+01  -2.489147088351133e+05  -1.878663831186046e+05  3.834680479922034e+05  -5.644579546752500e+05  -1.225321235678173e+05  -2.347387381518014e+05  9.619665861718380e-03  6.492108908030729e-03  -1.536884437684880e-02
  1.049999999999998e+01  -2.433015924317625e+05  -1.872726480796635e+05  3.573176567970677e+05  -5.447340325627566e+05  -1.158569391613373e+05  -2.163059682739169e+05  6.608709151748739e-03  1.890951033822549e-03  -2.316612736898910e-02
  1.059999999999998e+01  -2.362408321550532e+05  -1.816071475219745e+05  3.415050969522158e+05  -5.288245382690168e+05  -1.248154812096025e+05  -2.014328878248729e+05  3.315403147619635e-03  -8.864044562744124e-04  -2.762189613590993e-02
  1.069999999999998e+01  -2.346860339575573e+05  -1.838246975185060e+05  3.257702862918270e+05  -5.240369064254613e+05  -1.297814134408310e+05  -1.774868927917224e+05  1.214724942468383e-03  -3.720935631582167e-03  -2.918039176747678e-02
  1.079999999999998e+01  -2.427769152374565e+05  -2.054866489844442e+05  3.013146747373119e+05  -5.306598962520291e+05  -1.197474360241487e+05  -1.483973536585313e+05  6.571415883717861e-04  -7.187706991891004e-03  -3.012211880611063e-02
  1.089999999999998e+01  -2.529520325325289e+05  -2.335302547050673e+05  2.681276786176939e+05  -5.406348778684891e+05  -1.077276129779840e+05  -1.305475127815757e+05  7.559658201428854e-04  -1.042526702237189e-02  -3.149515059373365e-02
  1.099999999999998e+01  -2.546666743938641e+05  -2.445275831480027e+05  2.284980029062864e+05  -5.435208440722090e+05  -1.125359452641789e+05  -1.316903068305691e+05  6.549110565263040e-04  -1.339217197448653e-02  -3.170092796377456e-02
  1.109999999999998e+01  -2.458630453654103e+05  -2.359741667510735e+05  1.889088878280288e+05  -5.355554447261025e+05  -1.345900048098199e+05  -1.403751250733673e+05  1.776553672719932e-04  -1.680121593497968e-02  -2.950146526243824e-02
  1.119999999999998e+01  -2.323224762444671e+05  -2.279759464539424e+05  1.633685295060572e+05  -5.213985150713637e+05  -1.581101909709065e+05  -1.389946265524018e+05  -5.261016222471188e-04  -2.016341257014429e-02  -2.690590331789129e-02
  1.129999999999998e+01  -2.200134439340784e+05  -2.355672730834059e+05  1.609243274223774e+05  -5.076881412181041e+05  -1.733148398660189e+05  -1.245045948085705e+05  -1.158941328646897e-03  -2.202100549714891e-02  -2.666735028906661e-02
  1.139999999999998e+01  -2.095057197225675e+05  -2.502329922801582e+05  1.716102896924420e+05  -4.982255280682286e+05  -1.870338006905571e+05  -1.116775079367917e+05  -1.527563691769393e-03  -2.171003981302271e-02  -2.781229791195320e-02
  1.149999999999998e+01  -1.964126378658663e+05  -2.550242877383026e+05  1.750349282881836e+05  -4.943238689001635e+05  -2.086006772074872e+05  -1.152576774466788e+05  -2.272770453751694e-03  -1.988245968021327e-02  -2.602064373521317e-02
  1.159999999999997e+01  -1.783644891065907e+05  -2.514976705388322e+05  1.634204439795963e+05  -4.952332489900102e+05  -2.340868820847824e+05  -1.332670130118376e+05  -4.439251415755293e-03  -1.778789138578783e-02  -1.896440242225345e-02
  1.169999999999997e+01  -1.604964696810959e+05  -2.580849057978191e+05  1.466964747371399e+05  -4.974802294114535e+05  -2.517831930814124e+05  -1.513662808194256e+05  -7.708841574397827e-03  -1.627903604147983e-02  -9.870847969833554e-03
  1.179999999999997e+01  -1.513294347793347e+05  -2.821054518475863e+05  1.354976316211924e+05  -4.972824237552689e+05  -2.574093373979551e+05  -1.608226850745168e+05  -9.918543946344211e-03  -1.531459776658990e-02  -4.348906516127766e-03
  1.189999999999997e+01  -1.540701603016827e+05  -3.082800130327604e+05  1.309274173653326e+05  -4.952842994901545e+05  -2.564170434187950e+05  -1.656259694154797e+05  -9.005618158565312e-03  -1.438753539964956e-02  -4.311726019069929e-03
  1.199999999999997e+01  -1.642243496637416e+05  -3.198629550383901e+05  1.311636967612720e+05  -4.971648646139399e+05  -2.549499069918144e+05  -1.722439927983287e+05  -5.226011469102780e-03  -1.313349382158465e-02  -6.315390091333087e-03
  1.209999999999997e+01  -1.752208096203370e+05  -3.196092325612009e+05  1.369165144666334e+05  -5.076451084372961e+05  -2.551247783284045e+05  -1.800563697433281e+05  -1.126280602587129e-03  -1.125360248235933e-02  -5.722154739052322e-03
  1.219999999999997e+01  -1.845107577477842e+05  -3.224215631323773e+05  1.487336657537821e+05  -5.241471876100168e+05  -2.571221455616520e+05  -1.849565383306276e+05  6.804002100464750e-04  -8.380472817248371e-03  -1.537248244862328e-03
  1.229999999999997e+01  -1.945382518840698e+05  -3.344789346303232e+05  1.653275141267192e+05  -5.379300060492279e+05  -2.597218167600597e+05  -1.877156964370213e+05  -3.103818245944213e-04  -4.745174165070689e-03  3.109614693901770e-03
  1.239999999999997e+01  -2.101178563419693e+05  -3.478782896189765e+05  1.843213367865123e+05  -5.422698549424080e+05  -2.586474850542071e+05  -1.937159533164048e+05  -2.191066509914342e-03  -1.710909454607488e-03  4.756800777063575e-03
  1.249999999999997e+01  -2.336775227336469e+05  -3.513474073239570e+05  2.033994479132658e+05  -5.388877746261040e+05  -2.486757394565003e+05  -2.052882848237313e+05  -2.265267685190405e-03  -7.146350040334456e-04  3.075520151246282e-03
  1.259999999999997e+01  -2.602492750378463e+05  -3.398223418869468e+05  2.233299274167246e+05  -5.354759827640093e+05  -2.289629054495857e+05  -2.178141163362124e+05  6.908181344908150e-04  -1.529902162880393e-03  4.968092207718715e-04
  1.269999999999997e+01  -2.794734140607041e+05  -3.174871107764335e+05  2.467075889734103e+05  -5.369962601352392e+05  -2.047345604054063e+05  -2.230222605736520e+05  5.345967211184112e-03  -2.436719431486373e-03  -8.538710280408560e-04
  1.279999999999997e+01  -2.853201405292407e+05  -2.948690761132717e+05  2.702322061018675e+05  -5.405323514173202e+05  -1.832870726508342e+05  -2.150746683786793e+05  8.962402714458065e-03  -2.317481324367092e-03  -1.360968705308897e-03
  1.289999999999997e+01  -2.811219871382008e+05  -2.794713832199043e+05  2.834950818861553e+05  -5.393015940500333e+05  -1.691045460911633e+05  -1.958076936355993e+05  9.606212978095285e-03  -1.578180525668649e-03  -2.801467112082161e-03
  1.299999999999997e+01  -2.743055953458428e+05  -2.697166190358144e+05  2.797755324123254e+05  -5.305817223634191e+05  -1.620625349220538e+05  -1.751842102969703e+05  7.400946099395478e-03  -8.700563262099986e-04  -5.352513409549497e-03
  1.309999999999997e+01  -2.707654275376012e+05  -2.615214455091034e+05  2.646129886215999e+05  -5.187234355083411e+05  -1.590758765086318e+05  -1.642209685831234e+05  4.188273380598998e-03  -7.224442955657111e-05  -6.734255360382471e-03
  1.319999999999997e+01  -2.744036506319477e+05  -2.569700554977146e+05  2.499572972441856e+05  -5.111716549752887e+05  -1.579974630369322e+05  -1.655183985801903e+05  2.006095549277960e-03  1.087085001334353e-03  -4.788902396475349e-03
  1.329999999999997e+01  -2.853417824145387e+05  -2.606532806128785e+05  2.421037397137288e+05  -5.120588324707985e+05  -1.599067728166777e+05  -1.718162892896707e+05  1.276826701291772e-03  2.192681257373477e-03  -3.065962576338149e-04
  1.339999999999997e+01  -2.962778265657924e+05  -2.701563046860639e+05  2.378612994757422e+05  -5.189690486845708e+05  -1.664928807877488e+05  -1.748870004930224e+05  4.045274392101889e-04  2.556986812390811e-03  3.566733960908377e-03
  1.349999999999997e+01  -2.966135666882378e+05  -2.768742979104636e+05  2.304588798224425e+05  -5.253324626442852e+05  -1.759111584257339e+05  -1.737955844299511e+05  -2.275175921231890e-03  2.223401725651848e-03  4.576489849887534e-03
  1.359999999999997e+01  -2.842101770943654e+05  -2.769714042034266e+05  2.176148225459493e+05  -5.259514069822516e+05  -1.838329141714068e+05  -1.736404363433950e+05  -5.997149704479147e-03  1.984163737138301e-03  3.526140014380032e-03
  1.369999999999997e+01  -2.695577141428444e+05  -2.767951080723208e+05  2.044346900948657e+05  -5.206775637929151e+05  -1.893163831273555e+05  -1.786351341391293e+05  -7.699195319512832e-03  2.410462526539232e-03  3.321784089058520e-03
  1.379999999999997e+01  -2.641097455803562e+05  -2.843993970424174e+05  1.990637366204973e+05  -5.137709677456945e+05  -1.971553941321734e+05  -1.880895416304705e+05  -5.211845512337960e-03  3.297139621681601e-03  6.100618862154787e-03
  1.389999999999997e+01  -2.671484974511476e+05  -2.980379333634516e+05  2.046939868100635e+05  -5.103908314343301e+05  -2.119422833538620e+05  -1.980244263743536e+05  1.120556192023715e-04  4.107541992745035e-03  1.129609474085741e-02
  1.399999999999997e+01  -2.687271351368807e+05  -3.065559762290567e+05  2.152161944079878e+05  -5.128832009736298e+05  -2.306940707810013e+05  -2.051001576739842e+05  4.619692930483300e-03  4.520395441418049e-03  1.630482501264005e-02
  1.409999999999997e+01  -2.628260787795441e+05  -3.008111671877881e+05  2.210532180951722e+05  -5.193215942998934e+05  -2.438416049554212e+05  -2.090849883884529e+05  5.960468910090342e-03  4.525337703661625e-03  1.866477742658150e-02
  1.419999999999997e+01  -2.527696515123157e+05  -2.829432646029348e+05  2.209088734872343e+05  -5.257707391527334e+05  -2.441766976191038e+05  -2.124151299707777e+05  4.779648165944637e-03  4.344618169237098e-03  1.766371956382575e-02
  1.429999999999997e+01  -2.452701796596461e+05  -2.648291777364110e+05  2.246740453925098e+05  -5.302064340763853e+05  -2.336076160945969e+05  -2.174081965671071e+05  3.133172857250590e-03  4.311416371506677e-03  1.426633079947712e-02
  1.439999999999996e+01  -2.438611309861166e+05  -2.579756884240331e+05  2.413154772406890e+05  -5.336238622067434e+05  -2.206911529441968e+05  -2.240890506957952e+05  2.249679093014865e-03  4.585952758559116e-03  1.003950807862585e-02
  1.449999999999996e+01  -2.481746375516687e+05  -2.637218156143320e+05  2.661643931665269e+05  -5.369210351530254e+05  -2.128905179539493e+05  -2.311613738596256e+05  2.075334948614003e-03  4.770349713350823e-03  6.363272899410839e-03
  1.459999999999996e+01  -2.557101533357497e+05  -2.726492946041827e+05  2.846775134985162e+05  -5.380554117873124e+05  -2.119348953565701e+05  -2.378139783725593e+05  2.224685117636771e-03  3.982906708532031e-03  4.127189650288887e-03
  1.469999999999996e+01  -2.623735994780961e+05  -2.735920650515237e+05  2.881936346208873e+05  -5.338409318111103e+05  -2.148322659604416e+05  -2.433544524128191e+05  2.577519564697893e-03  1.698507646024898e-03  3.608664537568852e-03
  1.479999999999996e+01  -2.631547842860196e+05  -2.628375074293947e+05  2.823476845869049e+05  -5.240263753267482e+05  -2.174027374875353e+05  -2.457329262446604e+05  3.049688329234138e-03  -1.374007198414206e-03  4.359738911579822e-03
  1.489999999999996e+01  -2.554939078665051e+05  -2.458866633049999e+05  2.792780662963998e+05  -5.124529674349092e+05  -2.169979958969610e+05  -2.417539932485643e+05  3.438394944555015e-03  -3.407663462345624e-03  5.125500365311736e-03
  1.499999999999996e+01  -2.426338356906224e+05  -2.324580637193411e+05  2.847313889696785e+05  -5.042991947832836e+05  -2.134953790419977e+05  -2.298769265843662e+05  3.652571441926482e-03  -2.827307418205278e-03  4.389581432152266e-03
  1.509999999999996e+01  -2.317619391603635e+05  -2.296400386189025e+05  2.949926473735935e+05  -5.027775812030496e+05  -2.089290694147591e+05  -2.126259278002198e+05  3.739082635366868e-03  1.675553374279262e-04  1.609961691990133e-03
  1.519999999999996e+01  -2.278846820932601e+05  -2.377116267628044e+05  3.037537872826420e+05  -5.077225078541774e+05  -2.058636938714500e+05  -1.954653055443722e+05  3.555432272901665e-03  3.577789991984083e-03  -2.102349607532310e-03
  1.529999999999996e+01  -2.300996789071599e+05  -2.506133774283315e+05  3.080003710262072e+05  -5.156649527695729e+05  -2.049363603473227e+05  -1.832751940291327e+05  2.593762487448002e-03  5.254250836466527e-03  -4.914942646289009e-03
  1.539999999999996e+01  -2.340998299220222e+05  -2.603105981849765e+05  3.074898148457624e+05  -5.212677893470581e+05  -2.036247105735979e+05  -1.777138843016227e+05  4.026359319892647e-04  4.627855412433999e-03  -6.086093875999438e-03
  1.549999999999996e+01  -2.372525970830002e+05  -2.622342039247301e+05  3.022610164379450e+05  -5.201851600424029e+05  -1.982363950551353e+05  -1.771361120496466e+05  -2.714129452724277e-03  2.845774028224152e-03  -6.734051347218700e-03
  1.559999999999996e+01  -2.399329807977559e+05  -2.580873807909930e+05  2.925914960780004e+05  -5.118768103444318e+05  -1.878699350090081e+05  -1.781625994366743e+05  -5.604043422415200e-03  1.361633444808028e-03  -8.599282492757373e-03
  1.569999999999996e+01  -2.426291213934720e+05  -2.542252053383577e+05  2.795123513487926e+05  -5.001062205477314e+05  -1.762760419493001e+05  -1.777476635240113e+05  -7.064480949572184e-03  6.260558110437404e-04  -1.215649445420742e-02
  1.579999999999996e+01  -2.439671076335788e+05  -2.570069432382302e+05  2.632477354587236e+05  -4.904678089384581e+05  -1.695286682149926e+05  -1.756491510629641e+05  -6.786356628686565e-03  1.058960072528596e-04  -1.599020064739430e-02
  1.589999999999996e+01  -2.422090738811730e+05  -2.681391246556781e+05  2.419367717760475e+05  -4.871904620143051e+05  -1.715471547022423e+05  -1.753979960082245e+05  -5.564047414182116e-03  -6.931877254451157e-04  -1.789683099860973e-02
  1.599999999999996e+01  -2.376498610831931e+05  -2.834229811316695e+05  2.143636724973444e+05  -4.914720402924214e+05  -1.813979149230182e+05  -1.813885740584334e+05  -4.598305739892268e-03  -1.531153415289612e-03  -1.657449827742171e-02
  1.609999999999996e+01  -2.329011782403129e+05  -2.960991891828240e+05  1.847716427736801e+05  -5.013969976774023e+05  -1.940968504654070e+05  -1.940830521526172e+05  -4.508473113808672e-03  -1.781142816607826e-03  -1.243422172346930e-02
  1.619999999999996e+01  -2.310552409234716e+05  -3.020724121119608e+05  1.629382741696944e+05  -5.127603146631402e+05  -2.038777628690102e+05  -2.086875259139042e+05  -4.945171209544557e-03  -1.204244936942960e-03  -7.137891519963992e-03
  1.629999999999996e+01  -2.336465743137101e+05  -3.024147471776062e+05  1.575132364998642e+05  -5.206605044481353e+05  -2.075771900162468e+05  -2.192308477521609e+05  -5.047570592981664e-03  -2.263231613981913e-04  -2.648451516018985e-03
  1.639999999999996e+01  -2.394426281900519e+05  -3.008637639883350e+05  1.693189395776044e+05  -5.219133834636341e+05  -2.058946974655777e+05  -2.236197259815595e+05  -4.247891280437661e-03  4.953342531185003e-04  -4.153328956103345e-04
  1.649999999999996e+01  -2.446625027045525e+05  -2.998205666910869e+05  1.910226609391152e+05  -5.170328289917360e+05  -2.020518181752360e+05  -2.243035485960323e+05  -2.799514984746729e-03  6.356897873457685e-04  -8.835036193507125e-04
  1.659999999999997e+01  -2.458224795749657e+05  -2.998710175415868e+05  2.125686001197650e+05  -5.097766630430160e+05  -1.993557219038970e+05  -2.247684943296538e+05  -1.569250888303760e-03  2.850878514158452e-04  -3.375326059003943e-03
  1.669999999999997e+01  -2.433796536567920e+05  -3.019363532397774e+05  2.268349736290200e+05  -5.044545261751870e+05  -1.995468014475286e+05  -2.263323037649196e+05  -1.290025710455693e-03  -3.459728750605888e-04  -6.352610066158544e-03
  1.679999999999997e+01  -2.417199053126186e+05  -3.072724659878997e+05  2.317939510220512e+05  -5.034917797949418e+05  -2.026545888777176e+05  -2.280386488202268e+05  -1.982327625196203e-03  -1.137271799061038e-03  -8.131650373132203e-03
  1.689999999999997e+01  -2.447216113991355e+05  -3.144842120842907e+05  2.297445901786216e+05  -5.070464481019241e+05  -2.075618399394788e+05  -2.285947168486329e+05  -2.989933036740397e-03  -1.888352026442400e-03  -7.757839984179111e-03
  1.699999999999997e+01  -2.515400667131535e+05  -3.182475004261275e+05  2.252897545568760e+05  -5.138733047470857e+05  -2.127944953310330e+05  -2.277698898203670e+05  -3.476951529921655e-03  -2.085724174764545e-03  -5.427281641085684e-03
  1.709999999999997e+01  -2.575675805081502e+05  -3.135242369111006e+05  2.226761806014707e+05  -5.217381498680918e+05  -2.173104124446477e+05  -2.263774523110877e+05  -2.857349235447447e-03  -1.224295052117065e-03  -2.227222154387536e-03
  1.719999999999997e+01  -2.593651541852705e+05  -3.015439185635716e+05  2.236714140090997e+05  -5.276024211351291e+05  -2.208064804426138e+05  -2.253735673669231e+05  -9.520406872631352e-04  5.476725373070830e-04  5.910434540234921e-04
  1.729999999999998e+01  -2.575821403344198e+05  -2.902969559215162e+05  2.271744852855398e+05  -5.288546162113263e+05  -2.232718955020303e+05  -2.249660667126141e+05  1.925406604804745e-03  2.269860784304297e-03  2.216038681150969e-03
  1.739999999999998e+01  -2.551788446768475e+05  -2.879919026271421e+05  2.308052012355351e+05  -5.253457534369018e+05  -2.244131788420542e+05  -2.242838410698753e+05  4.921610439194968e-03  2.883810113757571e-03  2.553335192532113e-03
  1.749999999999998e+01  -2.535146640701170e+05  -2.955628743677059e+05  2.330568976705101e+05  -5.199046349624811e+05  -2.237674748745000e+05  -2.220636757764500e+05  6.857961786959055e-03  2.100985189012930e-03  2.156804783440648e-03
  1.759999999999998e+01  -2.510049586285949e+05  -3.057496934750258e+05  2.340373137782371e+05  -5.163165051342740e+05  -2.213009163830064e+05  -2.180675333312074e+05  6.827638036164621e-03  6.257657641244243e-04  1.855509099002507e-03
  1.769999999999998e+01  -2.454622216988720e+05  -3.094018018060847e+05  2.343394071251124e+05  -5.163744052219565e+05  -2.176129386329651e+05  -2.137549358600843e+05  4.823215471481554e-03  -4.381338067085736e-04  2.248027633440930e-03
  1.779999999999998e+01  -2.368693406881989e+05  -3.025890728178810e+05  2.338654645962171e+05  -5.187876394397329e+05  -2.134342579908232e+05  -2.110454526607712e+05  1.878541154689758e-03  -4.409024799925058e-04  3.352838657059623e-03
  1.789999999999998e+01  -2.277197716603459e+05  -2.886432934053599e+05  2.319757503712696e+05  -5.209979013228802e+05  -2.090425445792225e+05  -2.102155160302650e+05  -4.991856628365986e-04  3.871565428053808e-04  4.644096916270008e-03
  1.799999999999999e+01  -2.212005239269254e+05  -2.745662659300620e+05  2.285007387674193e+05  -5.218278494036826e+05  -2.043066000290831e+05  -2.093260098551368e+05  -1.285411012836077e-03  1.167609780656646e-03  5.441367017867413e-03
  1.809999999999999e+01  -2.194461202430998e+05  -2.658491830867871e+05  2.241979773115595e+05  -5.223711017848594e+05  -1.991486987300882e+05  -2.060056998849272e+05  -5.496148728154672e-04  1.113930504720758e-03  5.329518651480304e-03
  1.819999999999999e+01  -2.229738420544731e+05  -2.637959793619132e+05  2.204171287883982e+05  -5.245308142003843e+05  -1.939856854657358e+05  -1.995673445444058e+05  7.469538855301632e-04  1.769806582292278e-04  4.378438319632577e-03
  1.829999999999999e+01  -2.306205746536283e+05  -2.661926809046584e+05  2.187505592960740e+05  -5.287453664844625e+05  -1.898808576423451e+05  -1.912265465475664e+05  1.568180599445423e-03  -1.012240238151636e-03  3.103196851796161e-03
  1.839999999999999e+01  -2.398578213949765e+05  -2.700573002646014e+05  2.205086603857333e+05  -5.331904523303093e+05  -1.882677705397288e+05  -1.827566999685541e+05  1.550708566055393e-03  -1.801245752880507e-03  2.196083383188390e-03
  1.849999999999999e+01  -2.478158692064403e+05  -2.740276192426939e+05  2.256660847044661e+05  -5.351089162211682e+05  -1.901909026785702e+05  -1.753025370802537e+05  1.079039184374034e-03  -2.080481005634079e-03  2.132377043508934e-03
  1.859999999999999e+01  -2.526087676087197e+05  -2.783242433295478e+05  2.322039572635994e+05  -5.329542049661811e+05  -1.954174142674066e+05  -1.694338490218633e+05  7.412594649667585e-04  -2.237684254846981e-03  2.877529150785696e-03
  1.870000000000000e+01  -2.539759387149408e+05  -2.828000750024504e+05  2.370427487589681e+05  -5.276580565545758e+05  -2.022275851808665e+05  -1.658280334618004e+05  7.511892801191657e-04  -2.646803389976749e-03  3.888261985412681e-03
  1.880000000000000e+01  -2.526704629567536e+05  -2.854250611893263e+05  2.382813862426213e+05  -5.220123365051613e+05  -2.083478173548797e+05  -1.653927742760016e+05  8.664695019188061e-04  -3.270414014504215e-03  4.479120699230908e-03
  1.890000000000000e+01  -2.494768122164307e+05  -2.834158953206707e+05  2.366697613307798e+05  -5.186847957219830e+05  -2.121911717810421e+05  -1.686551426640300e+05  7.753460693765194e-04  -3.764569150497327e-03  4.318967885261414e-03
  1.900000000000000e+01  -2.449378686514780e+05  -2.762066991631952e+05  2.349777308399272e+05  -5.184981671063418e+05  -2.133636784334947e+05  -1.750452142540078e+05  5.117534855958175e-04  -3.854779101171522e-03  3.683851456356078e-03
  1.910000000000000e+01  -2.398074866066474e+05  -2.667914706585921e+05  2.358617584631758e+05  -5.201770904401325e+05  -2.121523271533159e+05  -1.829058015886479e+05  4.505126744092266e-04  -3.529641852142382e-03  3.253562697993330e-03
  1.920000000000000e+01  -2.353567248121612e+05  -2.597163055637338e+05  2.401279969858777e+05  -5.216376685581690e+05  -2.088602292303877e+05  -1.902199471302369e+05  8.987306739433503e-04  -2.930390810931068e-03  3.588451475077534e-03
  1.930000000000000e+01  -2.329728142418234e+05  -2.577787198018339e+05  2.464572483183169e+05  -5.215954093440661e+05  -2.039455484274929e+05  -1.952710645894551e+05  1.772866401602056e-03  -2.116722513377819e-03  4.717796642824954e-03
  1.940000000000001e+01  -2.334540049079637e+05  -2.607602320001076e+05  2.524294472940750e+05  -5.202272338700707e+05  -1.986451871000508e+05  -1.969118213827301e+05  2.715236549620761e-03  -1.043366081674744e-03  6.141642057473962e-03
  1.950000000000001e+01  -2.366621284783491e+05  -2.669076703924438e+05  2.562155993847178e+05  -5.186606434652797e+05  -1.949523509707339e+05  -1.947380409983810e+05  3.496553309720530e-03  2.329211302205567e-04  7.166607425065804e-03
  1.960000000000001e+01  -2.416779191079329e+05  -2.747463455065882e+05  2.575109806841537e+05  -5.178997723978692e+05  -1.944885983219484e+05  -1.894856058374763e+05  4.215947002999833e-03  1.417783964462695e-03  7.302245674556620e-03
  1.970000000000001e+01  -2.471691067321895e+05  -2.831568767642150e+05  2.571468519078544e+05  -5.180992277902522e+05  -1.972302395789008e+05  -1.832156407830224e+05  5.031426606192426e-03  2.075712516810406e-03  6.438070330508958e-03
  1.980000000000001e+01  -2.516285207211845e+05  -2.903987919419587e+05  2.561265228027146e+05  -5.185575335851337e+05  -2.015998789887958e+05  -1.787255941786624e+05  5.760853071698798e-03  1.890701320312205e-03  4.837174565164970e-03
  1.990000000000001e+01  -2.536591545935606e+05  -2.941804133429428e+05  2.550666897280963e+05  -5.182303306150784e+05  -2.057939830603797e+05  -1.783307407430815e+05  5.833230486447144e-03  8.669089266394118e-04  3.010676038170346e-03
