TITLE = "Temporal Signal for receiver number 02504"
VARIABLES = "Time","xx","yy","zz","xy","yz","xz","u","v","w"
# x1       3.614256960000e+05
# x2       4.736351070000e+06
# x3       -4.500000000000e+03
  0.000000000000000e+00  0.000000000000000e+00  0.000000000000000e+00  0.000000000000000e+00  0.000000000000000e+00  0.000000000000000e+00  0.000000000000000e+00  0.000000000000000e+00  0.000000000000000e+00  0.000000000000000e+00
  1.000000000000000e-01  0.000000000000000e+00  0.000000000000000e+00  0.000000000000000e+00  0.000000000000000e+00  0.000000000000000e+00  0.000000000000000e+00  0.000000000000000e+00  0.000000000000000e+00  0.000000000000000e+00
  2.000000000000000e-01  0.000000000000000e+00  0.000000000000000e+00  0.000000000000000e+00  0.000000000000000e+00  0.000000000000000e+00  0.000000000000000e+00  0.000000000000000e+00  0.000000000000000e+00  0.000000000000000e+00
  3.000000000000000e-01  0.000000000000000e+00  0.000000000000000e+00  0.000000000000000e+00  0.000000000000000e+00  0.000000000000000e+00  0.000000000000000e+00  0.000000000000000e+00  0.000000000000000e+00  0.000000000000000e+00
  4.000000000000000e-01  -2.407718567750618e-17  -7.081846903173472e-17  -1.432478096205132e-17  -1.035573169676702e-17  9.085302913407130e-18  4.776184884739769e-18  1.695421248607543e-24  5.901642968545627e-24  -4.671785374396677e-25
  5.000000000000000e-01  -1.202500473746002e-13  -2.302741334952566e-13  -1.017582426020052e-13  -5.877854409837301e-14  2.458427393000068e-14  2.330270162447360e-14  1.185789701255195e-20  1.959800390111847e-20  -2.744358047861633e-21
  6.000000000000000e-01  7.102389007947232e-12  2.125787275539525e-11  -1.118598106671146e-12  7.556485561855774e-12  -1.188930396825486e-11  -7.192873516008034e-12  -6.080366503426864e-19  -1.294221650913025e-18  1.569797232174643e-18
  7.000000000000000e-01  1.619607346498529e-10  3.711358470848537e-10  -4.233235172858455e-11  2.206330001804527e-10  5.234518794970791e-10  1.917743302880949e-10  -9.102090007616184e-17  -3.767887822373486e-17  -7.835194205073584e-17
  7.999999999999999e-01  7.418409008560926e-09  -4.142794888175681e-10  -5.199013383781177e-09  6.809674206538641e-09  7.453707935062459e-10  1.204768549699947e-09  -1.230116960989238e-15  -4.911446413173202e-17  -2.617834720489588e-17
  8.999999999999999e-01  2.291450897260927e-08  1.062599335656052e-07  -3.727244347732787e-09  5.710701680348929e-08  1.161511854750218e-08  -3.531284281254829e-08  -2.626493759467199e-15  -9.183681144140152e-15  2.779448509966386e-15
  9.999999999999999e-01  1.091542818994929e-06  1.862459475650575e-06  1.246126560476082e-06  4.235664986652190e-07  8.011700201542071e-08  1.324268356450882e-07  -5.632464439889381e-14  -1.669365473756140e-13  -2.269056194431683e-14
  1.100000000000000e+00  6.403150019366603e-06  9.998388884239104e-06  8.621159357925308e-06  2.793353199610220e-06  5.603996296475883e-08  7.407993979338640e-07  -3.434574321895834e-13  -9.832904317027039e-13  -3.093702243659092e-13
  1.200000000000000e+00  -4.461350249983462e-05  -4.125560820271915e-05  -1.053791269322862e-05  3.848572187147812e-06  -6.518199839999560e-06  -1.291996240325721e-05  -6.030616022000516e-14  2.488214142903006e-12  -5.171981881504229e-13
  1.300000000000000e+00  -6.742070394471818e-04  -6.197376733367310e-04  -3.696402050332943e-04  -2.325039828022152e-04  -5.373822289906660e-05  -2.163752097912110e-04  4.964104023072456e-11  5.052996513921324e-11  1.688182059226247e-11
  1.400000000000000e+00  -3.066105761161241e-03  -2.263014786868022e-03  -1.791043139716809e-03  -1.295137076270166e-03  -2.549012072764957e-04  -1.516206710814458e-03  3.506631798798733e-10  1.926567098391231e-10  1.178773014948814e-10
  1.500000000000000e+00  4.409437534966338e-03  8.648558648910735e-03  3.329621341405733e-03  3.291868937391852e-03  4.054679439694874e-04  -1.409240267979037e-03  -1.927240931528859e-10  -6.864720158054565e-10  2.507363901562298e-10
  1.600000000000000e+00  1.562132723008855e-03  5.530403937840728e-03  6.492459092282158e-03  -2.200686086141389e-03  1.063493996426574e-02  5.452740909424409e-03  3.124003040933811e-10  -7.863236839199495e-10  -1.594470043244223e-09
  1.700000000000000e+00  1.566466076528068e-03  1.151738016555988e-02  -8.741628200392594e-04  9.107763693239642e-03  -3.176897597546814e-02  -2.807498069237587e-02  2.554609912774770e-10  -2.242012666777942e-10  5.506469437358883e-09
  1.800000000000000e+00  -2.280870345085225e-02  -4.397560875620712e-02  -3.595448024975813e-02  -1.043714538874030e-02  9.813773247128245e-02  1.092845709611460e-01  -1.664757091649802e-09  1.095034584327237e-09  -1.846222162685599e-08
  1.900000000000001e+00  -1.716357650370244e-01  -2.368837563041570e-01  -1.586504222820604e-01  -4.632862486473020e-02  -3.632689784154453e-01  -3.486519730961263e-01  2.456638945664183e-08  3.416350245368036e-08  6.760838066599028e-08
  2.000000000000000e+00  1.367667895310940e+00  1.447318407511762e+00  1.071769865850001e+00  4.624510444668532e-01  1.228062517614139e+00  1.285846979781045e+00  -1.389238266130761e-07  -1.690292268230413e-07  -2.076196594544761e-07
  2.100000000000001e+00  -4.594944423215000e+00  -4.436044721055906e+00  -3.526912103366163e+00  -1.644318135832832e+00  -3.737878363614197e+00  -3.827187793672948e+00  4.493613904196611e-07  5.119334571392946e-07  6.079150013296005e-07
  2.200000000000001e+00  -8.788428704141209e+01  -8.256977787501771e+01  -5.469798111436397e+01  -4.040149002080635e+01  -2.926031232627716e+01  -3.007289310692236e+01  8.297573221724185e-06  7.973036827248987e-06  3.798526383641396e-06
  2.300000000000001e+00  -3.893899188499329e+02  -3.797458838560524e+02  -2.191103726509355e+02  -1.953291204277085e+02  -1.478655473603116e+02  -1.491961820297392e+02  3.785066624375374e-05  3.701572206170031e-05  1.721655030970330e-05
  2.400000000000001e+00  -8.075396409067566e+02  -7.914623205454567e+02  -3.704686061134640e+02  -4.487154018916440e+02  -2.545290072382706e+02  -2.553214541761797e+02  7.952245246842869e-05  7.787837660264959e-05  2.381141879882677e-05
  2.500000000000001e+00  -1.109426936637199e+03  -1.113081873288973e+03  -4.256004511592795e+02  -6.810404640075967e+02  -2.056893898015057e+02  -1.779403296718675e+02  1.086240773219862e-04  1.100120352354377e-04  6.267808485745721e-06
  2.600000000000001e+00  -1.157300510506683e+03  -1.206471391363137e+03  -4.053133042139291e+02  -7.954707471771391e+02  -2.097549475176159e+01  4.189664394121763e+01  1.135352684470408e-04  1.204622007385384e-04  -2.575809021129951e-05
  2.700000000000001e+00  -1.148961025788687e+03  -1.273081792638955e+03  -3.621167054396185e+02  -9.022884052823146e+02  5.309499993847304e+01  1.342021016127443e+02  1.158039424842530e-04  1.297900680117850e-04  -3.646143038522312e-05
  2.800000000000001e+00  -1.588243882098691e+03  -1.761578202486430e+03  -4.475433606433965e+02  -1.267187374734719e+03  -1.466275123988680e+02  -6.767408842828671e+01  1.642424202214410e-04  1.803474187285634e-04  -1.179946528733102e-05
  2.900000000000001e+00  -2.958599517801670e+03  -3.113213540770055e+03  -9.521111179360101e+02  -2.119546301352807e+03  -4.914596439800413e+02  -4.120411638534861e+02  3.009575856877631e-04  3.145836140052932e-04  1.887371541484838e-05
  3.000000000000001e+00  -6.086299904301185e+03  -6.139300498101881e+03  -2.394496462340538e+03  -3.906784884979767e+03  -1.144051578416682e+03  -1.052529229345177e+03  6.070632303418966e-04  6.136358174627899e-04  6.987428316920234e-05
  3.100000000000001e+00  -1.331322918731510e+04  -1.294377655187141e+04  -5.859164299983602e+03  -7.874828885582276e+03  -2.723868178047803e+03  -2.712444846046146e+03  1.309969025239121e-03  1.277622467345504e-03  2.122917408778275e-04
  3.200000000000002e+00  -2.772329959909521e+04  -2.631310315338071e+04  -1.227341176831660e+04  -1.586169804062523e+04  -5.944792531746518e+03  -6.085930843416021e+03  2.718268931560620e-03  2.592735744370524e-03  4.866142662739365e-04
  3.300000000000002e+00  -5.172382672392812e+04  -4.847831396957600e+04  -2.232366333429873e+04  -2.955929087107097e+04  -9.872561388643384e+03  -1.019127094820254e+04  5.061351312409714e-03  4.776970490030922e-03  7.019728174212938e-04
  3.400000000000002e+00  -8.524007911557352e+04  -7.900478954771653e+04  -3.498347716566612e+04  -4.941683736223285e+04  -1.202957267879668e+04  -1.228362841148817e+04  8.326289141721099e-03  7.803025139689044e-03  4.645671210763142e-04
  3.500000000000002e+00  -1.258769058072656e+05  -1.157112546991764e+05  -4.929917395007054e+04  -7.476536679717309e+04  -1.034357515227883e+04  -1.019981619540426e+04  1.226180556705913e-02  1.145234990246549e-02  -4.096708663878511e-04
  3.600000000000002e+00  -1.696092676464286e+05  -1.543486537292454e+05  -6.384382281750863e+04  -1.036541219999273e+05  -6.140727481659680e+03  -5.514490791960974e+03  1.650535886021284e-02  1.534128030677379e-02  -1.529371843642490e-03
  3.700000000000002e+00  -2.202282874513134e+05  -1.977770701688950e+05  -7.997139594331944e+04  -1.376348998698324e+05  -2.054131499967833e+03  -1.279333729802273e+03  2.146964840326822e-02  1.976774102565368e-02  -2.505838589817238e-03
  3.800000000000002e+00  -2.826160129600973e+05  -2.501506571401854e+05  -9.693950228378647e+04  -1.803249732208447e+05  2.959259194107986e+03  3.851180758228800e+03  2.767497023219451e-02  2.520806832969173e-02  -3.799270656497442e-03
  3.900000000000002e+00  -3.567222874483131e+05  -3.117206521085539e+05  -1.122911607744696e+05  -2.326030954255946e+05  1.208703452549664e+04  1.345198192103416e+04  3.506248321334151e-02  3.170404546008861e-02  -5.888879633846205e-03
  4.000000000000002e+00  -4.384182825377945e+05  -3.747731799319998e+05  -1.203761837307215e+05  -2.917671032076949e+05  2.610344519458575e+04  2.863218480757736e+04  4.324664635000326e-02  3.854665096728500e-02  -8.735948952713771e-03
  4.100000000000001e+00  -5.192647829674801e+05  -4.335957851664302e+05  -1.164881083851907e+05  -3.554318825124239e+05  4.453361815887374e+04  4.955923589912891e+04  5.131390719213711e-02  4.518152100359277e-02  -1.219481797327365e-02
  4.200000000000001e+00  -6.088813552618931e+05  -4.970096958339275e+05  -1.054247220150223e+05  -4.274105904630441e+05  6.619880622700002e+04  7.387684140088459e+04  6.028972648642080e-02  5.243498793290066e-02  -1.603718232839468e-02
  4.300000000000001e+00  -7.174949182761457e+05  -5.723740704537182e+05  -8.989370301687837e+04  -5.126977444322573e+05  8.937643440072167e+04  1.002239657633796e+05  7.104959395849951e-02  6.100008726785620e-02  -2.026077917101398e-02
  4.400000000000000e+00  -8.443014486698983e+05  -6.521264402967941e+05  -6.566569382766559e+04  -6.091949174783222e+05  1.150640918325403e+05  1.271754146995300e+05  8.315124922972578e-02  6.981441222858691e-02  -2.422731155251416e-02
  4.500000000000000e+00  -9.782188430020440e+05  -7.207363562519196e+05  -3.118981642890236e+04  -7.100001191941914e+05  1.339246623061230e+05  1.446910906918097e+05  9.582386651588407e-02  7.745872830027561e-02  -2.602535127540218e-02
  4.600000000000000e+00  -9.799869930439359e+05  -6.890251751165178e+05  6.729638685936609e+04  -7.604817936328788e+05  1.704203700068750e+05  1.980615628061765e+05  9.458645917175289e-02  7.558826907440858e-02  -2.981231064736206e-02
  4.699999999999999e+00  -9.328305409771351e+05  -6.299674076429970e+05  1.562427720065867e+05  -7.850467041388096e+05  1.985289385073990e+05  2.437655903909918e+05  8.836943410700875e-02  7.066154985759375e-02  -3.119361716378288e-02
  4.799999999999999e+00  -8.912834806125562e+05  -5.733770145916761e+05  2.116218424653898e+05  -8.105123707383962e+05  1.996722154048298e+05  2.520942933725057e+05  8.303373911130814e-02  6.544287637660440e-02  -2.749190815358574e-02
  4.899999999999999e+00  -8.322287521798082e+05  -5.056419037013935e+05  2.755672310896077e+05  -8.252598275522123e+05  1.632383082513491e+05  2.116577094740293e+05  7.618144424655894e-02  5.904717454564312e-02  -1.583301594311436e-02
  4.999999999999998e+00  -8.025034429436564e+05  -4.339364376171133e+05  3.478901002155829e+05  -8.282243785759936e+05  1.118264391048679e+05  1.527569023587675e+05  7.218630341907326e-02  5.130013142278606e-02  -1.819341940282838e-03
  5.099999999999998e+00  -7.624194478343732e+05  -3.652560964676904e+05  4.043754288180727e+05  -8.149736184926662e+05  8.071919509203717e+04  1.222231400087241e+05  6.607568636187566e-02  4.319281535047943e-02  7.574715510256977e-03
  5.199999999999998e+00  -7.287432151845152e+05  -3.375594069698072e+05  4.171911966560105e+05  -8.069466568138639e+05  8.461061552164298e+04  1.119584330393255e+05  6.068261103677165e-02  3.838107833458402e-02  1.103812919543177e-02
  5.299999999999997e+00  -7.417010330767798e+05  -3.530019038855339e+05  3.795755635148768e+05  -8.147086070859840e+05  1.028653621772609e+05  9.196586213031177e+04  5.966803365056104e-02  3.700061735782881e-02  1.481678040996032e-02
  5.399999999999997e+00  -7.766213940186984e+05  -3.813514204691922e+05  3.249130511489830e+05  -8.294985772033728e+05  1.051244220541813e+05  5.057822744543778e+04  5.989604241594696e-02  3.610251154667762e-02  2.148059228565591e-02
  5.499999999999996e+00  -7.869327512662240e+05  -3.813953492619655e+05  2.639757349881016e+05  -8.256147349666890e+05  9.525150609618019e+04  -1.124359539904319e+04  5.816532965255847e-02  3.185725867572140e-02  3.208259498018695e-02
  5.599999999999996e+00  -7.402485812950772e+05  -3.411696401968053e+05  2.242779004522294e+05  -7.980148950895986e+05  7.256292181963145e+04  -9.827727664634325e+04  5.316490199392529e-02  2.467684424273578e-02  4.768428412949816e-02
  5.699999999999996e+00  -6.934632997078184e+05  -3.117438082555592e+05  2.224544199192977e+05  -7.759234165514078e+05  3.771142118428073e+04  -1.977923486566642e+05  4.879848777720112e-02  1.976085169124552e-02  6.597584599844943e-02
  5.799999999999995e+00  -6.258829818817861e+05  -2.859982914173285e+05  2.122339531794872e+05  -7.493349189385037e+05  3.129188726188118e+03  -3.129706414751513e+05  4.227353799070665e-02  1.437763552015251e-02  8.856594103388150e-02
  5.899999999999995e+00  -4.489323099988306e+05  -2.238872493591187e+05  1.477210387908624e+05  -6.844012397559059e+05  -5.024185276496552e+04  -4.700843346594037e+05  2.798169561092574e-02  4.962157975270691e-03  1.143963421499006e-01
  5.999999999999995e+00  -2.218543107654981e+05  -1.316837830628877e+05  1.151051669947118e+05  -5.932668789569816e+05  -9.665199554212412e+04  -5.877018128831788e+05  1.146814836931231e-02  -6.227656059854586e-03  1.249192173940618e-01
  6.099999999999994e+00  -1.371817104692355e+05  -7.745374873586788e+04  1.736473631732315e+05  -5.325223987928026e+05  -7.964863136769285e+04  -5.357465726108867e+05  6.142068956818558e-03  -1.407823862778971e-02  1.072268615054665e-01
  6.199999999999994e+00  -1.833857609735747e+05  -5.585438725106004e+04  2.502227732964244e+05  -5.032165736384588e+05  -2.372075578602975e+04  -3.298459933655797e+05  9.557464436514146e-03  -1.966532493947902e-02  7.570760858708220e-02
  6.299999999999994e+00  -2.400633763979464e+05  -7.533788691100774e+04  2.136483000322078e+05  -4.815612363703566e+05  -4.717284129956349e+02  -1.269605379717766e+05  1.303963522108168e-02  -2.151459939540966e-02  5.429020027164193e-02
  6.399999999999993e+00  -2.829449689171284e+05  -1.287257496403712e+05  1.025169951931370e+05  -4.812362563337533e+05  -2.253133628950064e+04  -3.850812662282878e+04  1.746633789613296e-02  -1.802031339471446e-02  5.133156957368155e-02
  6.499999999999993e+00  -3.217534689955105e+05  -1.559189676133220e+05  4.724463479026411e+04  -5.080993245980537e+05  -7.298927526749430e+04  -2.993089106244190e+04  2.315402432118896e-02  -1.266795727667848e-02  5.999167903804907e-02
  6.599999999999993e+00  -3.403259464267266e+05  -1.104970521238778e+05  8.036443124628940e+04  -5.266726201734847e+05  -1.192906519427135e+05  8.382493565305558e+01  2.620481972626883e-02  -1.114234796590541e-02  6.526507249397726e-02
  6.699999999999992e+00  -3.378537947805152e+05  -1.343921274003368e+04  1.519374371480470e+05  -5.223891498620383e+05  -1.038768822615591e+05  1.094572027986703e+05  2.702319891615998e-02  -1.403716136169525e-02  5.434710239165911e-02
  6.799999999999992e+00  -2.944030227128449e+05  8.604810552861539e+04  2.229047292138448e+05  -5.009954049779242e+05  -2.055572075460503e+04  2.847338506861542e+05  2.520728822478549e-02  -1.799137433048445e-02  2.991449401280532e-02
  6.899999999999991e+00  -2.076373996560179e+05  1.350447570290244e+05  2.735593515356343e+05  -4.633046541446279e+05  8.382426391062079e+04  4.753276913414768e+05  1.880513729566976e-02  -1.779843245938224e-02  4.028943600181186e-03
  6.999999999999991e+00  -1.145527246869483e+05  1.248772224050596e+05  3.049338735413949e+05  -4.234612557314789e+05  1.870504596749502e+05  6.225762440922556e+05  8.452799190338742e-03  -1.224577147770019e-02  -1.572416164106732e-02
  7.099999999999991e+00  -3.852413016381240e+04  8.128376882066557e+04  3.155958305736572e+05  -3.928441034566368e+05  2.840813336649645e+05  6.986354993374223e+05  -3.366091466547382e-03  -4.478718028194029e-03  -2.824237854871417e-02
  7.199999999999990e+00  1.748549766665942e+04  2.245436846529118e+04  3.008146232190449e+05  -3.780211602251433e+05  3.661366262994453e+05  7.308046253371161e+05  -1.286759417546602e-02  3.179122668626454e-03  -3.769829466789075e-02
  7.299999999999990e+00  6.318381484665570e+04  -1.229320428831883e+04  2.785222343871932e+05  -3.832812349977508e+05  4.391780998093719e+05  7.506531786512773e+05  -1.788017386618762e-02  7.451851429489622e-03  -4.747713165150206e-02
  7.399999999999990e+00  9.975164272975459e+04  -2.255658807698899e+04  2.447065637309915e+05  -3.948448281580713e+05  5.033929145815899e+05  7.625021341325019e+05  -2.015117109328363e-02  8.944407041264644e-03  -5.623384635623146e-02
  7.499999999999989e+00  1.263760108499005e+05  -4.148481887946226e+04  1.876379362168800e+05  -3.913759495536263e+05  5.426707072239161e+05  7.693498219093534e+05  -2.368791788091297e-02  1.038495116935637e-02  -6.200708402136785e-02
  7.599999999999989e+00  1.320697178531861e+05  -6.571764222407700e+04  1.283577998132437e+05  -3.758531060841875e+05  5.588491126346621e+05  7.665434897708746e+05  -2.773447867243054e-02  9.325626035762705e-03  -6.497027813604195e-02
  7.699999999999989e+00  1.070356786291090e+05  -7.464770146905386e+04  8.428562808331034e+04  -3.637630529782624e+05  5.693187326718008e+05  7.431695060514957e+05  -2.886866242019253e-02  3.522748424046976e-03  -6.673210932935110e-02
  7.799999999999988e+00  7.237943665898508e+04  -6.947979171020680e+04  4.793001651351988e+04  -3.572339594549045e+05  5.734429092516879e+05  7.081853295743298e+05  -2.824471092391619e-02  -2.930454654317379e-03  -6.821344307855863e-02
  7.899999999999988e+00  3.716855257361296e+04  -7.406859224538045e+04  4.339228966581458e+03  -3.519617052616590e+05  5.625334645836025e+05  6.800661260839466e+05  -2.756682726440543e-02  -6.096125332830733e-03  -6.903905175910426e-02
  7.999999999999988e+00  -6.583463184149716e+03  -8.829736634673233e+04  -5.018182587570841e+04  -3.461198379071296e+05  5.358717218950938e+05  6.593964201464646e+05  -2.560946371811576e-02  -8.945892182391151e-03  -6.786995914208435e-02
  8.099999999999987e+00  -5.051948368614752e+04  -9.510039541859158e+04  -9.308367343059054e+04  -3.363467532569499e+05  4.940019101871722e+05  6.396468777753531e+05  -2.179451031054165e-02  -1.502235656731454e-02  -6.455695946151381e-02
  8.199999999999987e+00  -8.980454203984440e+04  -9.255271391204614e+04  -9.575973828621292e+04  -3.188026262906224e+05  4.468048585832307e+05  6.327468124858680e+05  -1.698894058590120e-02  -2.311181954826608e-02  -6.211032736648327e-02
  8.299999999999986e+00  -1.201328524018150e+05  -7.524886445052149e+04  -6.689270154740057e+04  -2.942188999518485e+05  3.985139310489454e+05  6.399786747385701e+05  -1.287282601145087e-02  -3.118303327641901e-02  -6.080298412415876e-02
  8.399999999999986e+00  -1.149062811943998e+05  -3.997139534394346e+04  -2.959120538800258e+04  -2.657192428889764e+05  3.366510996447353e+05  6.297711505434205e+05  -1.197099793292417e-02  -3.799283356602827e-02  -5.627701306979108e-02
  8.499999999999986e+00  -8.200575166631739e+04  -1.702739601511514e+04  7.493010567308531e+03  -2.427038134065150e+05  2.656919548756069e+05  5.843869282944789e+05  -1.345848165765542e-02  -4.083758275263729e-02  -4.810982407156827e-02
  8.599999999999985e+00  -7.113811922818211e+04  -3.070770754440659e+04  3.227354778288200e+04  -2.379978018526201e+05  2.084803164369476e+05  5.277059168190255e+05  -1.377550276110622e-02  -3.840532125651384e-02  -4.024180838539621e-02
  8.699999999999985e+00  -8.411528992730519e+04  -6.143285569887738e+04  3.595285415849931e+04  -2.438425787187594e+05  1.696000503561613e+05  4.835416883609110e+05  -1.380780609411417e-02  -3.361698760391752e-02  -3.329376985364553e-02
  8.799999999999985e+00  -7.574879385690672e+04  -8.689441542056631e+04  3.393476176522383e+04  -2.390137205179645e+05  1.372228029203075e+05  4.403115028546399e+05  -1.734702486834094e-02  -2.914926995404836e-02  -2.544182412814034e-02
  8.899999999999984e+00  -4.878709077455849e+04  -1.139536977189541e+05  3.599639349323059e+04  -2.251348942655328e+05  1.076274581924470e+05  3.758535013649130e+05  -2.280929783099952e-02  -2.454134320765909e-02  -1.731162682296535e-02
  8.999999999999984e+00  -6.397033901466437e+04  -1.534093815805615e+05  2.552989927474410e+04  -2.226598307461671e+05  8.419820965198791e+04  2.919909611864505e+05  -2.409723170501482e-02  -1.959224259738693e-02  -1.086128747451196e-02
  9.099999999999984e+00  -1.528087470796917e+05  -2.001892224915074e+05  -1.017175187449079e+04  -2.371902601266991e+05  6.661599315137818e+04  2.098108992844551e+05  -1.917751464417127e-02  -1.604217743083267e-02  -6.320176810961671e-03
  9.199999999999983e+00  -2.761258930485835e+05  -2.468106927562845e+05  -6.454388146804219e+04  -2.577221818996047e+05  4.707392222137025e+04  1.436340094885052e+05  -1.214376038765143e-02  -1.414516132148346e-02  -2.287252429524929e-03
  9.299999999999983e+00  -3.671927200097219e+05  -2.897363693238952e+05  -1.159110647869858e+05  -2.750384097975352e+05  2.015544145271433e+04  9.630127358152896e+04  -7.736997125777849e-03  -1.189292189706574e-02  1.723579632097857e-03
  9.399999999999983e+00  -3.962923286385858e+05  -3.288720296942038e+05  -1.388378959360665e+05  -2.861520231552460e+05  -3.126892300248363e+03  6.524375195458600e+04  -7.037818702492595e-03  -8.242993689392056e-03  4.565363146631600e-03
  9.499999999999982e+00  -3.901248759735528e+05  -3.611409649904675e+05  -1.322657967779082e+05  -2.898331519312535e+05  -7.245984098294937e+03  3.788114193659518e+04  -8.078773214996744e-03  -4.445778704449437e-03  6.159536155215408e-03
  9.599999999999982e+00  -3.868445206244831e+05  -3.723314808134885e+05  -1.240472590651988e+05  -2.861032008388398e+05  7.578067564126263e+02  -3.460352320610195e+03  -9.095898573068133e-03  -2.386198913992416e-03  8.565995004989033e-03
  9.699999999999982e+00  -3.920780259919846e+05  -3.590683805805058e+05  -1.287017261232627e+05  -2.796500902829085e+05  -3.749636375386009e+02  -6.308553049634561e+04  -1.019783582215471e-02  -2.134142495907225e-03  1.294045537814013e-02
  9.799999999999981e+00  -3.936073460458174e+05  -3.425782728087286e+05  -1.268533369893119e+05  -2.818900310748387e+05  -1.385215471128938e+04  -1.290290715464228e+05  -1.166357474518410e-02  -1.844777182212026e-03  1.808587648530401e-02
  9.899999999999981e+00  -3.895911676692309e+05  -3.390279695376390e+05  -1.032811038671221e+05  -3.018514815443538e+05  -2.662238500596126e+04  -1.893327804116702e+05  -1.282056098782090e-02  -1.663892253311171e-04  2.283155738832820e-02
  9.999999999999980e+00  -3.809090544033719e+05  -3.411322668354518e+05  -7.193517451142329e+04  -3.321217628868505e+05  -3.443114084309820e+04  -2.376643558603396e+05  -1.396169943117393e-02  2.648687542742332e-03  2.683945620806550e-02
  1.009999999999998e+01  -3.632319984196720e+05  -3.381893268150880e+05  -4.914011827184747e+04  -3.561579437244521e+05  -4.120408288261203e+04  -2.686367787379952e+05  -1.624798060404139e-02  5.796120852330253e-03  2.915382789455102e-02
  1.019999999999998e+01  -3.412277581004481e+05  -3.331190503554504e+05  -3.099059842694848e+04  -3.693055330344333e+05  -4.580186067157653e+04  -2.800136518878871e+05  -1.892731605100379e-02  8.720283501960923e-03  2.889426099961466e-02
  1.029999999999998e+01  -3.256462540652768e+05  -3.317899151849214e+05  -9.343706261976573e+03  -3.778537016512481e+05  -4.611511654398980e+04  -2.780010827850348e+05  -2.000324224861277e-02  1.081816220256068e-02  2.713062825235998e-02
  1.039999999999998e+01  -3.177396838261579e+05  -3.331850182061645e+05  1.390555043700452e+04  -3.842438642129771e+05  -4.521591091513820e+04  -2.714490586393871e+05  -1.892930935105670e-02  1.141129248980457e-02  2.591226989588717e-02
  1.049999999999998e+01  -3.151874338588424e+05  -3.346008267613077e+05  3.461074312740615e+04  -3.886867108906682e+05  -4.491175018160033e+04  -2.609106835192134e+05  -1.649120197931661e-02  1.064685455785395e-02  2.587057408899963e-02
  1.059999999999998e+01  -3.197862270682245e+05  -3.314741707906551e+05  5.403379342028488e+04  -3.959179774756176e+05  -4.082541766845033e+04  -2.421674348986572e+05  -1.369176525250125e-02  9.611901002279592e-03  2.594595321193584e-02
  1.069999999999998e+01  -3.275348239104431e+05  -3.182101278685242e+05  7.767651215916764e+04  -4.075219764868360e+05  -2.939717269772986e+04  -2.146068268708982e+05  -1.175182234570957e-02  8.971115656335333e-03  2.498598906439970e-02
  1.079999999999998e+01  -3.290812967789606e+05  -3.000229676835116e+05  1.065864680432080e+05  -4.160708515260865e+05  -1.489754561975590e+04  -1.796658365252925e+05  -1.133574463874939e-02  8.390300727280703e-03  2.269606267798288e-02
  1.089999999999998e+01  -3.265508482107561e+05  -2.888759350945647e+05  1.337854504742016e+05  -4.165368132265759e+05  -5.125387959361410e+03  -1.390931649243232e+05  -1.115724026938021e-02  7.350616789085331e-03  1.960774166649848e-02
  1.099999999999998e+01  -3.324214537411966e+05  -2.848279473783297e+05  1.544318599571612e+05  -4.154039169330816e+05  -2.302605947076843e+03  -9.649003250533756e+04  -9.054097619767002e-03  5.938761765440216e-03  1.683886315050597e-02
  1.109999999999998e+01  -3.488592246978111e+05  -2.793443895092870e+05  1.722378657174863e+05  -4.206909783175942e+05  -4.250278261254357e+02  -5.507792323272557e+04  -4.883799125903012e-03  5.043911222209263e-03  1.528993796607750e-02
  1.119999999999998e+01  -3.635856344933207e+05  -2.719662633070112e+05  1.900484517283338e+05  -4.308595612545821e+05  7.227135035053050e+03  -1.537801411573383e+04  -8.275415684284614e-04  5.436297008185180e-03  1.478926804196352e-02
  1.129999999999998e+01  -3.662415957160329e+05  -2.667272428433275e+05  2.016946430793393e+05  -4.395805156560925e+05  1.928972678946853e+04  2.009966995465425e+04  1.299437449103952e-03  6.404557397681459e-03  1.441739280796721e-02
  1.139999999999998e+01  -3.577195958059798e+05  -2.605795908825905e+05  2.006817253785970e+05  -4.440817603506389e+05  2.844141032679018e+04  4.602106271048058e+04  1.659857672563416e-03  6.148849970822599e-03  1.343313244611014e-02
  1.149999999999998e+01  -3.459277680450454e+05  -2.488680306797735e+05  1.903448680684312e+05  -4.448419322210947e+05  3.215108095875173e+04  6.369500818956784e+04  1.425011608926013e-03  3.781811788731328e-03  1.154092503740121e-02
  1.159999999999997e+01  -3.377624368635710e+05  -2.340518795454105e+05  1.792818646271247e+05  -4.417838173826394e+05  3.746574086963030e+04  8.214582138515598e+04  1.287075074149952e-03  1.771414239018760e-04  8.720299982017548e-03
  1.169999999999997e+01  -3.337238109982561e+05  -2.209129934535305e+05  1.709696605329188e+05  -4.342270559731415e+05  5.240524345696563e+04  1.058000746609716e+05  1.120895086165476e-03  -3.228202303071587e-03  5.305859171315385e-03
  1.179999999999997e+01  -3.295048220069712e+05  -2.093909039857659e+05  1.603775563092528e+05  -4.225984909759933e+05  7.515722462162354e+04  1.293610940661737e+05  5.665307254863928e-04  -5.875145569513284e-03  2.001232450523544e-03
  1.189999999999997e+01  -3.217810383395144e+05  -1.984569200799795e+05  1.407868251853375e+05  -4.088198073372940e+05  9.623485649991916e+04  1.460315941548335e+05  -4.679247811476706e-04  -8.017747551648755e-03  -5.983408149095815e-04
  1.199999999999997e+01  -3.096921790185799e+05  -1.909427415640746e+05  1.137089678341935e+05  -3.966323518172394e+05  1.087865753906426e+05  1.556455344443232e+05  -1.746097770697885e-03  -9.728461011965709e-03  -2.414023252244412e-03
  1.209999999999997e+01  -2.931886583708397e+05  -1.898464398036932e+05  8.887817611333884e+04  -3.903498600610968e+05  1.132145357966095e+05  1.635851971038959e+05  -2.954887933095093e-03  -1.056300687782534e-02  -3.776269261041682e-03
  1.219999999999997e+01  -2.738134151764806e+05  -1.947971928565731e+05  7.303362922331644e+04  -3.915239107786956e+05  1.143660363438035e+05  1.743656229917117e+05  -4.016118016725054e-03  -1.004570055541152e-02  -5.092349071371603e-03
  1.229999999999997e+01  -2.555166961665371e+05  -2.021367563720613e+05  6.492419358789323e+04  -3.980309362705968e+05  1.168803762906774e+05  1.878045928012049e+05  -5.034479962161878e-03  -8.231981441295003e-03  -6.527997667415087e-03
  1.239999999999997e+01  -2.433019490138586e+05  -2.076510774312941e+05  6.178889713859616e+04  -4.063197815219791e+05  1.228188156333559e+05  2.008925666671954e+05  -5.973980342005216e-03  -5.765795332898643e-03  -7.844145833116784e-03
  1.249999999999997e+01  -2.410912269704524e+05  -2.105112577497799e+05  6.233486764669215e+04  -4.136835325116303e+05  1.318812739816097e+05  2.119936961150225e+05  -6.400132606020609e-03  -3.478608481224372e-03  -8.644683736019714e-03
  1.259999999999997e+01  -2.493751588688535e+05  -2.133967209065626e+05  6.516521094543518e+04  -4.185688973523962e+05  1.421274861227544e+05  2.216537267083871e+05  -5.630726602389615e-03  -1.898394432582554e-03  -8.661577941954253e-03
  1.269999999999997e+01  -2.643482281482769e+05  -2.185322291730026e+05  6.879049076421661e+04  -4.198595626060967e+05  1.514572409598911e+05  2.301840327589209e+05  -3.465511806469912e-03  -9.820430620347286e-04  -7.905568961935974e-03
  1.279999999999997e+01  -2.798562865124684e+05  -2.244243563982138e+05  7.273112119550251e+04  -4.173253112913260e+05  1.587672688740080e+05  2.362259254676685e+05  -7.175531165659731e-04  -3.839481270584567e-04  -6.767608913241274e-03
  1.289999999999997e+01  -2.910466818460068e+05  -2.275560990126441e+05  7.824492826544182e+04  -4.130368754041506e+05  1.628468559847693e+05  2.380988238169496e+05  1.303772679529106e-03  4.127683449296731e-05  -5.713782629306948e-03
  1.299999999999997e+01  -2.971585068674841e+05  -2.272354473629937e+05  8.672052692433902e+04  -4.110071755007203e+05  1.622295963820703e+05  2.357778740709722e+05  1.883799086180149e-03  2.579599768263741e-04  -4.869959351398893e-03
  1.309999999999997e+01  -3.004780559978336e+05  -2.262067292034540e+05  9.767645271064334e+04  -4.133673431316185e+05  1.576945770194137e+05  2.309762728751637e+05  1.387759451005389e-03  3.863285828886995e-04  -3.936967080530481e-03
  1.319999999999997e+01  -3.035233238707610e+05  -2.263017401681062e+05  1.093762164215168e+05  -4.175559036646695e+05  1.528064924611927e+05  2.256890508351397e+05  8.178259542227654e-04  6.405214850946394e-04  -2.449759824630215e-03
  1.329999999999997e+01  -3.084390782192119e+05  -2.266433417215107e+05  1.189992724796175e+05  -4.190321085180363e+05  1.498117517278299e+05  2.205777235142021e+05  9.660891767751365e-04  1.022779295820566e-03  -2.784431958836532e-04
  1.339999999999997e+01  -3.158947586800717e+05  -2.245627424190633e+05  1.229895758171923e+05  -4.159109099600783e+05  1.468626762617830e+05  2.149400392639025e+05  1.849932989530930e-03  1.214559929317258e-03  2.077675814345275e-03
  1.349999999999997e+01  -3.229175846254554e+05  -2.164454808420132e+05  1.203272728053632e+05  -4.100229227722117e+05  1.412470803190652e+05  2.079039059921324e+05  2.916441886035267e-03  8.761977393388864e-04  3.826152774113328e-03
  1.359999999999997e+01  -3.252248276122927e+05  -2.011459683282101e+05  1.144741937620508e+05  -4.044803976226689e+05  1.338781072617888e+05  1.991401227671706e+05  3.711193395563863e-03  1.533346256707691e-04  4.564410769049184e-03
  1.369999999999997e+01  -3.226498442209901e+05  -1.838738695708512e+05  1.110116297982641e+05  -4.013270683356275e+05  1.287252428007663e+05  1.893247265766622e+05  4.269936273311202e-03  -2.597585131118065e-04  4.508389686611076e-03
  1.379999999999997e+01  -3.199305922829919e+05  -1.733225496113590e+05  1.129761328558854e+05  -4.011766373132750e+05  1.276245951509288e+05  1.804844641342393e+05  4.888702286341886e-03  2.414550891325119e-04  4.121570206142375e-03
  1.389999999999997e+01  -3.214528895501799e+05  -1.735990569141582e+05  1.176527030164606e+05  -4.035455602895094e+05  1.278447405894346e+05  1.753529136635802e+05  5.577306280722383e-03  1.455575138390042e-03  3.706911047912240e-03
  1.399999999999997e+01  -3.265566502999253e+05  -1.806381466883477e+05  1.188878771677076e+05  -4.073096697984626e+05  1.258652900478885e+05  1.749991014325460e+05  5.931742105349136e-03  2.475821955333939e-03  3.347934972587090e-03
  1.409999999999997e+01  -3.305319204679615e+05  -1.873142487768453e+05  1.133703551633882e+05  -4.116817489722117e+05  1.220529450425052e+05  1.767407033083978e+05  5.483504137640262e-03  2.611397522988643e-03  3.048762551346582e-03
  1.419999999999997e+01  -3.286831756094500e+05  -1.910792402070743e+05  1.044814844989964e+05  -4.166506368015709e+05  1.205831730091917e+05  1.759649165571667e+05  4.114476757667492e-03  2.092647347541235e-03  2.667332820212814e-03
  1.429999999999997e+01  -3.195783585946030e+05  -1.944768518125917e+05  1.002034646229989e+05  -4.222252353795410e+05  1.243348969661306e+05  1.702777656347707e+05  2.364321924495527e-03  1.704458238114313e-03  1.915037970474149e-03
  1.439999999999996e+01  -3.067625172165576e+05  -2.001341167787160e+05  1.048579371266042e+05  -4.273907781813922e+05  1.309322960168229e+05  1.612941289998998e+05  1.215099161945023e-03  1.948563717832935e-03  7.017917198814468e-04
  1.449999999999996e+01  -2.976926186685275e+05  -2.085155505218583e+05  1.135702976561884e+05  -4.306564800155894e+05  1.348707783501576e+05  1.526039496935172e+05  1.489884694325140e-03  2.835152000223583e-03  -6.533510524658507e-04
  1.459999999999996e+01  -2.986469323190968e+05  -2.177344647535122e+05  1.168596655093600e+05  -4.316118785804796e+05  1.329862274246117e+05  1.463227202671746e+05  3.275279462187052e-03  4.135601125794115e-03  -1.637443559791329e-03
  1.469999999999996e+01  -3.088032733224044e+05  -2.242385132361611e+05  1.095841589140945e+05  -4.310336263436076e+05  1.274468746999035e+05  1.420044254274045e+05  5.663540778402804e-03  5.553043814339044e-03  -1.936364986240399e-03
  1.479999999999996e+01  -3.202074525727800e+05  -2.248783292345200e+05  9.505935420292121e+04  -4.289732070367202e+05  1.234148416875659e+05  1.381204152322614e+05  7.280509006812991e-03  6.673414301476641e-03  -1.695951279406339e-03
  1.489999999999996e+01  -3.247173277219672e+05  -2.180782809556289e+05  7.997221121220366e+04  -4.237343304772750e+05  1.236848219294052e+05  1.337827331590988e+05  7.220897298029421e-03  6.873813908294510e-03  -1.273789806558403e-03
  1.499999999999996e+01  -3.207370429878421e+05  -2.059476027790270e+05  6.755012191236425e+04  -4.144754360625388e+05  1.263207008044895e+05  1.290667383051833e+05  5.612645070143469e-03  5.796428440808082e-03  -8.927837456316596e-04
  1.509999999999996e+01  -3.136541363776988e+05  -1.951303362185203e+05  5.724757709017550e+04  -4.040215122218567e+05  1.277750818005460e+05  1.240709453110379e+05  3.406915297914769e-03  3.955466179677138e-03  -7.122557974130947e-04
  1.519999999999996e+01  -3.105768404003134e+05  -1.920237801078462e+05  4.840370989928122e+04  -3.974925007899603e+05  1.266890243059014e+05  1.184529570390321e+05  1.614274064089542e-03  2.465963597031117e-03  -8.491870220187895e-04
  1.529999999999996e+01  -3.149159149994345e+05  -1.980221076116714e+05  4.215671819099795e+04  -3.980234381099986e+05  1.247252494551724e+05  1.124237220842624e+05  7.528294253816899e-04  2.233099011476285e-03  -1.352161291931180e-03
  1.539999999999996e+01  -3.249634215665478e+05  -2.087044818135748e+05  4.007114229009604e+04  -4.039734777300481e+05  1.243733223483279e+05  1.075900862418989e+05  7.266503995953490e-04  3.270708464074850e-03  -2.145321893276287e-03
  1.549999999999996e+01  -3.357909713310826e+05  -2.172720379985080e+05  4.293553842880437e+04  -4.105252376729717e+05  1.257330609743095e+05  1.055791271547129e+05  1.076796510934115e-03  4.689263334685724e-03  -2.930006246727377e-03
  1.559999999999996e+01  -3.424382070510536e+05  -2.203171519276047e+05  5.110773483358147e+04  -4.134097139106065e+05  1.258876598932684e+05  1.062937968443326e+05  1.374777800449456e-03  5.415215373082676e-03  -3.363069751362544e-03
  1.569999999999996e+01  -3.428543088815284e+05  -2.193400213068473e+05  6.322887681611603e+04  -4.108057013088719e+05  1.214725406979322e+05  1.079838464194568e+05  1.389616912095201e-03  4.910853018446503e-03  -3.286009148187465e-03
  1.579999999999996e+01  -3.387023467236360e+05  -2.173456927136700e+05  7.500194219742600e+04  -4.034862992812427e+05  1.118866848110548e+05  1.085663874776946e+05  1.140465301371140e-03  3.423149708677004e-03  -2.802474525489690e-03
  1.589999999999996e+01  -3.335111059742852e+05  -2.154037552507952e+05  8.066653199865283e+04  -3.943186403612899e+05  9.999873680251492e+04  1.067106508395859e+05  8.157189888344254e-04  1.660306922130613e-03  -2.144267541173854e-03
  1.599999999999996e+01  -3.300229128535801e+05  -2.122915961550968e+05  7.652299976486112e+04  -3.871446455593219e+05  8.989421358422570e+04  1.020912501513092e+05  5.833637035418084e-04  2.310976014243966e-04  -1.478556761016022e-03
  1.609999999999996e+01  -3.283413909650933e+05  -2.070674690083046e+05  6.451048884539871e+04  -3.852001279169365e+05  8.431737679061682e+04  9.556605510710513e+04  4.890033621904908e-04  -5.991567130509274e-04  -9.161930448862493e-04
  1.619999999999996e+01  -3.260127674965604e+05  -2.014998218908638e+05  5.139592664886688e+04  -3.890054672065217e+05  8.386873895546567e+04  8.946549221868246e+04  3.667241842091610e-04  -8.040940539947533e-04  -5.564703871529930e-04
  1.629999999999996e+01  -3.204836571604346e+05  -1.990157995553971e+05  4.384189729684874e+04  -3.955916138440234e+05  8.793549072716707e+04  8.708819260187670e+04  -8.026273563119149e-06  -5.828848328379771e-04  -4.600101514255814e-04
  1.639999999999996e+01  -3.116315833315720e+05  -2.012888217527865e+05  4.426323729402465e+04  -4.003896805694166e+05  9.521562322109283e+04  9.102842326265245e+04  -6.570669218205237e-04  -4.459916688967369e-04  -6.014120239630366e-04
  1.649999999999996e+01  -3.020321530503560e+05  -2.068348721406688e+05  5.045999153886925e+04  -4.003174227902683e+05  1.033253695141380e+05  1.015270157759585e+05  -1.435762720546837e-03  -9.556523023140592e-04  -8.856871149165874e-04
  1.659999999999997e+01  -2.947598147200980e+05  -2.125928028193375e+05  5.771280488238761e+04  -3.962450987811732e+05  1.095486724904226e+05  1.161034052520961e+05  -2.204381429137971e-03  -2.257812425504744e-03  -1.251012322705096e-03
  1.669999999999997e+01  -2.905676552385947e+05  -2.167212790220595e+05  6.144765825051905e+04  -3.925390012040930e+05  1.126028729124982e+05  1.307824781626117e+05  -3.030524261361901e-03  -3.793656893065688e-03  -1.710959693715381e-03
  1.679999999999997e+01  -2.878965356062051e+05  -2.200675372134612e+05  5.930619831277212e+04  -3.937624370780212e+05  1.135463149852977e+05  1.420545930256559e+05  -4.100429100778522e-03  -4.597341171816132e-03  -2.236620719560453e-03
  1.689999999999997e+01  -2.854559351121793e+05  -2.241619091325149e+05  5.190991586458455e+04  -4.013929401721676e+05  1.145463032662307e+05  1.486913599795805e+05  -5.340949395217696e-03  -4.162995929829284e-03  -2.656634890967281e-03
  1.699999999999997e+01  -2.837823325200707e+05  -2.285048199521055e+05  4.251195088895664e+04  -4.122594628345489e+05  1.166035522716241e+05  1.525080754861850e+05  -6.337233557607362e-03  -2.908706590941602e-03  -2.802633342026003e-03
  1.709999999999997e+01  -2.845398416861127e+05  -2.310208893263750e+05  3.486368786489302e+04  -4.205977358724028e+05  1.189503392522954e+05  1.568074616340760e+05  -6.602805772458477e-03  -1.822074949045006e-03  -2.664653435592558e-03
  1.719999999999997e+01  -2.881807437292139e+05  -2.296128902692178e+05  3.115454542311079e+04  -4.219411412886470e+05  1.204197896320329e+05  1.639570218144512e+05  -5.985446937968902e-03  -1.647147127238565e-03  -2.388311100519258e-03
  1.729999999999998e+01  -2.934991774799235e+05  -2.245153962077957e+05  3.107968902053604e+04  -4.165513480660841e+05  1.207519736360098e+05  1.734898164935093e+05  -4.771804583843595e-03  -2.377195607051877e-03  -2.055009232438542e-03
  1.739999999999998e+01  -2.984767770984559e+05  -2.178321246377496e+05  3.323076424978626e+04  -4.088561154913883e+05  1.205649703936287e+05  1.826547702697073e+05  -3.472670289868310e-03  -3.401773357835435e-03  -1.580051389897259e-03
  1.749999999999998e+01  -3.015780749804619e+05  -2.123589011522315e+05  3.639948400351941e+04  -4.037970056111261e+05  1.202702989246893e+05  1.883584203312958e+05  -2.512623991887715e-03  -4.033755729090844e-03  -8.768865873987776e-04
  1.759999999999998e+01  -3.019483327607097e+05  -2.100561681663278e+05  4.011111551207225e+04  -4.033541759251208e+05  1.195358473832005e+05  1.889358727545640e+05  -2.051061643218211e-03  -3.967508344846595e-03  -3.929300121218423e-05
  1.769999999999998e+01  -2.993147795351975e+05  -2.109976167788670e+05  4.454048147768585e+04  -4.056494585839410e+05  1.180628971292302e+05  1.849748313751292e+05  -1.930925087566596e-03  -3.355131269238361e-03  6.726563489943888e-04
  1.779999999999998e+01  -2.948035095013721e+05  -2.141449253729095e+05  4.993588709322129e+04  -4.075269798970965e+05  1.162270844925476e+05  1.787139870234795e+05  -1.745156377701782e-03  -2.566644522468333e-03  1.049356824699292e-03
  1.789999999999998e+01  -2.910390498090807e+05  -2.177655909765246e+05  5.648884145021817e+04  -4.074800114332745e+05  1.148801435589230e+05  1.729449040875969e+05  -1.076900171817495e-03  -1.953074834651369e-03  1.113390146476222e-03
  1.799999999999999e+01  -2.909372621835178e+05  -2.199540329463742e+05  6.365957055397121e+04  -4.063159326813334e+05  1.146610119110657e+05  1.698945137157782e+05  2.057341866671848e-04  -1.720831554286600e-03  1.038348328038933e-03
  1.809999999999999e+01  -2.958724957818239e+05  -2.199448563630901e+05  6.992158884594926e+04  -4.058415444468100e+05  1.150697923612815e+05  1.702440393534007e+05  1.788968501422384e-03  -1.884524480128659e-03  9.881858827335442e-04
  1.819999999999999e+01  -3.043562440038511e+05  -2.183522274137267e+05  7.390313270797656e+04  -4.069088350575704e+05  1.145239669341443e+05  1.730345868029571e+05  3.082292437377205e-03  -2.301854023706812e-03  1.062768734726506e-03
  1.829999999999999e+01  -3.127996659734609e+05  -2.168977311598684e+05  7.551915497058631e+04  -4.089884275003342e+05  1.114356474712930e+05  1.761666920864217e+05  3.623525667693618e-03  -2.681154265671046e-03  1.306352332255783e-03
  1.839999999999999e+01  -3.174515549104125e+05  -2.170583331925687e+05  7.674304300809526e+04  -4.110612713942108e+05  1.052580791828132e+05  1.774211068460504e+05  3.315672635927091e-03  -2.711600432059899e-03  1.751322347520299e-03
  1.849999999999999e+01  -3.160441984054100e+05  -2.182525717922564e+05  8.033392766690890e+04  -4.123361830044936e+05  9.736618203742724e+04  1.753680800922950e+05  2.426504023302265e-03  -2.316234408590269e-03  2.400558811736656e-03
  1.859999999999999e+01  -3.088807388097943e+05  -2.185501985210422e+05  8.758822016037881e+04  -4.124554027661844e+05  9.067617355165082e+04  1.696326783598972e+05  1.383787659609622e-03  -1.715217571421863e-03  3.122922271998826e-03
  1.870000000000000e+01  -2.988243599290480e+05  -2.164383311067802e+05  9.739306134906750e+04  -4.113392003042507e+05  8.808830134930299e+04  1.611523557257211e+05  5.760248614390331e-04  -1.238847068759678e-03  3.663274987093239e-03
  1.880000000000000e+01  -2.900783060801010e+05  -2.117862363910071e+05  1.064333650338384e+05  -4.093493544302774e+05  9.092024622085514e+04  1.518912488987929e+05  3.096619667041012e-04  -9.887484141170876e-04  3.764366088638879e-03
  1.890000000000000e+01  -2.862462640755044e+05  -2.060668944493895e+05  1.115878130260915e+05  -4.072123431001998e+05  9.765334051557057e+04  1.442889236635061e+05  7.019175581233606e-04  -7.072424880076633e-04  3.367869826717128e-03
  1.900000000000000e+01  -2.885339335367162e+05  -2.012657451476416e+05  1.121763181353386e+05  -4.055982739113264e+05  1.046742998216165e+05  1.403377661919721e+05  1.633862338063256e-03  -1.005720412192225e-04  2.758059090786847e-03
  1.910000000000000e+01  -2.951871886504343e+05  -1.988483201531150e+05  1.106283979683268e+05  -4.047902799456321e+05  1.085115661558600e+05  1.403132281568005e+05  2.773926729471230e-03  8.181330088601228e-04  2.387295814746825e-03
  1.920000000000000e+01  -3.027112201092856e+05  -1.995016401613896e+05  1.112148278231827e+05  -4.044471996003850e+05  1.076852773914985e+05  1.427692356581780e+05  3.646397479742141e-03  1.703692097506573e-03  2.590004233205175e-03
  1.930000000000000e+01  -3.078830109039898e+05  -2.026652765268637e+05  1.166206477876416e+05  -4.041149617750853e+05  1.035374721425651e+05  1.453313043216716e+05  3.869915473991290e-03  2.157869185709951e-03  3.292934531586562e-03
  1.940000000000001e+01  -3.092070170921266e+05  -2.068722231375220e+05  1.261819863828666e+05  -4.035814430410650e+05  9.879182676983984e+04  1.460857416145499e+05  3.291084388610205e-03  2.059481885766595e-03  3.947995058321566e-03
  1.950000000000001e+01  -3.074265157967512e+05  -2.107401475556944e+05  1.362120819371164e+05  -4.027390138866688e+05  9.567525553582450e+04  1.448303460432084e+05  1.987746785311175e-03  1.586573101497739e-03  3.867413262276387e-03
  1.960000000000001e+01  -3.046989371282089e+05  -2.135164811237991e+05  1.422029187807732e+05  -4.016924141763832e+05  9.519142757819367e+04  1.425816848092968e+05  2.415177011947081e-04  1.027381033366149e-03  2.629142632446351e-03
  1.970000000000001e+01  -3.033123715661442e+05  -2.153169592095102e+05  1.415940308149300e+05  -4.007521123802551e+05  9.710024292956796e+04  1.405669513124111e+05  -1.584842368158211e-03  6.266351216727268e-04  4.084629948190696e-04
  1.980000000000001e+01  -3.047297483512342e+05  -2.166335220676938e+05  1.345269228774597e+05  -4.005045677281627e+05  1.007625089308465e+05  1.393463795135717e+05  -3.111092540025367e-03  5.223556205193870e-04  -2.084048524861895e-03
  1.990000000000001e+01  -3.089584124936550e+05  -2.177067970170284e+05  1.238062754931302e+05  -4.016038095196769e+05  1.055263500970149e+05  1.386883054223595e+05  -3.992314405136125e-03  7.526222993912137e-04  -4.031898431235484e-03
