TITLE = "Temporal Signal for receiver number 02343"
VARIABLES = "Time","xx","yy","zz","xy","yz","xz","u","v","w"
# x1       3.587179260000e+05
# x2       4.735059540000e+06
# x3       -2.000000000000e+03
  0.000000000000000e+00  0.000000000000000e+00  0.000000000000000e+00  0.000000000000000e+00  0.000000000000000e+00  0.000000000000000e+00  0.000000000000000e+00  0.000000000000000e+00  0.000000000000000e+00  0.000000000000000e+00
  1.000000000000000e-01  0.000000000000000e+00  0.000000000000000e+00  0.000000000000000e+00  0.000000000000000e+00  0.000000000000000e+00  0.000000000000000e+00  0.000000000000000e+00  0.000000000000000e+00  0.000000000000000e+00
  2.000000000000000e-01  0.000000000000000e+00  0.000000000000000e+00  0.000000000000000e+00  0.000000000000000e+00  0.000000000000000e+00  0.000000000000000e+00  0.000000000000000e+00  0.000000000000000e+00  0.000000000000000e+00
  3.000000000000000e-01  -6.784534553643596e-19  -2.209477159803312e-19  -2.291401686403999e-19  -1.209220405415353e-19  5.218200478229397e-21  -3.221569473537857e-21  5.476030224396758e-26  1.735987574735197e-26  1.405643252720233e-27
  4.000000000000000e-01  3.196005167906977e-10  1.445602393093737e-10  1.046988697234272e-10  1.577028624810638e-10  6.019206516066124e-12  2.201773706136906e-11  -2.634068680129042e-17  -2.324553644453930e-17  -5.518233735525180e-18
  5.000000000000000e-01  -2.212657829307528e-09  2.076897789433369e-09  -3.480732890844513e-09  3.829187959171848e-09  -2.027809541563593e-09  -6.077255810064359e-09  6.010236975746761e-16  -6.761885012833012e-16  8.518574636136288e-16
  6.000000000000000e-01  -1.759403820208800e-07  -7.756554503001009e-07  -2.039476781340278e-07  -3.761781079262553e-08  3.229604501963889e-08  3.462124914883625e-08  1.152190057427043e-14  4.306789877460440e-14  -8.182145578744245e-16
  7.000000000000000e-01  5.563080025428816e-06  3.185481531651751e-06  4.080261457743730e-06  -1.033215960809405e-07  1.118679715273733e-06  3.051777758160032e-06  -4.363521599796059e-13  -4.923538389403876e-13  -4.021214903969686e-13
  7.999999999999999e-01  4.751124869351617e-05  4.974102133600047e-05  4.872268273129532e-05  9.601000093677187e-06  8.991460116441217e-06  3.819355168925060e-05  -4.765701320313304e-12  -2.213732706578243e-12  -5.411615927957588e-12
  8.999999999999999e-01  2.549072942476467e-04  2.240506224637250e-04  2.909423079451472e-04  4.941470359702774e-05  -3.242006978499216e-06  1.433063648283614e-04  -2.430241887793957e-11  -4.853714943088448e-14  -1.961013002016202e-11
  9.999999999999999e-01  -1.923076125742926e-03  -1.921495795814120e-03  -1.019882850989206e-03  -1.310087275254532e-03  1.401624358442933e-06  -5.544697333505694e-04  1.969729763340675e-10  1.993845448975072e-10  9.659388397015795e-11
  1.100000000000000e+00  -7.206546536041475e-03  -5.810871427561404e-03  -3.714126250539557e-03  -2.589590826806885e-03  -1.135767572612055e-03  -1.263598246141783e-03  4.875779137397838e-10  4.647333315434995e-10  6.392778337970688e-11
  1.200000000000000e+00  4.283920008867381e-02  4.694166364330626e-02  2.539353546113740e-02  2.619098754848328e-02  1.142432743317229e-02  7.591775525535248e-03  -3.628886665198605e-09  -4.658765918450151e-09  -1.797760725768983e-09
  1.300000000000000e+00  -1.994931787995327e-01  -1.748357627483354e-01  -1.215224670057048e-01  -8.608077645429973e-02  -4.021400785562644e-02  -3.251313706154223e-02  1.779844917918808e-08  1.658993331400695e-08  7.409319817540447e-09
  1.400000000000000e+00  7.195240086589720e-01  6.341590042988946e-01  3.830362318649556e-01  3.217997303170453e-01  9.716129628097039e-02  7.797869770546458e-02  -6.232280845244266e-08  -5.783934872835702e-08  -1.806972472040468e-08
  1.500000000000000e+00  -2.203205504611126e+00  -2.220595569626733e+00  -1.287738901261864e+00  -1.102355443420553e+00  -3.668595451824728e-01  -2.792595204194708e-01  1.908637028331505e-07  1.967713324353158e-07  6.480195157313545e-08
  1.600000000000000e+00  9.627285955721479e+00  9.729268092828931e+00  5.927899074906318e+00  4.545041493904379e+00  1.824238821311142e+00  1.678393720843089e+00  -8.528229158801960e-07  -8.574366152322656e-07  -3.558849772161670e-07
  1.700000000000000e+00  -3.156064476626895e+01  -3.286283271345378e+01  -1.973467140114695e+01  -1.439317062304549e+01  -6.117261842879676e+00  -6.011287105661987e+00  2.809468039156321e-06  2.786824164917908e-06  1.186673756279442e-06
  1.800000000000000e+00  7.887851977277307e+01  8.309523150386178e+01  5.062263050449280e+01  3.482288673183918e+01  1.488466816631050e+01  1.477268996315315e+01  -6.766434670741199e-06  -6.636569204577255e-06  -3.015047625562827e-06
  1.900000000000001e+00  -2.553913894203670e+02  -2.719525488688108e+02  -1.639169739955081e+02  -1.186544367662430e+02  -4.711428236787633e+01  -4.272808256161320e+01  2.142500828184350e-05  2.246607932438284e-05  9.014206077523117e-06
  2.000000000000000e+00  -1.357695748999565e+03  -1.534619341482504e+03  -8.849254069230255e+02  -7.200700398448032e+02  -3.830039124160668e+02  -3.378593205300160e+02  1.171336772478571e-04  1.322092697469074e-04  6.464062019384156e-05
  2.100000000000001e+00  -2.246936545120586e+03  -2.750070414520682e+03  -1.366631258401752e+03  -1.368602354858696e+03  -7.914233060506218e+02  -6.548210098644821e+02  2.014962497141829e-04  2.449317334501857e-04  1.259502806690635e-04
  2.200000000000001e+00  -1.833938680758364e+03  -2.644078097156373e+03  -8.010285185139211e+02  -1.499481026842995e+03  -7.809417360439791e+02  -5.607323019265074e+02  1.792450660101114e-04  2.447956804695417e-04  1.128677849154781e-04
  2.300000000000001e+00  -1.568011062863573e+03  -2.617931294697587e+03  -3.472618798715509e+02  -1.688020887979271e+03  -6.066656778261134e+02  -3.707801931606083e+02  1.689989860513662e-04  2.446374438134481e-04  7.569090655794158e-05
  2.400000000000001e+00  -2.614513956540211e+03  -4.074456520401949e+03  -8.736600139423621e+02  -2.530177422360757e+03  -8.534768647308294e+02  -5.756147299583351e+02  2.665557907177332e-04  3.658145443427437e-04  9.541018790802370e-05
  2.500000000000001e+00  -4.851941082714119e+03  -7.080803518422414e+03  -2.021702605120859e+03  -4.175128294099108e+03  -1.638942445022054e+03  -1.223462529235363e+03  4.763529872587386e-04  6.287117373958970e-04  1.873770257161401e-04
  2.600000000000001e+00  -8.917861558038574e+03  -1.252273819345262e+04  -3.727208308532777e+03  -7.219180909295904e+03  -2.927729162218525e+03  -2.236260589290713e+03  8.615379768804416e-04  1.116454514166327e-03  3.462884816029871e-04
  2.700000000000001e+00  -2.029798066290921e+04  -2.640775846201998e+04  -9.460816983827108e+03  -1.463214728712474e+04  -5.876551025416271e+03  -4.698187312074298e+03  1.898714500455931e-03  2.333756775341249e-03  7.863209351465650e-04
  2.800000000000001e+00  -4.914428319121401e+04  -6.069927513598974e+04  -2.381097190033078e+04  -3.271484577461135e+04  -1.281189995498296e+04  -1.071199529036296e+04  4.486129368971922e-03  5.308207101380411e-03  1.876149301740677e-03
  2.900000000000001e+00  -1.061408807814110e+05  -1.296063434942033e+05  -5.026366957416404e+04  -6.993929698882991e+04  -2.688195812845417e+04  -2.292233425061163e+04  9.669488285910735e-03  1.139289110433271e-02  4.065662765489669e-03
  3.000000000000001e+00  -1.843150713169154e+05  -2.262226085741180e+05  -7.700033556063556e+04  -1.265815268128178e+05  -4.494773481220347e+04  -3.809934612983189e+04  1.695314958331224e-02  2.002291296155193e-02  6.667086035489445e-03
  3.100000000000001e+00  -2.689719692336762e+05  -3.302337659146097e+05  -9.349305539469808e+04  -1.959455391181085e+05  -6.132815291495658e+04  -5.265124763680698e+04  2.512705514307190e-02  2.934411072222585e-02  8.972677616275756e-03
  3.200000000000002e+00  -3.622872085717247e+05  -4.422765026891110e+05  -1.039207012045703e+05  -2.778358737765077e+05  -7.388711669049536e+04  -6.526204471059093e+04  3.419516949090958e-02  3.919025138557061e-02  1.053639217408290e-02
  3.300000000000002e+00  -4.610796774724969e+05  -5.622907540568650e+05  -1.088532797108658e+05  -3.728406385960346e+05  -8.522320165528133e+04  -7.757188354898736e+04  4.378717730019344e-02  4.974379424661706e-02  1.123880488021111e-02
  3.400000000000002e+00  -5.570356013779629e+05  -6.713905057523957e+05  -1.011848619595391e+05  -4.729907194085178e+05  -9.426236913291026e+04  -8.651930231108172e+04  5.313843954591235e-02  5.929668216364435e-02  1.066031562909995e-02
  3.500000000000002e+00  -6.820283923428816e+05  -7.903601599555913e+05  -1.075347686891297e+05  -5.850556357312035e+05  -1.126394642053018e+05  -1.088640468162755e+05  6.493135019806559e-02  6.954134304119990e-02  1.162501864339440e-02
  3.600000000000002e+00  -7.876099450100502e+05  -9.088690064524423e+05  -9.766140658450002e+04  -7.034692354050862e+05  -1.345922403781903e+05  -1.333393274152224e+05  7.502025315024913e-02  8.029695111589800e-02  1.241196880171732e-02
  3.700000000000002e+00  -9.005424481111414e+05  -1.041899970344645e+06  -6.393368580727870e+04  -8.430192828159881e+05  -1.485116701532897e+05  -1.480786361079718e+05  8.610639126477497e-02  9.270382428915906e-02  1.198173684273544e-02
  3.800000000000002e+00  -1.085236028873020e+06  -1.150901603531210e+06  -3.169851549863253e+04  -1.001890567764843e+06  -1.654976762679543e+05  -1.720531973086422e+05  1.034169131837707e-01  1.023449794263730e-01  1.306047997810605e-02
  3.900000000000002e+00  -1.317819114915050e+06  -1.168209001403135e+06  -2.382445391252504e+04  -1.139602851542602e+06  -2.083426528929954e+05  -2.383000132634550e+05  1.242236296353827e-01  1.028837365245722e-01  2.107229159461027e-02
  4.000000000000002e+00  -1.563883713161704e+06  -1.121945534062001e+06  -6.559792521255881e+04  -1.235491417998923e+06  -2.853037202320491e+05  -3.591212513318252e+05  1.444527239143614e-01  9.721205060769876e-02  3.930979675668223e-02
  4.100000000000001e+00  -1.769794768502610e+06  -1.079852853392080e+06  -1.364903430052185e+05  -1.298856421394672e+06  -3.850026549939290e+05  -5.069375439347103e+05  1.592255130336171e-01  9.315447040989194e-02  6.386609745430845e-02
  4.200000000000001e+00  -1.958261462403451e+06  -1.072810635149673e+06  -1.808302207091475e+05  -1.350478768270238e+06  -4.844035138977665e+05  -6.490914061118693e+05  1.713609964006635e-01  9.233188774444243e-02  8.754554409793258e-02
  4.300000000000001e+00  -1.923981667225350e+06  -1.015397243155694e+06  -1.131086479989126e+05  -1.390948405844313e+06  -5.706062386483307e+05  -7.477448840933343e+05  1.656835611902530e-01  9.267520461697729e-02  1.020645840068639e-01
  4.400000000000000e+00  -1.688857079018020e+06  -8.689817153640728e+05  1.514642945121287e+05  -1.406155099491742e+06  -5.784632379497339e+05  -7.109126451101693e+05  1.448976347486600e-01  8.816224827655639e-02  9.411178191088421e-02
  4.500000000000000e+00  -1.591819215214961e+06  -8.108914560940913e+05  4.166782646582648e+05  -1.449647960799578e+06  -5.314902681576121e+05  -6.471507056040148e+05  1.379551709836920e-01  8.811751180979568e-02  8.321610047431191e-02
  4.600000000000000e+00  -1.543791478471051e+06  -8.803943382829760e+05  5.679383557491511e+05  -1.526709901742705e+06  -4.869826198282944e+05  -6.094035832855954e+05  1.349396182717034e-01  9.669166769327650e-02  7.475995859125024e-02
  4.699999999999999e+00  -1.462453539732725e+06  -9.785326091466300e+05  6.303321660543930e+05  -1.589298769406702e+06  -4.535003545795975e+05  -5.913159750700437e+05  1.265278182069365e-01  1.052223771390863e-01  6.164197025730511e-02
  4.799999999999999e+00  -1.318533327998633e+06  -1.011081264707811e+06  6.550582406773993e+05  -1.607560447668686e+06  -4.163205885607863e+05  -5.781704665682963e+05  1.111709529608111e-01  1.062657703641114e-01  5.137850330928448e-02
  4.899999999999999e+00  -1.096318645699612e+06  -9.240631447513206e+05  6.872462265858536e+05  -1.586470116267373e+06  -3.834251512109936e+05  -5.704806569617520e+05  9.143852561329346e-02  9.536135201412696e-02  5.277453816382522e-02
  4.999999999999998e+00  -8.402440276230961e+05  -7.939357791115082e+05  7.621382849973674e+05  -1.563996482045231e+06  -3.588779235531355e+05  -5.953164314335625e+05  7.262998174551145e-02  8.101667439544794e-02  6.513416268968687e-02
  5.099999999999998e+00  -6.187241796152618e+05  -7.499249483275146e+05  8.401547306471462e+05  -1.554113483767697e+06  -3.445316141639129e+05  -6.699169394896898e+05  5.842739277063314e-02  7.199311011388096e-02  8.636892879859695e-02
  5.199999999999998e+00  -4.437591986458888e+05  -7.448209046140170e+05  9.704383251127820e+05  -1.529664604865185e+06  -3.216201568443899e+05  -7.158209075254267e+05  4.804300690438687e-02  6.307675734293924e-02  1.048415501033600e-01
  5.299999999999997e+00  -3.308841888893451e+05  -7.246371498950736e+05  1.099325724020614e+06  -1.501392422906808e+06  -2.849485983006697e+05  -6.686210251678561e+05  4.262773326107523e-02  5.101855595239011e-02  1.142047366459017e-01
  5.399999999999997e+00  -2.931611559468990e+05  -6.425479467973118e+05  1.199952815038964e+06  -1.477709504271211e+06  -2.483413094880690e+05  -4.912703538419454e+05  4.487950231491201e-02  3.222754539165030e-02  1.076949320680587e-01
  5.499999999999996e+00  -4.068585335668918e+05  -4.808571655497674e+05  1.296911541457231e+06  -1.429600331209011e+06  -1.839250640391611e+05  -2.291417394113128e+05  5.893768644218799e-02  4.907776892972872e-03  7.828704521099743e-02
  5.599999999999996e+00  -6.257602684777847e+05  -3.212307786124791e+05  1.280558282672432e+06  -1.349266283477676e+06  -5.159193007127582e+04  8.133644870588056e+02  7.771465536690154e-02  -2.052274871941371e-02  3.726569252144934e-02
  5.699999999999996e+00  -7.476638787953778e+05  -2.569308622075931e+05  1.115260281720289e+06  -1.274433279028530e+06  1.056703768869109e+05  1.641461070890084e+05  8.460975720034142e-02  -3.194192507564261e-02  1.306731544342244e-03
  5.799999999999995e+00  -7.444191312065881e+05  -3.029032741040469e+05  9.667414408829565e+05  -1.253878419482636e+06  2.252886337242513e+05  2.947222152247692e+05  7.804208002822959e-02  -2.711085532466895e-02  -2.723417268732025e-02
  5.899999999999995e+00  -7.124390770222953e+05  -3.879283958823170e+05  8.950370600973325e+05  -1.262736211463210e+06  3.235714237005546e+05  4.281665491862096e+05  6.666432850663612e-02  -1.657004093552235e-02  -5.548014440543621e-02
  5.999999999999995e+00  -6.566130947077378e+05  -4.217516541685035e+05  7.852170781972409e+05  -1.246018014974744e+06  4.135282043157632e+05  5.636724303987853e+05  5.260250682481855e-02  -1.147011925129151e-02  -7.624096012673282e-02
  6.099999999999994e+00  -5.283834692839127e+05  -3.684228069585755e+05  5.645938056846556e+05  -1.204340381634764e+06  4.487399170292987e+05  6.318321003639302e+05  3.415840482010862e-02  -1.480675583033843e-02  -7.692104625229178e-02
  6.199999999999994e+00  -3.732358777991840e+05  -2.369444604136830e+05  3.136715361550053e+05  -1.173878733752716e+06  4.185410397656866e+05  6.284010516415982e+05  1.892697320140690e-02  -2.399153778904341e-02  -6.450996183983093e-02
  6.299999999999994e+00  -2.530094810962386e+05  -4.248643824329018e+04  1.783899033748517e+05  -1.148091960156245e+06  3.799745726465057e+05  6.262669080260496e+05  9.753415141058101e-03  -3.642377467661214e-02  -5.528667093483565e-02
  6.399999999999993e+00  -1.600005646422526e+05  9.309447716279728e+04  1.449857003758835e+05  -1.087538995379464e+06  3.811526085116040e+05  6.375261508673828e+05  -1.711648917584147e-03  -4.464491277237981e-02  -5.835073475868921e-02
  6.499999999999993e+00  -5.770037728917501e+04  4.797719994514046e+04  1.473606953965512e+05  -9.758298792922228e+05  4.325068082612787e+05  6.569619986580748e+05  -2.305459276518577e-02  -4.292174579335046e-02  -7.676383873892238e-02
  6.599999999999993e+00  3.716984470897562e+04  -1.406135616289784e+05  1.590734277040237e+05  -8.549900676954921e+05  5.004343568560275e+05  6.973690414726285e+05  -4.889098801715477e-02  -3.344181413886337e-02  -1.026756880777742e-01
  6.699999999999992e+00  8.488698139601687e+04  -3.174322656438834e+05  1.216023063303808e+05  -7.766682162028122e+05  5.386135435785806e+05  7.320553709217268e+05  -6.641234966329185e-02  -2.452934711612087e-02  -1.214471465290255e-01
  6.799999999999992e+00  9.237319383093620e+04  -3.767393157994153e+05  2.835820101723054e+03  -7.396248648175084e+05  5.234528597186917e+05  7.326573444507000e+05  -7.233920340045953e-02  -2.466153022025389e-02  -1.278456742146516e-01
  6.899999999999991e+00  8.571771698500382e+04  -3.740118869770626e+05  -1.441947461371230e+05  -7.116667002202924e+05  4.549013870143336e+05  7.153137598894320e+05  -7.163323619796277e-02  -3.103609037342697e-02  -1.251428556925296e-01
  6.999999999999991e+00  5.486552893475543e+04  -4.079722387718288e+05  -2.418074694794693e+05  -6.813183430169426e+05  3.583738089650674e+05  6.994326522508106e+05  -6.630755932732590e-02  -3.703839465461117e-02  -1.179078173899389e-01
  7.099999999999991e+00  -7.390536482279477e+03  -4.709415425027172e+05  -2.578994880475175e+05  -6.637395294918503e+05  2.615977418939966e+05  6.808191385813731e+05  -5.781789938377015e-02  -4.184421223060170e-02  -1.094030810368828e-01
  7.199999999999990e+00  -8.404589653131185e+04  -5.221599907705736e+05  -2.589349753439491e+05  -6.732243725429825e+05  1.733087587341982e+05  6.450435805698815e+05  -4.938061009579549e-02  -4.436809012955300e-02  -9.992358639207222e-02
  7.299999999999990e+00  -1.463598314680573e+05  -5.423127180757343e+05  -3.004781894889215e+05  -6.973356550638244e+05  1.022699377333055e+05  5.877628189729843e+05  -4.273349615569672e-02  -4.550589612555001e-02  -8.815850344854124e-02
  7.399999999999990e+00  -1.893271472943964e+05  -5.326593860231139e+05  -3.459564760190696e+05  -7.146360693536272e+05  5.420615266813269e+04  5.130910022188656e+05  -3.667358186923964e-02  -4.857285013861166e-02  -7.336980576800871e-02
  7.499999999999989e+00  -2.437189999867453e+05  -5.265728051228747e+05  -3.506396434065166e+05  -7.307837278193294e+05  1.240029818889555e+04  4.211679454131006e+05  -2.924599301522730e-02  -5.160500756245491e-02  -5.600153488585399e-02
  7.599999999999989e+00  -3.123173312767107e+05  -5.382908033481446e+05  -3.031942598588249e+05  -7.485056129455438e+05  -3.788811208602800e+04  3.199468407351121e+05  -2.309656310459260e-02  -5.107208458906583e-02  -3.841229990443541e-02
  7.699999999999989e+00  -3.618333170140927e+05  -5.400698107477763e+05  -2.046473734628388e+05  -7.402358509837540e+05  -8.867140545572803e+04  2.230622244844147e+05  -2.313345615409464e-02  -4.973134447223394e-02  -2.286836047729134e-02
  7.799999999999988e+00  -3.812262679587624e+05  -5.189713372619323e+05  -8.544287814693102e+04  -6.963873229077372e+05  -1.271876186179879e+05  1.386725728383979e+05  -2.874618855399095e-02  -5.030377324675565e-02  -1.014945550312552e-02
  7.899999999999988e+00  -3.982471179462718e+05  -5.022065876190825e+05  -4.233683255983651e+03  -6.484122654361037e+05  -1.561394165157123e+05  7.272387863065222e+04  -3.435826135735177e-02  -4.993162486304949e-02  -2.426512971968598e-04
  7.999999999999988e+00  -4.281932510286125e+05  -5.092042276514356e+05  1.771334657051862e+04  -6.147766985727734e+05  -1.948806378818738e+05  1.018967611107900e+04  -3.865560218274597e-02  -4.751542086637756e-02  9.351185819969653e-03
  8.099999999999987e+00  -4.505501040935304e+05  -5.246501239587058e+05  2.209015811123007e+04  -5.836674120947148e+05  -2.516960007654461e+05  -7.404385427714784e+04  -4.546067364837045e-02  -4.536093435809568e-02  2.029764190006636e-02
  8.199999999999987e+00  -4.706774881530890e+05  -5.434426249583985e+05  4.066179629449151e+04  -5.636104025987702e+05  -3.074241029275515e+05  -1.694718000592234e+05  -5.308429197914578e-02  -4.173277482050461e-02  2.878958781919036e-02
  8.299999999999986e+00  -5.214250263911323e+05  -5.826241488647555e+05  5.289430134225059e+04  -5.833827392047399e+05  -3.382920557296581e+05  -2.497751013334544e+05  -5.501543030892918e-02  -3.309279886772098e-02  3.199765167033819e-02
  8.399999999999986e+00  -6.070772076621404e+05  -6.452251051315572e+05  3.126459162554223e+04  -6.393013005080168e+05  -3.405948413500127e+05  -3.143255711199555e+05  -4.929915886584749e-02  -2.201919443818085e-02  3.272098376649794e-02
  8.499999999999986e+00  -7.110437314333821e+05  -7.123767935339211e+05  -3.336790828571965e+03  -6.994443624871848e+05  -3.291087372911268e+05  -3.659531861917856e+05  -3.853036689472517e-02  -1.385904654947546e-02  3.451765996844096e-02
  8.599999999999985e+00  -8.171747917421137e+05  -7.715612305478626e+05  -1.647043392305076e+03  -7.518419707588326e+05  -3.254885651768093e+05  -3.952964058528938e+05  -2.630142342640183e-02  -7.583203182726360e-03  3.962805865315441e-02
  8.699999999999985e+00  -8.945025646053929e+05  -8.260078615324328e+05  4.718562298403018e+04  -8.044301818138676e+05  -3.402375415373372e+05  -4.020784724132383e+05  -1.635332814158420e-02  1.433952860738891e-03  4.839363217686776e-02
  8.799999999999985e+00  -9.211214103332174e+05  -8.732563621981249e+05  1.092446905134713e+05  -8.584353212918453e+05  -3.572906062022371e+05  -3.992182416093595e+05  -1.031866756091548e-02  1.262427056402674e-02  5.667941606580305e-02
  8.899999999999984e+00  -9.126975911661756e+05  -8.980017100765005e+05  1.633748222021683e+05  -9.040317776137623e+05  -3.542013696311427e+05  -3.961932297901639e+05  -7.104382640287484e-03  2.097979751969025e-02  5.955553501632434e-02
  8.999999999999984e+00  -8.905748444926101e+05  -8.937587393010218e+05  2.188953082480668e+05  -9.346897717732562e+05  -3.333849572623508e+05  -3.942132241485475e+05  -5.734727969540680e-03  2.461460866562031e-02  5.795080455255205e-02
  9.099999999999984e+00  -8.558073302629637e+05  -8.740930891912384e+05  2.796004919335395e+05  -9.523216727988842e+05  -3.115625827533307e+05  -3.899926985613705e+05  -6.475006280807815e-03  2.620353711970427e-02  5.600841296236173e-02
  9.199999999999983e+00  -8.118414887939447e+05  -8.597907562778218e+05  3.346651869958320e+05  -9.607751713235429e+05  -2.956748160913192e+05  -3.842594826027862e+05  -8.766272388718167e-03  2.775314429406941e-02  5.507515759482564e-02
  9.299999999999983e+00  -7.706058662985776e+05  -8.570733070675775e+05  3.839396304928085e+05  -9.656831788935805e+05  -2.799823117337112e+05  -3.858366125944880e+05  -1.108737471622650e-02  2.852475471350232e-02  5.454055540141819e-02
  9.399999999999983e+00  -7.348449726064411e+05  -8.525675372919809e+05  4.289419730709621e+05  -9.750783910198489e+05  -2.561006509636851e+05  -3.990830959859204e+05  -1.239507969552307e-02  2.838296609196633e-02  5.490909674965022e-02
  9.499999999999982e+00  -7.026596762821806e+05  -8.354669392910416e+05  4.598915296850047e+05  -9.895784210109959e+05  -2.222605827889459e+05  -4.117441044763479e+05  -1.236678984677345e-02  2.912124691955165e-02  5.606934476411234e-02
  9.599999999999982e+00  -6.826693526849402e+05  -8.188744095929469e+05  4.788112434667808e+05  -1.002858032177685e+06  -1.849453913852912e+05  -4.054691820372035e+05  -1.079108317916461e-02  3.174902585279044e-02  5.507073631448049e-02
  9.699999999999982e+00  -6.876572641149813e+05  -8.202405326499491e+05  5.036547899481822e+05  -1.017343752652167e+06  -1.499078722662866e+05  -3.761629550539833e+05  -7.029256744985560e-03  3.496266074496083e-02  4.932287047049503e-02
  9.799999999999981e+00  -7.176466499513621e+05  -8.254185320863295e+05  5.362495920872892e+05  -1.039984741711592e+06  -1.156853188379897e+05  -3.367175598317169e+05  -8.975812087240333e-04  3.630014326754218e-02  4.030273490829420e-02
  9.899999999999981e+00  -7.578530185200808e+05  -8.038096823068904e+05  5.560406474262134e+05  -1.065930728966838e+06  -8.149389266496715e+04  -3.021453647392482e+05  6.127369316109519e-03  3.467694643432669e-02  3.243757972411817e-02
  9.999999999999980e+00  -7.893926033745965e+05  -7.537063630123299e+05  5.490040717568361e+05  -1.085199355792792e+06  -5.217303288662421e+04  -2.773560269714491e+05  1.156182150227856e-02  3.146483205427445e-02  2.872430736522218e-02
  1.009999999999998e+01  -7.991850110458434e+05  -7.027443873931229e+05  5.218399660302225e+05  -1.096408990442913e+06  -3.007869845051856e+04  -2.572784537586363e+05  1.367449014408753e-02  2.840943514251634e-02  2.718664095644666e-02
  1.019999999999998e+01  -7.853573880749099e+05  -6.688130085750349e+05  4.934454050255609e+05  -1.100727189654247e+06  -1.192991661303102e+04  -2.328682309702700e+05  1.247866252364532e-02  2.536127268145846e-02  2.278446794265654e-02
  1.029999999999998e+01  -7.551666109781255e+05  -6.417076958186877e+05  4.791002138290244e+05  -1.094490026566733e+06  2.876805738195017e+03  -1.977031791129359e+05  9.137922573524408e-03  2.114517441242754e-02  1.333726886516332e-02
  1.039999999999998e+01  -7.183866515786578e+05  -6.057292371959561e+05  4.726877572076650e+05  -1.076026452978106e+06  9.132837442540053e+03  -1.538441081317475e+05  5.188687920221486e-03  1.553893748570039e-02  2.015953429169521e-03
  1.049999999999998e+01  -6.822175014970804e+05  -5.637798185223283e+05  4.538666763089421e+05  -1.052175345300130e+06  3.664271288162076e+03  -1.103877983654062e+05  2.046139396665929e-03  9.475739770122844e-03  -6.715769089049427e-03
  1.059999999999998e+01  -6.527729064771690e+05  -5.311205878519396e+05  4.178845817859253e+05  -1.033850337689926e+06  -6.676043449511846e+03  -7.603363369833941e+04  4.153186814068461e-04  4.058983489569865e-03  -1.183800852506505e-02
  1.069999999999998e+01  -6.399983535879316e+05  -5.158883717316893e+05  3.789991216352139e+05  -1.025336243158717e+06  -1.050107485965574e+04  -5.366014737283938e+04  2.835947141071648e-04  -3.973032521917934e-04  -1.533234125248248e-02
  1.079999999999998e+01  -6.489644216662899e+05  -5.130589534540218e+05  3.448417182481127e+05  -1.018706483576947e+06  -7.198094875769734e+03  -3.920191991255081e+04  9.897764710358429e-04  -4.739318493645750e-03  -1.892335005440324e-02
  1.089999999999998e+01  -6.673031264304136e+05  -5.158575730993244e+05  3.097708484239707e+05  -1.004506106235171e+06  -7.916622032599598e+03  -2.633351931013533e+04  1.202650141281759e-03  -9.599729764205147e-03  -2.226588504737535e-02
  1.099999999999998e+01  -6.776479463484357e+05  -5.266832960209873e+05  2.750487028705078e+05  -9.865482657522751e+05  -1.755787704679336e+04  -1.268909100564607e+04  2.129473927075495e-04  -1.361909483856263e-02  -2.389706570838096e-02
  1.109999999999998e+01  -6.793749684772870e+05  -5.494601025258423e+05  2.532265288652192e+05  -9.767114991087873e+05  -2.760013519088995e+04  4.530116982809502e+01  -9.147518849874221e-04  -1.477842007589805e-02  -2.358139159569010e-02
  1.119999999999998e+01  -6.820915636449722e+05  -5.750931685282332e+05  2.459061225708303e+05  -9.770603601350469e+05  -3.049311807861612e+04  1.110145194818841e+04  -6.230355781261302e-04  -1.341409189157848e-02  -2.267908319297185e-02
  1.129999999999998e+01  -6.818876749290848e+05  -5.880067321758190e+05  2.382908672965768e+05  -9.772135812507021e+05  -2.990359924370422e+04  2.231371203868124e+04  7.394303275475538e-04  -1.208536210858933e-02  -2.239591530717218e-02
  1.139999999999998e+01  -6.624863371992501e+05  -5.873184213037360e+05  2.211504630055119e+05  -9.696293609042398e+05  -3.374204150873103e+04  3.464226461673828e+04  9.551698698595355e-04  -1.248045202085028e-02  -2.254576327671834e-02
  1.149999999999998e+01  -6.195767305222186e+05  -5.849977716220686e+05  2.006473784127033e+05  -9.588246122778631e+05  -4.677068142831423e+04  4.597583302361595e+04  -1.223217322111963e-03  -1.400713022158813e-02  -2.194972969452531e-02
  1.159999999999997e+01  -5.719045931923335e+05  -5.851165117397117e+05  1.848829480941859e+05  -9.525878085550428e+05  -6.961740344749580e+04  5.226157057630886e+04  -4.382616923589740e-03  -1.546803485095548e-02  -1.972951283724718e-02
  1.169999999999997e+01  -5.443273952743039e+05  -5.835214424348173e+05  1.744167621479896e+05  -9.512437642457207e+05  -9.616881740060959e+04  5.042833406638268e+04  -6.238035510453842e-03  -1.656985563810745e-02  -1.619729819047198e-02
  1.179999999999997e+01  -5.430871268961257e+05  -5.837171175552959e+05  1.682857811465861e+05  -9.511356189477524e+05  -1.147294072867755e+05  4.040545434481013e+04  -6.222420807201327e-03  -1.717731691063411e-02  -1.253783983892397e-02
  1.189999999999997e+01  -5.532506489223099e+05  -5.955382580115383e+05  1.671392037599673e+05  -9.531057896416592e+05  -1.184950238465593e+05  2.382891147604174e+04  -5.484847121205070e-03  -1.626696128060438e-02  -9.693445833305956e-03
  1.199999999999997e+01  -5.570607183976365e+05  -6.192505736754773e+05  1.671654602692554e+05  -9.598871307393743e+05  -1.127988431552165e+05  3.067110443197144e+03  -4.946651859584006e-03  -1.298786742488535e-02  -7.735430121867180e-03
  1.209999999999997e+01  -5.504648618212605e+05  -6.437935152821376e+05  1.616517459118149e+05  -9.687597703658397e+05  -1.088514564750067e+05  -1.701605992142672e+04  -4.382830937450777e-03  -8.298805974474573e-03  -6.196400345878410e-03
  1.219999999999997e+01  -5.438809837341848e+05  -6.610031803416003e+05  1.513573091704709e+05  -9.737946227525159e+05  -1.120312879422721e+05  -2.963141035660800e+04  -3.338617939709175e-03  -4.450086079741465e-03  -4.801819332859656e-03
  1.229999999999997e+01  -5.490048509096612e+05  -6.717463550484723e+05  1.462878665128440e+05  -9.744279885527469e+05  -1.184840821849047e+05  -3.179778128780985e+04  -2.029406043616591e-03  -2.949985435717244e-03  -3.850444508536763e-03
  1.239999999999997e+01  -5.684469266517259e+05  -6.781829311989400e+05  1.548075294539149e+05  -9.768107947117429e+05  -1.204134396378812e+05  -2.915834908150248e+04  -8.838901393438111e-04  -3.397285375399858e-03  -3.771796906965376e-03
  1.249999999999997e+01  -5.972938544011323e+05  -6.781392018377180e+05  1.740032553456485e+05  -9.850343170130308e+05  -1.130694288526995e+05  -3.150752391194489e+04  2.449998239597677e-04  -4.344477741349921e-03  -4.293958354197274e-03
  1.259999999999997e+01  -6.290796450433726e+05  -6.680695530565588e+05  1.918124667792720e+05  -9.938228959589507e+05  -9.896113903792181e+04  -4.225818677295895e+04  1.851775525010118e-03  -4.778844262200290e-03  -4.466981897973320e-03
  1.269999999999997e+01  -6.586508195577018e+05  -6.482570345276622e+05  1.995855889883049e+05  -9.932851682322467e+05  -8.580593782586466e+04  -5.537327877186199e+04  3.852240486684126e-03  -4.349871246587990e-03  -3.748197062744729e-03
  1.279999999999997e+01  -6.821694188022129e+05  -6.252969730808021e+05  2.031672450846446e+05  -9.805717069490009e+05  -7.889586666480926e+04  -6.262025157261968e+04  5.280471252956019e-03  -2.999745865026818e-03  -2.592988665565297e-03
  1.289999999999997e+01  -6.979136354936644e+05  -6.087978380495879e+05  2.176281397974783e+05  -9.647794014219026e+05  -7.540971328654702e+04  -6.072754821263132e+04  5.218979744154495e-03  -1.046390374793045e-03  -1.666181053514932e-03
  1.299999999999997e+01  -7.079220128171814e+05  -6.035709575791693e+05  2.475164554379609e+05  -9.597758633916049e+05  -6.824608932609767e+04  -5.118545649311960e+04  3.816405152655714e-03  8.510123891534966e-04  -1.084338857655873e-03
  1.309999999999997e+01  -7.166000176984135e+05  -6.056147080565202e+05  2.779137587618820e+05  -9.713466091061622e+05  -5.571761482708956e+04  -3.650197752809884e+04  2.188074214910316e-03  2.114168449244247e-03  -7.099235163183419e-04
  1.319999999999997e+01  -7.267591509907278e+05  -6.086357376096613e+05  2.906372576171365e+05  -9.909821325313146e+05  -4.391807895600118e+04  -1.971480493871819e+04  1.365974655465049e-03  2.483338024113127e-03  -3.803685027364465e-04
  1.329999999999997e+01  -7.363984014552417e+05  -6.126833304769116e+05  2.838682113901122e+05  -1.003822058060713e+06  -3.819203575315743e+04  -6.055164661825688e+03  1.357858877567382e-03  2.123078368986569e-03  3.315056706283498e-04
  1.339999999999997e+01  -7.400143837352713e+05  -6.214317279247420e+05  2.706526454228444e+05  -1.003155933570422e+06  -3.677896503127044e+04  -1.803149620669916e+03  1.445895945507876e-03  1.757822884857249e-03  1.985857183897599e-03
  1.349999999999997e+01  -7.344213501718518e+05  -6.330151609492392e+05  2.632475558580561e+05  -9.945669544647686e+05  -3.521807658378207e+04  -9.225292276963746e+03  1.266843351632666e-03  2.259308487031306e-03  4.584702011008019e-03
  1.359999999999997e+01  -7.229045152554320e+05  -6.401092668354349e+05  2.639787102065451e+05  -9.862183504582477e+05  -3.401875238577946e+04  -2.272378694942849e+04  1.156744186444855e-03  3.706630187612573e-03  7.285762900819998e-03
  1.369999999999997e+01  -7.125669910673385e+05  -6.387884501690285e+05  2.671076059019417e+05  -9.800323441810688e+05  -3.866481440651677e+04  -3.201082724194917e+04  1.441854951464376e-03  5.011448967307588e-03  9.113222217547939e-03
  1.379999999999997e+01  -7.066196850232151e+05  -6.321431867154343e+05  2.635217526970888e+05  -9.744642581792193e+05  -5.171197315114619e+04  -3.109498670019062e+04  1.767121338963890e-03  4.984565190071012e-03  9.715255876024120e-03
  1.389999999999997e+01  -7.015048738749794e+05  -6.251112047608807e+05  2.472782815532782e+05  -9.712685687874686e+05  -6.810490296184015e+04  -2.466619135764594e+04  1.381130751781603e-03  3.822121761135190e-03  9.394355612602795e-03
  1.399999999999997e+01  -6.942295817935024e+05  -6.209138276451193e+05  2.243332248103648e+05  -9.741595210645322e+05  -8.049024905305276e+04  -2.452886788802251e+04  1.172187456521882e-04  2.849705706208009e-03  8.808267847601027e-03
  1.409999999999997e+01  -6.883826192165709e+05  -6.219945785031900e+05  2.117199866289994e+05  -9.818385248826246e+05  -8.677345785742642e+04  -3.833281517915960e+04  -1.038351355665812e-03  2.810760992492685e-03  8.536036048072107e-03
  1.419999999999997e+01  -6.886223396492284e+05  -6.279666602813774e+05  2.218628365499716e+05  -9.877739933404839e+05  -9.022306485508903e+04  -6.148868853673796e+04  -6.851599192887703e-04  3.084589307764155e-03  8.587685022103320e-03
  1.429999999999997e+01  -6.927771007338207e+05  -6.325099658192378e+05  2.475025715662176e+05  -9.888889989666865e+05  -9.394473842702100e+04  -8.167472295805256e+04  1.530401818434232e-03  2.711837024348331e-03  8.374087756227035e-03
  1.439999999999996e+01  -6.932607792262840e+05  -6.279076012687271e+05  2.671996151884194e+05  -9.902741380432860e+05  -9.696451031986452e+04  -9.030576160452190e+04  4.464996315554082e-03  1.815695760111087e-03  7.266887486439188e-03
  1.449999999999996e+01  -6.866081625229826e+05  -6.148037951833344e+05  2.676662818058842e+05  -9.977734767507764e+05  -9.626067788264096e+04  -8.852017273877370e+04  6.547522150760445e-03  1.466870903515755e-03  5.421467600715549e-03
  1.459999999999996e+01  -6.782940277617661e+05  -6.036720563112230e+05  2.568044777598944e+05  -1.008523870494389e+06  -9.180601955699020e+04  -8.376470269768835e+04  7.032846547688737e-03  2.234491797747200e-03  3.908961668851808e-03
  1.469999999999996e+01  -6.752254816020314e+05  -6.029098853712825e+05  2.525710135595123e+05  -1.012362481693737e+06  -8.739715937110172e+04  -8.238784177342511e+04  6.165732892320978e-03  3.496223575946255e-03  3.657597946670679e-03
  1.479999999999996e+01  -6.772710250352958e+05  -6.080262505271069e+05  2.630347833748106e+05  -1.002421626792746e+06  -8.675953072779924e+04  -8.562952261568002e+04  4.570654893700295e-03  4.154178292609215e-03  4.452305724138198e-03
  1.489999999999996e+01  -6.787603482066165e+05  -6.064788591744843e+05  2.813801989698121e+05  -9.824566340970257e+05  -9.001690460128570e+04  -9.077829763112483e+04  2.773174583627505e-03  3.665074473468592e-03  5.159241892157534e-03
  1.499999999999996e+01  -6.757364133263595e+05  -5.923038096777310e+05  2.961982396052564e+05  -9.632569895584907e+05  -9.388392515516678e+04  -9.386476932588888e+04  1.104757639242874e-03  2.411713726177940e-03  4.728648578687005e-03
  1.509999999999996e+01  -6.696311002825282e+05  -5.729064427338922e+05  3.025630843077119e+05  -9.532883309207496e+05  -9.493160685424593e+04  -9.105246237292622e+04  -1.611752228362671e-04  1.215241549441762e-03  2.977840780480515e-03
  1.519999999999996e+01  -6.653329514336754e+05  -5.617352277668276e+05  3.031947986795732e+05  -9.533879828254045e+05  -9.201465909815262e+04  -8.054783597727118e+04  -8.232993393607376e-04  6.624842057981161e-04  5.638558161761713e-04
  1.529999999999996e+01  -6.663022096853151e+05  -5.658981237313171e+05  3.020747047915682e+05  -9.585666631928191e+05  -8.599591072144613e+04  -6.423563942858166e+04  -8.643443159576674e-04  8.722484757661277e-04  -1.719322569181325e-03
  1.539999999999996e+01  -6.714284815392224e+05  -5.813189954889097e+05  3.019328479573010e+05  -9.631519695925998e+05  -7.904242496324472e+04  -4.698217582761278e+04  -4.501191178708358e-04  1.510262723778937e-03  -3.501984449691475e-03
  1.549999999999996e+01  -6.770168673762669e+05  -5.982620523626744e+05  3.051623570235680e+05  -9.645460565975866e+05  -7.370177691201077e+04  -3.438676797392163e+04  4.942186352183617e-05  2.035786304594890e-03  -4.836848189643873e-03
  1.559999999999996e+01  -6.806862928557681e+05  -6.092572910354966e+05  3.107168664322308e+05  -9.633946582135062e+05  -7.075088647485168e+04  -2.967739800106523e+04  1.490446712999730e-04  2.115382232261708e-03  -6.016526995668352e-03
  1.569999999999996e+01  -6.828272918051548e+05  -6.126687829539565e+05  3.114970923528136e+05  -9.614294150748168e+05  -6.847055305786108e+04  -3.243280613893803e+04  -5.205956827159414e-04  1.676066040296667e-03  -7.285615897241511e-03
  1.579999999999996e+01  -6.840466107569428e+05  -6.113877962330027e+05  2.990082386676840e+05  -9.592723034187913e+05  -6.450400901435960e+04  -3.952965221984515e+04  -1.938437607748061e-03  7.912150150378267e-04  -8.552704659605396e-03
  1.589999999999996e+01  -6.824158117865176e+05  -6.098646120658810e+05  2.718826457485548e+05  -9.559496033179711e+05  -5.843592443794805e+04  -4.723194557497824e+04  -3.557543213288189e-03  -2.702490812234490e-04  -9.480847107791202e-03
  1.599999999999996e+01  -6.749936693494316e+05  -6.121563564395007e+05  2.396375566146064e+05  -9.509129131679457e+05  -5.284375254216457e+04  -5.348553463403134e+04  -4.653864113426082e-03  -1.104794972048336e-03  -9.721152462650854e-03
  1.609999999999996e+01  -6.613172392186644e+05  -6.203989310228974e+05  2.155735507204120e+05  -9.457235309121007e+05  -5.062262871062023e+04  -5.819998771373067e+04  -4.932666013870061e-03  -1.389379228888706e-03  -9.215629423791571e-03
  1.619999999999996e+01  -6.450253883815394e+05  -6.334637651324854e+05  2.057047053229892e+05  -9.431823783602663e+05  -5.206054352549680e+04  -6.207654974509273e+04  -4.809553769484352e-03  -1.138465656913524e-03  -8.346394562171042e-03
  1.629999999999996e+01  -6.317893358326565e+05  -6.470504549242186e+05  2.062031234988136e+05  -9.449639378218297e+05  -5.554659842749453e+04  -6.493528037753016e+04  -5.003949365526345e-03  -7.115539122656055e-04  -7.655459613183526e-03
  1.639999999999996e+01  -6.259796948213703e+05  -6.562270159618594e+05  2.090908343818905e+05  -9.499525737657208e+05  -5.945344483899969e+04  -6.550156473319741e+04  -5.715430337687042e-03  -3.723622209423280e-04  -7.569515671057206e-03
  1.649999999999996e+01  -6.289807868824117e+05  -6.589436380289664e+05  2.091027978624105e+05  -9.558104746502542e+05  -6.364150365293807e+04  -6.375989289157891e+04  -6.372944664686951e-03  -8.948050871799381e-05  -8.149799572634715e-03
  1.659999999999997e+01  -6.384056805622698e+05  -6.568599056683391e+05  2.061043417929651e+05  -9.614291574146474e+05  -6.870433834351208e+04  -6.241395020080660e+04  -6.179181922009671e-03  2.715271213962026e-04  -8.933834873644807e-03
  1.669999999999997e+01  -6.489985723562464e+05  -6.529708368503178e+05  2.020320367291827e+05  -9.666155007522379e+05  -7.409293203773115e+04  -6.524387513341963e+04  -4.817561351733633e-03  7.149566403247533e-04  -9.169774276570820e-03
  1.679999999999997e+01  -6.557315477324427e+05  -6.491857660838844e+05  1.982566643724182e+05  -9.706411681042514e+05  -7.874412927023471e+04  -7.338630773432042e+04  -2.714551355079624e-03  9.814829595202463e-04  -8.282086393078350e-03
  1.689999999999997e+01  -6.570390514302411e+05  -6.458843073437188e+05  1.959716500734735e+05  -9.721465340133909e+05  -8.217264874334249e+04  -8.365204962759506e+04  -6.782905695051515e-04  8.141808911282777e-04  -6.306446280589816e-03
  1.699999999999997e+01  -6.559292005994824e+05  -6.430919562512167e+05  1.964095113491788e+05  -9.710504000041198e+05  -8.453010250470572e+04  -9.145891943350290e+04  6.551080763390268e-04  2.922415450646312e-04  -3.880597298056875e-03
  1.709999999999997e+01  -6.569901687871056e+05  -6.413105324076794e+05  2.003032887444875e+05  -9.698441771464058e+05  -8.619533956741501e+04  -9.445375094460208e+04  1.126324730284153e-03  -2.523543681606768e-04  -1.765668608415473e-03
  1.719999999999997e+01  -6.628244090808437e+05  -6.413295791349399e+05  2.067804322397692e+05  -9.716176033663322e+05  -8.740943549267358e+04  -9.309594038109014e+04  1.100235286324591e-03  -5.570102602271217e-04  -3.579186179508239e-04
  1.729999999999998e+01  -6.725900470912000e+05  -6.437195445482113e+05  2.136385195800973e+05  -9.766985569493140e+05  -8.852499067194623e+04  -8.818688784110760e+04  1.182872569139851e-03  -6.640677540991580e-04  4.093170713356951e-04
  1.739999999999998e+01  -6.832195315459894e+05  -6.482390246113059e+05  2.187894973886149e+05  -9.819549949573735e+05  -9.003000419479019e+04  -7.970936781199199e+04  1.778339800812647e-03  -7.993878942165972e-04  8.538464201606131e-04
  1.749999999999998e+01  -6.911634817490596e+05  -6.533454386016538e+05  2.220974492819752e+05  -9.839303082239968e+05  -9.207272319872696e+04  -6.805455138911436e+04  2.770668371656787e-03  -1.137033001902924e-03  1.377849840006559e-03
  1.759999999999998e+01  -6.933549905344595e+05  -6.565423455290940e+05  2.252749923432856e+05  -9.821503540418539e+05  -9.366047664804285e+04  -5.552976931694392e+04  3.601022463215544e-03  -1.687199780818459e-03  2.299016703254669e-03
  1.769999999999998e+01  -6.883297939010276e+05  -6.555500378684343e+05  2.301236033368766e+05  -9.795360385960198e+05  -9.299114134707302e+04  -4.575430896999379e+04  3.675823540531931e-03  -2.347297672305851e-03  3.696559826065105e-03
  1.779999999999998e+01  -6.774749977819573e+05  -6.491917947208566e+05  2.372592846718211e+05  -9.793728955673121e+05  -8.855858620645928e+04  -4.101565741965577e+04  2.830856695268688e-03  -2.934065697382437e-03  5.320958375253588e-03
  1.789999999999998e+01  -6.647761218280568e+05  -6.375175919107816e+05  2.457126378864615e+05  -9.822324564845518e+05  -8.062831617627904e+04  -4.075752964325019e+04  1.468615570937598e-03  -3.233500143818742e-03  6.647020144740760e-03
  1.799999999999999e+01  -6.547743976913632e+05  -6.219800637830136e+05  2.535997018912938e+05  -9.858913792693998e+05  -7.162883929177080e+04  -4.269442331321860e+04  2.485927463056254e-04  -3.083215073042450e-03  7.212193624629810e-03
  1.809999999999999e+01  -6.497062542039003e+05  -6.060760945172762e+05  2.590447644073757e+05  -9.875641228405907e+05  -6.478949393575523e+04  -4.485480226776668e+04  -3.822366562830141e-04  -2.462974913852177e-03  6.910505600237210e-03
  1.819999999999999e+01  -6.484951014756376e+05  -5.949689308079277e+05  2.605838276638605e+05  -9.863933632340747e+05  -6.256463699225847e+04  -4.625202841215558e+04  -4.131433432637240e-04  -1.556572387401580e-03  5.971796135513685e-03
  1.829999999999999e+01  -6.486262505205997e+05  -5.928346364965816e+05  2.578382983154325e+05  -9.840246674764102e+05  -6.548083646033515e+04  -4.622170944258160e+04  -1.415597393780655e-04  -6.751023844236186e-04  4.782545646859884e-03
  1.839999999999999e+01  -6.483096200935002e+05  -5.998323093109238e+05  2.520037521837975e+05  -9.830226661383499e+05  -7.211170623681523e+04  -4.404283394575421e+04  9.997064638545251e-05  -1.241408238088567e-04  3.668233412034112e-03
  1.849999999999999e+01  -6.474183645685647e+05  -6.119042733347953e+05  2.453646153241285e+05  -9.847904212088371e+05  -7.977709817919745e+04  -3.961942080823144e+04  1.626113931765813e-04  -3.970718378203675e-05  2.834857801176006e-03
  1.859999999999999e+01  -6.468542043927113e+05  -6.238961132761578e+05  2.405206534337311e+05  -9.886046134462600e+05  -8.566591672377106e+04  -3.423613194938459e+04  1.345894510238740e-04  -3.185178217801827e-04  2.450675323413696e-03
  1.870000000000000e+01  -6.472046623274594e+05  -6.325739591094172e+05  2.394102033451857e+05  -9.922681095220431e+05  -8.827585921411746e+04  -2.982976357436268e+04  2.554064069718927e-04  -7.421557218686355e-04  2.590252780868009e-03
  1.880000000000000e+01  -6.486222240444035e+05  -6.368089138380249e+05  2.423667323950104e+05  -9.936922633534087e+05  -8.779131420890683e+04  -2.759752885802551e+04  7.271541188751031e-04  -1.115990956652589e-03  3.117788862216971e-03
  1.890000000000000e+01  -6.508442141099530e+05  -6.360759383609052e+05  2.479195607954010e+05  -9.921633947802132e+05  -8.554273632332988e+04  -2.727405383007216e+04  1.491815469815448e-03  -1.371541792650867e-03  3.662359002876756e-03
  1.900000000000000e+01  -6.530282965494893e+05  -6.301394028161461e+05  2.534853493928336e+05  -9.883898350173545e+05  -8.311373377224295e+04  -2.767652624830887e+04  2.184718239514559e-03  -1.567389908240418e-03  3.816117829690283e-03
  1.910000000000000e+01  -6.539870020956899e+05  -6.204773928091057e+05  2.571428569846102e+05  -9.837710455792753e+05  -8.155791632947688e+04  -2.791949072782502e+04  2.369477841159678e-03  -1.791676074787921e-03  3.482463903985497e-03
  1.920000000000000e+01  -6.529499529188606e+05  -6.110120890333316e+05  2.590732549182261e+05  -9.794530644602464e+05  -8.095390378027598e+04  -2.797100199597652e+04  1.888421759793065e-03  -2.061582597158932e-03  2.971837122754099e-03
  1.930000000000000e+01  -6.509308784074355e+05  -6.061415072851441e+05  2.614496567879032e+05  -9.757773500939638e+05  -8.034964160422767e+04  -2.830316819272437e+04  1.066452181773994e-03  -2.260054361673882e-03  2.785930559462790e-03
  1.940000000000001e+01  -6.510577785665902e+05  -6.075726260969795e+05  2.664904245223086e+05  -9.727152991943116e+05  -7.847867684877520e+04  -2.936001937036689e+04  5.378021332395617e-04  -2.152450180208780e-03  3.230777305094683e-03
  1.950000000000001e+01  -6.566747350856219e+05  -6.131048495083823e+05  2.740964436528910e+05  -9.703418633727878e+05  -7.490130765545745e+04  -3.142418876479015e+04  7.725330852563427e-04  -1.521340417061812e-03  4.141627915771337e-03
  1.960000000000001e+01  -6.682521438448051e+05  -6.186143496704902e+05  2.814862514480660e+05  -9.688158131369904e+05  -7.062272625241471e+04  -3.451789249187852e+04  1.744404270718851e-03  -3.635270678882908e-04  4.990258075769543e-03
  1.970000000000001e+01  -6.819546552612083e+05  -6.214491869710906e+05  2.851188944397119e+05  -9.680326066365649e+05  -6.756953912755921e+04  -3.824146185658870e+04  2.987726645356457e-03  9.941307596813547e-04  5.211015649620770e-03
  1.980000000000001e+01  -6.918046999454790e+05  -6.221379838418697e+05  2.833133198390079e+05  -9.673532755783658e+05  -6.743315878651581e+04  -4.159929620306031e+04  3.968876193057492e-03  2.008330878955831e-03  4.529988818567815e-03
  1.990000000000001e+01  -6.935422177635233e+05  -6.230223572990660e+05  2.773341784629772e+05  -9.660780024999576e+05  -7.072036493554809e+04  -4.329839243023939e+04  4.451783319875605e-03  2.271170063918467e-03  3.125092994245338e-03
