TITLE = "Temporal Signal for receiver number 02345"
VARIABLES = "Time","xx","yy","zz","xy","yz","xz","u","v","w"
# x1       3.596205160000e+05
# x2       4.735490050000e+06
# x3       -2.000000000000e+03
  0.000000000000000e+00  0.000000000000000e+00  0.000000000000000e+00  0.000000000000000e+00  0.000000000000000e+00  0.000000000000000e+00  0.000000000000000e+00  0.000000000000000e+00  0.000000000000000e+00  0.000000000000000e+00
  1.000000000000000e-01  0.000000000000000e+00  0.000000000000000e+00  0.000000000000000e+00  0.000000000000000e+00  0.000000000000000e+00  0.000000000000000e+00  0.000000000000000e+00  0.000000000000000e+00  0.000000000000000e+00
  2.000000000000000e-01  0.000000000000000e+00  0.000000000000000e+00  0.000000000000000e+00  0.000000000000000e+00  0.000000000000000e+00  0.000000000000000e+00  0.000000000000000e+00  0.000000000000000e+00  0.000000000000000e+00
  3.000000000000000e-01  -1.882113989723728e-24  -1.144803019624058e-24  -6.333180151129937e-25  -8.016096248600726e-25  -7.599612479085893e-25  -7.000504251902341e-25  1.807451645172629e-31  1.584992928379940e-31  4.752931727593129e-32
  4.000000000000000e-01  3.994015322453560e-13  2.351730065232659e-13  1.757467794374561e-13  1.155965197903348e-13  9.887235771114605e-14  1.142651656111669e-13  -4.229701343890992e-20  -2.764269079156444e-20  -1.129638259220619e-20
  5.000000000000000e-01  7.814463839462728e-11  2.652282670271733e-12  -7.354062765760792e-11  4.775333533120083e-11  4.822081264396580e-11  2.793654988483480e-11  -9.487601361969803e-18  -8.273169823473172e-18  6.367314625769767e-18
  6.000000000000000e-01  3.252160795473486e-09  1.884014641179651e-09  2.587993244731568e-09  -3.560946403956808e-11  -1.166498015120191e-09  -2.009976735808040e-10  -3.000770889388010e-16  -6.176412040526026e-17  -1.570585452809366e-17
  7.000000000000000e-01  1.722478461554106e-07  1.171506393278585e-07  1.232818429915396e-07  6.129823265813927e-08  4.060276335704031e-08  1.605199930655193e-08  -1.408999772660410e-14  -1.406731831190104e-14  -4.076701556550811e-15
  7.999999999999999e-01  4.182900402444203e-07  2.773525637964222e-07  1.235801353560699e-06  -2.970823522405126e-07  -1.910214496219421e-07  2.436367340988056e-07  -3.634304174461725e-15  6.557735603612253e-14  -9.008083344730832e-14
  8.999999999999999e-01  -1.038886167489148e-05  -7.745904003195692e-06  1.530610982820895e-06  -8.106395130413786e-06  -3.223409518473415e-06  1.686624797943501e-06  1.150802571637547e-12  1.583306807878561e-12  -6.878339896594584e-13
  9.999999999999999e-01  -1.105215010322578e-04  -9.283178729294035e-05  -1.117942165585222e-04  -3.327059381518352e-05  -2.453270993614567e-05  -1.724684610646100e-05  8.496597551867515e-12  5.788012407053552e-12  6.765728733259337e-12
  1.100000000000000e+00  3.484816322957410e-04  3.120809851771749e-04  2.153394832931961e-05  2.188528687631941e-04  -1.005902695868206e-04  -6.697129726061171e-05  -3.521034827070982e-11  -4.222493907287671e-11  2.360213411561163e-11
  1.200000000000000e+00  4.499785051510828e-03  4.882331106608166e-03  4.215856924008156e-03  1.713023591931515e-03  7.603630039858689e-04  9.080061979066382e-04  -3.836595953859640e-10  -3.669133326008562e-10  -2.788163686578113e-10
  1.300000000000000e+00  -1.576784503100994e-02  -1.557406041525831e-02  -1.268987659148794e-02  -6.519042957494184e-03  -2.510923113118369e-04  -2.926430110402170e-03  1.372870897963335e-09  1.107898527778580e-09  5.837834635545913e-10
  1.400000000000000e+00  3.398669080927440e-02  2.012531459588424e-02  1.598480288537732e-02  1.319307498055987e-02  1.556480250553852e-03  5.448143477094035e-03  -3.035216579443731e-09  -1.202443511185977e-09  -4.282925131342638e-10
  1.500000000000000e+00  -1.107676789763806e-01  -8.771952528020747e-02  -5.453192310555347e-02  -3.348019472024181e-02  -4.912639872647422e-03  -7.015966153008565e-03  8.599485204087356e-09  4.331904169842440e-09  2.030662602251990e-09
  1.600000000000000e+00  4.425949542736094e-01  4.039511983107442e-01  2.821100992831028e-01  1.436330555577556e-01  3.341056480908031e-02  5.837951276388657e-02  -3.408221073503713e-08  -2.637107102792338e-08  -1.409702709420982e-08
  1.700000000000000e+00  -1.370744314691705e+00  -1.215122396434855e+00  -7.636181879702304e-01  -5.243757675406251e-01  -1.611651572124103e-01  -1.980097373573320e-01  1.086523392761373e-07  9.422416928253580e-08  3.232838739847871e-08
  1.800000000000000e+00  5.753405313252348e+00  5.221629782921737e+00  3.175617878706930e+00  2.487187146083171e+00  8.320254713192565e-01  1.016174686126786e+00  -4.693567136545513e-07  -4.166217206076424e-07  -1.572730901182691e-07
  1.900000000000001e+00  -2.252822451253095e+01  -2.119624898989868e+01  -1.482647504374182e+01  -1.011869060839424e+01  -3.510073871537394e+00  -4.498211814126739e+00  1.908375198019785e-06  1.731294093993516e-06  8.482893749935621e-07
  2.000000000000000e+00  7.244768250688375e+01  7.162023163066279e+01  4.998217959455728e+01  3.426345817379561e+01  1.401934264747959e+01  1.544314523530754e+01  -6.264460015594912e-06  -6.044219272169092e-06  -2.984358794673791e-06
  2.100000000000001e+00  -3.967801821454744e+02  -3.996223683269059e+02  -2.518022192039689e+02  -1.874540631467558e+02  -8.167637241572554e+01  -7.841134223633333e+01  3.396862066340612e-05  3.421931584500705e-05  1.488513362133894e-05
  2.200000000000001e+00  -1.576128368809019e+03  -1.639399367761803e+03  -9.861240342033653e+02  -8.069699924595645e+02  -4.173848845437836e+02  -4.017808478040730e+02  1.368073354383389e-04  1.424491297830203e-04  7.455504248786668e-05
  2.300000000000001e+00  -2.144336915057313e+03  -2.389482499326553e+03  -1.151878160207528e+03  -1.284387932536799e+03  -6.718082062607248e+02  -5.993872094302346e+02  1.922749304432789e-04  2.145097553072251e-04  1.120330234667032e-04
  2.400000000000001e+00  -1.611996574651496e+03  -2.054398184321067e+03  -5.064675905722873e+02  -1.302158641434831e+03  -5.642430105705954e+02  -4.339652690293121e+02  1.568048622684920e-04  1.937276529918975e-04  8.479632684562268e-05
  2.500000000000001e+00  -1.593294917881340e+03  -2.173972141392050e+03  -2.976423550991355e+02  -1.513829466739766e+03  -4.507725990433721e+02  -3.029597662040984e+02  1.614597126363552e-04  2.060526740318483e-04  5.718626915281246e-05
  2.600000000000001e+00  -2.860418812879211e+03  -3.631575108608356e+03  -8.911208821741591e+02  -2.381594620830540e+03  -7.173884562711193e+02  -5.501772422144235e+02  2.754197076283803e-04  3.320231833819797e-04  8.331717789056982e-05
  2.700000000000001e+00  -5.338841877425837e+03  -6.415876686195192e+03  -1.978198761103584e+03  -4.017103273058222e+03  -1.378810340353193e+03  -1.161144998724395e+03  5.028172223379958e-04  5.779802805245657e-04  1.681682232541924e-04
  2.800000000000001e+00  -9.805409186784884e+03  -1.156379459417709e+04  -3.866011774886603e+03  -6.994088704112779e+03  -2.535689950496808e+03  -2.184902185963616e+03  9.111603489430134e-04  1.037141966360017e-03  3.325001948007211e-04
  2.900000000000001e+00  -2.215770380614531e+04  -2.509714763528812e+04  -9.600751999287131e+03  -1.449516453436629e+04  -5.260530301692505e+03  -4.625427664676551e+03  2.014774089215154e-03  2.233341045789570e-03  7.515633125715791e-04
  3.000000000000001e+00  -5.299277166073683e+04  -5.758406486247426e+04  -2.429605928772234e+04  -3.250048973616392e+04  -1.194586268822144e+04  -1.104364942228609e+04  4.758049584001544e-03  5.088128141361159e-03  1.885938888781545e-03
  3.100000000000001e+00  -1.090094483243503e+05  -1.169554255863245e+05  -4.859296473525173e+04  -6.656391066226907e+04  -2.410052664607639e+04  -2.273054830150135e+04  9.772596743383944e-03  1.034743640479907e-02  3.932796279509128e-03
  3.200000000000002e+00  -1.806500340886798e+05  -1.949485446638575e+05  -7.133872152270115e+04  -1.151269541233896e+05  -3.868221166670047e+04  -3.632467666947026e+04  1.632414910787274e-02  1.737299162008748e-02  6.217928660746058e-03
  3.300000000000002e+00  -2.550792427869017e+05  -2.766246280594466e+05  -8.340515236541249e+04  -1.727049122075042e+05  -5.141647004935460e+04  -4.792921790913338e+04  2.329679408693457e-02  2.485659710360690e-02  7.949674752672263e-03
  3.400000000000002e+00  -3.413660478016161e+05  -3.664643302092725e+05  -9.446255855397820e+04  -2.412578644861939e+05  -6.291482164670007e+04  -5.958385814088746e+04  3.134642550547319e-02  3.298354736208604e-02  9.340923780797244e-03
  3.500000000000002e+00  -4.306041586382943e+05  -4.566422442141908e+05  -1.005070112716782e+05  -3.168962163987217e+05  -7.390530560929632e+04  -7.177841646022012e+04  3.963424288269898e-02  4.108975587078243e-02  1.026052546740685e-02
  3.600000000000002e+00  -5.217325359904759e+05  -5.467120373088451e+05  -1.006484713717025e+05  -3.994222340202603e+05  -8.366552198994966e+04  -8.323580818319309e+04  4.812012403444508e-02  4.924561763149688e-02  1.044838817791885e-02
  3.700000000000002e+00  -6.364191428100443e+05  -6.494084327139581e+05  -1.069130213141888e+05  -4.957767922595016e+05  -9.647057557726279e+04  -9.931792214078545e+04  5.859814250204042e-02  5.856513471072956e-02  1.069425760739871e-02
  3.800000000000002e+00  -7.390276303037988e+05  -7.355733392128114e+05  -9.771444532213666e+04  -5.917934384533586e+05  -1.107947765592485e+05  -1.155502494610281e+05  6.800458728284706e-02  6.667529046346811e-02  1.062036678664375e-02
  3.900000000000002e+00  -8.477296341306742e+05  -8.264187167368922e+05  -8.654892119619744e+04  -6.948215477426711e+05  -1.323987553728585e+05  -1.401677000218719e+05  7.785023544404300e-02  7.518415352717839e-02  1.226499255676747e-02
  4.000000000000002e+00  -9.724317862139852e+05  -9.330581939631273e+05  -6.581788393234475e+04  -8.146717665806997e+05  -1.577268586867104e+05  -1.701654618411804e+05  8.901545201306334e-02  8.539212463664542e-02  1.463517518540041e-02
  4.100000000000001e+00  -1.123308790918197e+06  -1.029395897227440e+06  -2.451990939672841e+04  -9.482239637014640e+05  -1.764325951931113e+05  -1.946203521918785e+05  1.025944165131800e-01  9.493358817878872e-02  1.514862069788262e-02
  4.200000000000001e+00  -1.329039096757661e+06  -1.075703004826463e+06  -2.241930993253530e+03  -1.075387481055629e+06  -1.975722292149727e+05  -2.345531719837585e+05  1.206421298107419e-01  9.917515755516845e-02  1.748586957114884e-02
  4.300000000000001e+00  -1.552028973542921e+06  -1.068303932520186e+06  -3.506362251919851e+04  -1.170796098636912e+06  -2.438420927296548e+05  -3.184077536425811e+05  1.389021099041267e-01  9.754548194428296e-02  2.871446757987086e-02
  4.400000000000000e+00  -1.768368746106473e+06  -1.056409283895393e+06  -1.252066441392455e+05  -1.236732371050565e+06  -3.263998390637044e+05  -4.591099380622600e+05  1.553260001311671e-01  9.530144592021632e-02  5.141049041354755e-02
  4.500000000000000e+00  -1.689020402875563e+06  -9.477576498888795e+05  -6.402328175654190e+04  -1.250110929160357e+06  -3.954184404164549e+05  -5.463906560034490e+05  1.466762565177136e-01  9.012829378152752e-02  6.644318078856314e-02
  4.600000000000000e+00  -1.450647065889699e+06  -7.800469889362995e+05  1.623845261039030e+05  -1.238169604707383e+06  -4.036491752955189e+05  -5.295322162947115e+05  1.262915522879556e-01  8.221508624036823e-02  6.570862879745816e-02
  4.699999999999999e+00  -1.401041634340887e+06  -7.534840876146290e+05  3.386791727570379e+05  -1.282185959539095e+06  -3.869345954006674e+05  -5.149613067405022e+05  1.230975983354486e-01  8.348562293245092e-02  6.420698087543324e-02
  4.799999999999999e+00  -1.396509245689955e+06  -8.272398307345948e+05  4.675183217867255e+05  -1.364316035196812e+06  -3.660263903039367e+05  -5.089487705077690e+05  1.238829239424785e-01  9.229067839833091e-02  6.000559847030315e-02
  4.899999999999999e+00  -1.343720982676324e+06  -8.992553407274077e+05  5.474800917460184e+05  -1.430036846025424e+06  -3.334406183381978e+05  -4.800328770487965e+05  1.192740138836320e-01  9.950930111775373e-02  4.950759021497966e-02
  4.999999999999998e+00  -1.202255722044120e+06  -8.844769476744774e+05  5.861667844011924e+05  -1.442517550304149e+06  -2.910729949134661e+05  -4.523376468280369e+05  1.058664452196312e-01  9.671743781806381e-02  4.047231970533413e-02
  5.099999999999998e+00  -9.914641069713662e+05  -7.689968811254206e+05  6.357059356161205e+05  -1.409983584741522e+06  -2.471810848695308e+05  -4.431219700355828e+05  8.722247073429217e-02  8.362354531257173e-02  4.040517707752032e-02
  5.199999999999998e+00  -8.052058175724362e+05  -6.578215383191460e+05  7.009664581776550e+05  -1.378979882286903e+06  -2.115727758191458e+05  -4.466699157121953e+05  7.334248771752588e-02  7.046051452458094e-02  4.861457880585358e-02
  5.299999999999997e+00  -6.675438525183356e+05  -6.068552761322566e+05  7.166179827900148e+05  -1.368040606916535e+06  -1.959660894987553e+05  -4.847105357061658e+05  6.461305525590928e-02  6.219218659613792e-02  6.560374578678191e-02
  5.399999999999997e+00  -4.991759102525111e+05  -5.700883518788380e+05  7.342680937652183e+05  -1.345977597571610e+06  -1.916720904968538e+05  -5.484383864958874e+05  5.334691667998036e-02  5.517453717942596e-02  8.546686051057981e-02
  5.499999999999996e+00  -3.350233987743580e+05  -5.367671362760556e+05  7.777740691599901e+05  -1.312871388554002e+06  -1.862860887361750e+05  -6.143610227861172e+05  4.319065692026592e-02  4.668666601875240e-02  1.054855384709906e-01
  5.599999999999996e+00  -2.051912776997262e+05  -4.912923901552153e+05  8.222805508659328e+05  -1.284472350382306e+06  -1.915306851786651e+05  -6.286071842570322e+05  3.732240969282469e-02  3.498456018653527e-02  1.239197132791305e-01
  5.699999999999996e+00  -2.106120458068767e+05  -4.257920736072098e+05  8.653129998408888e+05  -1.262832420695560e+06  -1.849975402237018e+05  -5.070793578923121e+05  4.333577662108763e-02  2.017362150155681e-02  1.213286964445851e-01
  5.799999999999995e+00  -4.033238658339301e+05  -3.178429558498933e+05  9.190452637649046e+05  -1.226530401397594e+06  -1.115435428207758e+05  -2.614850262441949e+05  6.282701195486766e-02  6.390568390858672e-04  8.791335940991346e-02
  5.899999999999995e+00  -6.306884268746553e+05  -1.973479673475390e+05  9.119999797845958e+05  -1.160966675386099e+06  2.130273796631992e+04  -1.499148625535830e+04  8.033461664136110e-02  -1.896995227049177e-02  4.394693512005607e-02
  5.999999999999995e+00  -7.078904461195040e+05  -1.360820553679851e+05  8.216570883716648e+05  -1.095265765486740e+06  1.615495649576361e+05  1.518827758367424e+05  8.219464289668536e-02  -2.745952345359356e-02  7.473980697714689e-03
  6.099999999999994e+00  -6.350279561192836e+05  -1.544433432316584e+05  7.219483706565405e+05  -1.062427426381019e+06  2.700223460675939e+05  2.560999193121041e+05  7.120268904124728e-02  -2.370529198429213e-02  -1.923141017789563e-02
  6.199999999999994e+00  -5.030751461474273e+05  -1.941691262126498e+05  6.488905676177024e+05  -1.045282332325722e+06  3.428213190034908e+05  3.583674076227795e+05  5.479573222270803e-02  -1.808088633499333e-02  -4.078427747979747e-02
  6.299999999999994e+00  -3.689106222247514e+05  -1.925843245171228e+05  5.521388084454408e+05  -1.022960731026537e+06  3.810401715753816e+05  4.690259461004799e+05  3.791483119185234e-02  -1.733240911590640e-02  -5.680868171906474e-02
  6.399999999999993e+00  -2.370229622222737e+05  -7.603095282073099e+04  4.202552328712397e+05  -9.860487233363220e+05  3.733112080869677e+05  5.364388526546519e+05  2.239314323471968e-02  -2.553894199642489e-02  -6.000110916995530e-02
  6.499999999999993e+00  -1.337491486855401e+05  1.255100613814012e+05  2.694746603767434e+05  -9.371897487773779e+05  3.278948871743463e+05  5.292916475540024e+05  9.471129549818873e-03  -3.971598435475075e-02  -5.083817384923783e-02
  6.599999999999993e+00  -6.207638652272634e+04  2.704941981931500e+05  1.641620408930430e+05  -8.781408815554241e+05  2.994324350247146e+05  4.983126484617715e+05  -3.712707724380562e-03  -4.957242941875812e-02  -4.672418861190347e-02
  6.699999999999992e+00  2.189813025443988e+04  2.603359130016794e+05  1.755279727268808e+05  -7.971054251475533e+05  3.290514851986308e+05  5.216784257202288e+05  -2.237903302945584e-02  -4.883688722490627e-02  -6.201925176027275e-02
  6.799999999999992e+00  1.101915800204895e+05  1.057374695377099e+05  2.371837644581611e+05  -7.081328819014705e+05  3.920571806399725e+05  6.043670713125680e+05  -4.331590568403829e-02  -3.878402945421648e-02  -8.953396149575592e-02
  6.899999999999991e+00  1.649791452834374e+05  -6.444958212070582e+04  2.277494934537848e+05  -6.435143198278603e+05  4.401136060457695e+05  6.900258555290707e+05  -5.826664326893023e-02  -2.846636041476772e-02  -1.125158124568965e-01
  6.999999999999991e+00  1.819137736968093e+05  -1.306706899472950e+05  1.257927626536294e+05  -6.096093722139227e+05  4.444464068000126e+05  7.404492310652173e+05  -6.336791013307493e-02  -2.661776640304111e-02  -1.218011509765400e-01
  7.099999999999991e+00  1.741974823989616e+05  -1.279041104200492e+05  -8.127357006212593e+03  -5.889088962964696e+05  4.078566115884045e+05  7.601093874869548e+05  -6.081602735354250e-02  -3.162978160869517e-02  -1.204240875427647e-01
  7.199999999999990e+00  1.586626906489471e+05  -1.537956966483958e+05  -1.047197351397980e+05  -5.626188139068942e+05  3.550813656430155e+05  7.628878186701393e+05  -5.603119406037052e-02  -3.701570261292226e-02  -1.157923557153159e-01
  7.299999999999990e+00  1.332604166636282e+05  -2.286779308656879e+05  -1.469187021691403e+05  -5.315940051827503e+05  2.980292764492022e+05  7.479413765479539e+05  -5.173163936971197e-02  -4.038040663452432e-02  -1.098212524589259e-01
  7.399999999999990e+00  8.431135571191323e+04  -3.021221062756205e+05  -1.660166169604236e+05  -5.112100956219790e+05  2.296309050554055e+05  7.093631001496706e+05  -4.745647166405827e-02  -4.333333126063760e-02  -1.005052387094838e-01
  7.499999999999989e+00  2.590839683869917e+04  -3.384508376521821e+05  -1.884326415812654e+05  -5.061397799395090e+05  1.585336479173329e+05  6.493580437810495e+05  -4.392614576130138e-02  -4.675942712677871e-02  -8.808973410468068e-02
  7.599999999999989e+00  -2.525862790273708e+04  -3.438233577557331e+05  -2.234066775834929e+05  -5.113949323981373e+05  1.060331155986575e+05  5.787529779566573e+05  -4.134484257497630e-02  -4.936836905220979e-02  -7.536687613758364e-02
  7.699999999999989e+00  -9.070431358992540e+04  -3.391461229894265e+05  -2.626964925836135e+05  -5.246510598445191e+05  7.142157753114967e+04  5.040820287218442e+05  -3.660320496046908e-02  -5.020776752136603e-02  -6.293512138617616e-02
  7.799999999999988e+00  -1.674668399050127e+05  -3.322282420366146e+05  -2.682188217929947e+05  -5.359102111532695e+05  3.598298728279618e+04  4.226533546158785e+05  -3.039032587882796e-02  -5.057006615457685e-02  -4.940068125227607e-02
  7.899999999999988e+00  -2.113144151590274e+05  -3.196556770724698e+05  -2.219733536842428e+05  -5.294051774522250e+05  -7.626316620836646e+03  3.295084364435092e+05  -2.905594237786979e-02  -5.161550208218180e-02  -3.530790153847729e-02
  7.999999999999988e+00  -2.159323387736065e+05  -3.087698328985710e+05  -1.579175844887661e+05  -5.018989920873942e+05  -5.197364433896694e+04  2.281833197132725e+05  -3.450861776719738e-02  -5.218340015511051e-02  -2.294616075410254e-02
  8.099999999999987e+00  -2.263668425335136e+05  -3.167943880307080e+05  -1.155708653093907e+05  -4.618725538252520e+05  -9.006159732395534e+04  1.320657680747116e+05  -4.155883168457521e-02  -5.076900825179525e-02  -1.330121782181021e-02
  8.199999999999987e+00  -2.504178288382780e+05  -3.405095226014744e+05  -9.706316579744153e+04  -4.164493373822063e+05  -1.184373541710208e+05  4.703724344485218e+04  -4.747135614691600e-02  -4.729536630779850e-02  -5.187276419867526e-03
  8.299999999999986e+00  -2.527254631026589e+05  -3.672891194273934e+05  -9.202480500875153e+04  -3.719484140906832e+05  -1.365029525149770e+05  -3.815492228471438e+04  -5.396917259778502e-02  -4.240657676833464e-02  3.606795701342712e-03
  8.399999999999986e+00  -2.414581222109884e+05  -4.004474980248355e+05  -8.908161287386387e+04  -3.466664469591185e+05  -1.543738673115447e+05  -1.294277297931211e+05  -5.967994029474569e-02  -3.606099821915473e-02  1.304794619068257e-02
  8.499999999999986e+00  -2.751039052188459e+05  -4.497302883446417e+05  -7.285775877603538e+04  -3.599891819517298e+05  -1.827910201907080e+05  -2.097686930830353e+05  -5.928057412825662e-02  -2.803210077883668e-02  1.958996973058328e-02
  8.599999999999985e+00  -3.790989427586265e+05  -5.105463445297290e+05  -5.287625320192388e+04  -4.057943121091729e+05  -2.097758023162136e+05  -2.613081146373018e+05  -5.093036505761681e-02  -1.948087014163886e-02  2.120975024010707e-02
  8.699999999999985e+00  -5.143565048132318e+05  -5.634690029330184e+05  -5.194117661187937e+04  -4.587969553889587e+05  -2.157614060300676e+05  -2.927688681735023e+05  -3.881402929713005e-02  -1.197525973602563e-02  2.214732236665910e-02
  8.799999999999985e+00  -6.346682252982184e+05  -6.027709586933912e+05  -5.849968740336113e+04  -5.078827127102946e+05  -2.093092573252886e+05  -3.253599526342092e+05  -2.758138696978166e-02  -4.716655461417719e-03  2.807357048689448e-02
  8.899999999999984e+00  -7.259234712580100e+05  -6.453024929489644e+05  -3.923980742886224e+04  -5.624420292568699e+05  -2.170070493133346e+05  -3.635435217263431e+05  -1.894162642381001e-02  4.204647275945218e-03  3.822672528440671e-02
  8.999999999999984e+00  -7.882034528360011e+05  -6.966985786302215e+05  1.120176300670131e+04  -6.239532293130263e+05  -2.400055930208905e+05  -3.968987990580820e+05  -1.317421591990035e-02  1.350457740043731e-02  4.679600792076328e-02
  9.099999999999984e+00  -8.185108819877782e+05  -7.312514346624089e+05  6.984391796839345e+04  -6.790114703031317e+05  -2.542150523078608e+05  -4.192807531295136e+05  -1.010591017726336e-02  1.976829772812249e-02  5.039654640418451e-02
  9.199999999999983e+00  -8.167402981811042e+05  -7.289370310200400e+05  1.195263184706029e+05  -7.217202253119437e+05  -2.504994073326425e+05  -4.317937653276572e+05  -8.636377284562012e-03  2.246186018014505e-02  5.098854541403939e-02
  9.299999999999983e+00  -7.864510841354092e+05  -7.074918668401986e+05  1.675417460721455e+05  -7.554848123272080e+05  -2.414165151171464e+05  -4.344113399266133e+05  -7.871056483402156e-03  2.382091704249397e-02  5.166028895886326e-02
  9.399999999999983e+00  -7.380199679815067e+05  -6.964922107473254e+05  2.287524228609394e+05  -7.768975260657335e+05  -2.315805836305961e+05  -4.267538094467570e+05  -7.738631689193051e-03  2.486918025682977e-02  5.253008863953124e-02
  9.499999999999982e+00  -6.914681184124257e+05  -6.969049671426486e+05  2.966625222374847e+05  -7.820327828529458e+05  -2.123188700437390e+05  -4.149737303894620e+05  -7.838509529884751e-03  2.544547564639855e-02  5.232676136290559e-02
  9.599999999999982e+00  -6.612438272212542e+05  -6.925722211178674e+05  3.447596882893468e+05  -7.825133808747887e+05  -1.849683466451142e+05  -4.088433493208422e+05  -7.711088461934454e-03  2.672677983388259e-02  5.151623687584642e-02
  9.699999999999982e+00  -6.414951618236807e+05  -6.861994937609845e+05  3.599053557653285e+05  -7.948893804104781e+05  -1.617330830277948e+05  -4.087734585221413e+05  -7.953668834098546e-03  3.031612876674346e-02  5.120471473485171e-02
  9.799999999999981e+00  -6.205011823139158e+05  -6.924067900395052e+05  3.593395765336794e+05  -8.211272308346935e+05  -1.441819025986163e+05  -4.040339276244104e+05  -8.564446234190524e-03  3.548532755076689e-02  5.076306223611922e-02
  9.899999999999981e+00  -6.035909029515896e+05  -7.053694799538467e+05  3.701737286461796e+05  -8.507967153755418e+05  -1.221055126717177e+05  -3.852668326446398e+05  -7.384960005094265e-03  3.897907047118120e-02  4.841868812613397e-02
  9.999999999999980e+00  -6.077070603799332e+05  -7.031122512864725e+05  4.007768411881292e+05  -8.745278021481623e+05  -9.173914378374694e+04  -3.512902966948575e+05  -2.461246777008342e-03  3.781687465548386e-02  4.326089952582073e-02
  1.009999999999998e+01  -6.365967945163219e+05  -6.782532517512467e+05  4.345222417279468e+05  -8.898194440205728e+05  -6.230032998671944e+04  -3.064591574645918e+05  5.165500324648983e-03  3.251230971846455e-02  3.626035164993830e-02
  1.019999999999998e+01  -6.707129402193265e+05  -6.414173544251251e+05  4.467951996814279e+05  -8.992976136075490e+05  -4.464342996938116e+04  -2.597874354686577e+05  1.217940897014419e-02  2.684881653682862e-02  2.964067989900016e-02
  1.029999999999998e+01  -6.816461553143178e+05  -6.018132781724154e+05  4.298379675874338e+05  -9.065884597512496e+05  -4.067684367821777e+04  -2.225728051567098e+05  1.547855477356544e-02  2.360134087904787e-02  2.485855132543717e-02
  1.039999999999998e+01  -6.552656090082636e+05  -5.618186650546375e+05  4.018563145161243e+05  -9.115042749773595e+05  -4.247105249013552e+04  -1.981108831430106e+05  1.398660585022306e-02  2.148992821620762e-02  2.087690625565510e-02
  1.049999999999998e+01  -6.042847323132615e+05  -5.233193837231536e+05  3.865571601332652e+05  -9.087870539261148e+05  -3.959724362872355e+04  -1.760741219765857e+05  9.478316494048433e-03  1.733370322378928e-02  1.511388152018369e-02
  1.059999999999998e+01  -5.569900486431648e+05  -4.878311451687755e+05  3.862824606564247e+05  -8.947580406886996e+05  -3.030762652607076e+04  -1.440066573176599e+05  5.279103499570026e-03  1.025248909492774e-02  6.901162348581777e-03
  1.069999999999998e+01  -5.308969208785407e+05  -4.553554656275177e+05  3.836622764485366e+05  -8.741535215726756e+05  -2.320162675691419e+04  -1.038648882838875e+05  3.217130750074212e-03  2.533405406457499e-03  -1.006617462465868e-03
  1.079999999999998e+01  -5.224379370501598e+05  -4.298107847448331e+05  3.662987829633278e+05  -8.573868442784450e+05  -2.586546896428040e+04  -7.014939416935247e+04  2.536001994008989e-03  -3.059049530894625e-03  -5.919784660302050e-03
  1.089999999999998e+01  -5.226424733502360e+05  -4.185618179979972e+05  3.396268832750992e+05  -8.501353451531091e+05  -3.550570584756319e+04  -5.155002531672102e+04  2.033392510195913e-03  -5.891429156267109e-03  -8.651923603356225e-03
  1.099999999999998e+01  -5.284015161729018e+05  -4.208486749532028e+05  3.141153217466853e+05  -8.458178031786825e+05  -4.191060206566988e+04  -4.263187550144999e+04  1.738108538398676e-03  -7.632153935633362e-03  -1.160309311404142e-02
  1.109999999999998e+01  -5.355832826544751e+05  -4.258896482346526e+05  2.902157195745491e+05  -8.330182502997576e+05  -3.828451183397458e+04  -3.232054515197588e+04  2.064701916958748e-03  -1.008363103685706e-02  -1.520265576389763e-02
  1.119999999999998e+01  -5.370441694670346e+05  -4.269034315217995e+05  2.617887274898732e+05  -8.121779743806148e+05  -2.877421445819138e+04  -1.392796100623394e+04  2.807742905731812e-03  -1.318012551067719e-02  -1.798457180272158e-02
  1.129999999999998e+01  -5.310513535776784e+05  -4.277199216421170e+05  2.299070590190933e+05  -7.988085381928105e+05  -2.380867214035848e+04  1.121206292803463e+04  3.532515578930769e-03  -1.526293815636681e-02  -1.900473887301210e-02
  1.139999999999998e+01  -5.222553703940733e+05  -4.334549302032464e+05  2.064939148703149e+05  -8.042456152862167e+05  -2.687945652725576e+04  3.509293875724095e+04  4.044468589836922e-03  -1.522188963720165e-02  -1.878812286205476e-02
  1.149999999999998e+01  -5.133896944916382e+05  -4.419324187797186e+05  2.000100185846809e+05  -8.189917435564396e+05  -2.933960694910661e+04  4.957804468093975e+04  4.060282789106651e-03  -1.391696011540449e-02  -1.836858065703729e-02
  1.159999999999997e+01  -5.006860173507760e+05  -4.453656813448902e+05  2.020654105956727e+05  -8.238956701993303e+05  -2.277460652186308e+04  5.474259291122870e+04  3.006630176744634e-03  -1.310469291139120e-02  -1.825360183395046e-02
  1.169999999999997e+01  -4.785445352382186e+05  -4.374306929002561e+05  1.952465409246687e+05  -8.124986528351633e+05  -1.164925916776980e+04  5.924473623153860e+04  7.048087309054984e-04  -1.355357046380237e-02  -1.825972598316992e-02
  1.179999999999997e+01  -4.477467265106313e+05  -4.204622184076264e+05  1.721829766178607e+05  -7.939884404772795e+05  -6.599969751174999e+03  7.009546851076832e+04  -2.006613846271261e-03  -1.445420919828960e-02  -1.794238173352716e-02
  1.189999999999997e+01  -4.173081590362637e+05  -4.055747985459699e+05  1.402276557124565e+05  -7.783438629895990e+05  -1.051800837779302e+04  8.308436279878361e+04  -3.892014882452837e-03  -1.428084112308834e-02  -1.711470771068556e-02
  1.199999999999997e+01  -3.988678394170200e+05  -4.046854445483146e+05  1.099810827030465e+05  -7.675850275468951e+05  -1.819370056126305e+04  8.618376059667257e+04  -4.416550408050232e-03  -1.221722705196161e-02  -1.593389387424957e-02
  1.209999999999997e+01  -3.980646636495331e+05  -4.218553144736087e+05  8.788306884066225e+04  -7.608458115778865e+05  -2.478361767277715e+04  7.217213438649110e+04  -4.118080818008069e-03  -8.808651063478723e-03  -1.446466521272513e-02
  1.219999999999997e+01  -4.096342505255010e+05  -4.513939508752496e+05  7.743457810611885e+04  -7.594281713483899e+05  -2.926643629625292e+04  4.569255984543727e+04  -3.995544306405719e-03  -5.337341906300124e-03  -1.247285078870207e-02
  1.229999999999997e+01  -4.229269371620979e+05  -4.842575489276026e+05  7.789261513043586e+04  -7.636528758302955e+05  -3.265663903755748e+04  1.864196683615660e+04  -4.477571742187893e-03  -2.825517021308444e-03  -9.843601568333448e-03
  1.239999999999997e+01  -4.314181808953053e+05  -5.122753664523721e+05  8.203634958348713e+04  -7.690791501776798e+05  -3.601367414996973e+04  2.616780814488176e+02  -5.144190982976534e-03  -1.599177710437989e-03  -6.997351968118996e-03
  1.249999999999997e+01  -4.360751982929209e+05  -5.260668593272639e+05  8.274625867973665e+04  -7.701321082101741e+05  -3.899073892943149e+04  -8.676967483928735e+03  -5.320308057653449e-03  -1.327541216209688e-03  -4.559848234267202e-03
  1.259999999999997e+01  -4.424685896510531e+05  -5.176255081330219e+05  8.198572717875721e+04  -7.668050088643462e+05  -3.942255648039981e+04  -1.347461428805803e+04  -4.644819758194848e-03  -1.245339926059699e-03  -2.763914296026543e-03
  1.269999999999997e+01  -4.565474433370865e+05  -4.895450339546736e+05  8.838452032506626e+04  -7.649560281545195e+05  -3.604168163631604e+04  -1.887201607587773e+04  -3.195582102341547e-03  -7.615416712656354e-04  -1.507513703771906e-03
  1.279999999999997e+01  -4.815102035510229e+05  -4.573647779616702e+05  1.064236662911691e+05  -7.691888580182521e+05  -3.196656763472039e+04  -2.551770832147602e+04  -1.448015088212670e-03  -8.766588601305346e-05  -7.326394654798642e-04
  1.289999999999997e+01  -5.147652788910515e+05  -4.384776736894136e+05  1.323529268646480e+05  -7.768224892538980e+05  -3.287486274056201e+04  -3.168281967296771e+04  -2.275153221679982e-04  -8.520328203041450e-06  -3.238398760712667e-04
  1.299999999999997e+01  -5.475602790161936e+05  -4.385069920044629e+05  1.604113947250462e+05  -7.812351827646297e+05  -4.035979118633697e+04  -3.604854789317530e+04  -2.477181588760562e-04  -9.258787245511501e-04  2.738318882069452e-04
  1.309999999999997e+01  -5.708175704451066e+05  -4.487625822303395e+05  1.884414148460281e+05  -7.812270067414944e+05  -4.845188519484988e+04  -3.848192028551617e+04  -1.308025553076052e-03  -2.216924768358952e-03  1.908130006704839e-03
  1.319999999999997e+01  -5.825558821684532e+05  -4.554721848747231e+05  2.163915096880690e+05  -7.834835572171591e+05  -4.824600794631894e+04  -3.955029105593915e+04  -2.121697877812259e-03  -2.674127578012866e-03  4.915132736217606e-03
  1.329999999999997e+01  -5.886694220855240e+05  -4.506797943398932e+05  2.421025371740189e+05  -7.936410975149007e+05  -3.650347262938224e+04  -3.969688976871975e+04  -1.314188161368587e-03  -1.706217577022124e-03  8.459909320571618e-03
  1.339999999999997e+01  -5.950062006381224e+05  -4.366828987714008e+05  2.610676643094578e+05  -8.077423000978234e+05  -1.936889519912770e+04  -3.831357462733818e+04  1.227801580352113e-03  2.646558565328785e-05  1.082041276887311e-02
  1.349999999999997e+01  -6.006170344125277e+05  -4.235619168511353e+05  2.698947676776362e+05  -8.159334664383847e+05  -7.238984696979189e+03  -3.387043642112321e+04  4.207489990190864e-03  1.333130308934763e-03  1.061355436611186e-02
  1.359999999999997e+01  -6.003105008678223e+05  -4.218465305287275e+05  2.688111768520126e+05  -8.139566873250190e+05  -5.769892701572152e+03  -2.601960484985022e+04  6.123694336870824e-03  1.778903973501937e-03  8.071105153456656e-03
  1.369999999999997e+01  -5.914713495523422e+05  -4.339989634151408e+05  2.614945510765907e+05  -8.074843901401852e+05  -1.170757089207852e+04  -1.734206166500701e+04  6.336772440667076e-03  1.971343413922212e-03  5.081179998001000e-03
  1.379999999999997e+01  -5.773028373066225e+05  -4.519114752191652e+05  2.530544400786435e+05  -8.047457254471360e+05  -1.742664568325469e+04  -1.164472838508846e+04  5.164891706289113e-03  2.606122998653387e-03  3.700978399773309e-03
  1.389999999999997e+01  -5.637920594673423e+05  -4.633891003698486e+05  2.457569561861271e+05  -8.074509615290847e+05  -1.890335546767194e+04  -1.042346342245839e+04  3.356127473105930e-03  3.556734200281141e-03  4.360089961931862e-03
  1.399999999999997e+01  -5.544609009597730e+05  -4.625124329585209e+05  2.363140119314811e+05  -8.101963933162013e+05  -1.809027651692989e+04  -1.171240559685523e+04  1.634879342521041e-03  4.084583419826767e-03  5.538661400651621e-03
  1.409999999999997e+01  -5.485461980639655e+05  -4.546864392081059e+05  2.196742579452073e+05  -8.074899849056352e+05  -1.840956706562062e+04  -1.283633483441298e+04  5.921117528562494e-04  3.834552663344884e-03  5.342838237554921e-03
  1.419999999999997e+01  -5.434928745347548e+05  -4.511155336182754e+05  1.954643434651968e+05  -7.996809185968315e+05  -2.082243680782352e+04  -1.406179210945491e+04  5.741306800501178e-04  3.300035310663738e-03  3.357200320081098e-03
  1.429999999999997e+01  -5.384941900183527e+05  -4.578426385390352e+05  1.694797225577579e+05  -7.924321877291556e+05  -2.464414776248032e+04  -1.862575913416132e+04  1.473781099440881e-03  3.228068549312160e-03  9.138504235401450e-04
  1.439999999999996e+01  -5.349118298131226e+05  -4.696910728351825e+05  1.488688934045795e+05  -7.911536187152539e+05  -2.982194173435472e+04  -2.903322193457793e+04  2.756755876674666e-03  3.758934148582113e-03  -3.512318285352333e-04
  1.449999999999996e+01  -5.337026747926846e+05  -4.753719457784084e+05  1.382070580972976e+05  -7.959679594028507e+05  -3.676170850981258e+04  -4.393365017684325e+04  3.847388703696498e-03  4.325569379453040e-03  2.182251359711403e-05
  1.459999999999996e+01  -5.340269687623610e+05  -4.689890416008557e+05  1.399999924629248e+05  -8.019179790295123e+05  -4.453827909602988e+04  -5.877414011608675e+04  4.549938256055475e-03  4.335680029498245e-03  1.241081200247383e-03
  1.469999999999996e+01  -5.351089120358451e+05  -4.559118183777368e+05  1.551289184210554e+05  -8.037531225359228e+05  -5.086368748876302e+04  -6.874745265288134e+04  5.045612110029137e-03  3.808847543697105e-03  2.307667747604744e-03
  1.479999999999996e+01  -5.375085697472678e+05  -4.470085000287745e+05  1.800374276409456e+05  -8.001195211859589e+05  -5.389089106441046e+04  -7.167321489226671e+04  5.389375258131524e-03  3.351783858936934e-03  2.836267251555739e-03
  1.489999999999996e+01  -5.407337796961081e+05  -4.475552476428920e+05  2.050482198680338e+05  -7.932348585702567e+05  -5.369810289856281e+04  -6.974493711837467e+04  5.134583401333690e-03  3.513385638567744e-03  2.992739935887240e-03
  1.499999999999996e+01  -5.417580121861033e+05  -4.527606514957456e+05  2.200816265906313e+05  -7.857233117908915e+05  -5.207710592390852e+04  -6.824181887062694e+04  3.733899219868331e-03  4.155402832642144e-03  3.037975121354971e-03
  1.509999999999996e+01  -5.380932889336466e+05  -4.547341925755184e+05  2.226594608005400e+05  -7.785606166781106e+05  -5.074004200340618e+04  -7.147485988591767e+04  1.289264633764951e-03  4.513331634584535e-03  3.075205184939663e-03
  1.519999999999996e+01  -5.315438638039128e+05  -4.514873246444688e+05  2.189899691254875e+05  -7.717449074874640e+05  -5.027734772254502e+04  -7.901596264553872e+04  -1.283576447773501e-03  3.911486530820097e-03  3.074644202881059e-03
  1.529999999999996e+01  -5.277066868881837e+05  -4.469222286275325e+05  2.179869669881536e+05  -7.660574029390599e+05  -5.099737253717119e+04  -8.542562585652777e+04  -2.848593728239295e-03  2.429121308375864e-03  2.925837203508271e-03
  1.539999999999996e+01  -5.311001107421141e+05  -4.440513242415392e+05  2.249851921902249e+05  -7.631034789433295e+05  -5.364560200202999e+04  -8.482367747645269e+04  -2.885784946003538e-03  8.170145224497841e-04  2.493664101811302e-03
  1.549999999999996e+01  -5.415974917175386e+05  -4.417746007656747e+05  2.395670706929968e+05  -7.636522940057587e+05  -5.852904838320227e+04  -7.632098169792388e+04  -1.803180433921781e-03  -2.376002504495963e-04  1.726776002888000e-03
  1.559999999999996e+01  -5.552518663574740e+05  -4.391832189973057e+05  2.562380669609982e+05  -7.666014031471306e+05  -6.391598603326641e+04  -6.500304591285159e+04  -5.234486102579793e-04  -6.326510710133200e-04  6.443459190127528e-04
  1.569999999999996e+01  -5.665982651244506e+05  -4.393516664291818e+05  2.671781268764870e+05  -7.699045732086351e+05  -6.593999737661000e+04  -5.774881173095190e+04  1.401436814397609e-04  -6.855752668030341e-04  -8.275221372828905e-04
  1.579999999999996e+01  -5.711804160223285e+05  -4.458153414739437e+05  2.665801404741878e+05  -7.726183154981151e+05  -6.086966071799742e+04  -5.742949495120202e+04  -6.178180947244247e-05  -6.429943509138988e-04  -2.907230439442166e-03
  1.589999999999996e+01  -5.676231442387259e+05  -4.566702841516167e+05  2.541257236668491e+05  -7.751501666780282e+05  -4.782999946563511e+04  -6.090045405354150e+04  -8.075814017373829e-04  -5.160543927068137e-04  -5.697554987884381e-03
  1.599999999999996e+01  -5.584395107499227e+05  -4.658228486847287e+05  2.352778403153370e+05  -7.774187581109871e+05  -2.991685683859010e+04  -6.239920841445670e+04  -1.520959026542790e-03  -3.350879031431833e-04  -8.774110071625251e-03
  1.609999999999996e+01  -5.483572601850588e+05  -4.702880311208713e+05  2.173219412913941e+05  -7.775958710203611e+05  -1.315573220316143e+04  -5.845679589455963e+04  -1.769660270723300e-03  -3.502147594770608e-04  -1.121790521583012e-02
  1.619999999999996e+01  -5.399230023191618e+05  -4.733535051579113e+05  2.043993480216277e+05  -7.736064411816288e+05  -3.734576828576648e+03  -4.998967369294071e+04  -1.644534898756574e-03  -8.231425535273041e-04  -1.226175778882158e-02
  1.629999999999996e+01  -5.312108274489336e+05  -4.798085905910757e+05  1.953864894668606e+05  -7.664120284136446e+05  -4.912234460378458e+03  -4.045600088912604e+04  -1.732596163113634e-03  -1.617748488174756e-03  -1.194746808246258e-02
  1.639999999999996e+01  -5.186901257515856e+05  -4.897399608673137e+05  1.851211768090586e+05  -7.605448153640222e+05  -1.534753141781448e+04  -3.287135307586664e+04  -2.600485089670493e-03  -2.171342166650667e-03  -1.111487430673066e-02
  1.649999999999996e+01  -5.021663357689928e+05  -4.984537468731159e+05  1.682936652874482e+05  -7.604560390993006e+05  -2.947232632498218e+04  -2.861231900113320e+04  -4.191668465847268e-03  -1.975609850359362e-03  -1.062139045130171e-02
  1.659999999999997e+01  -4.863451683946640e+05  -5.014120896580120e+05  1.440162017714613e+05  -7.666359882835234e+05  -3.998616196666328e+04  -2.802855464156577e+04  -5.718683315542103e-03  -1.053984002965199e-03  -1.058163611948680e-02
  1.669999999999997e+01  -4.772121873447091e+05  -4.981568346646666e+05  1.180743903476656e+05  -7.757180762648032e+05  -4.176861881518426e+04  -3.125982707859670e+04  -6.231179889000208e-03  7.139904228436636e-05  -1.041083813117868e-02
  1.679999999999997e+01  -4.775733000532626e+05  -4.920620819124099e+05  1.003791975287429e+05  -7.840817530119374e+05  -3.503156813840745e+04  -3.803539380296008e+04  -5.328078406516425e-03  8.534602279566997e-04  -9.495785084862181e-03
  1.689999999999997e+01  -4.857911877023202e+05  -4.870992122005533e+05  9.854227613764280e+04  -7.902281769166045e+05  -2.538442318921978e+04  -4.697904366669474e+04  -3.450026705290650e-03  1.086195978885397e-03  -7.768669814212106e-03
  1.699999999999997e+01  -4.978660203805853e+05  -4.852425242192342e+05  1.123541329086505e+05  -7.938358094624691e+05  -2.014529325747573e+04  -5.579776243326293e+04  -1.555680961436141e-03  8.656957986648511e-04  -5.668106249303021e-03
  1.709999999999997e+01  -5.103651428692634e+05  -4.863053465025878e+05  1.336250636117420e+05  -7.943043596386134e+05  -2.334370207725064e+04  -6.226617341783305e+04  -4.347886589545948e-04  3.774442928692963e-04  -3.616688204530116e-03
  1.719999999999997e+01  -5.215149641828554e+05  -4.888403556576965e+05  1.513724560168305e+05  -7.912227541482460e+05  -3.347806671329249e+04  -6.520447551323076e+04  -1.809763187526305e-04  -2.242059338675521e-04  -1.714927451346041e-03
  1.729999999999998e+01  -5.306232076150866e+05  -4.911297103718726e+05  1.589425487993008e+05  -7.859627135946631e+05  -4.510810816889138e+04  -6.444530085330518e+04  -2.004467000620365e-04  -8.049811419333579e-04  1.670624830591862e-04
  1.739999999999998e+01  -5.372398723525843e+05  -4.919077937271541e+05  1.575101245400660e+05  -7.816099384462882e+05  -5.277330579324833e+04  -6.028567882178341e+04  2.449353601858830e-04  -1.269991005412040e-03  2.068309568178976e-03
  1.749999999999998e+01  -5.410040384301533e+05  -4.911370053695244e+05  1.538057559140508e+05  -7.810844952744945e+05  -5.411310418756601e+04  -5.325046802248776e+04  1.399768389480428e-03  -1.603529323533889e-03  3.821631571175497e-03
  1.759999999999998e+01  -5.418696952346592e+05  -4.900354503027931e+05  1.542845741573560e+05  -7.850400679012121e+05  -5.035154556902382e+04  -4.428415406267181e+04  2.790399566530917e-03  -1.867657894872902e-03  5.176473076245388e-03
  1.769999999999998e+01  -5.400441615746995e+05  -4.895559707864546e+05  1.609200868469218e+05  -7.914732074430832e+05  -4.451746322580892e+04  -3.496503995827078e+04  3.583780520434556e-03  -2.139538707138937e-03  5.984257280312278e-03
  1.779999999999998e+01  -5.359858604113401e+05  -4.887307154718970e+05  1.714795711843264e+05  -7.972527599489082e+05  -3.906294947742356e+04  -2.729566966776402e+04  3.261089079624177e-03  -2.420754856938967e-03  6.307492416928248e-03
  1.789999999999998e+01  -5.305940601611858e+05  -4.846619200647583e+05  1.825019002974288e+05  -8.000177731348929e+05  -3.488221634862255e+04  -2.293818059130431e+04  2.039655628390151e-03  -2.629220734249575e-03  6.345896795300354e-03
  1.799999999999999e+01  -5.251409387901684e+05  -4.749308645078613e+05  1.916051569940894e+05  -7.994400994844596e+05  -3.201734010142733e+04  -2.250230289647958e+04  6.926498164714844e-04  -2.668243744159245e-03  6.259998675013615e-03
  1.809999999999999e+01  -5.207648957711026e+05  -4.604964781009315e+05  1.978967961618509e+05  -7.972253883411308e+05  -3.069318141447720e+04  -2.529109992192992e+04  -3.476731069531452e-05  -2.478302820980330e-03  6.096843040075879e-03
  1.819999999999999e+01  -5.176847123362725e+05  -4.460914240575944e+05  2.012702655004624e+05  -7.958069431129075e+05  -3.160742952169171e+04  -2.960426849739492e+04  4.818601566455599e-05  -2.067549989359734e-03  5.851246259020667e-03
  1.829999999999999e+01  -5.150152901034764e+05  -4.377625667522653e+05  2.019922589210356e+05  -7.967524240602355e+05  -3.538996438285587e+04  -3.348744184372405e+04  5.277065612386265e-04  -1.505674641732542e-03  5.567484465381462e-03
  1.839999999999999e+01  -5.115244129184976e+05  -4.389822525378236e+05  2.009196740705996e+05  -7.996796344387484e+05  -4.189051991554513e+04  -3.537866877695479e+04  8.111919710404706e-04  -9.205021716983206e-04  5.338384199209895e-03
  1.849999999999999e+01  -5.068396373635087e+05  -4.482838477376417e+05  1.993095808371770e+05  -8.025822598884236e+05  -4.984529347736528e+04  -3.449624511953666e+04  6.238665832062180e-04  -4.815035098291859e-04  5.170826531975005e-03
  1.859999999999999e+01  -5.020496019815134e+05  -4.602159916956939e+05  1.982706572992606e+05  -8.035239769243661e+05  -5.702483471404640e+04  -3.114159061013439e+04  1.708713602245126e-04  -3.060929673913630e-04  4.941757383201899e-03
  1.870000000000000e+01  -4.990546410798900e+05  -4.686519484759573e+05  1.984413250557049e+05  -8.021062337942151e+05  -6.094998055385720e+04  -2.679304265623871e+04  -1.206768217427107e-04  -3.787635088637193e-04  4.547670241143388e-03
  1.880000000000000e+01  -4.993390073103377e+05  -4.703915956435942e+05  2.001110616455782e+05  -7.996634780305390e+05  -6.005870165259914e+04  -2.359392385274631e+04  2.342660929412523e-05  -5.536187908899195e-04  4.073252589153826e-03
  1.890000000000000e+01  -5.030381563288326e+05  -4.663555723841228e+05  2.034853700147598e+05  -7.980458294912701e+05  -5.463065329639457e+04  -2.300805893964842e+04  5.539805370167886e-04  -6.520231836926630e-04  3.757139889516755e-03
  1.900000000000000e+01  -5.088220936817675e+05  -4.599555587129396e+05  2.086381713411207e+05  -7.980322367117335e+05  -4.682277269445943e+04  -2.451019055656715e+04  1.192704361673082e-03  -5.843166963929089e-04  3.757035654360894e-03
  1.910000000000000e+01  -5.145774413473783e+05  -4.547197279356248e+05  2.150729050038735e+05  -7.987510849401869e+05  -3.953399656116034e+04  -2.573144820501134e+04  1.628982063644683e-03  -3.968402939817076e-04  3.971813890288430e-03
  1.920000000000000e+01  -5.183835770354671e+05  -4.527025970727601e+05  2.215765684762056e+05  -7.983268012606064e+05  -3.478487768670764e+04  -2.423266064086792e+04  1.661891702174959e-03  -2.329998451689683e-04  4.131082341036782e-03
  1.930000000000000e+01  -5.194819572978152e+05  -4.542544729041945e+05  2.266679002487783e+05  -7.951539813242226e+05  -3.280780959014611e+04  -1.949189235969048e+04  1.284380781069189e-03  -2.256005429139195e-04  4.030551833909825e-03
  1.940000000000001e+01  -5.187167641665612e+05  -4.583057264646086e+05  2.294079926688274e+05  -7.889303902183261e+05  -3.243545854731994e+04  -1.348714678127872e+04  7.197828695730894e-04  -3.837241712484671e-04  3.674928631128909e-03
  1.950000000000001e+01  -5.182750662374216e+05  -4.627966086605215e+05  2.298998318703732e+05  -7.808638449907628e+05  -3.241517809897829e+04  -9.428409667160542e+03  3.793142919315035e-04  -5.555388908718887e-04  3.208748532415836e-03
  1.960000000000001e+01  -5.206914671045547e+05  -4.657550364855964e+05  2.289019405545809e+05  -7.729995767000734e+05  -3.240131491874085e+04  -9.736291080741677e+03  6.771956734437202e-04  -5.143997584172298e-04  2.728888334477817e-03
  1.970000000000001e+01  -5.272715336626031e+05  -4.663100396172799e+05  2.271881785316546e+05  -7.671470667445686e+05  -3.295106385560138e+04  -1.465669813537141e+04  1.761871138094317e-03  -1.346158997070858e-04  2.204937264239750e-03
  1.980000000000001e+01  -5.369535565561785e+05  -4.650404512663877e+05  2.251629603172078e+05  -7.640912551728733e+05  -3.476050198193324e+04  -2.223487607446220e+04  3.355136728657783e-03  4.990585147137582e-04  1.545569074652727e-03
  1.990000000000001e+01  -5.466752722469502e+05  -4.632000379492294e+05  2.229071298351175e+05  -7.635595721663421e+05  -3.792408468524186e+04  -2.957571953618177e+04  4.850029757728819e-03  1.142832225843502e-03  7.116928983607954e-04
