TITLE = "Temporal Signal for receiver number 02779"
VARIABLES = "Time","xx","yy","zz","xy","yz","xz","u","v","w"
# x1       3.596205160000e+05
# x2       4.735490050000e+06
# x3       -9.000000000000e+03
  0.000000000000000e+00  0.000000000000000e+00  0.000000000000000e+00  0.000000000000000e+00  0.000000000000000e+00  0.000000000000000e+00  0.000000000000000e+00  0.000000000000000e+00  0.000000000000000e+00  0.000000000000000e+00
  1.000000000000000e-01  0.000000000000000e+00  0.000000000000000e+00  0.000000000000000e+00  0.000000000000000e+00  0.000000000000000e+00  0.000000000000000e+00  0.000000000000000e+00  0.000000000000000e+00  0.000000000000000e+00
  2.000000000000000e-01  0.000000000000000e+00  0.000000000000000e+00  0.000000000000000e+00  0.000000000000000e+00  0.000000000000000e+00  0.000000000000000e+00  0.000000000000000e+00  0.000000000000000e+00  0.000000000000000e+00
  3.000000000000000e-01  4.254884459479170e-25  3.305977770402043e-24  1.160610872900497e-24  1.683888733320329e-24  -1.636822250134795e-24  2.783556628289517e-25  -2.204546872136330e-31  -2.401129898647497e-31  2.089318278824273e-31
  4.000000000000000e-01  4.070494621203540e-15  9.087909446197938e-15  5.517778939298416e-15  5.701229051710858e-15  6.584887655538360e-15  -2.327102290979349e-15  -5.549197893426075e-22  -6.801724627504614e-22  -7.851511892910336e-22
  5.000000000000000e-01  -1.094190001926237e-11  2.398437145012291e-11  -1.523421039162973e-11  -4.463608431370817e-12  -4.819644665121171e-12  4.027598442523654e-12  3.777417026962111e-19  -8.785813444050326e-19  -8.158439450830166e-20
  6.000000000000000e-01  2.321844102707836e-11  -7.442995589181348e-09  8.254059838836165e-11  1.401866394512315e-11  5.253724715855681e-10  -4.537809901410365e-10  -6.774378978895390e-17  4.465303095686111e-16  -5.932134195960757e-18
  7.000000000000000e-01  2.674352487648832e-08  8.295797322829807e-08  -1.611893517322783e-08  5.675579015901058e-08  3.868143800245568e-08  -1.149496132081598e-08  -5.989300420179796e-15  -4.973412328743090e-15  -5.143927332491715e-15
  7.999999999999999e-01  -6.362721026150116e-07  -1.273774551509527e-06  -6.977684238827956e-07  -6.693579916699300e-07  5.817348779794663e-07  1.555939691740393e-07  1.001890644850446e-13  1.080006440333243e-13  -6.025462723747012e-14
  8.999999999999999e-01  -5.560478491205816e-06  -1.782712433762177e-05  -6.762576494343874e-06  -7.220914021358215e-06  1.692290227492685e-06  -5.670029603988644e-08  8.826438805061722e-13  1.218647538938415e-12  -5.536207939576212e-14
  9.999999999999999e-01  1.000767831541688e-05  -4.362239883645517e-05  -9.325356988616444e-06  -5.711953568966090e-06  -1.431977406746804e-05  -1.359960387387602e-05  1.200142069758604e-13  2.665565419956927e-12  4.192579708184711e-12
  1.100000000000000e+00  4.066548296723330e-04  5.524547565569868e-04  2.681126687410982e-04  4.620771425980195e-04  -1.393309122119765e-04  -1.254545621748818e-04  -6.019027334910024e-11  -4.346756407857252e-11  3.720177353741654e-11
  1.200000000000000e+00  1.137536801509637e-03  3.053103492047482e-03  1.327083017141821e-03  1.936419020494631e-03  2.118248121263611e-04  -9.950596549932994e-05  -2.132743295598526e-10  -2.333256077949814e-10  7.392373862727290e-12
  1.300000000000000e+00  -5.856986097215102e-03  -1.152380656572707e-02  -3.191707906686860e-03  -7.793262751717035e-03  2.367125256699894e-03  1.890790633942235e-03  1.009491537426996e-09  7.911286645625801e-10  -4.962520130675365e-10
  1.400000000000000e+00  2.331892237433873e-02  3.168889104225379e-02  1.729019811885740e-02  1.837990916552374e-02  -1.683901931310745e-02  -8.328642922499643e-03  -3.084680226556576e-09  -1.654684133899526e-09  2.666338184150478e-09
  1.500000000000000e+00  8.374935941509653e-03  2.518944509917619e-02  -8.808321069138694e-03  5.040331353389303e-03  2.072422588586181e-02  6.628112439106994e-03  7.084004839804317e-10  -2.492652615172393e-09  -2.988048323010067e-09
  1.600000000000000e+00  -2.111024259550327e-01  -3.075522320710430e-01  -1.441308892001910e-01  -1.423016893350526e-01  6.265954849303472e-02  6.257450503214013e-02  1.853086763278179e-08  2.218403919836476e-08  -1.147031932020805e-08
  1.700000000000000e+00  5.776129742641968e-01  7.268116581834765e-01  5.189492728988131e-01  2.847173175059560e-01  -2.215444324377151e-01  -2.338665114269421e-01  -3.991427479035045e-08  -5.301910568468019e-08  4.377563032811521e-08
  1.800000000000000e+00  -3.535793147810926e-01  -7.173757203506581e-02  -7.515534699896610e-01  1.101482257468498e-01  1.939204912744692e-01  3.994520781688882e-01  -2.350590823955494e-09  2.584837764402471e-08  -5.627602464273587e-08
  1.900000000000001e+00  -8.313625816580560e-01  -2.209129147968180e+00  4.001880193660368e-01  -1.604883764849078e+00  5.821140720541564e-02  1.411864721972176e-01  1.375886513049598e-07  1.418753515933417e-07  3.184009495844498e-08
  2.000000000000000e+00  7.870349535279972e+01  7.337429234617235e+01  5.883744294665022e+01  3.411196727454075e+01  -2.231624996493591e+01  -2.653514278020418e+01  -5.757313704173601e-06  -5.320227910399734e-06  3.922074614499199e-06
  2.100000000000001e+00  1.388606865669417e+02  9.729174095321667e+01  1.762160826587969e+01  7.285903930025042e+01  -3.156467524390608e+00  -1.847163836198149e+01  -1.097994489765769e-05  -7.159684245155415e-06  -4.678949011486215e-07
  2.200000000000001e+00  -2.032441554126815e+01  -1.609131331142366e+02  -3.639172119082136e+02  2.348176549728245e+01  1.749985665661670e+02  1.204060712530533e+02  -1.066717256231493e-07  1.082484833935276e-05  -3.134280805337538e-05
  2.300000000000001e+00  -6.445743149979756e+01  -3.131993085429931e+02  -6.676013733851141e+02  1.594355566308786e+01  3.565207153733655e+02  2.568218750825159e+02  3.510550256297042e-06  2.267987997707015e-05  -5.820314080829049e-05
  2.400000000000001e+00  4.007248033958358e+00  -3.741498641486774e+02  -8.615481107467931e+02  2.573048175764656e+01  5.429842739998296e+02  3.944198017302551e+02  2.612129395729652e-06  3.012000985360494e-05  -7.868872186282221e-05
  2.500000000000001e+00  1.137995982514149e+02  -4.106388013738916e+02  -1.033827824080577e+03  4.825353449819588e+01  7.428891724717115e+02  5.346504479291216e+02  7.070691465242976e-07  3.708995687591866e-05  -9.588453613435638e-05
  2.600000000000001e+00  3.024556853611295e+02  -4.346790880477172e+02  -1.283070973607461e+03  9.729743488040640e+01  9.902114612708482e+02  7.151154773576541e+02  -6.011762109388916e-06  4.278601028683565e-05  -1.200551850876244e-04
  2.700000000000001e+00  6.687621430561777e+02  -3.944008407446692e+02  -1.785000842491797e+03  2.614749474105122e+02  1.431554477200725e+03  1.007012026614810e+03  -2.616005836753182e-05  4.316287653283741e-05  -1.738068986438317e-04
  2.800000000000001e+00  1.037409971638912e+03  -5.718208281543222e+02  -2.870367727914479e+03  4.961221159946513e+02  2.183440559585723e+03  1.502030577946637e+03  -4.893439278729500e-05  6.296297210106105e-05  -2.729486155563967e-04
  2.900000000000001e+00  3.574864790541170e+02  -2.262325938699751e+03  -5.747645777896594e+03  2.220091834759949e+02  3.766553620398839e+03  2.763995163952349e+03  1.815460526721434e-05  1.915477302889222e-04  -5.040490582097447e-04
  3.000000000000001e+00  -2.020127832834579e+03  -6.551690099433774e+03  -1.274793845736674e+04  -6.510531923227509e+02  7.367376187106969e+03  5.789963406839198e+03  2.058000892008443e-04  5.074576050410866e-04  -1.074894838431895e-03
  3.100000000000001e+00  -7.975442342304408e+03  -1.597052359134842e+04  -2.761974549697784e+04  -2.926464848146175e+03  1.517303318683410e+04  1.236841835003726e+04  6.598094504342015e-04  1.213642944152314e-03  -2.322616951195461e-03
  3.200000000000002e+00  -1.802423402892029e+04  -3.083441477534013e+04  -5.014188427360510e+04  -7.296851883596732e+03  2.776668886788261e+04  2.337281591623893e+04  1.479207742146609e-03  2.366728919832834e-03  -4.232030851231619e-03
  3.300000000000002e+00  -3.288339513735190e+04  -5.114312666776050e+04  -7.790501283079754e+04  -1.502044018791071e+04  4.471540101081967e+04  3.913735267991015e+04  2.822215662779062e-03  4.005203110083416e-03  -6.585904648083286e-03
  3.400000000000002e+00  -5.027796024413857e+04  -7.561201786849287e+04  -1.095374414772038e+05  -2.555978159317661e+04  6.658432596054728e+04  6.002858304071557e+04  4.520016012278101e-03  6.081075162580854e-03  -9.344507634917308e-03
  3.500000000000002e+00  -7.783119755903949e+04  -1.116488451016447e+05  -1.547616757198118e+05  -4.197802411783936e+04  9.739864145963122e+04  9.042658680692845e+04  7.172945031063221e-03  9.096964378131357e-03  -1.328897482509129e-02
  3.600000000000002e+00  -1.012821877495753e+05  -1.444251267091340e+05  -2.068831560080031e+05  -5.734680133537480e+04  1.364715824147091e+05  1.290820548639639e+05  9.673139144672414e-03  1.203619431928019e-02  -1.827015474039765e-02
  3.700000000000002e+00  -1.220293285963408e+05  -1.790414143363168e+05  -2.651026998714818e+05  -7.413164141138901e+04  1.828299285152969e+05  1.750932427580302e+05  1.220431253082063e-02  1.533705715395367e-02  -2.389630840060160e-02
  3.800000000000002e+00  -1.532936894130288e+05  -2.222254369461105e+05  -3.405626822797027e+05  -9.626254460381967e+04  2.407264043189819e+05  2.359002802198261e+05  1.588196945108343e-02  1.930209022549280e-02  -3.119520321916253e-02
  3.900000000000002e+00  -1.703852631162422e+05  -2.560577277867497e+05  -4.197965684800323e+05  -1.141885487526358e+05  3.035472122737679e+05  3.035558354621325e+05  1.873489257811149e-02  2.275254997048690e-02  -3.894486162146292e-02
  4.000000000000002e+00  -1.864177052421190e+05  -2.858648249213027e+05  -4.990002896075919e+05  -1.335256767444401e+05  3.727020271654352e+05  3.789640565568349e+05  2.183329677603021e-02  2.614664025022001e-02  -4.708327461554668e-02
  4.100000000000001e+00  -2.518593455585769e+05  -3.518061762859791e+05  -5.991895729929082e+05  -1.762072162304723e+05  4.418450618008555e+05  4.589526656977879e+05  2.885943301631223e-02  3.238655242009100e-02  -5.453335277344237e-02
  4.200000000000001e+00  -2.481691045179305e+05  -3.496715666615875e+05  -6.259327746132906e+05  -2.008877939249432e+05  4.980496501467355e+05  5.322576939566254e+05  3.184568193013067e-02  3.399308735825884e-02  -5.872252115569255e-02
  4.300000000000001e+00  -6.838835922540927e+04  -1.882471500331671e+05  -5.067424886594829e+05  -1.506253554591000e+05  5.088809115232168e+05  5.700996693194236e+05  2.243032975302212e-02  2.423823947257601e-02  -5.345256613016135e-02
  4.400000000000000e+00  -2.465423274467824e+02  -1.199819011021604e+05  -3.926821124682279e+05  -1.655379181801886e+05  5.064922383773839e+05  5.897547683941863e+05  2.185054025436652e-02  2.187070408940675e-02  -4.361267766605197e-02
  4.500000000000000e+00  -1.452496852561119e+04  -1.218881911775611e+05  -2.987024026112789e+05  -2.146165498577521e+05  4.972865674825647e+05  5.901027216723531e+05  2.665320102048026e-02  2.453850018668641e-02  -3.104293939031916e-02
  4.600000000000000e+00  -1.927712534609101e+03  -1.002432183825528e+05  -1.838851543138121e+05  -2.571543798536718e+05  4.678639395202355e+05  5.606081377188651e+05  2.873075369464535e-02  2.530731897851384e-02  -1.568832311906630e-02
  4.699999999999999e+00  3.860728020249693e+04  -5.980054479107511e+04  -5.217722068826668e+04  -2.872450572690939e+05  4.229018961966844e+05  5.064501827012736e+05  2.829707587181266e-02  2.383926808086974e-02  1.816532561798260e-03
  4.799999999999999e+00  -1.136279656688591e+04  -6.946999484333243e+04  4.774140444600885e+04  -3.325224656490651e+05  3.678864039461165e+05  4.400007344871202e+05  3.340223912460789e-02  2.457175077009249e-02  2.029160646280978e-02
  4.899999999999999e+00  -1.099531306327385e+05  -7.556649793051014e+04  1.452602252246348e+05  -3.711505262790744e+05  3.064403427540935e+05  3.563892079702007e+05  4.152736466517595e-02  2.419782303966346e-02  3.991152534000039e-02
  4.999999999999998e+00  -2.373763228079313e+05  -8.703185867168385e+04  2.117850789418358e+05  -4.055019103417599e+05  2.508848162517438e+05  2.708609910282702e+05  5.036061262171400e-02  2.342659243127684e-02  5.704933897446784e-02
  5.099999999999998e+00  -3.592582561749965e+05  -1.108194598053163e+05  2.748140580958780e+05  -4.450875440961695e+05  1.748626304979047e+05  1.532884243435787e+05  5.886761125207988e-02  2.344703908191629e-02  7.730836860603203e-02
  5.199999999999998e+00  -4.567796398632008e+05  -8.129079525344352e+04  3.713300163208725e+05  -4.653052192826028e+05  6.370180096478728e+04  -8.475062665556705e+03  6.478809766254956e-02  1.897839920287562e-02  1.026834066641617e-01
  5.299999999999997e+00  -4.918825576006000e+05  -5.505879365970914e+03  4.561095705109932e+05  -4.450688992524465e+05  -3.279276950094501e+04  -1.521182609067211e+05  6.370837548645349e-02  1.019355050195269e-02  1.203391574502343e-01
  5.399999999999997e+00  -5.569309942287080e+05  -4.069390093864452e+03  5.045479409982741e+05  -4.296564229255816e+05  -1.020195237763390e+05  -2.775539926532065e+05  6.364459714443810e-02  6.670215867237421e-03  1.326769604147821e-01
  5.499999999999996e+00  -7.589584799660228e+05  -6.047727412855690e+04  5.391257941043695e+05  -4.464315561212361e+05  -2.110010623606259e+05  -4.761897395359407e+05  7.423730033206330e-02  6.952761689147661e-03  1.570687532616122e-01
  5.599999999999996e+00  -9.326659492089036e+05  -6.320419143762356e+04  4.834295509589011e+05  -4.158402106080408e+05  -3.311411792786717e+05  -6.740007864103570e+05  8.183689130195557e-02  7.795377527564806e-04  1.778287173895453e-01
  5.699999999999996e+00  -8.018257851687141e+05  -5.833342485737251e+04  2.536545065622059e+05  -3.057787615405805e+05  -3.487821583607919e+05  -6.784697260149440e+05  6.657027878170027e-02  -6.576413694988896e-03  1.627623670071275e-01
  5.799999999999995e+00  -4.046560175642982e+05  -1.279649679657530e+05  -8.007204572467932e+04  -1.918770160210192e+05  -2.418557826747095e+05  -4.566662624434544e+05  3.412028523196968e-02  -5.859973494233594e-03  1.124271091225340e-01
  5.899999999999995e+00  -2.734426560718627e+04  -2.282111915396101e+05  -3.450814004543772e+05  -1.442157215114347e+05  -1.037662391098450e+05  -1.523926657202693e+05  7.230071821245859e-03  -2.283872362694462e-04  5.701186113318515e-02
  5.999999999999995e+00  1.578990518625680e+05  -2.528657997677729e+05  -4.631861095484245e+05  -1.453933404594520e+05  -1.313617538300714e+04  1.009692979626980e+05  -2.874444873750311e-03  1.477793108648183e-03  2.028465722642210e-02
  6.099999999999994e+00  1.793842833851133e+05  -2.103194141217509e+05  -4.876246512383276e+05  -1.523193651786735e+05  3.201290306612801e+04  2.838829954425848e+05  -1.839395669518226e-03  -1.468162793084146e-03  1.129401810124211e-04
  6.199999999999994e+00  1.376243123248792e+05  -1.786906797375978e+05  -4.450323348266324e+05  -1.817570648260567e+05  4.139660941260980e+04  4.237091350795702e+05  3.358658450201910e-03  -3.524909953322378e-03  -1.166323438441601e-02
  6.299999999999994e+00  6.152110298951640e+04  -1.858254581404501e+05  -3.363986968666972e+05  -2.590188046265174e+05  1.527189074257264e+04  5.164205510355928e+05  1.194490846991603e-02  -1.086843337137358e-03  -1.360420521583329e-02
  6.399999999999993e+00  -3.413135087608204e+04  -2.059294392865533e+05  -2.199211169370365e+05  -3.353093530432943e+05  1.008858923012210e+04  5.539153470138797e+05  2.027486937806913e-02  4.880444105353579e-03  -9.111746258480274e-03
  6.499999999999993e+00  -8.903252742612467e+04  -2.208254791188125e+05  -1.551625865405990e+05  -3.446818083155719e+05  8.722283278085386e+04  5.619717517197412e+05  2.137128132284499e-02  1.083134315869550e-02  -9.108333264428706e-03
  6.599999999999993e+00  -8.278923982290109e+04  -2.220115006992935e+05  -1.388802895292684e+05  -3.012312906504415e+05  2.177274424759187e+05  5.710467090404552e+05  1.522972419607836e-02  1.423866587277737e-02  -1.715670583050688e-02
  6.699999999999992e+00  -5.887895990157974e+04  -2.126792699273446e+05  -1.877179176218373e+05  -2.635682117025494e+05  3.434515442274101e+05  5.912610730352722e+05  7.618605560693673e-03  1.544869418784279e-02  -3.130815434674039e-02
  6.799999999999992e+00  -2.273980504579810e+04  -1.852494833823350e+05  -2.611311018115169e+05  -2.339696862423945e+05  4.457702190419551e+05  6.124530203212739e+05  -7.313065203341587e-05  1.405941483698392e-02  -4.634862804547212e-02
  6.899999999999991e+00  4.142477291847942e+04  -1.552379461805303e+05  -2.796209226696763e+05  -1.917034082522609e+05  5.292996527497360e+05  6.271024308159050e+05  -8.769924394322738e-03  1.138382653861791e-02  -5.761968529342020e-02
  6.999999999999991e+00  1.050804089254730e+05  -1.706160194715762e+05  -2.464659889584621e+05  -1.650406905478974e+05  5.950842391464491e+05  6.468606228845420e+05  -1.537468969168507e-02  1.280448737605645e-02  -6.532671765761373e-02
  7.099999999999991e+00  1.351281208352746e+05  -2.154873343277051e+05  -1.811575776900082e+05  -1.865250703772743e+05  6.308899529185313e+05  6.775813900584728e+05  -1.585771094558837e-02  1.844030744113344e-02  -6.850740959647880e-02
  7.199999999999990e+00  1.391087500665841e+05  -2.155237438017743e+05  -8.825739872705261e+04  -2.387833587495575e+05  6.285227849205399e+05  6.997917246217966e+05  -1.092319909960902e-02  2.061708112831005e-02  -6.535151221393740e-02
  7.299999999999990e+00  1.341457382380044e+05  -1.471864836650204e+05  -2.011470612393900e+04  -2.812139899275455e+05  5.939765930626120e+05  6.966669367517612e+05  -4.658572520656777e-03  1.519238475499889e-02  -5.893301635630672e-02
  7.399999999999990e+00  1.259202456282094e+05  -5.841468131753631e+04  -1.916882038860041e+04  -2.914764480452116e+05  5.431754863176821e+05  6.790100615726789e+05  -8.211865994242230e-04  6.517332128356728e-03  -5.394083783129579e-02
  7.499999999999989e+00  1.150814095207627e+05  5.528069286091302e+03  -5.752304613719790e+04  -2.765015431978994e+05  4.885482548950283e+05  6.581480911708238e+05  -4.429545463700168e-04  -6.665763832522625e-04  -4.964510947799473e-02
  7.599999999999989e+00  9.663699516876186e+04  2.342801651506123e+04  -1.086907955508170e+05  -2.562054220992423e+05  4.442630580295732e+05  6.278795951900883e+05  -1.302124367861929e-03  -4.730913352262355e-03  -4.393378512059937e-02
  7.699999999999989e+00  9.018255229913305e+04  1.068091280721368e+04  -1.658758845914365e+05  -2.340995164068527e+05  4.274126447282528e+05  5.901343769189370e+05  -2.370752346507731e-03  -5.600776882312773e-03  -3.873888325138822e-02
  7.799999999999988e+00  1.137833969630228e+05  6.874603443052276e+03  -2.143945106261987e+05  -2.078471017747782e+05  4.290016938838683e+05  5.638379520883941e+05  -4.130644555216754e-03  -5.282743494599302e-03  -3.656325446320821e-02
  7.899999999999988e+00  1.436981849074039e+05  1.909804801254069e+04  -2.409818080779484e+05  -1.890374164686031e+05  4.258335159803363e+05  5.521400817584923e+05  -5.790613058949894e-03  -5.521552409322695e-03  -3.573804333060946e-02
  7.999999999999988e+00  1.650882889695621e+05  3.216762569540313e+04  -2.402583704027519e+05  -1.819092798986831e+05  4.187337061323607e+05  5.344276722159605e+05  -7.300738351308612e-03  -5.140735198376701e-03  -3.229476050140324e-02
  8.099999999999987e+00  1.930614492572919e+05  3.521482828504978e+04  -2.359583272856539e+05  -1.739795917825803e+05  4.225399525053759e+05  5.080259104222270e+05  -9.643484324455016e-03  -2.116089445564588e-03  -2.698680045952977e-02
  8.199999999999987e+00  2.340473986690772e+05  2.986570774387242e+04  -2.635031620006504e+05  -1.514592435569005e+05  4.332583532815257e+05  4.898022318815037e+05  -1.286637089150978e-02  1.395739343628901e-03  -2.478261405826930e-02
  8.299999999999986e+00  2.660301649033998e+05  3.028713023142689e+04  -3.275153505702121e+05  -1.129240218139846e+05  4.348068297024619e+05  4.820898868033172e+05  -1.519130664321354e-02  5.937029545296331e-04  -2.728882461827412e-02
  8.399999999999986e+00  2.779256449927095e+05  5.313409912936343e+04  -3.932992107154222e+05  -6.927986212883450e+04  4.203038130278373e+05  4.738315435943786e+05  -1.561552086382195e-02  -5.369689767006286e-03  -3.021379812337424e-02
  8.499999999999986e+00  2.928987619775668e+05  1.024383108363259e+05  -4.206335863699834e+05  -3.271423824459363e+04  3.911129808574833e+05  4.601861342275351e+05  -1.581840920096942e-02  -1.263076923196059e-02  -2.856631328573996e-02
  8.599999999999985e+00  3.259340888715869e+05  1.618422019409440e+05  -3.925593400914472e+05  -7.712436256747843e+03  3.490028139605000e+05  4.416237607150389e+05  -1.733484235621838e-02  -1.760149547310808e-02  -2.124878426836839e-02
  8.699999999999985e+00  3.494063798277067e+05  2.052175170780342e+05  -3.278024313202646e+05  1.198766260944317e+04  3.008755373395584e+05  4.167378812682873e+05  -1.911835897290635e-02  -2.063467398046386e-02  -1.185517669821300e-02
  8.799999999999985e+00  3.427420193088742e+05  2.176042566861130e+05  -2.671926622486455e+05  3.359238790232764e+04  2.585821324706792e+05  3.821261689705154e+05  -2.037714848189578e-02  -2.371882446376167e-02  -5.069401731027776e-03
  8.899999999999984e+00  3.244008384561025e+05  1.978399587768050e+05  -2.457630841669116e+05  5.019538765248674e+04  2.234929777824981e+05  3.418219045851395e+05  -2.165159155722099e-02  -2.649404043771534e-02  -2.557121803545222e-03
  8.999999999999984e+00  3.166003913960657e+05  1.554891861091812e+05  -2.641981579831972e+05  5.421744136539297e+04  1.886953174269965e+05  3.076665746135192e+05  -2.272136468590143e-02  -2.732209479748604e-02  -2.562762822033218e-03
  9.099999999999984e+00  3.157625563242903e+05  1.097028567266401e+05  -2.810786779159620e+05  5.030096112177199e+04  1.553299965690641e+05  2.891087442211366e+05  -2.205138926005462e-02  -2.605537286601528e-02  -1.701777143821694e-03
  9.199999999999983e+00  3.010146362541727e+05  7.246495864450399e+04  -2.623651658414756e+05  4.194011110651012e+04  1.315530157902040e+05  2.888533063093143e+05  -1.860441899467537e-02  -2.387004300625420e-02  1.585977204859088e-03
  9.299999999999983e+00  2.520483934315029e+05  3.466134856026031e+04  -2.201963903877592e+05  2.498677365555327e+04  1.209263376313638e+05  3.009239115648013e+05  -1.294239268889417e-02  -2.133932806894690e-02  5.662432794266900e-03
  9.399999999999983e+00  1.753885611650986e+05  -7.799628304980904e+03  -1.720955869698307e+05  3.545501027276091e+03  1.185949192763457e+05  3.106326108692794e+05  -7.176037625059101e-03  -1.858524736907144e-02  9.096271278553898e-03
  9.499999999999982e+00  1.003597418624378e+05  -4.047324898533367e+04  -1.155945034924116e+05  -1.213925147114713e+04  1.158465589882066e+05  3.065317850160998e+05  -3.061798366276857e-03  -1.606664789933667e-02  1.265781818233804e-02
  9.599999999999982e+00  4.123468862045496e+04  -5.812305731544193e+04  -5.501707559664099e+04  -2.287039558582215e+04  1.048944871721882e+05  2.904339219211554e+05  7.303325881168109e-05  -1.407388778446365e-02  1.744563810919524e-02
  9.699999999999982e+00  -4.338615677619054e+03  -7.432791983661939e+04  -1.343831641896555e+03  -3.607530129343113e+04  8.723145271102119e+04  2.696079495300727e+05  3.520143686609655e-03  -1.200447041211623e-02  2.332683730987318e-02
  9.799999999999981e+00  -3.338438766561646e+04  -1.010595771335291e+05  4.095960487375347e+04  -5.133105005247548e+04  7.672722678957196e+04  2.489093215639563e+05  6.630976949280143e-03  -8.829676256843196e-03  2.837415862490356e-02
  9.899999999999981e+00  -4.394118860610877e+04  -1.336693223152709e+05  6.819081690476940e+04  -6.445394636116849e+04  8.282154905958164e+04  2.304222327768281e+05  8.120884730393782e-03  -4.470323184059907e-03  3.049975291969959e-02
  9.999999999999980e+00  -5.128011620930165e+04  -1.595664215938547e+05  7.802118783536241e+04  -7.678803423187336e+04  9.597180957962282e+04  2.113222310751300e+05  8.226839443820222e-03  -3.088541179311133e-04  3.036372800098653e-02
  1.009999999999998e+01  -7.328842802081750e+04  -1.744221041792209e+05  7.876818766271761e+04  -9.128367706413750e+04  1.017257423642456e+05  1.849246274199552e+05  7.681761264996209e-03  2.255305700450554e-03  3.062502163487843e-02
  1.019999999999998e+01  -1.048153977646388e+05  -1.854168807437820e+05  8.166611807558662e+04  -1.076692200111080e+05  1.002066581205050e+05  1.499755429049981e+05  6.302977156454973e-03  3.420403323390859e-03  3.208371645151852e-02
  1.029999999999998e+01  -1.227387548591702e+05  -2.012416879830088e+05  8.506789331454418e+04  -1.251737676329207e+05  1.006024979523025e+05  1.134888221933129e+05  3.850605777853571e-03  4.570932880732861e-03  3.282286617805833e-02
  1.039999999999998e+01  -1.121159287889531e+05  -2.206117673578984e+05  7.971920750906951e+04  -1.413776290165975e+05  1.058470372887117e+05  8.068590762199152e+04  6.046342237040778e-04  6.435333859593049e-03  3.143889074097823e-02
  1.049999999999998e+01  -7.849489176732140e+04  -2.339359633491859e+05  6.268407091039797e+04  -1.493395804497838e+05  1.123828857482026e+05  5.191664246674483e+04  -3.102234620786229e-03  8.341029641565356e-03  2.876999848933656e-02
  1.059999999999998e+01  -4.056808217416978e+04  -2.350004548744844e+05  3.501029743761007e+04  -1.456642117725883e+05  1.182958562281890e+05  3.157453170072923e+04  -6.556394206440950e-03  9.164395003384082e-03  2.571039618387364e-02
  1.069999999999998e+01  -1.530809381391201e+04  -2.242437715011043e+05  -2.917911511378401e+03  -1.379427421785283e+05  1.228209900345112e+05  2.754113674546554e+04  -8.577134790228917e-03  8.138026915899692e-03  2.182611319631246e-02
  1.079999999999998e+01  -4.996342260663275e+03  -2.042898930670412e+05  -4.621839593451064e+04  -1.342520570044161e+05  1.225279988644540e+05  3.925570569455648e+04  -9.124780570917132e-03  4.981293662012143e-03  1.689552433215599e-02
  1.089999999999998e+01  3.304697004320963e+03  -1.801466966675142e+05  -8.689597635735667e+04  -1.314737609264332e+05  1.165994519839876e+05  5.648629038086498e+04  -1.010198112315375e-02  5.753562188207605e-04  1.161451631329319e-02
  1.099999999999998e+01  2.124476104008251e+04  -1.600311002307527e+05  -1.220336314811230e+05  -1.236697273388926e+05  1.124339878515429e+05  7.172811024752638e+04  -1.310067658392855e-02  -2.760170194413835e-03  6.506296466111555e-03
  1.109999999999998e+01  4.310636505750384e+04  -1.493421240852345e+05  -1.512603997989056e+05  -1.159441831925228e+05  1.194933072578393e+05  8.628552268967322e+04  -1.683450012679840e-02  -2.992215207002334e-03  1.771092340376464e-03
  1.119999999999998e+01  4.915363745567961e+04  -1.470640270637830e+05  -1.707170368357975e+05  -1.209603365814922e+05  1.395708960129600e+05  1.031582214770900e+05  -1.802292238577569e-02  -1.281776486963072e-04  -1.805986384151523e-03
  1.129999999999998e+01  2.588307547145527e+04  -1.489570601483808e+05  -1.747614669353710e+05  -1.436134374848083e+05  1.652641430996614e+05  1.187909080928668e+05  -1.502227504993845e-02  4.270896733141248e-03  -2.944866537238462e-03
  1.139999999999998e+01  -1.910675726356979e+04  -1.511233797416188e+05  -1.611334070655685e+05  -1.742239926315909e+05  1.860011755318613e+05  1.261901022491744e+05  -9.617724827055961e-03  8.339501565258844e-03  -1.369071590350879e-03
  1.149999999999998e+01  -6.451177961522428e+04  -1.506916058088152e+05  -1.359513508174982e+05  -1.976974137492718e+05  1.955989272415106e+05  1.255302007641025e+05  -4.879739173920524e-03  1.040088842288148e-02  1.146389315776492e-03
  1.159999999999997e+01  -9.486446350635677e+04  -1.458865834624715e+05  -1.127928042481626e+05  -2.064734871229342e+05  1.955742032785312e+05  1.267633888005507e+05  -2.268795101163117e-03  9.672163325895737e-03  1.922737935501593e-03
  1.169999999999997e+01  -1.067188111794693e+05  -1.365883768833781e+05  -1.030194427949653e+05  -2.024554770717242e+05  1.916648971818434e+05  1.388679375365045e+05  -1.629480194440275e-03  7.009174316229430e-03  -2.522293115269072e-04
  1.179999999999997e+01  -1.008311070410397e+05  -1.243198837389689e+05  -1.084571238306749e+05  -1.900976713196462e+05  1.882079516947510e+05  1.595127884735373e+05  -2.801976784284471e-03  4.126799310697697e-03  -4.265706309625732e-03
  1.189999999999997e+01  -7.858140037963011e+04  -1.097536359526432e+05  -1.239441591337222e+05  -1.734949193200609e+05  1.873683474749704e+05  1.787572774440677e+05  -5.693020589990502e-03  2.120023359035958e-03  -8.146221239787374e-03
  1.199999999999997e+01  -4.587753788516615e+04  -9.089729699359600e+04  -1.442683843905845e+05  -1.578187635829157e+05  1.918140824320983e+05  1.911295350136620e+05  -9.225337404781063e-03  1.149082689358427e-03  -1.087106068805934e-02
  1.209999999999997e+01  -1.367759333164908e+04  -6.735112650001554e+04  -1.660741354694587e+05  -1.463222993713255e+05  2.040007416647187e+05  2.001250673106823e+05  -1.161717230363056e-02  9.047281514637511e-04  -1.257212335525173e-02
  1.219999999999997e+01  9.745548628050003e+03  -4.520189457796374e+04  -1.848545732832461e+05  -1.360774582513811e+05  2.213411568106875e+05  2.113888457488731e+05  -1.201188764659680e-02  7.350190732563149e-04  -1.361393715649791e-02
  1.229999999999997e+01  2.378343007197896e+04  -3.341884214586042e+04  -1.953288007304947e+05  -1.223054619189940e+05  2.350103957512308e+05  2.264227541311322e+05  -1.102839568240253e-02  -1.792017346857213e-04  -1.420429703529025e-02
  1.239999999999997e+01  3.209137864477946e+04  -3.543231809189211e+04  -1.954441459777822e+05  -1.072574618819039e+05  2.377917418621879e+05  2.437955078184512e+05  -9.695706861375032e-03  -1.961918992975274e-03  -1.466062601741961e-02
  1.249999999999997e+01  3.756974603606307e+04  -4.676167961382655e+04  -1.869734332734806e+05  -9.992978528752364e+04  2.315448151440372e+05  2.620164433163677e+05  -8.510122050246437e-03  -3.645266023637012e-03  -1.519542864327990e-02
  1.259999999999997e+01  3.980348011573052e+04  -5.954893825044172e+04  -1.706278606421227e+05  -1.065173885073273e+05  2.231367728656132e+05  2.792261279743726e+05  -7.282517657974318e-03  -4.223647523861430e-03  -1.521810816269480e-02
  1.269999999999997e+01  3.441157956335173e+04  -6.854280038525224e+04  -1.458517062315705e+05  -1.242556541889474e+05  2.150868756586521e+05  2.924653836720143e+05  -5.379784687435970e-03  -3.808062701076669e-03  -1.350317568010278e-02
  1.279999999999997e+01  1.614407368111492e+04  -7.369255341196137e+04  -1.179484920442850e+05  -1.445872067680689e+05  2.047114332729691e+05  2.995267736638217e+05  -2.351304451243171e-03  -3.363037699286727e-03  -9.546221997928123e-03
  1.289999999999997e+01  -1.334684280423765e+04  -7.656730977569384e+04  -9.786615448004211e+04  -1.597696024019966e+05  1.912150577352842e+05  3.003969133479695e+05  1.318835105837809e-03  -3.613330405402560e-03  -4.389019034673896e-03
  1.299999999999997e+01  -4.242996184899597e+04  -7.662938735977482e+04  -9.204139562832362e+04  -1.666842178029944e+05  1.779675038479829e+05  2.958316579508338e+05  4.319718592953786e-03  -4.479938523501894e-03  3.492935401693108e-04
  1.309999999999997e+01  -5.830482733052005e+04  -7.347191670673044e+04  -9.707770278383927e+04  -1.677847351766709e+05  1.679129895520804e+05  2.863794389786864e+05  5.652519974388675e-03  -5.277364483852717e-03  3.800234911933329e-03
  1.319999999999997e+01  -5.823255400870804e+04  -7.038065286936071e+04  -1.052473709006321e+05  -1.697023573905109e+05  1.614156818987203e+05  2.740622379968034e+05  5.518294643879713e-03  -5.227114729375762e-03  5.843445695238233e-03
  1.329999999999997e+01  -4.957681411101180e+04  -7.249005606904851e+04  -1.117089047334788e+05  -1.775510083302593e+05  1.581740928717121e+05  2.641169674218132e+05  4.889845135393870e-03  -4.109904884703926e-03  6.328237499008983e-03
  1.339999999999997e+01  -4.031779445255223e+04  -8.129205388493583e+04  -1.166643544315166e+05  -1.885591649957747e+05  1.583027254708392e+05  2.628451796672288e+05  4.386780468646173e-03  -2.674921761966230e-03  4.863146118784273e-03
  1.349999999999997e+01  -3.264340268275932e+04  -9.329439507524236e+04  -1.233461699902916e+05  -1.937885368269169e+05  1.616996648800249e+05  2.722423547608408e+05  3.902382849707452e-03  -2.076339581309530e-03  1.519490110506519e-03
  1.359999999999997e+01  -2.479071686319558e+04  -1.041704782667029e+05  -1.333964252923084e+05  -1.875153347527718e+05  1.675922724074701e+05  2.871133033873381e+05  3.163698787410458e-03  -2.595728979033686e-03  -2.488293593067073e-03
  1.369999999999997e+01  -1.560575144064150e+04  -1.112299443987048e+05  -1.429259280488024e+05  -1.735787519076743e+05  1.747611563064629e+05  2.980801858205306e+05  2.244545839429789e-03  -3.180087174074152e-03  -5.172033223249688e-03
  1.379999999999997e+01  -6.449869439605647e+03  -1.130717935788333e+05  -1.459064240228416e+05  -1.616797105775108e+05  1.814860034865428e+05  2.982016923112847e+05  1.558344648022775e-03  -2.525357963822035e-03  -5.115415164528742e-03
  1.389999999999997e+01  -1.216650594796934e+02  -1.098190642401815e+05  -1.416785790601971e+05  -1.581994988256215e+05  1.857139296508384e+05  2.875829861001633e+05  1.518414141816518e-03  -4.986148885389509e-04  -2.472407505859454e-03
  1.399999999999997e+01  1.743035659289652e+03  -1.035537665292617e+05  -1.344511366518302e+05  -1.616503239252995e+05  1.871897514916093e+05  2.725023202221458e+05  2.233084985921402e-03  1.786205761487996e-03  1.395341192229153e-03
  1.409999999999997e+01  4.071600666153408e+01  -9.770479860475165e+04  -1.260191072994900e+05  -1.659702110263912e+05  1.888372296559095e+05  2.608619896991787e+05  3.468452182606401e-03  3.198610760221581e-03  5.061921093954935e-03
  1.419999999999997e+01  -3.529494354408587e+03  -9.510752547054588e+04  -1.138547907267332e+05  -1.660983110994965e+05  1.940467964278269e+05  2.578927802209940e+05  4.784452474764095e-03  3.525723456247520e-03  7.717999230529194e-03
  1.429999999999997e+01  -8.565420412785566e+03  -9.621615608666444e+04  -9.715239155839960e+04  -1.610037809448873e+05  2.028675233161721e+05  2.641021952609256e+05  5.736033432858845e-03  3.252359693193746e-03  9.009059982738026e-03
  1.439999999999996e+01  -1.533350447130781e+04  -9.911797981283742e+04  -8.159079376554972e+04  -1.535573684200038e+05  2.114188655526621e+05  2.756502925308938e+05  6.014652208360179e-03  2.835302158654740e-03  8.797197630148645e-03
  1.449999999999996e+01  -2.248412669780865e+04  -1.017035076398815e+05  -7.536965798375575e+04  -1.478001812105074e+05  2.155989194543060e+05  2.865704875755373e+05  5.452951966893655e-03  2.425762758731369e-03  7.272552289835638e-03
  1.459999999999996e+01  -2.728307500965699e+04  -1.036895135970032e+05  -8.130131897301449e+04  -1.458246222525100e+05  2.148956146987999e+05  2.920285905027949e+05  4.126210483548271e-03  2.043214273512448e-03  5.080044577981192e-03
  1.469999999999996e+01  -2.866895821307708e+04  -1.050855625644509e+05  -9.394578757497809e+04  -1.472248223358298e+05  2.117163729134052e+05  2.910278339992106e+05  2.560739976557936e-03  1.716509609824254e-03  3.177806199685671e-03
  1.479999999999996e+01  -2.881400625460225e+04  -1.038277117551534e+05  -1.044260887699799e+05  -1.507737520732533e+05  2.091210638738650e+05  2.861039443109685e+05  1.608022987830984e-03  1.521550588230932e-03  2.352275212937592e-03
  1.489999999999996e+01  -3.058097731806016e+04  -9.725681965192256e+04  -1.073789650787511e+05  -1.553610188604228e+05  2.097020109311633e+05  2.802930820789432e+05  1.855320220559822e-03  1.545440088989507e-03  2.801331524464963e-03
  1.499999999999996e+01  -3.390158345083972e+04  -8.642463380453709e+04  -1.039148520867522e+05  -1.595165865332120e+05  2.147449607480622e+05  2.745860469549370e+05  3.099542805936792e-03  1.834262746908039e-03  4.098446494022958e-03
  1.509999999999996e+01  -3.606382869526886e+04  -7.679265136238236e+04  -9.976173202176185e+04  -1.618895808567085e+05  2.233818637414088e+05  2.682422474867623e+05  4.481742524773459e-03  2.384638090659448e-03  5.442136431198653e-03
  1.519999999999996e+01  -3.547070087236020e+04  -7.299264486703879e+04  -1.002599495501061e+05  -1.631813241960078e+05  2.321407296431250e+05  2.608830957922348e+05  5.215287726225406e-03  3.110440803970460e-03  6.130725480179809e-03
  1.529999999999996e+01  -3.395423237752027e+04  -7.486191536588644e+04  -1.063263382920355e+05  -1.661396969413493e+05  2.365846377774178e+05  2.533072927017199e+05  5.093413223994884e-03  3.837638040617639e-03  5.946038591373027e-03
  1.539999999999996e+01  -3.440218151973975e+04  -7.891669579857367e+04  -1.146162499616132e+05  -1.726174357896626e+05  2.345400759185347e+05  2.466372790587653e+05  4.324263978094968e-03  4.348690325488614e-03  5.112300063956912e-03
  1.549999999999996e+01  -3.688120473165211e+04  -8.224437754760947e+04  -1.213326633245732e+05  -1.812121229370214e+05  2.277444404806320e+05  2.419232293215839e+05  3.196249582884233e-03  4.416505816177075e-03  3.945386680604865e-03
  1.559999999999996e+01  -3.833608913773255e+04  -8.448017403681684e+04  -1.261542884323325e+05  -1.878748953152476e+05  2.205457720686256e+05  2.407882529388161e+05  1.979543475387317e-03  3.841594901678051e-03  2.542408299445813e-03
  1.569999999999996e+01  -3.524958148017782e+04  -8.588321711979702e+04  -1.315746223030430e+05  -1.889771646347521e+05  2.167063390842123e+05  2.452875625017750e+05  9.689132182011845e-04  2.513570533001058e-03  8.473069348232573e-04
  1.579999999999996e+01  -2.673393611805586e+04  -8.600708136128797e+04  -1.392472447978105e+05  -1.838608982234620e+05  2.172725631018219e+05  2.556646271320646e+05  3.677699769320502e-04  6.452216917394108e-04  -1.006945005904072e-03
  1.589999999999996e+01  -1.574602641197827e+04  -8.517184697538726e+04  -1.481396064530963e+05  -1.748870864416042e+05  2.213662279903022e+05  2.680129459594929e+05  4.310162406302682e-05  -9.827933808446898e-04  -2.580807677796316e-03
  1.599999999999996e+01  -6.842151044947078e+03  -8.477251949989317e+04  -1.557401856610388e+05  -1.659714559831681e+05  2.276405927770660e+05  2.755258938832444e+05  -3.539918415689356e-04  -1.382442878131957e-03  -3.421642409436649e-03
  1.609999999999996e+01  -2.988284560935901e+03  -8.566938795043186e+04  -1.609829462141306e+05  -1.601432859496172e+05  2.339812102711558e+05  2.735302373745714e+05  -9.915733493134548e-04  -2.455865918333809e-04  -3.471581415195448e-03
  1.619999999999996e+01  -4.035523680579794e+03  -8.656901192643953e+04  -1.652706636977039e+05  -1.575408408243554e+05  2.372798515246932e+05  2.635716226833767e+05  -1.647041417218842e-03  1.603845438020209e-03  -3.200641953795399e-03
  1.629999999999996e+01  -7.353533847179317e+03  -8.445836976063420e+04  -1.703723125581039e+05  -1.556212994683469e+05  2.352327784762646e+05  2.522209031409512e+05  -1.906302514449222e-03  2.844267618722585e-03  -3.239745495071548e-03
  1.639999999999996e+01  -9.890305233872690e+03  -7.789741719484363e+04  -1.760701909614962e+05  -1.511757456879300e+05  2.290414392559343e+05  2.457650461721880e+05  -1.627092532909991e-03  2.860350392158431e-03  -3.861118154462644e-03
  1.649999999999996e+01  -9.633623130618998e+03  -6.925142424500303e+04  -1.798300496267966e+05  -1.429398124542254e+05  2.237956001121015e+05  2.461648642538979e+05  -1.087534884792632e-03  2.184858556381889e-03  -4.845499097760609e-03
  1.659999999999997e+01  -6.181934275628732e+03  -6.290598186549982e+04  -1.788698382924261e+05  -1.326318742439619e+05  2.243075642566765e+05  2.517625965961591e+05  -6.991334809392907e-04  1.719918945640623e-03  -5.736883111490855e-03
  1.669999999999997e+01  -8.799947611926916e+02  -6.139835437246523e+04  -1.727874173633039e+05  -1.237056924031759e+05  2.305513670143840e+05  2.601264003894008e+05  -6.807158054412082e-04  1.746605937551813e-03  -6.214363312261557e-03
  1.679999999999997e+01  4.172255679287432e+03  -6.356342845743857e+04  -1.641881883720805e+05  -1.191155024870732e+05  2.376084752177615e+05  2.692890594784970e+05  -1.004464806745694e-03  1.768872575955390e-03  -6.272762043415111e-03
  1.689999999999997e+01  7.716784517936794e+03  -6.712434702998001e+04  -1.566905364628576e+05  -1.193284502358961e+05  2.394380856335927e+05  2.772238584740135e+05  -1.644325038906232e-03  1.200891874880442e-03  -6.097967247828230e-03
  1.699999999999997e+01  1.021507097218297e+04  -7.180247138023317e+04  -1.519330366972739e+05  -1.227635104576596e+05  2.333159909100566e+05  2.814463660529205e+05  -2.668203455710994e-03  3.613230313202275e-05  -5.833316707066007e-03
  1.709999999999997e+01  1.269426586825252e+04  -7.887317343604111e+04  -1.486278075754739e+05  -1.278642402775759e+05  2.213814306719619e+05  2.803380159862338e+05  -4.003178544683101e-03  -1.150814141252127e-03  -5.452274485918208e-03
  1.719999999999997e+01  1.510443698631047e+04  -8.759709640245943e+04  -1.446476001265156e+05  -1.347214701052609e+05  2.086816164255280e+05  2.748745291639506e+05  -5.196557654634653e-03  -1.753445652057246e-03  -4.867447064864503e-03
  1.729999999999998e+01  1.610115801613415e+04  -9.400621751115049e+04  -1.399413280775015e+05  -1.440089473449340e+05  1.998311738336402e+05  2.685545033147959e+05  -5.596950761064349e-03  -1.624759557392127e-03  -4.112107323311897e-03
  1.739999999999998e+01  1.485606172917425e+04  -9.361209735913969e+04  -1.369548093116032e+05  -1.547328247153318e+05  1.964884148713194e+05  2.649844971569515e+05  -4.846421429963005e-03  -1.153205166559362e-03  -3.382969952482489e-03
  1.749999999999998e+01  1.235435226341318e+04  -8.568470436100634e+04  -1.381039869575792e+05  -1.636061632710604e+05  1.971377697115029e+05  2.652844763954267e+05  -3.223342613384897e-03  -9.089150402457934e-04  -2.850254011563981e-03
  1.759999999999998e+01  1.052851838529676e+04  -7.445816512022288e+04  -1.429639549526544e+05  -1.669666840250017e+05  1.987763028295577e+05  2.676531633750291e+05  -1.518244632142063e-03  -1.216894416316225e-03  -2.460530325216542e-03
  1.769999999999998e+01  1.043166048480035e+04  -6.582323232262695e+04  -1.479437449698965e+05  -1.638805570618429e+05  1.989777260578866e+05  2.694634397660903e+05  -4.858318678363135e-04  -2.008835283541126e-03  -2.002692324751247e-03
  1.779999999999998e+01  1.088069071113489e+04  -6.320438365126105e+04  -1.490646171368610e+05  -1.568815574916206e+05  1.971015625772179e+05  2.696736102392724e+05  -3.868379171246486e-04  -2.930100793104171e-03  -1.377577615008368e-03
  1.789999999999998e+01  9.377506580361547e+03  -6.537279594097431e+04  -1.447561683757372e+05  -1.499604962809262e+05  1.940885677757354e+05  2.691957648065035e+05  -9.414656359545093e-04  -3.593492836304131e-03  -7.473760686791208e-04
  1.799999999999999e+01  4.388179317206227e+03  -6.798744895080976e+04  -1.363694411400190e+05  -1.460735864565865e+05  1.914822816330486e+05  2.694722271222756e+05  -1.624736638606939e-03  -3.768112705367747e-03  -3.822544197146835e-04
  1.809999999999999e+01  -3.249376242153145e+03  -6.757140519994921e+04  -1.267920620510944e+05  -1.460544290573655e+05  1.904484121825491e+05  2.712065781297035e+05  -2.020869960504862e-03  -3.438163509276089e-03  -4.114878525257358e-04
  1.819999999999999e+01  -1.060563766194319e+04  -6.399064901262395e+04  -1.185038387122686e+05  -1.492932205411915e+05  1.910126732191528e+05  2.743963200934095e+05  -1.963296899792851e-03  -2.811464998843923e-03  -7.183810998359812e-04
  1.829999999999999e+01  -1.483003756139049e+04  -6.026676008968174e+04  -1.126668256940368e+05  -1.545765166720189e+05  1.922065074405957e+05  2.787969902596358e+05  -1.493817761600794e-03  -2.206653951060043e-03  -1.029216085953157e-03
  1.839999999999999e+01  -1.506024735740574e+04  -6.011004013771772e+04  -1.091311082185991e+05  -1.603438308760025e+05  1.927198903545760e+05  2.838209237189951e+05  -7.739890861444437e-04  -1.875820487108724e-03  -1.059503953526032e-03
  1.849999999999999e+01  -1.256495839438864e+04  -6.529495811880585e+04  -1.068620142339788e+05  -1.647859918796569e+05  1.915957754288845e+05  2.883347326583302e+05  -2.068553237753111e-06  -1.884290333516399e-03  -6.151039940172752e-04
  1.859999999999999e+01  -9.610788583814499e+03  -7.503311426797094e+04  -1.045952733135492e+05  -1.663730121589975e+05  1.888480578978404e+05  2.911021045494088e+05  6.629469957508610e-04  -2.117098641111640e-03  3.356900690939075e-04
  1.870000000000000e+01  -7.980067904574419e+03  -8.683047273702084e+04  -1.012839625047376e+05  -1.646583945273988e+05  1.855173589364312e+05  2.915461025144988e+05  1.156689203481050e-03  -2.402670977968895e-03  1.653426245743336e-03
  1.880000000000000e+01  -8.447178887140708e+03  -9.789823875938161e+04  -9.643609543033931e+04  -1.604822676592573e+05  1.833788068531618e+05  2.900168840962875e+05  1.508321577762681e-03  -2.609631663678344e-03  3.081414817776403e-03
  1.890000000000000e+01  -1.105060582835576e+04  -1.062562655203712e+05  -9.028150119553378e+04  -1.554184203789021e+05  1.841076192504956e+05  2.874206765769096e+05  1.809326457830387e-03  -2.661814061422302e-03  4.352053946466266e-03
  1.900000000000000e+01  -1.552543567648818e+04  -1.112692833401837e+05  -8.375956893932847e+04  -1.508301657211776e+05  1.881785077596002e+05  2.846788288324929e+05  2.170864002665984e-03  -2.535955587347293e-03  5.287516065143613e-03
  1.910000000000000e+01  -2.141084983698311e+04  -1.136070407317074e+05  -7.830218771537137e+04  -1.473673651097963e+05  1.943592866209086e+05  2.822807093524744e+05  2.650790307615889e-03  -2.287108911778626e-03  5.833531250669266e-03
  1.920000000000000e+01  -2.771216252441578e+04  -1.145073055633578e+05  -7.564471339304966e+04  -1.452003272006368e+05  2.003223752497189e+05  2.799797412109826e+05  3.158936814240731e-03  -2.050693543163438e-03  5.999510239371397e-03
  1.930000000000000e+01  -3.289668647802654e+04  -1.146163877129805e+05  -7.760770046465797e+04  -1.445407105013693e+05  2.040456929655136e+05  2.769837226932162e+05  3.451223322391208e-03  -1.954978040353268e-03  5.768146612190227e-03
  1.940000000000001e+01  -3.552947364632631e+04  -1.133539485019429e+05  -8.544532340857798e+04  -1.458645937813604e+05  2.048154327665137e+05  2.727330648187954e+05  3.286003481522305e-03  -1.987836865635533e-03  5.096961053680199e-03
  1.950000000000001e+01  -3.506575698149561e+04  -1.096829333029999e+05  -9.872255885730802e+04  -1.493746154115887e+05  2.032837671726000e+05  2.675896266922573e+05  2.620876138016071e-03  -1.959740729824943e-03  4.005894005353956e-03
  1.960000000000001e+01  -3.207990205904499e+04  -1.034947848644994e+05  -1.144904352236389e+05  -1.543537016283803e+05  2.006670065694507e+05  2.626940407059873e+05  1.681838515614361e-03  -1.627110006883384e-03  2.686767522386077e-03
  1.970000000000001e+01  -2.767818453390354e+04  -9.631535452804886e+04  -1.280756424590993e+05  -1.591684047722517e+05  1.980064593671144e+05  2.589600623659532e+05  8.052405716329861e-04  -8.589276097945715e-04  1.486675295576190e-03
  1.980000000000001e+01  -2.274854276017403e+04  -9.068109582083568e+04  -1.354776502273640e+05  -1.622636830558380e+05  1.958986915654090e+05  2.562939988071805e+05  2.173483161833780e-04  2.830748455300525e-04  7.439060961629629e-04
  1.990000000000001e+01  -1.768042398112869e+04  -8.858355215021501e+04  -1.356711805310443e+05  -1.634031961748852e+05  1.945543559547094e+05  2.539500202052464e+05  -3.484953398215467e-05  1.582479007037419e-03  6.116245917561563e-04
