TITLE = "Temporal Signal for receiver number 02732"
VARIABLES = "Time","xx","yy","zz","xy","yz","xz","u","v","w"
# x1       3.523997960000e+05
# x2       4.732045970000e+06
# x3       -8.500000000000e+03
  0.000000000000000e+00  0.000000000000000e+00  0.000000000000000e+00  0.000000000000000e+00  0.000000000000000e+00  0.000000000000000e+00  0.000000000000000e+00  0.000000000000000e+00  0.000000000000000e+00  0.000000000000000e+00
  1.000000000000000e-01  0.000000000000000e+00  0.000000000000000e+00  0.000000000000000e+00  0.000000000000000e+00  0.000000000000000e+00  0.000000000000000e+00  0.000000000000000e+00  0.000000000000000e+00  0.000000000000000e+00
  2.000000000000000e-01  0.000000000000000e+00  0.000000000000000e+00  0.000000000000000e+00  0.000000000000000e+00  0.000000000000000e+00  0.000000000000000e+00  0.000000000000000e+00  0.000000000000000e+00  0.000000000000000e+00
  3.000000000000000e-01  -1.284320497353921e-09  2.414661466988350e-09  -3.001394792857582e-09  -5.996584671569291e-10  -8.295059992703914e-10  2.637075239724696e-10  2.184355325909324e-16  -1.702103698045591e-16  -9.736357629441565e-17
  4.000000000000000e-01  5.907834811116768e-06  1.032416726055184e-05  1.479325015232460e-05  -2.600815580488203e-08  -1.335776969260277e-05  -2.558040364128087e-06  -2.588051664716433e-13  -1.567070226635586e-12  1.313586697949366e-12
  5.000000000000000e-01  -2.987788938950685e-04  -4.470257064326942e-04  -4.621025643057693e-04  -6.341732170301462e-05  3.317265077210182e-04  2.330429586887767e-05  1.229558837153494e-11  5.478446405755460e-11  -3.534013756065650e-11
  6.000000000000000e-01  -3.788157783296485e-03  -3.551163876005995e-03  -1.513054245700546e-02  -2.810840087518789e-05  3.920430490633834e-03  1.188077037651127e-04  -2.627120060143387e-10  1.794642148684818e-10  -1.142563264470244e-09
  7.000000000000000e-01  1.058911298632102e-01  1.909446701781563e-01  1.894088630825557e-01  -1.234618068058036e-02  -8.697526701336487e-02  2.006015612501250e-02  4.023811095580973e-09  -1.415378583240754e-08  1.444491835421444e-08
  7.999999999999999e-01  8.195740739821236e-01  1.213360740760211e+00  1.677127868992780e+00  -8.681351796073748e-02  -5.511309695829950e-01  1.334317201788775e-01  2.088122134765667e-08  -7.589779302344406e-08  1.166824911839352e-07
  8.999999999999999e-01  -4.415781537359368e-01  -1.467087582789953e+00  -1.956881514466505e+00  4.182341299632954e-01  1.222185875087475e+00  -3.947801694089152e-01  -8.427044095428341e-08  1.546861417726631e-07  -1.602955600355035e-07
  9.999999999999999e-01  -2.694675401247159e+01  -3.999712747984721e+01  -6.235880538497661e+01  9.788933336993734e-01  1.922030024350049e+01  -3.127743995377561e+00  -4.061364267311546e-07  2.622639790951693e-06  -4.363601060990038e-06
  1.100000000000000e+00  2.608779574154424e+02  4.017124329937589e+02  5.992451457109352e+02  -3.463415806869032e+01  -2.216159238092446e+02  5.233670967842415e+01  6.794091790563864e-06  -2.834804800288671e-05  4.313720458644189e-05
  1.200000000000000e+00  1.225867751706428e+03  2.110016352870642e+03  3.035820806456338e+03  -2.738744890465624e+02  -1.321894802453958e+03  3.781300381956069e+02  4.529103391678099e-05  -1.568562360878368e-04  2.198474308957677e-04
  1.300000000000000e+00  1.796710618748110e+03  3.973363285794772e+03  5.204652821864921e+03  -7.778467917556598e+02  -2.928530107303857e+03  9.650439602714682e+02  1.088525718514840e-04  -3.237673451479900e-04  3.845451987992883e-04
  1.400000000000000e+00  7.957600966420589e+02  4.221849632112059e+03  4.581519247681506e+03  -1.348975979107094e+03  -4.010410557082620e+03  1.456614480086114e+03  1.506193506885330e-04  -3.948888306411486e-04  3.548168284340644e-04
  1.500000000000000e+00  1.019482835845703e+02  5.352696523492127e+03  5.459535422267196e+03  -2.135124333850172e+03  -5.699837781781992e+03  2.109729892161659e+03  2.018858867438469e-04  -5.086171199091002e-04  4.325265857984521e-04
  1.600000000000000e+00  -5.375671344873498e+02  7.414056461463802e+03  6.986713041031336e+03  -3.337267463320660e+03  -8.367436778211140e+03  3.186107232466316e+03  2.943965912367681e-04  -7.040913308154397e-04  5.661347712890223e-04
  1.700000000000000e+00  -7.988670081474248e+02  1.155686585595377e+04  1.187371020766781e+04  -4.719111387088868e+03  -1.293755077078193e+04  4.250491946121209e+03  3.550059259551573e-04  -1.058268484527166e-03  9.430050010531305e-04
  1.800000000000000e+00  -5.218252613487255e+02  1.576315784548182e+04  2.239183051494942e+04  -5.351687114249103e+03  -1.829422283117443e+04  4.710651685663209e+03  2.778324780740632e-04  -1.297171662731784e-03  1.718042596121113e-03
  1.900000000000001e+00  5.209903643116834e+03  2.894194106066968e+04  4.527860015315021e+04  -6.001420409410389e+03  -2.938146101333442e+04  5.959633274668013e+03  2.694652345156460e-04  -2.204377772679356e-03  3.363023507296271e-03
  2.000000000000000e+00  2.412161934911057e+04  7.455597141437653e+04  1.014520054218716e+05  -9.535854219406625e+03  -6.149783639659463e+04  1.085196068699188e+04  7.356884373774901e-04  -5.717222304529296e-03  7.445481801080551e-03
  2.100000000000001e+00  6.865527623310432e+04  1.997491048969361e+05  2.448833728110478e+05  -1.585676810929792e+04  -1.494622191346464e+05  1.620726725973868e+04  1.307113102923786e-03  -1.560515731277108e-02  1.800518201028822e-02
  2.200000000000001e+00  1.311865781850820e+05  4.503726892991135e+05  4.819061054427499e+05  -5.431294477896337e+03  -3.271885540716441e+05  2.329166237475304e+03  -8.014772207013508e-04  -3.550495271041144e-02  3.610928551990147e-02
  2.300000000000001e+00  1.498375168913617e+05  7.851987104199706e+05  6.736362222279577e+05  5.843226893272572e+04  -5.835977658081761e+05  -7.303838133297840e+04  -1.009352111682416e-02  -6.405740854272785e-02  5.152915831233033e-02
  2.400000000000001e+00  1.350540343237460e+05  1.097736049153919e+06  7.383065977407830e+05  2.309279561351397e+05  -8.044850388398240e+05  -2.165460102168304e+05  -2.999579400022613e-02  -8.654898720798657e-02  6.072383105465226e-02
  2.500000000000001e+00  1.080863482388278e+05  1.503455837538744e+06  6.920773413741137e+05  4.834565413089697e+05  -1.098164103055220e+06  -4.195238609451125e+05  -5.341572690657847e-02  -1.203465335132713e-01  6.167966295631249e-02
  2.600000000000001e+00  2.378624238505980e+05  1.566000488395320e+06  6.781128785716965e+05  9.605314580441186e+05  -1.087734473800505e+06  -6.964386088433946e+05  -9.958249094029664e-02  -1.128469889145716e-01  6.483360976817841e-02
  2.700000000000001e+00  3.503136564906875e+05  4.942719587146433e+05  1.331133314756307e+06  8.556720767281151e+05  -6.932408177438622e+05  -5.486404193825941e+05  -5.291643266675430e-02  1.719319439911427e-03  1.221975020493532e-01
  2.800000000000001e+00  1.777800401056394e+04  -7.113326277850239e+05  2.321581040763793e+06  -7.524947971553649e+04  -5.040957247660254e+05  -1.797973339954426e+04  8.401704141029734e-02  1.097642957143754e-01  2.007254558196945e-01
  2.900000000000001e+00  -1.804066442228325e+05  -5.992750326359578e+05  3.252920168010386e+06  -6.406653960176461e+05  -6.519965300476198e+05  2.126848911246358e+05  1.603891077273129e-01  1.063387735072033e-01  2.662075490674010e-01
  3.000000000000001e+00  -2.489976032474033e+05  -4.068483562039031e+04  3.755082380040740e+06  -7.935489909879090e+05  -8.765586668897343e+05  1.792780816176139e+05  1.788730130015821e-01  6.611633097973595e-02  2.992960093812111e-01
  3.100000000000001e+00  -5.033065858172207e+05  2.545861014175065e+05  3.808200417734392e+06  -7.985285121659605e+05  -1.104703972794854e+06  1.657589431817659e+03  1.862581925888244e-01  3.697935034199494e-02  3.282339656232757e-01
  3.200000000000002e+00  -6.900293067860132e+05  8.483882898687391e+05  3.674498776724047e+06  -5.548467758215681e+05  -1.498286540265211e+06  -4.800571965475153e+05  1.846948053901144e-01  -1.289511841422385e-02  3.849041217308330e-01
  3.300000000000002e+00  -4.356363804419541e+05  1.211324454060386e+06  3.249681259173194e+06  -1.459299028602995e+05  -1.664822039736634e+06  -7.072635028643553e+05  1.463679102045415e-01  -4.353667906336971e-02  3.851973286981524e-01
  3.400000000000002e+00  3.003165021774023e+05  1.008913002161165e+06  2.714487630777622e+06  3.068033161422107e+05  -1.297076760339849e+06  -3.713413624684190e+05  7.664592370486294e-02  -3.656956814090737e-02  2.969174948689726e-01
  3.500000000000002e+00  1.016706077526516e+06  7.402440544692329e+05  2.523860426516979e+06  5.369766815272101e+05  -8.658853069325712e+05  -9.403496301811583e+04  1.193581799315368e-02  -5.572477146830659e-03  2.181670485739660e-01
  3.600000000000002e+00  6.178266753446737e+05  6.354515999418226e+05  2.682294871598739e+06  6.329677287982861e+05  -6.415496077330909e+05  -2.864204479376091e+04  4.096549726171629e-02  6.598879722307866e-03  1.944945912436821e-01
  3.700000000000002e+00  2.163815110851026e+05  7.429271753286128e+05  2.990050934852107e+06  7.421466508310966e+05  -4.712077534360452e+05  3.522994076688475e+04  8.037550485754356e-02  -2.991330318534076e-03  1.960662726739764e-01
  3.800000000000002e+00  1.079619565616450e+06  7.876972010060818e+05  2.128825254601533e+06  7.701556619305639e+05  -6.810986418484353e+05  2.959070879734404e+05  8.530338870282383e-03  -3.147275076861960e-02  7.741917532074938e-02
  3.900000000000002e+00  2.116240831786155e+06  7.597831371557886e+05  1.090447478623273e+06  7.366585622077228e+05  -1.045225372890383e+06  7.133287697708430e+05  -8.352849863853937e-02  -5.342381423296415e-02  -6.741701921765166e-02
  4.000000000000002e+00  2.206134300640402e+06  7.832331869004978e+05  1.109210521461506e+06  7.589492459681422e+05  -1.069408835824872e+06  1.010002103513770e+06  -8.509825958492594e-02  -5.004817237408848e-02  -9.903480268864751e-02
  4.100000000000001e+00  1.743182679811517e+06  8.546901981971856e+05  1.532491994594784e+06  7.142902923222311e+05  -9.725203404550323e+05  9.524906592554441e+05  -3.846275766821323e-02  -3.450875339086357e-02  -6.005839758003696e-02
  4.200000000000001e+00  1.464601321737817e+06  9.615246597723454e+05  1.738797267494197e+06  6.035451629246541e+05  -9.275217142436013e+05  7.630983898645333e+05  -1.418886561595697e-02  -1.856325803731828e-02  -3.442012050881225e-02
  4.300000000000001e+00  1.415072202325206e+06  1.036994610546007e+06  1.807872889736124e+06  5.018736021552552e+05  -9.711106704642209e+05  6.627050287029629e+05  -6.644496903062356e-03  -8.074994921791661e-03  -2.378087087639574e-02
  4.400000000000000e+00  1.457958034699028e+06  1.018060579650858e+06  1.842272406220603e+06  4.944024766075724e+05  -9.961859380236011e+05  7.004492413038296e+05  -7.871628443613105e-03  -6.301370336649160e-03  -2.118919655181226e-02
  4.500000000000000e+00  1.499101975563213e+06  9.394520614737172e+05  1.794987426603110e+06  5.426025306235629e+05  -9.853354088055508e+05  7.228116381547942e+05  -1.052406864960174e-02  -6.856056434791328e-03  -2.117920114872469e-02
  4.600000000000000e+00  1.467319867009064e+06  9.006616975715321e+05  1.697500192266264e+06  5.508702437307319e+05  -9.987028749806541e+05  6.564738141274744e+05  -5.770374453758006e-03  2.482020981947831e-03  -2.184251465499183e-02
  4.699999999999999e+00  1.461658360029845e+06  8.524785325645797e+05  1.647017339148100e+06  5.483148460566226e+05  -1.010698285127484e+06  6.571822737276823e+05  -4.112620999853071e-03  1.159814530143172e-02  -2.902263677660209e-02
  4.799999999999999e+00  1.485296025393321e+06  7.429045552008050e+05  1.724635834565572e+06  5.736026115342991e+05  -1.003334469558505e+06  7.275062014469892e+05  -5.269361610085338e-03  1.329024103491606e-02  -2.640825893425501e-02
  4.899999999999999e+00  1.502980816024443e+06  6.945947464011792e+05  1.765232019024816e+06  5.721281019098011e+05  -9.793451541406467e+05  7.342800165439497e+05  1.000950893768794e-03  2.197358465055053e-02  -1.548252782926731e-02
  4.999999999999998e+00  1.551524095398705e+06  6.902357720564983e+05  1.725530824351806e+06  5.805101059226624e+05  -9.791241372083052e+05  7.106251813423001e+05  5.655865903641107e-03  3.133378921006166e-02  -1.525849714845492e-02
  5.099999999999998e+00  1.631224029471230e+06  5.297725833618717e+05  1.798570126163332e+06  6.365913161680371e+05  -1.022179729994393e+06  7.685579527372267e+05  -1.345873053352965e-05  3.711483569038775e-02  -1.856214600830634e-02
  5.199999999999998e+00  1.633327484658564e+06  4.586365696892209e+05  1.789376808579594e+06  6.461964562355413e+05  -9.496676297947363e+05  8.199662940344334e+05  -6.608648592248764e-03  3.697721760150504e-02  -3.488783536022015e-02
  5.299999999999997e+00  1.577033407978393e+06  6.905314565551861e+05  1.495442969824678e+06  6.620966030187206e+05  -7.054690256025679e+05  7.399687181146897e+05  -1.108768961523623e-02  2.321468873722994e-02  -7.168464791067686e-02
  5.399999999999997e+00  1.530817062966625e+06  9.539117851938936e+05  1.175132287866321e+06  7.670304407767876e+05  -4.824414236272817e+05  6.015174107070110e+05  -1.999426243662078e-02  7.382847592230833e-03  -1.042621508127036e-01
  5.499999999999996e+00  1.458114255604716e+06  9.745482444505442e+05  1.128129081144504e+06  8.201867331670605e+05  -4.144109801215310e+05  5.068992772930435e+05  -2.577070300444827e-02  5.633218534531180e-03  -1.113424548961068e-01
  5.599999999999996e+00  1.363317891742478e+06  8.301145826294987e+05  1.246916150133918e+06  7.279404881561551e+05  -4.407079229341465e+05  4.954132349097455e+05  -1.865872374300332e-02  1.156861648440614e-02  -1.064548666720085e-01
  5.699999999999996e+00  1.311700413517683e+06  7.344151953186865e+05  1.295565617883509e+06  6.056504381979563e+05  -4.908472728440571e+05  5.295056399235361e+05  -7.790634852536853e-03  1.349076257463712e-02  -1.031907576563228e-01
  5.799999999999995e+00  1.334312827741550e+06  7.384402859833634e+05  1.200897193526443e+06  5.792601921766704e+05  -5.258316237397095e+05  5.100207085041986e+05  -6.082444256615039e-03  1.438200546162610e-02  -9.964966026194574e-02
  5.899999999999995e+00  1.352589935518985e+06  7.342983758554084e+05  1.022479665137021e+06  6.086774805121442e+05  -5.186560328880915e+05  4.587672126868940e+05  -5.595043358536040e-03  2.221761147960502e-02  -9.877288136085802e-02
  5.999999999999995e+00  1.384833723727628e+06  7.451184499567052e+05  9.887172888333399e+05  6.063098363281476e+05  -4.788982798404233e+05  4.319220558313872e+05  3.580754325915638e-04  3.022491379488020e-02  -9.548569890520671e-02
  6.099999999999994e+00  1.475607121986595e+06  8.286672885757157e+05  1.021030698421295e+06  5.976931305822579e+05  -4.346142959475950e+05  4.188917388361121e+05  5.420746360364888e-03  2.865533640465193e-02  -9.125115522381884e-02
  6.199999999999994e+00  1.543938305623633e+06  8.911883859864275e+05  9.105256978181386e+05  6.066123166390002e+05  -4.104455073102090e+05  4.315035502590942e+05  1.083345573946663e-02  2.569338064379465e-02  -9.109301484200051e-02
  6.299999999999994e+00  1.598178743457961e+06  9.417423509574912e+05  9.078341810230906e+05  5.923484037588965e+05  -4.251814340644730e+05  4.779472285585208e+05  1.615806411788093e-02  2.549072174698527e-02  -8.245792455602337e-02
  6.399999999999993e+00  1.702008654432632e+06  1.049097417861242e+06  1.120913034673178e+06  5.658020109685173e+05  -4.693234433991140e+05  5.264302380494005e+05  1.611465407128145e-02  1.799845227299026e-02  -6.634800340733507e-02
  6.499999999999993e+00  1.797389258468688e+06  1.164642216269510e+06  1.301485479442970e+06  5.634494668250835e+05  -5.198250624398073e+05  5.513092543969377e+05  1.309870258353951e-02  3.867649590767530e-03  -5.514255196702886e-02
  6.599999999999993e+00  1.810696561338077e+06  1.223394253433504e+06  1.345200877733523e+06  5.582717564801699e+05  -5.570099833936816e+05  5.778455369287540e+05  1.653373271262843e-02  -1.928293436258946e-03  -4.719853215540672e-02
  6.699999999999992e+00  1.816171222790290e+06  1.244284312969088e+06  1.385336403908583e+06  5.239838669414470e+05  -5.690655870827624e+05  6.477452253471381e+05  2.890611351539606e-02  3.200281507961805e-03  -3.386572920476923e-02
  6.799999999999992e+00  1.868960974642627e+06  1.223074356365470e+06  1.434902765077884e+06  5.010995162118783e+05  -5.545056491278026e+05  7.505980985917905e+05  3.828211623104138e-02  7.313938471666012e-03  -2.384101188928192e-02
  6.899999999999991e+00  1.899450815129000e+06  1.177130024593282e+06  1.470096075980449e+06  5.098711133070188e+05  -5.455875490569875e+05  8.305204719537954e+05  3.824022961397285e-02  4.309273780244798e-03  -2.302755002855147e-02
  6.999999999999991e+00  1.858081668936523e+06  1.155755442615597e+06  1.548182102805983e+06  5.235167457001287e+05  -5.710525279870203e+05  8.524211498082328e+05  3.671378345917843e-02  9.040745059334128e-04  -1.821721340167488e-02
  7.099999999999991e+00  1.779368094126276e+06  1.149671335392118e+06  1.673946289193755e+06  5.291804563057832e+05  -6.163485284274186e+05  8.261133937037050e+05  3.702292877488438e-02  -3.731293256135786e-04  -3.361008119838103e-03
  7.199999999999990e+00  1.702407132075182e+06  1.132973884233732e+06  1.790551289867958e+06  5.248482522384388e+05  -6.517113102446441e+05  7.889521725709792e+05  3.397480084757538e-02  -3.975282018385040e-03  9.998354378699338e-03
  7.299999999999990e+00  1.627667778884937e+06  1.103400100454584e+06  1.907847169292530e+06  5.086198065132019e+05  -6.801659782195222e+05  7.517856763423841e+05  2.394858326609137e-02  -9.539237821337558e-03  1.775548042202573e-02
  7.399999999999990e+00  1.537716121081955e+06  1.062981300537582e+06  2.076415886560697e+06  4.949484273841566e+05  -7.275319592618693e+05  6.956301781978748e+05  9.406565032970415e-03  -1.583272161911809e-02  2.817913461819575e-02
  7.499999999999989e+00  1.434812788819343e+06  1.014364391475978e+06  2.268785849605617e+06  4.861677149876394e+05  -8.004584963052504e+05  5.999186306848407e+05  -4.423122799378730e-03  -2.522530057759336e-02  4.263297526870627e-02
  7.599999999999989e+00  1.354641705603483e+06  9.791674004625314e+05  2.418459886886778e+06  4.780862162572805e+05  -8.936846562121796e+05  4.877715810369138e+05  -1.493959327796422e-02  -3.854414237240809e-02  5.250869445191869e-02
  7.699999999999989e+00  1.306931366577404e+06  9.610724210209447e+05  2.508311766918316e+06  4.862210842581496e+05  -1.005783565274587e+06  4.071839758124966e+05  -2.220102830528612e-02  -5.097804429761895e-02  5.605197512129478e-02
  7.799999999999988e+00  1.269067381435091e+06  9.342932298084740e+05  2.596598727760268e+06  5.092001396028909e+05  -1.106135937903362e+06  3.750969890214437e+05  -2.429377943398330e-02  -5.550420673255979e-02  6.194455403929100e-02
  7.899999999999988e+00  1.216788413437685e+06  8.818172934998462e+05  2.705025584686380e+06  5.147968739461949e+05  -1.139503695806280e+06  3.675439789537629e+05  -2.039452170284345e-02  -4.883389419257549e-02  7.058345845001976e-02
  7.999999999999988e+00  1.148062391463090e+06  8.203203576110619e+05  2.768559974281969e+06  4.927016914443359e+05  -1.097802513532359e+06  3.452594368120154e+05  -1.649165385838271e-02  -3.504408898724427e-02  7.340957083594214e-02
  8.099999999999987e+00  1.107535692667286e+06  7.784457267322766e+05  2.769206162098975e+06  4.663420913746946e+05  -1.049320989896780e+06  3.057075520324478e+05  -1.759959367461879e-02  -2.372356061927329e-02  7.087905831872299e-02
  8.199999999999987e+00  1.118703480962141e+06  7.535843985878122e+05  2.751718908673126e+06  4.620075361039532e+05  -1.052637125060095e+06  2.916365140400394e+05  -1.974515812079198e-02  -1.958295674408183e-02  6.826617601092484e-02
  8.299999999999986e+00  1.129301085751603e+06  7.332146400774162e+05  2.751067824396123e+06  4.876046538862306e+05  -1.088742970131881e+06  3.292250829219020e+05  -1.604845619697523e-02  -1.824643604831516e-02  6.646430758065537e-02
  8.399999999999986e+00  1.093334965947262e+06  7.285468081105982e+05  2.787218053202674e+06  5.216555148630100e+05  -1.106442170711657e+06  4.041535180024684e+05  -3.891906440282387e-03  -1.389809966975135e-02  6.626691467686971e-02
  8.499999999999986e+00  1.040875050049143e+06  7.356447633689643e+05  2.853409360183909e+06  5.352009494861336e+05  -1.089221923855193e+06  4.911279820606920e+05  1.355191631545243e-02  -5.624291242673505e-03  6.839993643922038e-02
  8.599999999999985e+00  1.025285679266242e+06  7.197771869583670e+05  2.903135056237963e+06  5.330681689160410e+05  -1.057869797542199e+06  5.608840921040595e+05  2.734809474713150e-02  3.623432499677641e-03  6.943020183245899e-02
  8.699999999999985e+00  1.056085649807259e+06  6.767036471591836e+05  2.891706418393025e+06  5.369978590233200e+05  -1.032916288657925e+06  5.853521247803979e+05  3.022696816508181e-02  1.129665652392748e-02  6.511390495183365e-02
  8.799999999999985e+00  1.102421140450154e+06  6.446274988839928e+05  2.817213189055554e+06  5.379531924933639e+05  -1.006885926211246e+06  5.637463052747434e+05  2.493861738452175e-02  1.760502538270050e-02  5.628399593641153e-02
  8.899999999999984e+00  1.134682443626464e+06  6.474301348401854e+05  2.725461216514300e+06  5.101440190379547e+05  -9.565884337251920e+05  5.273131489648041e+05  2.012004502407557e-02  2.413500834023896e-02  4.814918479273503e-02
  8.999999999999984e+00  1.139223618822172e+06  6.617800563743301e+05  2.651248355637861e+06  4.631621769889101e+05  -8.866096467544338e+05  5.080933041451345e+05  1.981530940153657e-02  3.086789961659657e-02  4.273927014461308e-02
  9.099999999999984e+00  1.128103865126498e+06  6.686375624838095e+05  2.599306228959084e+06  4.368955187341932e+05  -8.360324036677452e+05  5.177340605264727e+05  2.136576606266002e-02  3.528224829661698e-02  3.776341403733025e-02
  9.199999999999983e+00  1.125214276599455e+06  6.827566111653041e+05  2.562591247354516e+06  4.459580619993048e+05  -8.376757710152869e+05  5.445781929427329e+05  2.094689260118957e-02  3.411584625103515e-02  3.173122485912005e-02
  9.299999999999983e+00  1.133161232302705e+06  7.097526319350685e+05  2.518233889284258e+06  4.694524923911752e+05  -8.881428928733964e+05  5.549210533993427e+05  1.717964603646603e-02  2.685678282840455e-02  2.517341706742098e-02
  9.399999999999983e+00  1.146966879688702e+06  7.331571459684048e+05  2.457042922711029e+06  4.908727257466774e+05  -9.566715523050795e+05  5.203232395239217e+05  1.044847788213762e-02  1.682071268600868e-02  1.905428136182240e-02
  9.499999999999982e+00  1.170885189288158e+06  7.425683602954261e+05  2.402046680332347e+06  5.138416711309524e+05  -1.013550150600923e+06  4.473957280743514e+05  1.346145912405466e-03  7.667861516951278e-03  1.384998730193021e-02
  9.599999999999982e+00  1.196851852117374e+06  7.461397648410185e+05  2.369276458508857e+06  5.409723468055950e+05  -1.049672106033816e+06  3.609931267252705e+05  -9.785308348414680e-03  7.520164527335465e-04  9.595678419996589e-03
  9.699999999999982e+00  1.206039190930435e+06  7.574416806261321e+05  2.345479364777372e+06  5.614821486417649e+05  -1.069441740411001e+06  2.703847393937784e+05  -2.242293820834473e-02  -4.106637558530722e-03  6.064129591417377e-03
  9.799999999999981e+00  1.198245342442981e+06  7.776856919896310e+05  2.313630722540777e+06  5.667032520160123e+05  -1.073488288330228e+06  1.732453209461124e+05  -3.522744728739854e-02  -7.411568276635128e-03  2.629631960848587e-03
  9.899999999999981e+00  1.191779925011171e+06  7.969603184637756e+05  2.275708434392247e+06  5.626678580609316e+05  -1.061193090651690e+06  8.497979293711175e+04  -4.579685423197923e-02  -9.498607540828237e-03  -1.393980575998437e-03
  9.999999999999980e+00  1.199157454568158e+06  8.089143810953035e+05  2.241913947480472e+06  5.574792870082067e+05  -1.041948729169583e+06  4.150782891053989e+04  -5.095158112821602e-02  -1.022965730562661e-02  -5.823693960938279e-03
  1.009999999999998e+01  1.217439602668204e+06  8.182393807003527e+05  2.210680567094500e+06  5.497475392397667e+05  -1.025261888202762e+06  6.666935432978031e+04  -4.798629475143037e-02  -9.198049665267855e-03  -9.601747263944724e-03
  1.019999999999998e+01  1.236855420690543e+06  8.331798066484170e+05  2.163710250120527e+06  5.401486559761285e+05  -1.003202853415582e+06  1.466144175796974e+05  -3.737022123278737e-02  -6.288969017546889e-03  -1.246184056224805e-02
  1.029999999999998e+01  1.254852871265281e+06  8.571293991293027e+05  2.087778231609872e+06  5.376919511615264e+05  -9.634740077795241e+05  2.419534215695552e+05  -2.427523038233050e-02  -2.312548267053116e-03  -1.564875303209685e-02
  1.039999999999998e+01  1.279854116197060e+06  8.876408407630041e+05  2.003650662581295e+06  5.459627514910055e+05  -9.155341047268162e+05  3.214658070085653e+05  -1.475201509082775e-02  6.805927062253856e-04  -1.992257094334653e-02
  1.049999999999998e+01  1.315339630455887e+06  9.136271650524241e+05  1.947820683409784e+06  5.599492155204699e+05  -8.799393851959873e+05  3.777228409311626e+05  -1.041884370664539e-02  5.514367088190935e-04  -2.477001727938541e-02
  1.059999999999998e+01  1.349075905342694e+06  9.212435989977771e+05  1.930503544147139e+06  5.780305657550163e+05  -8.582423724936795e+05  4.153631952611446e+05  -8.631771980356980e-03  -2.604762310840679e-03  -2.968201540790119e-02
  1.069999999999998e+01  1.365369589556346e+06  9.134558632250798e+05  1.938015504356820e+06  5.989256969814843e+05  -8.371661365701837e+05  4.360066130607135e+05  -6.796289154048628e-03  -5.754745155762914e-03  -3.349083760624783e-02
  1.079999999999998e+01  1.358469346482196e+06  9.094916258221723e+05  1.957864287225660e+06  6.081689997154493e+05  -8.166272371639136e+05  4.378460033809620e+05  -4.359084318806424e-03  -5.672950250841293e-03  -3.369548914950041e-02
  1.089999999999998e+01  1.335839107492531e+06  9.218485114587753e+05  1.986741488440568e+06  5.869643896361006e+05  -8.123027952523117e+05  4.259438466503829e+05  -1.061255358051846e-03  -2.268327779736198e-03  -2.877839064526288e-02
  1.099999999999998e+01  1.311805763411711e+06  9.416608630043297e+05  2.024838537826373e+06  5.376687119728891e+05  -8.311954803644840e+05  4.160558879454904e+05  3.782145349238646e-03  1.648108577824994e-03  -2.041282465540043e-02
  1.109999999999998e+01  1.293540139753099e+06  9.466163528728033e+05  2.065355974019216e+06  4.886295193831226e+05  -8.583059825052188e+05  4.211923724596519e+05  9.217117812041738e-03  3.466102370060301e-03  -1.262299809743810e-02
  1.119999999999998e+01  1.281566903402463e+06  9.283536031421307e+05  2.097295243240584e+06  4.677265441068374e+05  -8.734416574471341e+05  4.367170324535274e+05  1.220986039613028e-02  2.556632344124632e-03  -8.561092793625488e-03
  1.129999999999998e+01  1.278223186772561e+06  9.044184590764702e+05  2.117436058187153e+06  4.753221433832991e+05  -8.725931041309302e+05  4.472577499678201e+05  1.095214552241464e-02  -1.070774059077600e-04  -8.247850327139140e-03
  1.139999999999998e+01  1.282027304249776e+06  8.946809350414771e+05  2.131075490534991e+06  4.882820510713144e+05  -8.651120272895074e+05  4.467142649485342e+05  7.368879451105204e-03  -2.583048303341756e-03  -9.621405249763480e-03
  1.149999999999998e+01  1.284209045253600e+06  8.997526258089694e+05  2.144999211263974e+06  4.875287875608777e+05  -8.587045579854752e+05  4.434081564350881e+05  5.006461944295489e-03  -2.912858149632780e-03  -1.088050367528106e-02
  1.159999999999997e+01  1.278737478008584e+06  9.086062248761177e+05  2.161900555190914e+06  4.752504438876187e+05  -8.548978368969130e+05  4.444867764720817e+05  4.806814262064629e-03  -8.878349038651715e-04  -1.135440753463870e-02
  1.169999999999997e+01  1.268392024735698e+06  9.153848575949630e+05  2.177733855104470e+06  4.660037003846258e+05  -8.531421782298767e+05  4.440987805974442e+05  4.253787165559807e-03  1.303976786901950e-03  -1.088548663797977e-02
  1.179999999999997e+01  1.260208507006143e+06  9.232682069562490e+05  2.188148429423601e+06  4.685929018618143e+05  -8.532337682048896e+05  4.329013964958653e+05  1.102883749419333e-03  1.260933645510369e-03  -9.102518813481503e-03
  1.189999999999997e+01  1.258701155749592e+06  9.339518434516866e+05  2.195332869504486e+06  4.803981002386946e+05  -8.544577246226735e+05  4.120256731436121e+05  -3.451881491948068e-03  -9.366355343275041e-04  -5.890760204463314e-03
  1.199999999999997e+01  1.263870311042559e+06  9.393744535478335e+05  2.204144831904979e+06  4.934659043462325e+05  -8.549131418933722e+05  3.913892025785751e+05  -6.318199252854223e-03  -3.059986433633658e-03  -2.168910702151156e-03
  1.209999999999997e+01  1.272390724063954e+06  9.300485102553690e+05  2.217225681103097e+06  5.005294442671519e+05  -8.541473223629816e+05  3.795524674012317e+05  -6.181864818053144e-03  -3.378453910597736e-03  6.890477318249194e-04
  1.219999999999997e+01  1.276517322901196e+06  9.064030792469145e+05  2.232787384126836e+06  4.977493456433241e+05  -8.554615634841139e+05  3.795178035849889e+05  -4.484053641841945e-03  -2.147525212294044e-03  1.916034009195149e-03
  1.229999999999997e+01  1.267535903659509e+06  8.770717722663924e+05  2.244886291486769e+06  4.861184111787046e+05  -8.632038288115612e+05  3.901761842954977e+05  -3.142055337114636e-03  -8.644836567318414e-04  1.765719055183546e-03
  1.239999999999997e+01  1.245235112867454e+06  8.506715360655553e+05  2.249235217085115e+06  4.710752262585587e+05  -8.780046990678204e+05  4.069256370915422e+05  -2.522810321496084e-03  -7.885122026780553e-04  1.287353434489956e-03
  1.249999999999997e+01  1.218620052563281e+06  8.334185395052512e+05  2.247438708106034e+06  4.595635531766764e+05  -8.954912195762519e+05  4.215408084237333e+05  -1.852309488544423e-03  -1.964293100689991e-03  1.598717737126949e-03
  1.259999999999997e+01  1.195336096603718e+06  8.312614358539465e+05  2.242259664296128e+06  4.561159470908182e+05  -9.090994070762048e+05  4.247753111103641e+05  -7.350371832840155e-04  -3.140513278322217e-03  2.962255893446361e-03
  1.269999999999997e+01  1.175168404933961e+06  8.468096420503398e+05  2.232105741929305e+06  4.604138093994675e+05  -9.138583586176586e+05  4.125736841962092e+05  3.628983565106685e-04  -2.925317988643787e-03  4.486150383105756e-03
  1.279999999999997e+01  1.155794545270366e+06  8.729020564783075e+05  2.215047357589483e+06  4.676664485068180e+05  -9.089013481895146e+05  3.916163466111548e+05  9.362405571134736e-04  -1.232192872919661e-03  4.940476808884329e-03
  1.289999999999997e+01  1.139888631353961e+06  8.957231611191207e+05  2.195381125673135e+06  4.723560334285629e+05  -8.984843011206546e+05  3.755138778388030e+05  9.697294265778301e-04  7.445062161725889e-04  3.777514694697151e-03
  1.299999999999997e+01  1.132891225201651e+06  9.062926033187690e+05  2.181134789186007e+06  4.734558830483019e+05  -8.904468750183707e+05  3.724627811673005e+05  4.578829613708553e-04  1.839847030145224e-03  1.445730888204285e-03
  1.309999999999997e+01  1.136740791458017e+06  9.041308683717647e+05  2.176199708226766e+06  4.750811397428062e+05  -8.915788210949046e+05  3.784271364665438e+05  -9.061277602027525e-04  1.705249977753935e-03  -7.844700476307531e-04
  1.319999999999997e+01  1.148765929432244e+06  8.917037024874616e+05  2.178656000180433e+06  4.810566142450321e+05  -9.028707915779901e+05  3.834666488048690e+05  -3.020511931761683e-03  6.364780246214854e-04  -1.416611657719436e-03
  1.329999999999997e+01  1.165850256369438e+06  8.727586909921799e+05  2.184697160704929e+06  4.901065993327947e+05  -9.184805143898035e+05  3.829232463180447e+05  -4.681366091303935e-03  -6.538385978190503e-04  1.946966173802976e-04
  1.339999999999997e+01  1.186218807903988e+06  8.551440477310520e+05  2.189779639089372e+06  4.962987915595666e+05  -9.300591569711496e+05  3.809253294378981e+05  -4.305386033275907e-03  -1.274394058421119e-03  3.131348835406716e-03
  1.349999999999997e+01  1.206647783042943e+06  8.482814164464298e+05  2.188504171709329e+06  4.940675586630531e+05  -9.331411524811579e+05  3.836877611798199e+05  -1.532026888939023e-03  -7.283910590358010e-04  5.488859108542028e-03
  1.359999999999997e+01  1.221671589476072e+06  8.550997619542567e+05  2.179068080519461e+06  4.836467875052326e+05  -9.289643698495486e+05  3.919719599319387e+05  2.259909587804925e-03  6.618289201005319e-04  5.934229696413399e-03
  1.369999999999997e+01  1.227435157999834e+06  8.678880325012744e+05  2.167806751442577e+06  4.715448336438101e+05  -9.209961950900874e+05  4.009243196136791e+05  5.205342189874590e-03  2.130257208095627e-03  4.629613104055555e-03
  1.379999999999997e+01  1.224596925839394e+06  8.735740850772603e+05  2.165274231564875e+06  4.650958670951110e+05  -9.119569882282164e+05  4.064335303507167e+05  6.426749066604745e-03  3.191829592353599e-03  2.660726266367644e-03
  1.389999999999997e+01  1.216467085999373e+06  8.644333835147293e+05  2.176838743179982e+06  4.665273426964970e+05  -9.044965901356923e+05  4.102506186901042e+05  6.251035267972015e-03  3.820346429551807e-03  9.773668757677534e-04
  1.399999999999997e+01  1.206243805721776e+06  8.450887965189066e+05  2.197723704311535e+06  4.729568059671113e+05  -9.017147287045831e+05  4.172547064474623e+05  5.389809370994227e-03  4.179580935182464e-03  -1.183885720693399e-04
  1.409999999999997e+01  1.197336136266750e+06  8.290289004715453e+05  2.215461844168824e+06  4.806067285335921e+05  -9.041939946534941e+05  4.284440550590630e+05  4.218410987766557e-03  4.379648168129550e-03  -8.728743703044743e-04
  1.419999999999997e+01  1.194629361610713e+06  8.268936778627575e+05  2.217839364692017e+06  4.870719435997883e+05  -9.080829780092019e+05  4.391037671404177e+05  2.826102314800084e-03  4.395457870744841e-03  -1.629091875172738e-03
  1.429999999999997e+01  1.202526539296009e+06  8.370719978740057e+05  2.201603503216081e+06  4.908669618701584e+05  -9.079113967634003e+05  4.444136416189121e+05  1.427939526683625e-03  4.087265006507035e-03  -2.280793029708827e-03
  1.439999999999996e+01  1.220871475923910e+06  8.483433495978792e+05  2.174847083443048e+06  4.913205564927533e+05  -9.008837194616537e+05  4.444579630339111e+05  4.455999743748262e-04  3.321325913431711e-03  -2.165549149042757e-03
  1.449999999999996e+01  1.243715141373632e+06  8.513952863254702e+05  2.149662040058448e+06  4.893195493452793e+05  -8.889847440512046e+05  4.424744644311963e+05  2.018755331745955e-04  2.215896276634302e-03  -7.951223809763555e-04
  1.459999999999996e+01  1.263386319050620e+06  8.462511399923945e+05  2.131793228884030e+06  4.866955766001676e+05  -8.777668645847361e+05  4.407369655385287e+05  6.827598310424726e-04  1.233555443345029e-03  1.314864310179784e-03
  1.469999999999996e+01  1.276334113527966e+06  8.397283073942882e+05  2.118391767805126e+06  4.845302801285444e+05  -8.725527253815653e+05  4.397027863933931e+05  1.561351373927368e-03  8.245296943858166e-04  2.799090355039327e-03
  1.479999999999996e+01  1.284715538746065e+06  8.382871266768384e+05  2.104366183308081e+06  4.831871876897130e+05  -8.744906471567877e+05  4.389036777719414e+05  2.324717465708888e-03  8.954938766635822e-04  2.506420647023509e-03
  1.489999999999996e+01  1.292168417123014e+06  8.437974526116624e+05  2.088751233664212e+06  4.839091006563233e+05  -8.798416151829375e+05  4.366336192889516e+05  2.455450343630755e-03  8.552033392492358e-04  3.773462129705205e-04
  1.499999999999996e+01  1.298544035971538e+06  8.542643282070074e+05  2.075286131792763e+06  4.884906914100444e+05  -8.838376330983754e+05  4.300686885740815e+05  1.680876924790534e-03  2.632571624904224e-04  -2.593331392347089e-03
  1.509999999999996e+01  1.299910638347317e+06  8.663887148848703e+05  2.068661752853040e+06  4.965573442347227e+05  -8.850805502852852e+05  4.181502738950733e+05  2.118784857586559e-04  -7.419285168181851e-04  -5.098005079650164e-03
  1.519999999999996e+01  1.293620219832202e+06  8.771984215164767e+05  2.071165357138786e+06  5.045277615253304e+05  -8.853849755867267e+05  4.047014307208145e+05  -1.225827647038473e-03  -1.631439666264575e-03  -6.298252881325659e-03
  1.529999999999996e+01  1.281691472354745e+06  8.847468900593556e+05  2.081995940282082e+06  5.085321588264390e+05  -8.859882358058888e+05  3.971083537345531e+05  -1.777382601441844e-03  -1.962926050228051e-03  -6.132216778798605e-03
  1.539999999999996e+01  1.268930365841292e+06  8.885761793495493e+05  2.098514749845735e+06  5.080245659228947e+05  -8.854350508744206e+05  4.005963092783046e+05  -1.078919619722195e-03  -1.637991998945873e-03  -5.109605574089957e-03
  1.549999999999996e+01  1.258747051744497e+06  8.894002191867855e+05  2.116923618582447e+06  5.060041081596639e+05  -8.815541539678796e+05  4.139035296785916e+05  4.140547966141597e-04  -8.494659723726772e-04  -3.860462086408036e-03
  1.559999999999996e+01  1.251719243106843e+06  8.884449822138888e+05  2.132412907659039e+06  5.064706254188354e+05  -8.748001695837328e+05  4.305719511483488e+05  1.776853677797333e-03  7.607888788929971e-05  -2.796919292529353e-03
  1.569999999999996e+01  1.247673693881560e+06  8.871697195736169e+05  2.140891092530943e+06  5.115204417760040e+05  -8.687569500059513e+05  4.440270950347600e+05  2.384752673470054e-03  8.074180536486436e-04  -1.998886337357876e-03
  1.579999999999996e+01  1.246965942280387e+06  8.867546140187297e+05  2.141507716173995e+06  5.197909198675674e+05  -8.672776338088131e+05  4.514821787626955e+05  2.272520614932626e-03  1.050412215891217e-03  -1.296415271222464e-03
  1.589999999999996e+01  1.249179726847413e+06  8.874376047840684e+05  2.136917029849933e+06  5.270502728945600e+05  -8.715571659518115e+05  4.534691510978012e+05  1.796692360824504e-03  5.899208988081715e-04  -5.775394001200448e-04
  1.599999999999996e+01  1.251754762512984e+06  8.887321608982253e+05  2.130761429500815e+06  5.283922536637622e+05  -8.794028741616057e+05  4.512745730585129e+05  1.182725332562885e-03  -5.866509506115562e-04  -1.263565254047454e-05
  1.609999999999996e+01  1.251287516626069e+06  8.904886779070473e+05  2.125661573416045e+06  5.215715133742901e+05  -8.867795545449009e+05  4.457373478034814e+05  4.647861701310738e-04  -2.158157666517513e-03  1.041531414469459e-04
  1.619999999999996e+01  1.246586438913255e+06  8.931034979215364e+05  2.123601927757737e+06  5.090080501374155e+05  -8.902576151404486e+05  4.377394442414627e+05  -2.998418214648499e-04  -3.546826453830952e-03  -2.856207120685746e-04
  1.629999999999996e+01  1.239398001887086e+06  8.963829737118332e+05  2.126581102422365e+06  4.963575980582553e+05  -8.885196865522254e+05  4.288047410416176e+05  -9.636017065086106e-04  -4.265759076536276e-03  -8.610160731481318e-04
  1.639999999999996e+01  1.232240313341102e+06  8.988376037998963e+05  2.135605104242637e+06  4.891978049395232e+05  -8.825791087652034e+05  4.207573720973012e+05  -1.433029183068023e-03  -4.216888049712824e-03  -1.154034976992773e-03
  1.649999999999996e+01  1.226334264427481e+06  8.986142086117003e+05  2.149091594757233e+06  4.899320825672038e+05  -8.750222733222035e+05  4.149360393023820e+05  -1.733830593148965e-03  -3.655706843137101e-03  -9.422920392610242e-04
  1.659999999999997e+01  1.221807460827710e+06  8.948387351025236e+05  2.163220606856864e+06  4.966421153328439e+05  -8.688337060077526e+05  4.118713169535854e+05  -1.899830657053644e-03  -2.903023339256283e-03  -4.017551646537380e-04
  1.669999999999997e+01  1.219222080794642e+06  8.881618503099136e+05  2.174386767313827e+06  5.042892437186272e+05  -8.663141826554484e+05  4.117774129635454e+05  -1.863490983504313e-03  -2.127465093505235e-03  1.121053820096392e-04
  1.679999999999997e+01  1.219378448419217e+06  8.805847774183108e+05  2.181258757000667e+06  5.075260925930054e+05  -8.683574426061832e+05  4.148054354907231e+05  -1.521173016236751e-03  -1.392127877728722e-03  3.823551594519064e-04
  1.689999999999997e+01  1.221906607178659e+06  8.747097988393595e+05  2.184742526990335e+06  5.039006005029477e+05  -8.746109168282751e+05  4.203009714558317e+05  -9.072491213319732e-04  -7.676143925215498e-04  4.827122955253291e-04
  1.699999999999997e+01  1.224974048236534e+06  8.724945807808330e+05  2.186574354975747e+06  4.952122583218950e+05  -8.839869757773658e+05  4.259009406750978e+05  -2.479566863794682e-04  -3.131880881940490e-04  6.266776542771418e-04
  1.709999999999997e+01  1.226511139305646e+06  8.738636865594588e+05  2.188108358240064e+06  4.862006237829354e+05  -8.944180942384771e+05  4.278560328642234e+05  1.396158419886301e-04  -1.845262177000899e-05  8.864543478659385e-04
  1.719999999999997e+01  1.225593858599388e+06  8.762267541689385e+05  2.190166165764322e+06  4.816307513280743e+05  -9.027879866105819e+05  4.233416158183138e+05  2.130883739454639e-06  1.379934927885624e-04  1.093843880765148e-03
  1.729999999999998e+01  1.222846938141609e+06  8.759476515018053e+05  2.193421074883018e+06  4.837378220046195e+05  -9.061028355237598e+05  4.130885285275730e+05  -6.972725928356682e-04  1.052264811703636e-04  1.022751926295632e-03
  1.739999999999998e+01  1.219622433396111e+06  8.708844897455999e+05  2.198102530483355e+06  4.913172324914247e+05  -9.034626073293537e+05  4.017436825868040e+05  -1.686122022303919e-03  -1.777422875669919e-04  5.917710851015978e-04
  1.749999999999998e+01  1.216795536733884e+06  8.619957537302189e+05  2.203207388540833e+06  5.007496514599859e+05  -8.967414644639698e+05  3.949507737904520e+05  -2.466864714074992e-03  -6.220440143987482e-04  -1.209292912807828e-04
  1.759999999999998e+01  1.214573494005223e+06  8.524052911672841e+05  2.206418397238913e+06  5.081155729795235e+05  -8.892766983353137e+05  3.953696956848312e+05  -2.582441473130524e-03  -9.703494988767255e-04  -9.774148509750144e-04
  1.769999999999998e+01  1.213148120749919e+06  8.450396664913994e+05  2.205407942568074e+06  5.109741902613905e+05  -8.838838508840613e+05  4.010188741325243e+05  -1.912373959265215e-03  -9.484692969554342e-04  -1.836994103646961e-03
  1.779999999999998e+01  1.213324338056638e+06  8.411021721352777e+05  2.199516732755528e+06  5.090979085275123e+05  -8.816847092714299e+05  4.073285415300992e+05  -7.528400856128983e-04  -4.449465619341812e-04  -2.538957913723130e-03
  1.789999999999998e+01  1.215934258448472e+06  8.402609347846385e+05  2.190327675066743e+06  5.041300893182189e+05  -8.824525695455868e+05  4.106370640603327e+05  3.927487653711159e-04  4.095032314077256e-04  -2.910820574510036e-03
  1.799999999999999e+01  1.220777426276931e+06  8.418999452209552e+05  2.180960263031628e+06  4.985125566317191e+05  -8.856926678249674e+05  4.100590853823152e+05  1.138026121819921e-03  1.324090769673531e-03  -2.859306719782789e-03
  1.809999999999999e+01  1.226508586022430e+06  8.456296956758298e+05  2.174563966746893e+06  4.941468769229521e+05  -8.911417564439913e+05  4.070014421206670e+05  1.383424516226661e-03  2.015682677600984e-03  -2.464000119597931e-03
  1.819999999999999e+01  1.231427263538699e+06  8.506486344491258e+05  2.173016079597664e+06  4.913870794363504e+05  -8.982827841629342e+05  4.036271783861321e+05  1.229477311134059e-03  2.355631585821376e-03  -1.944453771585689e-03
  1.829999999999999e+01  1.234546544384813e+06  8.552328865569027e+05  2.176515250648506e+06  4.891944034504039e+05  -9.054079702261309e+05  4.016735584924805e+05  8.205183555857302e-04  2.400932136824727e-03  -1.546874466581912e-03
  1.839999999999999e+01  1.236063514050314e+06  8.572709545001887e+05  2.183706440807687e+06  4.864073422040534e+05  -9.097368896687883e+05  4.019376127203928e+05  2.945282933487106e-04  2.296277603127206e-03  -1.427742520741125e-03
  1.849999999999999e+01  1.237070523679856e+06  8.556744320462670e+05  2.191987636959774e+06  4.828863541206635e+05  -9.089615862103653e+05  4.041623335118110e+05  -1.725543508305762e-04  2.157653720345104e-03  -1.595743493595072e-03
  1.859999999999999e+01  1.238851945583938e+06  8.514501794889248e+05  2.198250129549740e+06  4.795705053470288e+05  -9.027891772221683e+05  4.073277196640992e+05  -3.731295744391237e-04  2.016361362820115e-03  -1.913406058495049e-03
  1.870000000000000e+01  1.241898625031060e+06  8.473911502086006e+05  2.200193592862713e+06  4.773744718120708e+05  -8.933600048900150e+05  4.102889453866229e+05  -1.917347819497467e-04  1.817057055955399e-03  -2.128310343610093e-03
  1.880000000000000e+01  1.245429111416936e+06  8.464455534676821e+05  2.197449448931713e+06  4.760787114762824e+05  -8.841985925899866e+05  4.125084690820618e+05  3.041079970384525e-04  1.460914330075226e-03  -1.994390663988906e-03
  1.890000000000000e+01  1.247833767975464e+06  8.497516952339323e+05  2.191466052238456e+06  4.745276358822731e+05  -8.783926233368312e+05  4.143992211635680e+05  9.019463318076165e-04  8.937693638272344e-04  -1.401521326699396e-03
  1.900000000000000e+01  1.247665514506777e+06  8.558376760370757e+05  2.184447618673584e+06  4.720101057248006e+05  -8.771408536586462e+05  4.168105538451424e+05  1.356545983282112e-03  2.019273685700729e-04  -4.060707098839110e-04
  1.910000000000000e+01  1.244714705838706e+06  8.616847183306352e+05  2.178330019212155e+06  4.696075372768322e+05  -8.793429682153203e+05  4.200984803175814e+05  1.495830133676816e-03  -3.640606786715368e-04  8.283645873125512e-04
  1.920000000000000e+01  1.240263430100514e+06  8.646705895341119e+05  2.174239704152341e+06  4.698827017549891e+05  -8.826403013751212e+05  4.236317829264928e+05  1.270889177399209e-03  -5.217491008590096e-04  2.100154110286538e-03
  1.930000000000000e+01  1.236421889737012e+06  8.638126972521830e+05  2.172469511121897e+06  4.747213995498063e+05  -8.851658134063530e+05  4.262445775521419e+05  7.828414500985423e-04  -1.659001989053963e-04  3.184309105092012e-03
  1.940000000000001e+01  1.234950651390130e+06  8.595719975590721e+05  2.172741704847206e+06  4.832610663533160e+05  -8.865628911432169e+05  4.272655889346045e+05  2.610430347122704e-04  5.341599249253788e-04  3.863505373859026e-03
  1.950000000000001e+01  1.236009292091826e+06  8.530393227423122e+05  2.174549984903072e+06  4.917907248704968e+05  -8.877221384470419e+05  4.270043802918684e+05  -5.463283539297904e-05  1.210033255782957e-03  4.005350495993551e-03
  1.960000000000001e+01  1.237943950644579e+06  8.457724210322555e+05  2.177407319299593e+06  4.960032026277682e+05  -8.897081239690444e+05  4.263578666609462e+05  -6.333228395344188e-05  1.488188555766051e-03  3.634109125666685e-03
  1.970000000000001e+01  1.238276412554816e+06  8.400209259578212e+05  2.180575534485178e+06  4.939102177617870e+05  -8.927849087981754e+05  4.261583444126109e+05  1.395925489699611e-04  1.183248538754240e-03  2.925703259988829e-03
  1.980000000000001e+01  1.235365870943678e+06  8.383847955942987e+05  2.182858677612552e+06  4.871568287293348e+05  -8.960995404291956e+05  4.269323488463516e+05  3.698472160266741e-04  3.901841224092972e-04  2.123846374755849e-03
  1.990000000000001e+01  1.229644635477912e+06  8.425701503013751e+05  2.182933389907187e+06  4.799574234185285e+05  -8.980159509143466e+05  4.290610318725773e+05  5.104710758129929e-04  -5.522513774635194e-04  1.448480009764365e-03
