TITLE = "Temporal Signal for receiver number 02704"
VARIABLES = "Time","xx","yy","zz","xy","yz","xz","u","v","w"
# x1       3.537536810000e+05
# x2       4.732691730000e+06
# x3       -8.000000000000e+03
  0.000000000000000e+00  0.000000000000000e+00  0.000000000000000e+00  0.000000000000000e+00  0.000000000000000e+00  0.000000000000000e+00  0.000000000000000e+00  0.000000000000000e+00  0.000000000000000e+00  0.000000000000000e+00
  1.000000000000000e-01  0.000000000000000e+00  0.000000000000000e+00  0.000000000000000e+00  0.000000000000000e+00  0.000000000000000e+00  0.000000000000000e+00  0.000000000000000e+00  0.000000000000000e+00  0.000000000000000e+00
  2.000000000000000e-01  0.000000000000000e+00  0.000000000000000e+00  0.000000000000000e+00  0.000000000000000e+00  0.000000000000000e+00  0.000000000000000e+00  0.000000000000000e+00  0.000000000000000e+00  0.000000000000000e+00
  3.000000000000000e-01  -3.767839076720133e-09  -5.029774188881801e-10  -7.400490462369252e-09  6.528009792916277e-10  4.588838216639050e-10  -3.084269391834862e-09  -2.852351085559343e-16  -1.139247624619134e-16  -5.860907053241919e-16
  4.000000000000000e-01  -7.140623436159446e-06  -3.536477724175661e-06  5.539624218091041e-06  8.384319039411927e-06  1.796915101905204e-06  -5.818412609251729e-06  -1.267961219963480e-12  2.088000576717107e-13  9.213551886863180e-13
  5.000000000000000e-01  -2.809804123168815e-04  -1.050238351566751e-03  -9.965007748451520e-04  -2.533672650048076e-04  2.783638396148287e-04  6.183946740983293e-04  1.308568378783374e-10  7.067884368844972e-11  -7.554539834663740e-11
  6.000000000000000e-01  8.968239568542898e-03  2.470320743737959e-02  1.422914709395013e-02  -1.780184605169682e-04  -9.015810293606031e-03  -5.221577741794827e-04  -5.176650283344432e-11  -2.337873286679069e-09  1.137998122095630e-09
  7.000000000000000e-01  -5.608916779023946e-02  -3.314492482323989e-02  -2.127658909626301e-02  5.948815980403283e-03  -1.566622724258451e-04  1.053304456013122e-02  2.224690438464108e-09  2.410366791169947e-10  -1.188724548717868e-09
  7.999999999999999e-01  8.825029664091598e-01  1.331017985925529e+00  1.782667916829723e+00  -5.512057348492163e-02  -7.457961081969871e-01  -2.339627271625970e-02  1.327660240402692e-08  -1.063618896738935e-07  1.360689911737492e-07
  8.999999999999999e-01  3.486118752284256e+00  5.203988194605690e+00  7.223068973090785e+00  6.994709510135300e-02  -2.932958699330596e+00  -5.561863477285791e-01  -7.618500630809965e-09  -3.847572180404666e-07  5.952692619431596e-07
  9.999999999999999e-01  -2.821299104476477e+01  -4.392546890451133e+01  -5.682850261770195e+01  -4.611968904713073e+00  2.454519498600775e+01  5.031137771753779e+00  6.300298873881211e-07  3.354250558547510e-06  -4.208914815047595e-06
  1.100000000000000e+00  2.519126414275087e+02  4.506330142902220e+02  5.069873040527271e+02  3.990294735412041e+01  -2.314359389246818e+02  -4.569027482256099e+01  -6.408742829177915e-06  -3.249348027627588e-05  3.676973723953340e-05
  1.200000000000000e+00  1.056459199652089e+03  2.311050992328184e+03  2.186371582380857e+03  2.694722931630820e+02  -1.271324568472727e+03  -2.704691140814388e+02  -3.664031585252090e-05  -1.752236491102297e-04  1.628146698644703e-04
  1.300000000000000e+00  1.364289233333789e+03  4.434584654339843e+03  3.032762597015716e+03  6.682933462629244e+02  -2.562359298777910e+03  -6.095050173689916e+02  -7.797885088100990e-05  -3.471322734337348e-04  2.389560558462091e-04
  1.400000000000000e+00  4.884061473361695e+02  5.287670143888026e+03  1.758896152379483e+03  1.109389596697523e+03  -3.226401614909091e+03  -9.823304363118067e+02  -1.128475313908554e-04  -4.166274919556363e-04  1.765108417564305e-04
  1.500000000000000e+00  -2.094379993936824e+02  6.992795806469087e+03  1.330562615343166e+03  1.638059629131194e+03  -4.342933774943671e+03  -1.447812281571439e+03  -1.437719951793868e-04  -5.227861838984181e-04  1.857700357573313e-04
  1.600000000000000e+00  -8.327227589478665e+02  1.018523739466838e+04  7.188083810333068e+02  2.548508504135286e+03  -6.128837223069790e+03  -2.288189563734190e+03  -2.169700877232885e-04  -7.324847523199411e-04  1.967337179791516e-04
  1.700000000000000e+00  -7.842802019498674e+02  1.573644327042380e+04  2.582213305529146e+03  3.999117660645457e+03  -9.542279083432843e+03  -3.777750431057077e+03  -3.490298964626178e-04  -1.083881752945016e-03  4.261363836160513e-04
  1.800000000000000e+00  -4.548589444197281e+02  1.940846224633220e+04  9.768579521686330e+03  4.493512807668977e+03  -1.393049529180889e+04  -4.877547269228238e+03  -3.252506548804663e-04  -1.211292777847064e-03  1.088790199579785e-03
  1.900000000000001e+00  3.670006483339620e+03  2.874280312368370e+04  2.319194979950439e+04  5.984090624920049e+03  -2.175762965657817e+04  -6.582319736743028e+03  -4.233311188754650e-04  -1.782355755751696e-03  2.183767326085323e-03
  2.000000000000000e+00  1.514546101278042e+04  5.889794918035677e+04  4.325454884505592e+04  1.345840638396071e+04  -3.863933393608376e+04  -1.278201295704099e+04  -1.246922193389694e-03  -4.012661149153207e-03  3.763845570111519e-03
  2.100000000000001e+00  3.945746376641645e+04  1.295624543124525e+05  7.898749091748398e+04  3.436272314760005e+04  -7.498130689596068e+04  -2.963019031081845e+04  -3.568554736070060e-03  -9.344689331272669e-03  6.696488244843826e-03
  2.200000000000001e+00  7.509324635450193e+04  2.409552833180254e+05  1.139589367922432e+05  7.878569241439630e+04  -1.293965190577304e+05  -6.407001062194065e+04  -8.311827430552997e-03  -1.771461109893494e-02  1.007565635390165e-02
  2.300000000000001e+00  9.961275021299876e+04  3.505465789010083e+05  8.281278048502529e+04  1.518664589513638e+05  -1.747875430853959e+05  -1.106120497092253e+05  -1.500241150128880e-02  -2.584810569374766e-02  9.403038639959010e-03
  2.400000000000001e+00  1.339013463683670e+05  4.588952866558616e+05  7.361413795736141e+03  2.556863475652748e+05  -2.023977441556201e+05  -1.701412095648904e+05  -2.369478908452424e-02  -3.277964647910486e-02  6.470885685967049e-03
  2.500000000000001e+00  1.833328481997121e+05  5.454760440329317e+05  -1.339529375559405e+05  3.886561466207860e+05  -1.979868986405266e+05  -2.258665809239831e+05  -3.361333866736218e-02  -3.739883460485726e-02  -8.665248791245813e-04
  2.600000000000001e+00  2.347899430990612e+05  5.439257572021325e+05  -2.454076322647795e+05  4.971962491991035e+05  -1.559469120657450e+05  -2.462902108879995e+05  -3.674029815684329e-02  -3.300415778352114e-02  -3.879576383679527e-03
  2.700000000000001e+00  2.691245928748334e+05  3.385692173916260e+05  -1.432500134906739e+05  4.637830292822774e+05  -7.097187393026856e+04  -1.664314698125731e+05  -2.142282585254802e-02  -9.590683261606227e-03  8.587380762007601e-03
  2.800000000000001e+00  2.526624697109760e+05  1.420424983058015e+04  1.941833255563526e+05  2.556156084076988e+05  -1.757705841439077e+04  -9.887850944693739e+03  1.266629504451019e-02  2.341966894901174e-02  4.010031010100099e-02
  2.900000000000001e+00  -4.731066229674312e+04  -3.770725887809548e+05  5.727456555418404e+05  -1.301741372113216e+05  -2.833142053516256e+04  1.759569003856885e+05  6.941788112642275e-02  5.812276736588944e-02  7.722799006437364e-02
  3.000000000000001e+00  -4.270194730557362e+05  -7.119425325173535e+05  9.009474185156131e+05  -5.466066538103407e+05  -1.099318357409250e+05  2.644805477917233e+05  1.206170618610314e-01  8.679313826183596e-02  1.130992698530284e-01
  3.100000000000001e+00  -7.091492852551497e+05  -7.501788940711538e+05  1.245770404485095e+06  -8.133993728868405e+05  -2.221044274045327e+05  3.027993595378494e+05  1.539491331901542e-01  9.116926676604821e-02  1.422376119857274e-01
  3.200000000000002e+00  -6.858275215977362e+05  -3.490146495829738e+05  1.790798073001845e+06  -8.498394223166249e+05  -3.481838379311942e+05  2.390554703977583e+05  1.559637067212304e-01  6.227811975196858e-02  1.758167084417152e-01
  3.300000000000002e+00  -7.686491859002134e+05  -1.590198167880073e+05  1.987149807353633e+06  -8.771166622639415e+05  -4.942752501184847e+05  1.492216087275715e+05  1.570454293803373e-01  4.563598367271558e-02  1.994684038441426e-01
  3.400000000000002e+00  -9.875153794789125e+05  -1.076639745501902e+04  2.011181257631995e+06  -8.191130468313538e+05  -5.997744798499227e+05  6.875799998369068e+04  1.637954827540164e-01  2.894067431258786e-02  2.137807432540159e-01
  3.500000000000002e+00  -1.056981714918293e+06  1.981069531927003e+05  2.134671402715436e+06  -7.399514656808403e+05  -6.609987249901663e+05  -5.483441095793090e+04  1.581672112063890e-01  1.524445153571229e-02  2.335542211667714e-01
  3.600000000000002e+00  -9.621466433761708e+05  5.004858240888076e+05  2.135614054924014e+06  -5.860348568447269e+05  -7.796464769963701e+05  -3.479023920443560e+05  1.361940003599746e-01  -5.332664529131764e-03  2.653682993419264e-01
  3.700000000000002e+00  -9.590126084100014e+05  7.805026858528280e+05  1.911789452667159e+06  -2.917360966521311e+05  -8.365386083071462e+05  -6.098067784258666e+05  1.202084592816468e-01  -3.241866384721631e-02  2.860113090837936e-01
  3.800000000000002e+00  -7.908387590501748e+05  6.418197171527823e+05  1.609984836419692e+06  4.185118890869182e+04  -5.384924489779518e+05  -5.651861119581409e+05  8.919810243371383e-02  -2.240573862869262e-02  2.606976808679975e-01
  3.900000000000002e+00  -5.839240421984530e+05  2.365095494740931e+05  1.399649600191945e+06  1.701485681800375e+05  -2.155478369916544e+05  -4.709705134441233e+05  5.354086261364009e-02  1.217307704075948e-02  2.156636885957558e-01
  4.000000000000002e+00  4.092182917761856e+05  -2.762147960574901e+04  5.756738593386718e+05  1.935700408709024e+05  -2.349521318587633e+05  -2.115104356633859e+05  -2.679069889145938e-02  9.633918889943143e-03  1.005718628656358e-01
  4.100000000000001e+00  1.067404217869103e+06  -2.027976731496982e+04  -1.548438750567099e+04  2.555864678520721e+05  -3.273339737633120e+05  2.724543796620393e+05  -6.028145287790530e-02  -1.749724011936445e-02  3.664394815361903e-03
  4.200000000000001e+00  1.137078652696916e+06  5.520180433983668e+04  -1.401933680446751e+05  3.124251667600300e+05  -3.528463544779426e+05  6.152896423527088e+05  -4.888261497938826e-02  -3.045719048527604e-02  -3.554830454071620e-02
  4.300000000000001e+00  1.112034237988617e+06  9.093595108804993e+04  -1.156411411587928e+05  3.573612174576332e+05  -3.376742265991070e+05  8.096967406315056e+05  -3.781676449007064e-02  -2.988333141456938e-02  -5.576389530788878e-02
  4.400000000000000e+00  1.004532210380360e+06  2.235327656008794e+05  2.045051042255028e+04  3.465979305128701e+05  -2.822057379711941e+05  9.119044959125670e+05  -2.749381827062061e-02  -2.770879834880887e-02  -6.361887504055930e-02
  4.500000000000000e+00  7.943738817176790e+05  3.073844604472463e+05  2.174702202430849e+05  2.391553180993288e+05  -2.715935167019893e+05  8.618852997588338e+05  -1.130416070370666e-02  -1.899206198876041e-02  -5.078724752498130e-02
  4.600000000000000e+00  7.312892201012725e+05  2.797432951657466e+05  2.752026385529605e+05  1.355291275004819e+05  -3.189397025587375e+05  7.980591210606768e+05  7.190249681844668e-05  -5.315585593609310e-03  -4.042682266861321e-02
  4.699999999999999e+00  7.211203186319141e+05  2.598310958157285e+05  2.225324504878669e+05  1.157590170984023e+05  -3.310034001372424e+05  7.479908272019922e+05  5.796011275565116e-03  3.917879511236681e-03  -3.038628479206166e-02
  4.799999999999999e+00  7.290443932087378e+05  2.335240735765824e+05  2.245541249490322e+05  1.045608472066243e+05  -3.575275493180269e+05  7.212767665923820e+05  6.415441256254888e-03  6.652718596492461e-03  -2.106049671826249e-02
  4.899999999999999e+00  7.647614703608867e+05  1.803924118450843e+05  3.064231246975022e+05  7.074650998305586e+04  -3.935890957872341e+05  7.793145727960615e+05  6.883708890189469e-03  8.376792574861153e-03  -2.161680602883347e-02
  4.999999999999998e+00  7.476820534089616e+05  1.145042854254691e+05  3.586193192571789e+05  6.517941440771806e+04  -4.017691087798601e+05  7.841630056835727e+05  1.007001221886355e-02  1.493728215865379e-02  -1.746781199026266e-02
  5.099999999999998e+00  7.404152691240777e+05  -4.583352227815383e+04  3.587071374536691e+05  1.806693047756159e+04  -4.333209534434857e+05  7.557292679733790e+05  1.455332028165232e-02  2.908437129054241e-02  -7.399033861393967e-03
  5.199999999999998e+00  7.400804911861132e+05  -1.662379794056479e+05  3.340584145042835e+05  -2.626240675401976e+04  -4.166741741311511e+05  7.725297468199317e+05  1.729665565871038e-02  3.747103611426897e-02  -9.172528738872008e-03
  5.299999999999997e+00  7.419884908319900e+05  -1.171997919319317e+05  1.556169170912475e+05  8.108223967268223e+04  -2.575071083170981e+05  7.886208963702939e+05  1.430238433426277e-03  2.885599067954970e-02  -4.058472746336536e-02
  5.399999999999997e+00  7.422239942067969e+05  2.806293732467667e+04  -8.333802057986791e+04  2.118015629447752e+05  -5.615418536610714e+04  7.465207438542960e+05  -1.810336330557952e-02  1.689949486124044e-02  -7.908289889157662e-02
  5.499999999999996e+00  7.319762181774545e+05  1.332102774112729e+05  -2.445470006878769e+05  2.708138924151884e+05  1.114025961233604e+05  6.626543363715343e+05  -2.358903331365896e-02  1.491671357535134e-02  -1.027691424676742e-01
  5.599999999999996e+00  7.510667126928562e+05  1.631475897944288e+05  -3.342432510680401e+05  3.619408410341956e+05  2.583651020716145e+05  6.257965745021150e+05  -2.851398720941955e-02  1.514861382395461e-02  -1.175816314774868e-01
  5.699999999999996e+00  7.489729983239342e+05  8.510759038493095e+04  -3.427420491313926e+05  4.018526614684248e+05  3.428971300500978e+05  6.718032972591720e+05  -2.956953349402925e-02  1.914641362459341e-02  -1.218132112155687e-01
  5.799999999999995e+00  7.142738019905973e+05  1.862452785308336e+04  -3.368335607976050e+05  3.037593058732180e+05  3.688581777023882e+05  7.143406532502038e+05  -1.663664149363883e-02  2.702105849330009e-02  -1.164361788097043e-01
  5.899999999999995e+00  7.065748988457780e+05  7.443700176591167e+04  -4.027673549578153e+05  1.981215245137628e+05  3.853037845397408e+05  7.118226604455276e+05  1.691864947181443e-03  2.983882404965328e-02  -1.126230184117916e-01
  5.999999999999995e+00  7.699143512126169e+05  1.645735839342172e+05  -3.684713452470700e+05  1.553295194882636e+05  3.654237972625916e+05  7.141353571741882e+05  1.118526984958646e-02  2.929282526315172e-02  -1.068080071049975e-01
  6.099999999999994e+00  8.265985841681327e+05  1.881867851716922e+05  -3.131750932695368e+05  1.294575286592653e+05  3.316649871869897e+05  7.337797076729297e+05  1.340486998520633e-02  2.954981796702048e-02  -1.000738928653090e-01
  6.199999999999994e+00  8.113932443988187e+05  2.136228595654380e+05  -3.857106834377659e+05  1.014363652718963e+05  3.159399326531619e+05  7.077865595205298e+05  1.667617953392894e-02  2.746172255858035e-02  -9.225537842410722e-02
  6.299999999999994e+00  8.289501609409933e+05  3.194573053880451e+05  -3.380952843391965e+05  9.089380540689288e+04  2.674767182174567e+05  6.590064966483460e+05  1.853063176726316e-02  1.932479568699685e-02  -7.655601590109978e-02
  6.399999999999993e+00  8.969021186309732e+05  4.069361989819378e+05  -1.376086049832330e+05  9.421758382629849e+04  2.090874552868695e+05  6.883311411664801e+05  1.844112135339961e-02  9.508557396037440e-03  -6.358439028971388e-02
  6.499999999999993e+00  9.556350996812810e+05  4.579077690320088e+05  3.834695844348133e+04  7.924052021456731e+04  1.916978323486743e+05  7.901322020949174e+05  2.310674539245581e-02  4.689724439004815e-03  -5.299235554365077e-02
  6.599999999999993e+00  9.927009385256203e+05  5.190339120252986e+05  1.068403993189264e+05  4.188062842888003e+04  1.973131980397150e+05  8.752984029376418e+05  3.236412289091194e-02  6.165438642087096e-03  -3.855513915897067e-02
  6.699999999999992e+00  1.028313182594973e+06  5.503984465808040e+05  1.296175806940076e+05  2.049924046224101e+04  1.811071303880630e+05  9.193626263588010e+05  3.770795106580369e-02  6.467766683015320e-03  -2.573116909722007e-02
  6.799999999999992e+00  1.031983701033894e+06  5.126144850892374e+05  1.542926738408640e+05  3.469399947844243e+04  1.389903631507043e+05  9.340559015495140e+05  3.360460337691507e-02  -3.047545909633091e-05  -2.106045903126014e-02
  6.899999999999991e+00  9.715233825472702e+05  4.697594285392167e+05  2.307839306555277e+05  5.127255945774676e+04  9.608639388658488e+04  9.007413448357702e+05  2.373516933972055e-02  -6.768222295401589e-03  -1.664485231569885e-02
  6.999999999999991e+00  8.568028201316056e+05  4.672860635188024e+05  3.731426580345578e+05  3.703600271232335e+04  4.647462171054960e+04  8.333212925041243e+05  1.681924139652403e-02  -9.026843349302904e-03  -4.781780693581719e-03
  7.099999999999991e+00  7.651998761430326e+05  4.598897123373589e+05  4.609737713455967e+05  3.288985391141704e+04  -1.235486149258860e+04  7.573752897514725e+05  1.062533451312019e-02  -1.124748111495957e-02  6.617029208395593e-03
  7.199999999999990e+00  7.339341184533139e+05  4.175239815117367e+05  4.945483709871299e+05  6.895336522981878e+04  -6.379415959494785e+04  6.621798786302935e+05  -1.478330583041714e-03  -1.630865540019812e-02  1.298320545146502e-02
  7.299999999999990e+00  7.032097831503567e+05  3.634786607243025e+05  6.055214831003912e+05  8.963407200678071e+04  -1.195672554129240e+05  5.550313837745262e+05  -1.557809689740534e-02  -2.381656617102831e-02  1.921103432095195e-02
  7.399999999999990e+00  6.379619910550622e+05  3.259194080220751e+05  7.617708263796681e+05  7.239633290981865e+04  -1.887820220317577e+05  4.751709184488817e+05  -2.536014985139576e-02  -3.241385891581405e-02  2.582176604431855e-02
  7.499999999999989e+00  5.818419442287108e+05  3.274226537781149e+05  8.444068397843909e+05  7.387122632351748e+04  -2.642096661874452e+05  4.212758967646096e+05  -3.119073277451144e-02  -4.097046056090730e-02  3.065153629665042e-02
  7.599999999999989e+00  5.585262611778709e+05  3.496868429377499e+05  8.420700570143386e+05  1.133296158965418e+05  -3.492818838500002e+05  3.536110820030156e+05  -3.420404695544464e-02  -4.759951991190577e-02  3.366979033819191e-02
  7.699999999999989e+00  5.584126554143598e+05  3.476400620785682e+05  8.475231453289924e+05  1.554939483307123e+05  -4.306932437760428e+05  2.759264827883414e+05  -3.343561643413091e-02  -4.990743876260460e-02  3.830720160928465e-02
  7.799999999999988e+00  5.664085831655564e+05  3.181914491277407e+05  9.179934593855655e+05  1.828528237133194e+05  -4.681819070473311e+05  2.320057175090920e+05  -2.834203416368950e-02  -4.542978465723230e-02  4.681970308170440e-02
  7.899999999999988e+00  5.622388617804907e+05  2.875622852788191e+05  9.956882021790274e+05  1.930240432558162e+05  -4.469219487767489e+05  2.315620663714914e+05  -2.200025749472634e-02  -3.455432115144325e-02  5.384772832102461e-02
  7.999999999999988e+00  5.545036275095713e+05  2.546065427192386e+05  1.017626096553343e+06  1.806368508284366e+05  -4.082355143834591e+05  2.496009710127026e+05  -1.976894306452477e-02  -2.376978389212396e-02  5.286992536422487e-02
  8.099999999999987e+00  5.605477394284022e+05  2.115820042961369e+05  1.014143261157352e+06  1.647556735657980e+05  -4.026741685855512e+05  2.635387889713648e+05  -2.130609789182684e-02  -1.961464493455682e-02  4.726282747567424e-02
  8.199999999999987e+00  5.554942203598770e+05  1.798075680679047e+05  1.035654538671315e+06  1.658086650986205e+05  -4.370717637848718e+05  2.782553166625286e+05  -1.911881147816400e-02  -1.931253221528689e-02  4.540048213604118e-02
  8.299999999999986e+00  5.096293240396466e+05  1.825975366576914e+05  1.090571746803039e+06  1.643680338076142e+05  -4.781815370389484e+05  3.153097584372370e+05  -7.396430398696472e-03  -1.571416091411093e-02  5.031190221819998e-02
  8.399999999999986e+00  4.342557009691538e+05  1.947251512689811e+05  1.159538498979872e+06  1.487286301796387e+05  -4.814736003659213e+05  3.781489984359578e+05  1.141963115548111e-02  -8.070391865809006e-03  5.858108584243659e-02
  8.499999999999986e+00  3.725778945005664e+05  1.751476262916522e+05  1.230334746498502e+06  1.463254947549647e+05  -4.451806980717345e+05  4.470655571284867e+05  2.817909447747004e-02  -1.218754999619614e-03  6.542255418078059e-02
  8.599999999999985e+00  3.573591843291949e+05  1.321447254368497e+05  1.272275021178393e+06  1.555793824019356e+05  -4.153996156262507e+05  4.934937511678908e+05  3.423515697105205e-02  3.425211388566484e-03  6.595508850576524e-02
  8.699999999999985e+00  3.764488495195383e+05  1.040629147163330e+05  1.252051096881300e+06  1.343668305122605e+05  -4.052364848097847e+05  4.967201730626968e+05  3.017018636921943e-02  8.927166727282134e-03  5.981453877416511e-02
  8.799999999999985e+00  3.923645729520528e+05  9.995883371723363e+04  1.195804963968909e+06  8.333569412160634e+04  -3.799497664128491e+05  4.667483014759631e+05  2.416840248306390e-02  1.616406324962656e-02  5.289463016651521e-02
  8.899999999999984e+00  3.822230522128677e+05  8.929853033950689e+04  1.145634048813164e+06  4.881991546029097e+04  -3.316651439795709e+05  4.388715363002752e+05  2.078932352262072e-02  2.355972613760295e-02  4.782900489098504e-02
  8.999999999999984e+00  3.553710531045090e+05  5.317425975805910e+04  1.119027691584202e+06  4.339009855779731e+04  -2.935889413073034e+05  4.367482797302593e+05  1.887881533100996e-02  2.953930017820690e-02  4.320560599008947e-02
  9.099999999999984e+00  3.303792732856115e+05  1.917477502141181e+04  1.122936265937587e+06  3.953451984233098e+04  -2.835082926076373e+05  4.531571247364557e+05  1.794866871306822e-02  3.174652041088380e-02  4.002942499383885e-02
  9.199999999999983e+00  3.087132437098871e+05  2.080764164760584e+04  1.130995862062806e+06  2.644802532889770e+04  -2.891265816169883e+05  4.690279287264520e+05  1.838618319061256e-02  2.893895284485166e-02  3.799916593256613e-02
  9.299999999999983e+00  2.984568347289692e+05  4.986358940180435e+04  1.097863658012763e+06  1.991960316734570e+04  -3.053434765146559e+05  4.692123326431933e+05  1.782135056125659e-02  2.256875748491992e-02  3.365040191678671e-02
  9.399999999999983e+00  3.223948106606319e+05  7.514021209174341e+04  1.022022679821696e+06  3.401369428079171e+04  -3.417394670273683e+05  4.347359152388062e+05  1.212343976238143e-02  1.430314278617620e-02  2.673212523815703e-02
  9.499999999999982e+00  3.752805749023363e+05  8.817838841603027e+04  9.419356070817447e+05  7.107901120803010e+04  -3.967133266311782e+05  3.480025400882397e+05  -1.249922702354269e-03  4.553447678324211e-03  1.987712628171517e-02
  9.599999999999982e+00  4.212925459247836e+05  1.029764855236374e+05  8.869625695929913e+05  1.234300086977841e+05  -4.539641842342666e+05  2.184370024419691e+05  -2.091417635676315e-02  -5.819676617730223e-03  1.392219585202696e-02
  9.699999999999982e+00  4.412793085104409e+05  1.228584594415110e+05  8.576846658646493e+05  1.693475942918042e+05  -4.957681180938814e+05  8.951623517411397e+04  -4.016073937934652e-02  -1.374212492314826e-02  8.965465412080381e-03
  9.799999999999981e+00  4.477733378569385e+05  1.393811474603658e+05  8.335992981351080e+05  1.823850899747209e+05  -5.077944866299356e+05  9.700052294051538e+03  -5.032285361201996e-02  -1.558522818537593e-02  5.632929110353409e-03
  9.899999999999981e+00  4.607925006123904e+05  1.540289582329980e+05  7.917654082123465e+05  1.597698782353151e+05  -4.829764214397894e+05  2.988056340695277e+02  -4.835338152432073e-02  -1.130531566017062e-02  3.008450881981016e-03
  9.999999999999980e+00  4.890794445657061e+05  1.719125346854680e+05  7.330626023141581e+05  1.289167311961749e+05  -4.272436456852441e+05  5.390313288251665e+04  -3.835992104524418e-02  -5.005622279887535e-03  -5.524562423846552e-04
  1.009999999999998e+01  5.237576355696641e+05  1.861465067513211e+05  6.805644449946086e+05  1.131648717642139e+05  -3.587394109321560e+05  1.494734561389725e+05  -2.572031136120269e-02  -1.960486890533430e-04  -5.284567130944454e-03
  1.019999999999998e+01  5.452547975165128e+05  1.883760508596954e+05  6.446253929270842e+05  1.074794601231759e+05  -2.984108390606366e+05  2.589424610245645e+05  -1.381807792407071e-02  3.042241881444828e-03  -1.074914436356231e-02
  1.029999999999998e+01  5.457095453287794e+05  1.870873069734441e+05  6.164687640696444e+05  9.902414129165473e+04  -2.574495494683677e+05  3.517760950549616e+05  -5.061098378992031e-03  5.465212035239675e-03  -1.581356457254002e-02
  1.039999999999998e+01  5.356594798394177e+05  1.945733655040777e+05  5.890110226387166e+05  9.397542270501971e+04  -2.317795659622775e+05  4.100155364445159e+05  -3.849306148096794e-04  6.329754191985433e-03  -1.854590299010861e-02
  1.049999999999998e+01  5.280506172608621e+05  2.088960218497876e+05  5.585180700037548e+05  1.061356674083753e+05  -2.096674228678194e+05  4.375196687400470e+05  1.347971752290922e-03  5.144737465060250e-03  -1.933752335097431e-02
  1.059999999999998e+01  5.306593790551674e+05  2.249520080232241e+05  5.192549319279086e+05  1.303892432201203e+05  -1.870672976300298e+05  4.489806905614657e+05  1.228771929278369e-03  2.954097935204363e-03  -2.159531782247999e-02
  1.069999999999998e+01  5.489121376735725e+05  2.409114600636809e+05  4.728364037418402e+05  1.474801322322044e+05  -1.714923707802221e+05  4.526587342843008e+05  -9.886132088480670e-04  5.646631621884835e-04  -2.680819645026731e-02
  1.079999999999998e+01  5.822438320847752e+05  2.519356854941750e+05  4.388186399308111e+05  1.497472933458077e+05  -1.685218435291725e+05  4.487541668654876e+05  -4.883848102965781e-03  -2.065973200948696e-03  -3.166887751181847e-02
  1.089999999999998e+01  6.176561204575051e+05  2.560526760476414e+05  4.405305221954238e+05  1.445339489597675e+05  -1.735867651916559e+05  4.391082387338376e+05  -8.085409821632498e-03  -4.291979607237369e-03  -3.215304681615436e-02
  1.099999999999998e+01  6.335812327634363e+05  2.590665969266208e+05  4.767839782564556e+05  1.356614946334771e+05  -1.787750844491876e+05  4.280021483227096e+05  -8.514575081463877e-03  -4.566413145462246e-03  -2.811631871370663e-02
  1.109999999999998e+01  6.139816225714096e+05  2.664089789399271e+05  5.267023804106874e+05  1.183913291767894e+05  -1.817812022339988e+05  4.165401315171595e+05  -6.117885829816673e-03  -2.401015448835141e-03  -2.202221819433336e-02
  1.119999999999998e+01  5.615443481239517e+05  2.779362004137521e+05  5.824486382234870e+05  9.294429207481261e+04  -1.872047308300704e+05  4.041502323623621e+05  -2.003950431730638e-03  5.844603433578760e-04  -1.551173693962286e-02
  1.129999999999998e+01  4.968429072869821e+05  2.876078973321986e+05  6.502201095779830e+05  6.913307347726452e+04  -1.995786669979271e+05  3.945412946521246e+05  2.209568984585511e-03  2.182424437489272e-03  -9.366885061255109e-03
  1.139999999999998e+01  4.443952093971671e+05  2.864994189672910e+05  7.211280287874429e+05  5.500762538515457e+04  -2.146380561838047e+05  3.940885578384616e+05  4.649649718506870e-03  1.572489304880297e-03  -4.831180292260021e-03
  1.149999999999998e+01  4.182058598032530e+05  2.735391848539697e+05  7.686780747472502e+05  4.914768777108397e+04  -2.208989454413491e+05  4.025412971902702e+05  4.477416460240507e-03  -3.624798120276206e-04  -2.952934318088768e-03
  1.159999999999997e+01  4.170111341799028e+05  2.593912224196376e+05  7.777841524511985e+05  4.551080086524819e+04  -2.141375480309602e+05  4.106014940310682e+05  2.605562418365788e-03  -2.373990589729874e-03  -3.370871418521960e-03
  1.169999999999997e+01  4.315267617871277e+05  2.553256268867362e+05  7.599267784179955e+05  4.135278139136315e+04  -2.047764340131174e+05  4.102528518894156e+05  4.998017885258467e-04  -3.909122542143105e-03  -4.580228131299290e-03
  1.179999999999997e+01  4.527174847884380e+05  2.622755674928061e+05  7.373320401207019e+05  3.963174261771970e+04  -2.038162084199139e+05  4.032158031858567e+05  -1.162554035918244e-03  -4.527219036157827e-03  -5.255088857587077e-03
  1.189999999999997e+01  4.728746862248137e+05  2.723995267452627e+05  7.252490667571421e+05  4.509827187239109e+04  -2.090962885188449e+05  3.963799607346624e+05  -2.468375044053994e-03  -3.710052640469064e-03  -5.018381031877513e-03
  1.199999999999997e+01  4.855951657643986e+05  2.770950430555184e+05  7.279115989020112e+05  5.725572046695075e+04  -2.143362900010266e+05  3.918210678021208e+05  -3.717037707125200e-03  -2.062064320810898e-03  -4.351338201888814e-03
  1.209999999999997e+01  4.886055085540024e+05  2.724512778846211e+05  7.388027985470544e+05  6.737851224357274e+04  -2.224470834649974e+05  3.850378928135857e+05  -5.101649397498965e-03  -1.207328782461605e-03  -4.125416773962770e-03
  1.219999999999997e+01  4.840426682218097e+05  2.617499147810479e+05  7.476249256646427e+05  6.607970631760586e+04  -2.384706765223662e+05  3.736638065887560e+05  -6.261951933215285e-03  -1.816507746056398e-03  -4.641212434546264e-03
  1.229999999999997e+01  4.739908649479430e+05  2.522597651493914e+05  7.505452406789747e+05  5.433776465883378e+04  -2.566122081127034e+05  3.636423683172986e+05  -6.244563920924922e-03  -2.804041869348516e-03  -5.120463037271152e-03
  1.239999999999997e+01  4.601221285779177e+05  2.474642755527081e+05  7.505035759588935e+05  4.308352139556084e+04  -2.664457170321777e+05  3.621550851974033e+05  -4.615411707958288e-03  -2.895508980784557e-03  -4.523392908210943e-03
  1.249999999999997e+01  4.475187626989998e+05  2.449094521085634e+05  7.483072843540648e+05  4.161386293829436e+04  -2.675033442124468e+05  3.669834028624203e+05  -2.382436391345437e-03  -2.028136320869894e-03  -2.718393272218097e-03
  1.259999999999997e+01  4.414191501032686e+05  2.410920182975523e+05  7.386547624248050e+05  4.974015024886573e+04  -2.680380376391021e+05  3.694916143845202e+05  -1.045546336344897e-03  -7.845723438584546e-04  -5.713581639790855e-04
  1.269999999999997e+01  4.404162277457746e+05  2.349027303439406e+05  7.191739640064205e+05  6.097881392611778e+04  -2.725460969273764e+05  3.665902492785467e+05  -9.790686502318523e-04  4.649628538722238e-04  1.116382657514038e-03
  1.279999999999997e+01  4.379665477395979e+05  2.268361258107291e+05  6.978487469189818e+05  6.953040881298836e+04  -2.773710225237371e+05  3.623466456888404e+05  -1.436749619483048e-03  1.347185089897257e-03  2.247981017530295e-03
  1.289999999999997e+01  4.299992610727945e+05  2.182634244905599e+05  6.845192577293147e+05  7.317415042681809e+04  -2.777826670158157e+05  3.593438381109090e+05  -1.800594904715221e-03  1.263498493939539e-03  2.806578571486791e-03
  1.299999999999997e+01  4.181227645804115e+05  2.119390935571170e+05  6.797658091716196e+05  7.249160466598163e+04  -2.757338226037506e+05  3.561731180195176e+05  -2.028529491221645e-03  6.697277324077014e-06  2.365258662901974e-03
  1.309999999999997e+01  4.065742538588322e+05  2.111824817290758e+05  6.783860183174425e+05  6.953583999589413e+04  -2.782005635632906e+05  3.536032060159346e+05  -1.992830443205679e-03  -1.581268633566648e-03  8.137986629757222e-04
  1.319999999999997e+01  3.984544443014112e+05  2.167528377118364e+05  6.780499452540189e+05  6.673617293877661e+04  -2.874704619927067e+05  3.570877409563880e+05  -1.143115119693978e-03  -2.030063693512501e-03  -9.664639363505583e-04
  1.329999999999997e+01  3.961902735537115e+05  2.256552555569217e+05  6.799236775481438e+05  6.608943613910655e+04  -2.967166242115337e+05  3.704768121690887e+05  8.984155466040584e-04  -6.594674671959695e-04  -1.698272666550313e-03
  1.339999999999997e+01  4.025350529351662e+05  2.329490027517006e+05  6.853121009529762e+05  6.852086795986211e+04  -2.979398108711439e+05  3.894673399892661e+05  3.647236070896372e-03  1.395865573107460e-03  -7.337273936083086e-04
  1.349999999999997e+01  4.175722833385871e+05  2.334339955613479e+05  6.951563092214953e+05  7.301978027601958e+04  -2.917283015565968e+05  4.035596984123563e+05  5.855776621916497e-03  2.079054398598147e-03  1.668633456215979e-03
  1.359999999999997e+01  4.367266942726688e+05  2.237938804165465e+05  7.095772347569320e+05  7.644084675999061e+04  -2.863119585708431e+05  4.050087751620161e+05  6.463577801338833e-03  6.107535111655718e-04  4.672602626275302e-03
  1.369999999999997e+01  4.540509226282004e+05  2.055733707746127e+05  7.240731353971416e+05  7.514414232041223e+04  -2.876889994983620e+05  3.959734029184952e+05  5.541012714645754e-03  -1.528084491612387e-03  7.158797998282004e-03
  1.379999999999997e+01  4.668093544548759e+05  1.861919569050427e+05  7.293429671196156e+05  6.743292586572810e+04  -2.928337018337149e+05  3.863346154532419e+05  4.168218360505341e-03  -1.997516442772695e-03  8.060527953470455e-03
  1.389999999999997e+01  4.752248416583697e+05  1.743467742521745e+05  7.199883857332931e+05  5.465838370288476e+04  -2.934907718333910e+05  3.846716492239525e+05  3.397910249966234e-03  1.092739340098255e-04  7.026552234076743e-03
  1.399999999999997e+01  4.790383646727521e+05  1.722405024569436e+05  7.023666501026544e+05  4.074767384498975e+04  -2.854099750812254e+05  3.925694087879202e+05  3.499948603840957e-03  3.424677271120011e-03  4.777204253248313e-03
  1.409999999999997e+01  4.771326969936141e+05  1.745410385154118e+05  6.901086463855098e+05  3.121844084468503e+04  -2.721621967182061e+05  4.066981450290393e+05  4.166106767479709e-03  5.625431026492852e-03  2.532130664931599e-03
  1.419999999999997e+01  4.699325899615820e+05  1.761636656664160e+05  6.914442237033002e+05  3.111656610268445e+04  -2.606938764753728e+05  4.225999574770985e+05  4.985879575447195e-03  5.439984377343230e-03  1.097894812058375e-03
  1.429999999999997e+01  4.606349461262944e+05  1.780728926042692e+05  7.020877285129311e+05  4.121338442401757e+04  -2.550223410552701e+05  4.349029646713845e+05  5.435966952552428e-03  3.527832539359089e-03  5.538187135662795e-04
  1.439999999999996e+01  4.543990839170440e+05  1.837618217932121e+05  7.094324575238761e+05  5.555640720077718e+04  -2.539708778983813e+05  4.382816357176285e+05  4.997275887425239e-03  1.702338975698801e-03  5.475093525987579e-04
  1.449999999999996e+01  4.563628084105406e+05  1.930187828106391e+05  7.025765307422845e+05  6.471595578621529e+04  -2.533903201172655e+05  4.323625989789599e+05  3.829700119972978e-03  1.344000168060523e-03  6.262682125029808e-04
  1.459999999999996e+01  4.686495903126338e+05  2.018252867078609e+05  6.800321566316420e+05  6.324570795336544e+04  -2.501299983329173e+05  4.236607506737838e+05  2.951842983579268e-03  2.359154339656715e-03  4.302448739307096e-04
  1.469999999999996e+01  4.880765215675933e+05  2.070509473434188e+05  6.502225141951507e+05  5.414439495807181e+04  -2.449499995609160e+05  4.193639370936760e+05  3.222200639916940e-03  3.484689872335234e-03  -1.662468890152497e-04
  1.479999999999996e+01  5.075988706526638e+05  2.094086071164510e+05  6.246454067523585e+05  4.615594809852906e+04  -2.417281497972722e+05  4.198242413718647e+05  4.218594581181527e-03  3.564091376978626e-03  -1.016668879584236e-03
  1.489999999999996e+01  5.207186072759104e+05  2.118893339149590e+05  6.092165901705682e+05  4.716544340072804e+04  -2.430153843131165e+05  4.193035383186591e+05  4.515105997205243e-03  2.522947650171144e-03  -1.808971049911618e-03
  1.499999999999996e+01  5.250705109525535e+05  2.163192050564585e+05  6.018846876216882e+05  5.932260898817866e+04  -2.464813216471105e+05  4.137078216907037e+05  3.109192589831920e-03  1.157888690598945e-03  -2.249819854710384e-03
  1.509999999999996e+01  5.226933436312508e+05  2.219121193726179e+05  5.982461006668489e+05  7.836387187910848e+04  -2.465152329565394e+05  4.054883271910583e+05  3.550234333221800e-04  2.170529587013718e-04  -2.230559898639386e-03
  1.519999999999996e+01  5.174255009718321e+05  2.267752842700503e+05  5.977486269819819e+05  9.658771362034878e+04  -2.395508628806940e+05  4.005953826479229e+05  -2.441433353998062e-03  -1.045076691758110e-04  -1.905603871638148e-03
  1.529999999999996e+01  5.120391061275273e+05  2.303479830230667e+05  6.034056411334962e+05  1.077439429760660e+05  -2.274191966203268e+05  4.025046758119837e+05  -4.061030545876881e-03  3.681377033739697e-05  -1.628249327129501e-03
  1.539999999999996e+01  5.072149657813471e+05  2.340828819377839e+05  6.166348033817222e+05  1.105447504537906e+05  -2.157781696541998e+05  4.101901474138430e+05  -3.994886102870718e-03  4.168518418835000e-04  -1.714293999815703e-03
  1.549999999999996e+01  5.024019168291255e+05  2.396092953862022e+05  6.342768931500198e+05  1.076985078672211e+05  -2.100776472126063e+05  4.204617611911974e+05  -2.430261344571063e-03  7.361643711433315e-04  -2.159356519864362e-03
  1.559999999999996e+01  4.972973580194809e+05  2.466451075880373e+05  6.508793611856260e+05  1.018154666324347e+05  -2.127000879623932e+05  4.303647354278635e+05  -2.828937333262027e-05  6.614441025019014e-04  -2.606389826242409e-03
  1.569999999999996e+01  4.921157425462284e+05  2.530803685687621e+05  6.624464037146231e+05  9.347837801751302e+04  -2.223684105706443e+05  4.373927170827838e+05  2.239093156619650e-03  9.958842234280566e-05  -2.681339678112825e-03
  1.579999999999996e+01  4.865359413412029e+05  2.567215830889326e+05  6.676741519813510e+05  8.352337194159329e+04  -2.350312855901504e+05  4.394302484496520e+05  3.358831683269543e-03  -6.807735456865656e-04  -2.364530526688046e-03
  1.589999999999996e+01  4.794836152744701e+05  2.566606279839006e+05  6.677128380804150e+05  7.526888325198412e+04  -2.457263745508291e+05  4.358819976820706e+05  2.761709965016214e-03  -1.319199349769619e-03  -1.919425266244915e-03
  1.599999999999996e+01  4.704677132138879e+05  2.533548613745014e+05  6.656716689732005e+05  7.265336884045979e+04  -2.508373634344753e+05  4.284522413402058e+05  6.943961162684593e-04  -1.706986158837015e-03  -1.517112676870690e-03
  1.609999999999996e+01  4.609895386520680e+05  2.484007192716188e+05  6.649705991464742e+05  7.629054555767594e+04  -2.494844957938342e+05  4.201253205656750e+05  -1.909949647380645e-03  -1.977075483812023e-03  -1.134225031952404e-03
  1.619999999999996e+01  4.541484197932833e+05  2.441735128534695e+05  6.668160998160909e+05  8.257632061562194e+04  -2.433151777342598e+05  4.132439334755917e+05  -3.990873988898948e-03  -2.240667353437099e-03  -7.946292450474106e-04
  1.629999999999996e+01  4.525212228001640e+05  2.426600517000755e+05  6.695944865432717e+05  8.700171790059941e+04  -2.352463089127461e+05  4.083514868821282e+05  -4.904788708119176e-03  -2.481161303812909e-03  -6.512652825725790e-04
  1.639999999999996e+01  4.562421163269748e+05  2.439615424356174e+05  6.713328535606173e+05  8.768300454272800e+04  -2.282081880097409e+05  4.045586461851126e+05  -4.602411441526803e-03  -2.683747143638183e-03  -7.325855532193143e-04
  1.649999999999996e+01  4.629108871152276e+05  2.458196433362635e+05  6.722206357991275e+05  8.562857986624134e+04  -2.243375958533625e+05  4.009537989247830e+05  -3.451456068478710e-03  -2.911327638468257e-03  -8.098567338877091e-04
  1.659999999999997e+01  4.692681203765467e+05  2.453334837749968e+05  6.738816923157666e+05  8.264402216434282e+04  -2.245571488232358e+05  3.976107292311292e+05  -1.969129937661695e-03  -3.144248890315864e-03  -6.954368341033327e-04
  1.669999999999997e+01  4.728924946503320e+05  2.416170569376370e+05  6.767495942972315e+05  7.985500773230671e+04  -2.284420093151456e+05  3.953366689408091e+05  -6.460068464298394e-04  -3.132445316000550e-03  -5.647621487460043e-04
  1.679999999999997e+01  4.729855373613668e+05  2.367358257615807e+05  6.796580997947260e+05  7.768246261481910e+04  -2.346107414395926e+05  3.946959450598119e+05  1.347742593261855e-04  -2.567403252010523e-03  -8.011578770786466e-04
  1.689999999999997e+01  4.700881575471788e+05  2.335502495292065e+05  6.821444215768443e+05  7.625486052013065e+04  -2.417848120695110e+05  3.954774497819355e+05  1.800550684908836e-04  -1.487111523894081e-03  -1.504710606160634e-03
  1.699999999999997e+01  4.653302324076907e+05  2.325832288382324e+05  6.859448601236991e+05  7.564471289883484e+04  -2.495156141027054e+05  3.968763732119486e+05  -4.242953791686516e-04  -4.271577761290254e-04  -2.244752788821688e-03
  1.709999999999997e+01  4.599475380801124e+05  2.316223676237422e+05  6.932195017933440e+05  7.599620838018625e+04  -2.576543735085248e+05  3.977511621472185e+05  -1.321971936824719e-03  3.205617111404715e-06  -2.386025121172096e-03
  1.719999999999997e+01  4.551562074182404e+05  2.282867072000591e+05  7.035620665544810e+05  7.742987582222735e+04  -2.652993624057905e+05  3.967375378560977e+05  -2.061422606582694e-03  -2.699284508970368e-04  -1.677977415010886e-03
  1.729999999999998e+01  4.522261123074480e+05  2.224610789084832e+05  7.136127084289048e+05  7.962751409304350e+04  -2.706735039177557e+05  3.927338403255666e+05  -2.360738519947052e-03  -6.774141967353733e-04  -5.212664943370516e-04
  1.739999999999998e+01  4.521103266838557e+05  2.159851788194328e+05  7.194820192672387e+05  8.181880063549196e+04  -2.722618512294325e+05  3.859772520217234e+05  -2.229606530396394e-03  -5.610650316309741e-04  3.378873070420339e-04
  1.749999999999998e+01  4.546112669400623e+05  2.105600357831742e+05  7.192566557585731e+05  8.340697954558839e+04  -2.697527371979811e+05  3.786875302701665e+05  -1.832887060470471e-03  2.022625017679471e-04  3.542333639231593e-04
  1.759999999999998e+01  4.581509058612339e+05  2.067310967778006e+05  7.137322412766865e+05  8.443341323009183e+04  -2.640465375856428e+05  3.740905820997425e+05  -1.266965822322954e-03  1.141571506202109e-03  -5.049443524576840e-04
  1.769999999999998e+01  4.606268823111017e+05  2.044323482396672e+05  7.056030151083252e+05  8.520843927968858e+04  -2.569792910211539e+05  3.742976351272985e+05  -5.238232353559524e-04  1.656051529374542e-03  -1.832572219998400e-03
  1.779999999999998e+01  4.608636454191403e+05  2.036269706810760e+05  6.981901203638933e+05  8.555947379545217e+04  -2.509822550776897e+05  3.788081698961193e+05  3.377072841016238e-04  1.497818512645540e-03  -3.076374452627821e-03
  1.789999999999998e+01  4.593409124622968e+05  2.042873238339532e+05  6.941781883882420e+05  8.481474780574915e+04  -2.483629017410970e+05  3.848075281071109e+05  1.072590325004164e-03  8.664019391510272e-04  -3.807778047717615e-03
  1.799999999999999e+01  4.578054780116793e+05  2.063033540546538e+05  6.946112993843699e+05  8.257846774639470e+04  -2.502398807912004e+05  3.889498986616950e+05  1.381128108036089e-03  1.538465882786328e-04  -3.847400010223711e-03
  1.809999999999999e+01  4.581864887572344e+05  2.094683611820768e+05  6.984782201518780e+05  7.925239117871002e+04  -2.559412243987843e+05  3.893969190707338e+05  1.156189582533794e-03  -3.414224623624624e-04  -3.268337372482206e-03
  1.819999999999999e+01  4.614032990281556e+05  2.130658125478091e+05  7.033895550264216e+05  7.568073567938631e+04  -2.634132960681794e+05  3.868523923640360e+05  5.873796943798016e-04  -5.107470857106042e-04  -2.317171028258522e-03
  1.829999999999999e+01  4.669635989950476e+05  2.154071926716067e+05  7.072713363168387e+05  7.234709071262012e+04  -2.702135717197144e+05  3.839314214273370e+05  5.858235988293394e-05  -3.599610617996660e-04  -1.287684989629896e-03
  1.839999999999999e+01  4.734856822061321e+05  2.142960490155300e+05  7.097524496417271e+05  6.892379223897579e+04  -2.744916681340532e+05  3.832523188576889e+05  -8.852581169278742e-05  4.928574010085060e-05  -3.902753189357435e-04
  1.849999999999999e+01  4.797466552659987e+05  2.086863256067792e+05  7.118652686039679e+05  6.446209937641285e+04  -2.755815044356785e+05  3.857476421029354e+05  2.258340856849240e-04  5.799690514096925e-04  3.108909132159511e-04
  1.859999999999999e+01  4.853903573767233e+05  2.000726178527723e+05  7.141160530103741e+05  5.814027119996175e+04  -2.738960451979052e+05  3.905558231822464e+05  7.709719712369042e-04  1.012815868265865e-03  8.316100928939848e-04
  1.870000000000000e+01  4.905350598636565e+05  1.921407095172582e+05  7.149970676479756e+05  5.030269603416915e+04  -2.702249669701567e+05  3.962816063054181e+05  1.183678660370665e-03  1.134076160255528e-03  1.143937698634892e-03
  1.880000000000000e+01  4.949044104102371e+05  1.887730606570904e+05  7.118662817101976e+05  4.301514287711196e+04  -2.650932979072980e+05  4.021270728540075e+05  1.266613470434480e-03  8.939970896484246e-04  1.154701954027575e-03
  1.890000000000000e+01  4.974733417226713e+05  1.917277915010293e+05  7.037430869992354e+05  3.926030879953990e+04  -2.587713968131588e+05  4.077635457738781e+05  1.135824706356100e-03  4.653120286951249e-04  8.557628151360918e-04
  1.900000000000000e+01  4.970399708044670e+05  1.996901614508279e+05  6.932321081708085e+05  4.102718286645680e+04  -2.517924908872540e+05  4.124421304271962e+05  1.079997348791895e-03  1.238197248444111e-04  4.850242427391591e-04
  1.910000000000000e+01  4.931375946184016e+05  2.091919094626339e+05  6.853653436452211e+05  4.789039384994592e+04  -2.452661023693752e+05  4.148022269722999e+05  1.291619759471074e-03  4.675525574612038e-05  4.597652795939802e-04
  1.920000000000000e+01  4.864988944388859e+05  2.165564305815253e+05  6.841945558314832e+05  5.728731579312849e+04  -2.406588144765709e+05  4.138982448597640e+05  1.702675117982814e-03  1.793924305224617e-04  1.067802654854038e-03
  1.930000000000000e+01  4.788973866907088e+05  2.194573768647628e+05  6.899952093768353e+05  6.606465802390296e+04  -2.392818821656973e+05  4.102915862023756e+05  2.026460256435167e-03  2.855279807421292e-04  2.198853869909267e-03
  1.940000000000001e+01  4.723758739755306e+05  2.173680575752615e+05  6.992528232965921e+05  7.189260662339427e+04  -2.416837798695956e+05  4.058891799714715e+05  1.930381673918761e-03  1.413660649914232e-04  3.396971945852029e-03
  1.950000000000001e+01  4.683344164745872e+05  2.114301761718529e+05  7.071986047183421e+05  7.369766134260355e+04  -2.471344305244684e+05  4.027624332592248e+05  1.233060516643234e-03  -2.681437217124922e-04  4.187474552003465e-03
  1.960000000000001e+01  4.668389167546211e+05  2.039002730209767e+05  7.106470037154556e+05  7.154143485979570e+04  -2.536330375263926e+05  4.022483917606270e+05  4.793961686694970e-05  -7.059142970041207e-04  4.381000267968256e-03
  1.970000000000001e+01  4.666589764377130e+05  1.973007311370314e+05  7.093689959828092e+05  6.653059498358730e+04  -2.587683779349533e+05  4.049529573226446e+05  -1.215974181878840e-03  -8.415477682063203e-04  4.138029482114080e-03
  1.980000000000001e+01  4.662198852997418e+05  1.937038725909778e+05  7.054872424601460e+05  6.066180073762725e+04  -2.610166324833964e+05  4.109393887080743e+05  -2.022450564119465e-03  -4.930960795959407e-04  3.796451503625759e-03
  1.990000000000001e+01  4.646579845600509e+05  1.942870755006867e+05  7.014504803208397e+05  5.621147561150666e+04  -2.604205587833225e+05  4.194019725255358e+05  -1.966924304040865e-03  2.390756905175247e-04  3.618442800999723e-03
