TITLE = "Temporal Signal for receiver number 02217"
VARIABLES = "Time","xx","yy","zz","xy","yz","xz","u","v","w"
# x1       3.578153360000e+05
# x2       4.734629030000e+06
# x3       0.000000000000e+00
  0.000000000000000e+00  0.000000000000000e+00  0.000000000000000e+00  0.000000000000000e+00  0.000000000000000e+00  0.000000000000000e+00  0.000000000000000e+00  0.000000000000000e+00  0.000000000000000e+00  0.000000000000000e+00
  1.000000000000000e-01  0.000000000000000e+00  0.000000000000000e+00  0.000000000000000e+00  0.000000000000000e+00  0.000000000000000e+00  0.000000000000000e+00  0.000000000000000e+00  0.000000000000000e+00  0.000000000000000e+00
  2.000000000000000e-01  0.000000000000000e+00  0.000000000000000e+00  0.000000000000000e+00  0.000000000000000e+00  0.000000000000000e+00  0.000000000000000e+00  0.000000000000000e+00  0.000000000000000e+00  0.000000000000000e+00
  3.000000000000000e-01  -4.036336157180325e-33  -3.416898913123558e-33  -7.909901776810779e-33  -1.022735519786939e-33  -1.878160676949210e-33  -2.120456709983191e-33  4.174546924963281e-40  4.261362731964726e-40  9.564162659341197e-40
  4.000000000000000e-01  -8.115447663454928e-13  -6.672601635160786e-13  -7.648674505816025e-13  -4.268133915308870e-13  -5.543981066533973e-13  -3.928027908091761e-13  1.074520770115367e-19  1.191681896796453e-19  1.089644358225263e-19
  5.000000000000000e-01  2.873001536256640e-10  1.113738860008033e-10  3.806099047528643e-10  6.889144314470738e-12  4.570425650010580e-11  1.847735284072208e-10  -3.905318106762332e-17  -1.411713366869736e-17  -3.779977306147701e-17
  6.000000000000000e-01  -2.977300682974719e-08  -2.015784153523005e-08  -2.770727128029174e-08  -1.197541895352462e-08  -1.394562565923903e-08  -1.531350836134945e-08  4.166772279756711e-15  3.136120496121078e-15  3.613969303022238e-15
  7.000000000000000e-01  -7.469660369626833e-07  -7.390294262056887e-07  -5.410504868805822e-07  -4.336538226289439e-07  -4.956315624559792e-07  -2.803671843392413e-07  9.525335230310255e-14  1.240141679174725e-13  9.087751881147100e-14
  7.999999999999999e-01  -7.042917692727799e-06  -5.899316184165251e-06  -6.605077525292093e-06  -2.438729549212103e-06  -3.134137144579000e-06  -3.130589934456187e-06  8.782994283802607e-13  9.054211751141631e-13  8.171746466952977e-13
  8.999999999999999e-01  -1.205667645207435e-05  1.465662469815215e-05  -3.012730534650619e-05  1.336926000629335e-05  8.890250904387073e-06  -1.196251011219932e-05  1.624217547693148e-12  -1.443907633859898e-12  1.406826838025842e-12
  9.999999999999999e-01  5.001143225722016e-04  5.879419669442278e-04  4.432569757781469e-04  2.250544026519729e-04  2.664398666272535e-04  1.869872767642106e-04  -5.937104559055305e-11  -8.446065789822104e-11  -6.076672179914963e-11
  1.100000000000000e+00  -1.240979351776757e-04  -1.149336286410144e-03  -8.275625676244535e-05  -7.661892158855964e-04  -8.935522226372995e-04  -1.484438810446149e-04  2.168584973577028e-11  1.555720370926444e-10  9.273998842416089e-11
  1.200000000000000e+00  -7.057439483146617e-03  -3.798030725803187e-03  -4.637741991320528e-03  -1.172626927378319e-04  5.541006026729480e-04  -1.938311386455383e-03  9.568384567181766e-10  4.276427834067656e-10  3.861380290481431e-10
  1.300000000000000e+00  3.692805848761582e-02  2.907552152532713e-02  3.252267982078137e-02  1.063231733220876e-02  7.413982218644437e-03  1.372950526845200e-02  -5.200050795781078e-09  -3.691317434109345e-09  -3.468812692584647e-09
  1.400000000000000e+00  -1.427230736227058e-01  -1.404132383215265e-01  -1.674232516561737e-01  -5.798460869361635e-02  -6.114162358006035e-02  -5.523663252990280e-02  1.879728227132239e-08  1.935340758480799e-08  1.921097280241135e-08
  1.500000000000000e+00  4.308662710622136e-01  4.261218114066586e-01  5.350822965133488e-01  1.742664171894794e-01  1.961387317241500e-01  1.724886039107673e-01  -5.724512458249443e-08  -5.750581659463779e-08  -6.085864495726558e-08
  1.600000000000000e+00  -1.246876983247412e+00  -1.113221467858801e+00  -1.592778855382847e+00  -5.045660850021038e-01  -5.294022504852536e-01  -5.411694129363112e-01  1.696923548074547e-07  1.537250614781906e-07  1.843597482883981e-07
  1.700000000000000e+00  3.567409881392364e+00  2.997219194613781e+00  4.544926570662659e+00  1.307176763892103e+00  1.295739642614768e+00  1.602579225942151e+00  -4.806845900923805e-07  -4.086807717788138e-07  -5.301716576853903e-07
  1.800000000000000e+00  -6.669824304979589e+00  -4.998011599455074e+00  -8.664514422994902e+00  -2.036323110586320e+00  -1.884612823125960e+00  -2.986564253763359e+00  9.322898298061882e-07  7.047008722150529e-07  1.000700391822985e-06
  1.900000000000001e+00  1.181638878581485e+00  -3.086551763883421e+00  2.025979714926705e+00  -7.183107356588443e-01  -1.809924660769407e+00  8.329550671252465e-01  -4.382912866480472e-07  2.472617710872701e-07  -1.474073521603777e-07
  2.000000000000000e+00  2.057073758365992e+01  3.096484586710825e+01  2.292138962547036e+01  9.373510185236690e+00  1.316491984173288e+01  6.945457464893126e+00  -1.926629390243857e-06  -3.560641211955767e-06  -2.909768294717134e-06
  2.100000000000001e+00  -4.059917817301759e+02  -4.645790116959495e+02  -5.823220721341072e+02  -1.405121722062793e+02  -2.212145646149804e+02  -1.828003351863325e+02  4.543494022143155e-05  5.574435856677804e-05  7.295655872197030e-05
  2.200000000000001e+00  -1.030642328535718e+03  -1.244154029715573e+03  -1.588087873681866e+03  -3.835668782033849e+02  -6.433952873745997e+02  -4.815267410883351e+02  1.140226190032527e-04  1.509221237027175e-04  1.955742834630288e-04
  2.300000000000001e+00  -1.219742617066971e+03  -1.657556748359674e+03  -2.063095114723749e+03  -5.214196870762194e+02  -8.904746473786863e+02  -5.973575024891537e+02  1.365993832521191e-04  2.098480229134108e-04  2.558841338026920e-04
  2.400000000000001e+00  -7.772854773904213e+02  -1.332502364504315e+03  -1.513124188424366e+03  -4.874104809458842e+02  -9.248560707969622e+02  -5.398492364550999e+02  1.051911897459076e-04  1.874645564548311e-04  2.194490802200952e-04
  2.500000000000001e+00  -6.140642474283104e+02  -1.187970188652839e+03  -1.209518571787274e+03  -5.902427752789756e+02  -1.399510639083863e+03  -7.504739040061636e+02  1.209658349561104e-04  1.905975512949756e-04  2.438802051568898e-04
  2.600000000000001e+00  -1.486712422065088e+03  -2.360889512550506e+03  -2.216515446579230e+03  -1.128940625328701e+03  -2.438868484003984e+03  -1.294828324140346e+03  2.735472007904105e-04  3.653703230621140e-04  4.604127854037747e-04
  2.700000000000001e+00  -3.181550176876726e+03  -5.038151599749849e+03  -4.642555211220177e+03  -2.047314904582125e+03  -3.726207953799730e+03  -2.035957470688625e+03  5.368069214534511e-04  7.509242017711145e-04  8.934105013047452e-04
  2.800000000000001e+00  -6.439952881147180e+03  -1.040929836076497e+04  -1.019265161184448e+04  -3.578217290026910e+03  -6.274590260969275e+03  -3.721646974711834e+03  9.553867604094014e-04  1.466042175816262e-03  1.717456400678246e-03
  2.900000000000001e+00  -1.908261062782480e+04  -2.607033752523131e+04  -2.931473806944903e+04  -8.746766616882956e+03  -1.490692883028709e+04  -1.051020108004540e+04  2.465205274007000e-03  3.444892698041616e-03  4.209674489381330e-03
  3.000000000000001e+00  -5.042880058811166e+04  -6.567809326648513e+04  -7.293094221469860e+04  -2.265146959788064e+04  -3.584283890953373e+04  -2.594835283168025e+04  6.187309235905280e-03  8.420864493294364e-03  9.783214764490022e-03
  3.100000000000001e+00  -1.036832365396536e+05  -1.356079193817795e+05  -1.439671713676098e+05  -4.885888475007079e+04  -7.188137521522166e+04  -5.226980466945657e+04  1.285071465254123e-02  1.749505179257125e-02  1.912129925696000e-02
  3.200000000000002e+00  -1.697553379557260e+05  -2.282615505039933e+05  -2.170927575671455e+05  -8.908797578940360e+04  -1.186051308780175e+05  -8.459846009575659e+04  2.199222535123364e-02  2.982626098611190e-02  2.956438429628715e-02
  3.300000000000002e+00  -2.017611773373984e+05  -2.781099285593198e+05  -2.408223814485703e+05  -1.232760710964312e+05  -1.618257552565558e+05  -1.142589850107164e+05  2.863586576072671e-02  3.763119505788427e-02  3.702107664716805e-02
  3.400000000000002e+00  -1.819194162330889e+05  -2.643259721897835e+05  -2.171878341815622e+05  -1.358486974137466e+05  -2.058690280150651e+05  -1.419110430010079e+05  3.073527727876321e-02  3.852118648544382e-02  4.289975797539000e-02
  3.500000000000002e+00  -1.488513876694104e+05  -2.525360891953744e+05  -1.752113510557372e+05  -1.476829801276416e+05  -2.541069372499871e+05  -1.677643865905267e+05  3.319028822392525e-02  4.155235137436387e-02  4.902543484367709e-02
  3.600000000000002e+00  -1.774354355195870e+05  -3.275721796596587e+05  -1.469637501195566e+05  -1.951641469445573e+05  -3.007395043686200e+05  -2.049489865833394e+05  4.676152570447006e-02  5.711166528705172e-02  6.275076332277418e-02
  3.700000000000002e+00  -2.325440203966750e+05  -4.374629912872025e+05  -1.284132195136696e+05  -2.594622158789506e+05  -3.468721205934410e+05  -2.584610336897705e+05  6.560490976627814e-02  7.735623084994502e-02  8.260207995330944e-02
  3.800000000000002e+00  -2.395444223872257e+05  -5.096067261697260e+05  -1.277445489662326e+05  -3.049994018586303e+05  -4.139194773797423e+05  -3.236369359961501e+05  7.390238336642144e-02  9.250586308459982e-02  9.768573474281625e-02
  3.900000000000002e+00  -2.213073110136423e+05  -5.550069023557022e+05  -1.275401835225881e+05  -3.453118265737861e+05  -4.957359695064759e+05  -4.072290966523318e+05  7.590316154921768e-02  1.047595258094339e-01  1.061181891815643e-01
  4.000000000000002e+00  -2.548199420490423e+05  -5.872699419254275e+05  -8.889198527897646e+04  -4.134920994350098e+05  -5.616022011426260e+05  -5.317866831119884e+05  9.067938558901520e-02  1.151526593431823e-01  1.171005954307771e-01
  4.100000000000001e+00  -3.436985564390903e+05  -5.693300358682212e+05  -5.491354475465825e+04  -4.941047253190754e+05  -5.912092641978425e+05  -6.865556050624248e+05  1.212285561640396e-01  1.178892573750560e-01  1.365870288258161e-01
  4.200000000000001e+00  -4.952068027778018e+05  -5.290653181347948e+05  -1.488877420619449e+05  -5.527054263113707e+05  -5.761152924474146e+05  -8.359617695874629e+05  1.602315360942469e-01  1.148436199791975e-01  1.636337658763754e-01
  4.300000000000001e+00  -6.424006509842469e+05  -5.205991847623687e+05  -2.465889857383496e+05  -5.879764083113400e+05  -5.171794197689705e+05  -9.316668212504775e+05  1.917978591382306e-01  1.168323524368807e-01  1.820389115607761e-01
  4.400000000000000e+00  -5.949583941544759e+05  -5.319233020251766e+05  -9.991571036593190e+04  -6.214116978123892e+05  -4.601897429819402e+05  -9.349943172968017e+05  1.924650607870662e-01  1.299307002205813e-01  1.833952377550034e-01
  4.500000000000000e+00  -3.953831612978037e+05  -5.447544912653835e+05  2.575300139707409e+05  -6.868188382961255e+05  -4.665017979265049e+05  -8.871314317229774e+05  1.787823102349388e-01  1.488545892714341e-01  1.829269240971187e-01
  4.600000000000000e+00  -2.716648941809516e+05  -5.080160500900936e+05  5.792078874245404e+05  -7.850011526979450e+05  -5.578552717304381e+05  -8.550726725967970e+05  1.857233675299385e-01  1.562226756484829e-01  1.949526149718364e-01
  4.699999999999999e+00  -1.472261905140096e+05  -3.052192270501095e+05  8.535368614947229e+05  -8.533582083679449e+05  -6.223848118638031e+05  -7.855393984920355e+05  1.968641792056927e-01  1.411697377838582e-01  1.888255574644317e-01
  4.799999999999999e+00  -1.955818831801657e+04  -6.784669088792549e+04  9.563150233266519e+05  -8.739440443232390e+05  -6.169117506626485e+05  -6.593185443443888e+05  1.986165438735773e-01  1.246085215676747e-01  1.642481936828769e-01
  4.899999999999999e+00  1.359913321832248e+05  1.331025738131294e+05  9.748677889240650e+05  -8.175735540561575e+05  -5.655459972430979e+05  -5.577744923142639e+05  1.786369010616698e-01  1.100138386803496e-01  1.327767248334578e-01
  4.999999999999998e+00  3.461831568644010e+05  3.000126618044340e+05  1.033017186701887e+06  -6.883791476130737e+05  -4.980097055193886e+05  -5.181215342245704e+05  1.331616331629641e-01  9.352845919663934e-02  9.159313176106003e-02
  5.099999999999998e+00  5.497435968521606e+05  3.547047497946805e+05  1.026137138346821e+06  -5.772221306045406e+05  -3.963828641230825e+05  -4.932419198311169e+05  8.510763827326968e-02  8.884505175521969e-02  4.855179514055082e-02
  5.199999999999998e+00  7.047017814712438e+05  3.013473916201167e+05  9.208045358668950e+05  -5.491338291888369e+05  -2.804617052527340e+05  -4.295051486871845e+05  5.493788736032935e-02  9.632996718651797e-02  9.865899853968246e-03
  5.299999999999997e+00  7.504560338797792e+05  2.248739027604862e+05  8.385939300777122e+05  -5.642074053111391e+05  -1.965193771639984e+05  -3.149934774389989e+05  4.922359607826682e-02  9.682425864295947e-02  -3.454830448554606e-02
  5.399999999999997e+00  6.413773385317368e+05  1.534205910139929e+05  8.139879593789177e+05  -5.552753678149517e+05  -1.132064789352485e+05  -1.855579881904748e+05  6.435879045346987e-02  8.429869841880543e-02  -8.792431962955233e-02
  5.499999999999996e+00  4.827956334895113e+05  1.116174581762554e+05  7.739625554246232e+05  -5.010144646480692e+05  -2.442733991633859e+04  -9.513618815047626e+04  7.854240992473002e-02  6.261570250120158e-02  -1.316581743498766e-01
  5.599999999999996e+00  4.291061764333246e+05  1.730526382958206e+05  6.499339947433894e+05  -4.178876506677906e+05  3.264002316212777e+04  -8.008398187074759e+04  7.301638222852022e-02  2.849101796421123e-02  -1.521416618017066e-01
  5.699999999999996e+00  4.990059272313382e+05  2.741834994316260e+05  4.498665022285296e+05  -3.440248909620155e+05  7.624410773003456e+04  -9.742305027009931e+04  5.235594257507469e-02  -4.060605501235563e-03  -1.573975445351054e-01
  5.799999999999995e+00  5.574889267548514e+05  2.913395494570779e+05  2.370683654150745e+05  -3.114058713554365e+05  1.224062393462395e+05  -8.621635977143382e+04  3.618070804510477e-02  -2.104293229469431e-02  -1.587494665791652e-01
  5.899999999999995e+00  5.470487761957668e+05  2.766860423498777e+05  1.293359060020263e+05  -3.115872718500710e+05  1.737353283315455e+05  -2.468827410788229e+04  3.087912444374212e-02  -3.422135168530168e-02  -1.750090672321219e-01
  5.999999999999995e+00  4.802898052980247e+05  2.669695611595117e+05  9.026087580589399e+04  -3.365326654104132e+05  2.056517749637958e+05  5.399381293298250e+04  3.520872417884478e-02  -5.066666955081232e-02  -1.965208553203341e-01
  6.099999999999994e+00  4.099756870319974e+05  2.451750216740505e+05  4.661391589340137e+04  -3.826768543516708e+05  1.748344977578539e+05  1.130387811700758e+05  4.491714799867179e-02  -6.414861199882513e-02  -2.015174244946456e-01
  6.199999999999994e+00  3.624705859948893e+05  2.247547177224007e+05  6.563605830309501e+03  -4.341824659759092e+05  8.469430072514246e+04  1.334070132729371e+05  5.385720659779464e-02  -7.306446252642648e-02  -1.874735481307099e-01
  6.299999999999994e+00  3.081896615245281e+05  2.089887939487470e+05  -1.094056163980339e+04  -4.739966546634563e+05  -2.093988651023755e+03  1.089142112009563e+05  5.888373011720952e-02  -7.802458190098363e-02  -1.659061792990346e-01
  6.399999999999993e+00  2.418351529569861e+05  1.930335574981191e+05  -6.494235108927284e+04  -4.915668957969982e+05  -3.669221674416286e+04  5.990118420694291e+04  5.637989149835382e-02  -8.348630224078962e-02  -1.434607873665410e-01
  6.499999999999993e+00  2.284041845255346e+05  1.905060974914259e+05  -2.268597822084021e+05  -4.723583730284474e+05  -2.777700537124505e+04  3.529145886828804e+04  3.857247758628776e-02  -9.723128555014446e-02  -1.161819615741019e-01
  6.599999999999993e+00  2.588580237337214e+05  1.888491656483822e+05  -4.446232195937629e+05  -4.302611457312887e+05  -2.343578717314158e+04  5.368283207631810e+04  1.198699908943828e-02  -1.152283547045580e-01  -8.661455856532399e-02
  6.699999999999992e+00  2.586827714059333e+05  1.626136693972074e+05  -5.529955333330076e+05  -4.002014409281730e+05  -4.360357052073744e+04  8.778928581967764e+04  -8.115570525150816e-03  -1.249928220105501e-01  -7.118290608545659e-02
  6.799999999999992e+00  2.125376194744584e+05  5.636113189588518e+04  -4.831935898580675e+05  -3.899705372144650e+05  -6.714636795927545e+04  1.151352863386976e+05  -2.004254467686608e-02  -1.165431506566120e-01  -7.167849708586389e-02
  6.899999999999991e+00  1.789862162381443e+05  -1.401319747270852e+05  -3.017136332056245e+05  -3.749838996953174e+05  -9.567636013777871e+04  1.515841668741936e+05  -3.588353591712124e-02  -9.276368178319212e-02  -7.328350436056567e-02
  6.999999999999991e+00  2.043090286203175e+05  -3.242494806082151e+05  -9.943111166329472e+04  -3.322141756771816e+05  -1.517187168604440e+05  2.014141030045014e+05  -5.969937986966451e-02  -6.842776875750654e-02  -6.462018142746868e-02
  7.099999999999991e+00  2.350413094629288e+05  -4.101173265802907e+05  2.823614188260121e+04  -2.633018704057076e+05  -2.238498575603251e+05  2.156344966114763e+05  -7.977982422569466e-02  -5.538788145330562e-02  -4.325373230486886e-02
  7.199999999999990e+00  2.280471384135995e+05  -3.808533453954866e+05  8.311122401387278e+04  -1.754768947108111e+05  -2.796247589597242e+05  1.514185262989527e+05  -9.475966774507634e-02  -5.676051426450528e-02  -1.978735223996413e-02
  7.299999999999990e+00  1.867442722623374e+05  -2.843361844394020e+05  1.044774202562895e+05  -7.374135288011818e+04  -3.007885747070342e+05  1.896712446623312e+04  -1.133024258245797e-01  -6.734341363119366e-02  -6.554612945981869e-03
  7.399999999999990e+00  1.261761152346193e+05  -1.951410377242072e+05  7.070927085493895e+04  2.197947221910160e+04  -2.832937925749148e+05  -1.379096133426303e+05  -1.315998445009690e-01  -7.627517515112883e-02  -5.827909979112980e-03
  7.499999999999989e+00  1.032737426701697e+05  -1.507611843643541e+05  -1.166688373661226e+04  7.020330897866757e+04  -2.593816585650691e+05  -2.670246005142900e+05  -1.408083748771010e-01  -7.537292570651082e-02  -8.564678080855356e-03
  7.599999999999989e+00  1.527308079330169e+05  -1.446875699989193e+05  -8.312031806311858e+04  5.591615570855259e+04  -2.702805890167116e+05  -3.376435100593542e+05  -1.400769037899835e-01  -6.686323274707544e-02  -3.845443132829275e-03
  7.699999999999989e+00  2.207861504644697e+05  -1.666305200628778e+05  -1.050829226163319e+05  8.366821368796413e+03  -3.099955844469191e+05  -3.567814855699080e+05  -1.327313838295904e-01  -5.606845421987580e-02  1.018189248438368e-02
  7.799999999999988e+00  2.333797696665190e+05  -2.144137470721572e+05  -8.380991310906110e+04  -4.762557400286420e+04  -3.542841466128752e+05  -3.521195638340149e+05  -1.203468422757559e-01  -4.307254901573033e-02  2.834666785206892e-02
  7.899999999999988e+00  1.813937307324804e+05  -2.744712159773023e+05  -5.907982974918756e+04  -1.116225021300195e+05  -3.965186985741193e+05  -3.562071284631347e+05  -1.037411447113008e-01  -2.726855397601574e-02  4.483522610448449e-02
  7.999999999999988e+00  1.072108646931732e+05  -3.206812238072039e+05  -5.690657766975620e+04  -1.828125874998131e+05  -4.315010063996587e+05  -3.814408388522495e+05  -8.474391102601986e-02  -1.301100526090104e-02  5.705329089879728e-02
  8.099999999999987e+00  4.760882985236745e+04  -3.378641431265937e+05  -5.760419770883065e+04  -2.489759672155232e+05  -4.529147540580569e+05  -4.100298124593637e+05  -6.640061062806571e-02  -4.600161076379736e-03  6.518922721035182e-02
  8.199999999999987e+00  8.180483922931456e+03  -3.471110896905339e+05  -3.671332549344023e+04  -3.007889812167305e+05  -4.705650999800820e+05  -4.247711883020825e+05  -5.144210204533912e-02  5.478008549921801e-04  7.101637899813146e-02
  8.299999999999986e+00  -3.056330166484593e+04  -3.798887435470875e+05  -6.729270880071838e+03  -3.382703109255144e+05  -4.917494008811954e+05  -4.350700623726942e+05  -3.895189051212531e-02  6.835272970741888e-03  7.730092744463339e-02
  8.399999999999986e+00  -8.533282969230862e+04  -4.275868254995676e+05  1.227405503661387e+04  -3.654215119990587e+05  -5.054942860419631e+05  -4.617242591957506e+05  -2.560777734112302e-02  1.416288132128504e-02  8.531337633468247e-02
  8.499999999999986e+00  -1.446425839498892e+05  -4.521456744163612e+05  2.986863922005282e+04  -3.901966962675099e+05  -4.981428214162539e+05  -5.040550344232913e+05  -1.104320802811260e-02  2.063901147989915e-02  9.266320713719507e-02
  8.599999999999985e+00  -1.791309653972162e+05  -4.493033186682711e+05  6.881532213644165e+04  -4.200231061185838e+05  -4.671972414156069e+05  -5.381762757949918e+05  1.026157016574834e-03  2.687656558846174e-02  9.451380012445040e-02
  8.699999999999985e+00  -1.735201920543253e+05  -4.536793601399784e+05  1.343527008589053e+05  -4.508209984568614e+05  -4.269238877019966e+05  -5.436735308390533e+05  8.216677480893711e-03  3.387449296752058e-02  9.050554976825785e-02
  8.799999999999985e+00  -1.377897449269128e+05  -4.712731864602499e+05  2.082677005667777e+05  -4.699953257051184e+05  -3.966217965744084e+05  -5.202156315361257e+05  1.239454652444928e-02  4.041602948091452e-02  8.620244260102064e-02
  8.899999999999984e+00  -8.689560664069251e+04  -4.608734593471240e+05  2.739906845424158e+05  -4.710199497891392e+05  -3.740005494230303e+05  -4.838162564079585e+05  1.552275047021449e-02  4.430188630742081e-02  8.431585403060458e-02
  8.999999999999984e+00  -3.000508868622682e+04  -4.009270362650513e+05  3.301586341253004e+05  -4.617171427539908e+05  -3.451960309894806e+05  -4.534149933860161e+05  1.703363162776044e-02  4.587236176409887e-02  8.104380995490287e-02
  9.099999999999984e+00  2.221283627502320e+04  -3.266256447291635e+05  3.689211832691858e+05  -4.539064901366928e+05  -3.115040501352538e+05  -4.345664020350353e+05  1.652894571229426e-02  4.796657079484466e-02  7.386044218674152e-02
  9.199999999999983e+00  6.607885653385069e+04  -2.757025866222231e+05  3.818798107327051e+05  -4.472932421105158e+05  -2.780085614719990e+05  -4.145869112877153e+05  1.458742605518897e-02  5.078386192915476e-02  6.519542269413744e-02
  9.299999999999983e+00  1.061660606505418e+05  -2.424520854357674e+05  3.759420261898339e+05  -4.335193556220524e+05  -2.440635866655047e+05  -3.858708149250926e+05  1.159608288958125e-02  5.108396293877703e-02  5.787585984186303e-02
  9.399999999999983e+00  1.440792879818749e+05  -2.003870371721411e+05  3.605754734609940e+05  -4.116027335982142e+05  -2.175824591309499e+05  -3.629907939971946e+05  7.538599186390119e-03  4.730870387727689e-02  5.218466022280593e-02
  9.499999999999982e+00  1.760536249050763e+05  -1.411436442126169e+05  3.402085872135309e+05  -3.908683469810861e+05  -2.114318135448500e+05  -3.610254933087868e+05  2.656381616229107e-03  4.159296090914030e-02  4.640370030393461e-02
  9.599999999999982e+00  1.949118471484277e+05  -8.108721374769066e+04  3.235815396270289e+05  -3.813708556440808e+05  -2.199644495071504e+05  -3.722912195674634e+05  -1.094110433988485e-03  3.609065454033532e-02  3.863572942413821e-02
  9.699999999999982e+00  1.908922394640182e+05  -3.998421104388099e+04  3.217235042209289e+05  -3.853820411313374e+05  -2.226769255358929e+05  -3.805397836271783e+05  -4.033518719087134e-04  3.102522485549393e-02  2.941784991137659e-02
  9.799999999999981e+00  1.645639700608414e+05  -1.699504493722629e+04  3.315449733483214e+05  -3.955648695427284e+05  -2.129149608000618e+05  -3.807726638156098e+05  4.858048165761914e-03  2.606855049525096e-02  2.112706333044573e-02
  9.899999999999981e+00  1.290966123537634e+05  1.080326622102321e+03  3.362387345643115e+05  -4.009308719034535e+05  -2.014814089094269e+05  -3.751288192142823e+05  1.035986740964760e-02  2.063368647756102e-02  1.322865905739946e-02
  9.999999999999980e+00  9.217746995070750e+04  1.343703655178212e+04  3.298474034448986e+05  -3.979458577172291e+05  -1.966722986315460e+05  -3.639249906044380e+05  1.290888151496337e-02  1.476467975526903e-02  2.173458586543865e-03
  1.009999999999998e+01  5.694995483715255e+04  1.027903487270274e+04  3.231554736685890e+05  -3.943410366802660e+05  -1.974493794054205e+05  -3.456663423894480e+05  1.308831051811343e-02  1.097619166904681e-02  -1.207578757536301e-02
  1.019999999999998e+01  3.542155274709007e+04  -4.749652816953685e+03  3.204412895499831e+05  -4.001679928094601e+05  -2.011601728128500e+05  -3.205620362470187e+05  1.236970270160817e-02  1.200891979792600e-02  -2.464245428254961e-02
  1.029999999999998e+01  3.762428580394664e+04  -2.232703811677948e+04  3.057306933219720e+05  -4.161456153531220e+05  -2.078406800553834e+05  -2.924928467308737e+05  1.087945077975819e-02  1.677989244672270e-02  -3.151833817222417e-02
  1.039999999999998e+01  5.386238062675977e+04  -4.180525621088671e+04  2.711557555337268e+05  -4.313850986503771e+05  -2.142054130263552e+05  -2.678482553867566e+05  8.466795960426167e-03  2.016258024902974e-02  -3.372349837837892e-02
  1.049999999999998e+01  6.256857378215662e+04  -6.319437590003703e+04  2.313353752144537e+05  -4.329708787834333e+05  -2.099451823263667e+05  -2.526939486062542e+05  5.837696695738740e-03  1.730585317306134e-02  -3.506845621711226e-02
  1.059999999999998e+01  5.399079859647659e+04  -8.163494542871504e+04  1.962478780882078e+05  -4.187578974326383e+05  -1.892297092808560e+05  -2.483474327788934e+05  3.829100496415154e-03  8.447718847463781e-03  -3.810561566218087e-02
  1.069999999999998e+01  3.786998734270945e+04  -9.501120758658153e+04  1.628313628749984e+05  -3.994838291997684e+05  -1.636579227213691e+05  -2.488144069754793e+05  3.179193655819947e-03  -1.636970274161976e-03  -4.286189442252612e-02
  1.079999999999998e+01  3.101270365907810e+04  -1.045224931549670e+05  1.290428452443439e+05  -3.875077949971848e+05  -1.557867575252410e+05  -2.475214554327140e+05  4.131223215209011e-03  -8.777511767944541e-03  -4.633557385977145e-02
  1.089999999999998e+01  4.024655899452393e+04  -1.070815628737662e+05  9.954020418414682e+04  -3.855356000033374e+05  -1.753152654975182e+05  -2.458218869498050e+05  5.459765493136065e-03  -1.270210479591677e-02  -4.476332116233166e-02
  1.099999999999998e+01  5.707901689468922e+04  -9.939910781512197e+04  8.005452249794593e+04  -3.856865393678404e+05  -2.055849986287651e+05  -2.495938518366287e+05  5.122485152217099e-03  -1.601683474837698e-02  -3.814075058395745e-02
  1.109999999999998e+01  6.889977248511008e+04  -9.013024736441689e+04  7.306457915966747e+04  -3.808149895917879e+05  -2.233388427109683e+05  -2.574555694282078e+05  2.451343231937122e-03  -2.013520665524855e-02  -3.059328982338646e-02
  1.119999999999998e+01  7.151125896772181e+04  -9.403696250488547e+04  7.689205025702652e+04  -3.728343962487272e+05  -2.258649170363114e+05  -2.596369000892765e+05  -7.540422735668260e-04  -2.353159818543778e-02  -2.563357975687378e-02
  1.129999999999998e+01  7.333889826666399e+04  -1.111963981779621e+05  8.485551727420035e+04  -3.663702457677643e+05  -2.292340202976576e+05  -2.511632384303312e+05  -2.278754970789967e-03  -2.456359062173376e-02  -2.283264325301793e-02
  1.139999999999998e+01  8.806111754141477e+04  -1.265545997910364e+05  8.791132929643067e+04  -3.623273633892373e+05  -2.471004183534747e+05  -2.400110532195473e+05  -2.150469045610632e-03  -2.324030360161744e-02  -1.957370013604834e-02
  1.149999999999998e+01  1.180402087454607e+05  -1.338053107569815e+05  8.214852076340526e+04  -3.602284238754420e+05  -2.759263340251925e+05  -2.386233977252235e+05  -2.100971928039164e-03  -2.014148780671757e-02  -1.477944094185239e-02
  1.159999999999997e+01  1.486600377677040e+05  -1.443080930641959e+05  7.385936455911207e+04  -3.604050796712344e+05  -2.997305747698677e+05  -2.493746812627797e+05  -3.171898885326623e-03  -1.592601465781402e-02  -1.007477623724113e-02
  1.169999999999997e+01  1.633715665140296e+05  -1.658683035270483e+05  6.910334101764733e+04  -3.626788215195202e+05  -3.082778710187440e+05  -2.637213420786147e+05  -4.758734823518925e-03  -1.212080666849433e-02  -6.780381262899677e-03
  1.179999999999997e+01  1.605305203293564e+05  -1.881081642078892e+05  6.708044613833632e+04  -3.660714064551124e+05  -3.071872648640180e+05  -2.738571752862440e+05  -5.745598930405150e-03  -1.052298294388158e-02  -3.859839069275684e-03
  1.189999999999997e+01  1.502917879572408e+05  -1.982529711451760e+05  7.146616683091781e+04  -3.704594824954261e+05  -3.087430543378437e+05  -2.794727478779143e+05  -5.822628097129657e-03  -1.122747589266610e-02  5.075618865814753e-05
  1.199999999999997e+01  1.383430864232724e+05  -1.997418453947335e+05  9.009940944857401e+04  -3.777272205136385e+05  -3.167969669469168e+05  -2.849966385254917e+05  -5.363321701213605e-03  -1.203142184820006e-02  4.650114862495508e-03
  1.209999999999997e+01  1.206705618418998e+05  -2.047470048597106e+05  1.194138537305940e+05  -3.895828384530285e+05  -3.235497283398514e+05  -2.934780087656853e+05  -4.164568745557488e-03  -1.053035136602002e-02  8.329191621991279e-03
  1.219999999999997e+01  9.468681840432204e+04  -2.162137809896025e+05  1.415507723072336e+05  -4.043292540941776e+05  -3.206472942899165e+05  -3.031590447420746e+05  -1.269308070067685e-03  -6.722283472505452e-03  9.976407655815929e-03
  1.229999999999997e+01  6.995090895143599e+04  -2.263351468973937e+05  1.459767691098582e+05  -4.176864472702589e+05  -3.083076241720612e+05  -3.079512284929953e+05  3.103981952632002e-03  -3.019760286019168e-03  9.955921720163737e-03
  1.239999999999997e+01  6.095538158552089e+04  -2.271148498832796e+05  1.478792355530238e+05  -4.266902420216473e+05  -2.912521503739682e+05  -3.019984265064474e+05  6.683144831597362e-03  -1.813697924644182e-03  8.722799210092811e-03
  1.249999999999997e+01  6.975251254900180e+04  -2.178849531529219e+05  1.662403089444434e+05  -4.305852299257645e+05  -2.709046246286020e+05  -2.855238182744924e+05  6.948282711888236e-03  -3.435186040951449e-03  5.762472663558563e-03
  1.259999999999997e+01  8.178743099804127e+04  -2.042657297613202e+05  1.947212782178235e+05  -4.288855755348341e+05  -2.461093911996864e+05  -2.654448522515504e+05  3.843559253089276e-03  -6.292730770833035e-03  4.327486967592055e-04
  1.269999999999997e+01  8.126223500483531e+04  -1.914331184563272e+05  2.114199076783528e+05  -4.203198873336026e+05  -2.192381127728428e+05  -2.501289527778217e+05  3.197923683554887e-05  -8.510213679147352e-03  -6.479540787593320e-03
  1.279999999999997e+01  6.681844228128040e+04  -1.795056981559470e+05  2.084818021562221e+05  -4.048518896904860e+05  -1.979594962432207e+05  -2.438064903190605e+05  -1.886001454394405e-03  -9.202716754898895e-03  -1.285231902064358e-02
  1.289999999999997e+01  4.768311338800554e+04  -1.668379559710314e+05  1.941095368600966e+05  -3.860100389260945e+05  -1.896074548514478e+05  -2.463771241546003e+05  -1.412195998184296e-03  -8.638846870707914e-03  -1.675083518035984e-02
  1.299999999999997e+01  3.236320163060341e+04  -1.545802735264015e+05  1.735310753167099e+05  -3.702185708830766e+05  -1.936990741075361e+05  -2.551293691145037e+05  2.994607520496791e-04  -7.315765452201393e-03  -1.767542269632923e-02
  1.309999999999997e+01  2.468169825945308e+04  -1.452196342697516e+05  1.441043420549079e+05  -3.634915063744896e+05  -2.024105113005943e+05  -2.670189644458212e+05  1.954489745256595e-03  -5.171594091068411e-03  -1.574736594191301e-02
  1.319999999999997e+01  2.431826474446993e+04  -1.392757107198689e+05  1.085885152694813e+05  -3.674532738553153e+05  -2.079169432057922e+05  -2.800268097445237e+05  2.797745258738528e-03  -2.275208848410461e-03  -1.087301144337987e-02
  1.329999999999997e+01  2.574576180099716e+04  -1.366046148110844e+05  8.250607971448703e+04  -3.782961558313249e+05  -2.100929837737621e+05  -2.914736885360439e+05  2.578048971948439e-03  4.163653871287498e-04  -3.856095847503975e-03
  1.339999999999997e+01  2.018018272176298e+04  -1.390130956765996e+05  7.786869883891218e+04  -3.886370633253352e+05  -2.164793657975178e+05  -2.976484853668280e+05  1.641631721233399e-03  1.464784847537640e-03  3.626276181083978e-03
  1.349999999999997e+01  4.905958981492626e+03  -1.483350505261060e+05  9.203645708824991e+04  -3.924087013130809e+05  -2.331459496787595e+05  -2.953541806114179e+05  9.083678277387150e-04  6.821030895506182e-04  9.794319055652137e-03
  1.359999999999997e+01  -1.138680338815756e+04  -1.631848831246395e+05  1.135291700032553e+05  -3.895857564400222e+05  -2.575330337334517e+05  -2.850413681694257e+05  1.047887749583835e-03  1.550580646279823e-04  1.395393731287550e-02
  1.369999999999997e+01  -1.603562967406947e+04  -1.788696368498336e+05  1.335197491482040e+05  -3.850794010757435e+05  -2.795994886408370e+05  -2.724068305331644e+05  1.673951031939813e-03  2.422713772950297e-03  1.685394802448687e-02
  1.379999999999997e+01  -4.238165191790737e+03  -1.899139402261706e+05  1.508981187997924e+05  -3.835203913215775e+05  -2.903443715074304e+05  -2.649447071524549e+05  1.899670100661028e-03  7.764738395058972e-03  1.927140593644010e-02
  1.389999999999997e+01  1.776093716720955e+04  -1.927877030665046e+05  1.648999571951094e+05  -3.852195716405601e+05  -2.889390901326755e+05  -2.668590950874402e+05  1.500128941590758e-03  1.339244564257666e-02  2.117362457521417e-02
  1.399999999999997e+01  3.918240335845781e+04  -1.871321058583982e+05  1.726584086516967e+05  -3.871860235905173e+05  -2.817840916274170e+05  -2.770084148128017e+05  1.118656614012321e-03  1.571100266767768e-02  2.163574512290834e-02
  1.409999999999997e+01  5.288987556585608e+04  -1.745343107771520e+05  1.734995755345659e+05  -3.869130249945402e+05  -2.761446128873152e+05  -2.903258205762257e+05  1.327097979775788e-03  1.321423290877580e-02  1.986812250671300e-02
  1.419999999999997e+01  5.862065509480513e+04  -1.568750833393197e+05  1.705573682618419e+05  -3.846702001196660e+05  -2.751685710541493e+05  -3.009688663624977e+05  1.646706346797380e-03  7.379135530002647e-03  1.642169342164022e-02
  1.429999999999997e+01  5.978364856630774e+04  -1.360830186613557e+05  1.681442516308136e+05  -3.828748937334644e+05  -2.782835745071237e+05  -3.062015530828117e+05  1.042219880859813e-03  1.418002262186644e-03  1.291647109971831e-02
  1.439999999999996e+01  5.919605908217326e+04  -1.152898108807556e+05  1.673700995355821e+05  -3.833504158038273e+05  -2.824356749938365e+05  -3.076819818897932e+05  -6.910231954970115e-04  -2.027709517591172e-03  1.061727642570471e-02
  1.449999999999996e+01  5.891740459220996e+04  -9.973940654104254e+04  1.669203976958488e+05  -3.853085605588456e+05  -2.825969038502989e+05  -3.090687966562612e+05  -2.470991577611100e-03  -2.261538305301781e-03  9.415834316287397e-03
  1.459999999999996e+01  6.170663027569831e+04  -9.446982624518851e+04  1.701450511971205e+05  -3.862012690556340e+05  -2.744110069696620e+05  -3.122414645670976e+05  -2.757605935151515e-03  -4.528948240099841e-04  8.183820638635105e-03
  1.469999999999996e+01  6.975157669295225e+04  -1.006908267314727e+05  1.827821126854849e+05  -3.843533485988282e+05  -2.586089346661942e+05  -3.148086483765290e+05  -1.125192395152729e-03  1.379702645886038e-03  6.028159620128300e-03
  1.479999999999996e+01  8.111432422190112e+04  -1.132812584171540e+05  2.035959226421851e+05  -3.802784045479726e+05  -2.428720269258463e+05  -3.121488782281007e+05  1.248188380198386e-03  1.605219397007305e-03  3.082306585931748e-03
  1.489999999999996e+01  8.881336669556986e+04  -1.233347694130199e+05  2.231197537481963e+05  -3.757358038205397e+05  -2.366199853940466e+05  -3.021160707189090e+05  2.818083158879462e-03  -1.071011588190412e-04  3.645833765891364e-05
  1.499999999999996e+01  8.618273634215265e+04  -1.244876081562244e+05  2.311214328219446e+05  -3.721489151553084e+05  -2.425234018474491e+05  -2.875043668408127e+05  2.941013702887292e-03  -2.494974529959007e-03  -2.783655167566785e-03
  1.509999999999996e+01  7.402275821865597e+04  -1.163004327646017e+05  2.255465118468456e+05  -3.698637281660033e+05  -2.533559019356002e+05  -2.739161155934323e+05  1.901141128996118e-03  -3.638239104108068e-03  -5.544153183905825e-03
  1.519999999999996e+01  6.116618056597800e+04  -1.036656285912259e+05  2.122527614376354e+05  -3.690644701978397e+05  -2.574765683810574e+05  -2.649289632226562e+05  2.050244033147045e-04  -2.496202608106030e-03  -8.592651203391985e-03
  1.529999999999996e+01  5.727412749866475e+04  -9.403896856917268e+04  1.951789694296155e+05  -3.697787600490805e+05  -2.484845442086367e+05  -2.603234569490354e+05  -1.740980123155518e-03  1.861123210674244e-04  -1.189324624137326e-02
  1.539999999999996e+01  6.560358169662920e+04  -9.395742624340579e+04  1.737183750819928e+05  -3.707722146069136e+05  -2.309598661908919e+05  -2.581839799076102e+05  -3.487136453848532e-03  2.515711825986317e-03  -1.478052908320409e-02
  1.549999999999996e+01  8.100264486116488e+04  -1.058426054595017e+05  1.489467527059459e+05  -3.698667565463738e+05  -2.165469129266072e+05  -2.573163866894515e+05  -4.466797657928395e-03  3.179002561374102e-03  -1.656283779398871e-02
  1.559999999999996e+01  9.470374210140917e+04  -1.255540063187212e+05  1.272990449621991e+05  -3.657852991891815e+05  -2.137969187952226e+05  -2.578573854665823e+05  -4.352356268339202e-03  2.370965107520838e-03  -1.680226836697686e-02
  1.569999999999996e+01  1.000327506085811e+05  -1.443575795256976e+05  1.172124671201763e+05  -3.601995813804889e+05  -2.222208494361256e+05  -2.605074486821925e+05  -3.377537967980353e-03  1.341847499834670e-03  -1.537722474315048e-02
  1.579999999999996e+01  9.444964025569751e+04  -1.554121383409355e+05  1.210057240121750e+05  -3.570907132274940e+05  -2.349297920963415e+05  -2.656607755648361e+05  -2.116639530996063e-03  1.146080540776433e-03  -1.262965808575528e-02
  1.589999999999996e+01  7.907878830704160e+04  -1.588302270628528e+05  1.336038322388790e+05  -3.595268373768231e+05  -2.461270289358850e+05  -2.731853579112428e+05  -1.087174640413873e-03  1.771243011256531e-03  -9.337774868139082e-03
  1.599999999999996e+01  5.757523842764251e+04  -1.609800857140421e+05  1.468181916557663e+05  -3.672190298061296e+05  -2.547878067237466e+05  -2.824338534374817e+05  -7.164692078590734e-04  2.379212680442104e-03  -6.519772916582975e-03
  1.609999999999996e+01  3.601636564504143e+04  -1.675608664280944e+05  1.539813829930887e+05  -3.767092516470764e+05  -2.618316935361915e+05  -2.919472209704826e+05  -1.184595667295263e-03  2.139650703142231e-03  -4.887360119628939e-03
  1.619999999999996e+01  2.144656117532096e+04  -1.777382727326292e+05  1.524905421508978e+05  -3.834748207720409e+05  -2.668347749672965e+05  -3.001191514102225e+05  -2.180911548481876e-03  9.136127434807188e-04  -4.218149266541158e-03
  1.629999999999996e+01  1.901354052884752e+04  -1.853398844875442e+05  1.440031526910943e+05  -3.845568356592373e+05  -2.682161025036406e+05  -3.056933679047640e+05  -3.049590843834527e-03  -7.299143609541228e-04  -3.551861064882437e-03
  1.639999999999996e+01  2.924382578810414e+04  -1.855681065917063e+05  1.338159098286000e+05  -3.802551025604079e+05  -2.658361170540023e+05  -3.078222732833578e+05  -3.219581461449666e-03  -1.976566486559039e-03  -2.117113622412560e-03
  1.649999999999996e+01  4.763948738342177e+04  -1.803275456898034e+05  1.276038707877630e+05  -3.738436891670605e+05  -2.615769856902297e+05  -3.062278372272216e+05  -2.788240310707587e-03  -2.294947616897293e-03  -1.021661133022896e-04
  1.659999999999997e+01  6.722024910157632e+04  -1.764357838518697e+05  1.289692687926477e+05  -3.701035185442345e+05  -2.579572507868109e+05  -3.011121378532816e+05  -2.355518839427597e-03  -1.588473678573215e-03  1.288927167827199e-03
  1.669999999999997e+01  8.109521043838254e+04  -1.803641301606585e+05  1.374883772475065e+05  -3.722944492880019e+05  -2.565040281550877e+05  -2.940841423487529e+05  -2.289683134796263e-03  -1.968441735792211e-04  9.353182669517104e-04
  1.679999999999997e+01  8.507075025150609e+04  -1.925634496229269e+05  1.499316139312015e+05  -3.796725507732471e+05  -2.572581813047586e+05  -2.882238966690933e+05  -2.500395619001085e-03  1.034226635515068e-03  -1.156191676828061e-03
  1.689999999999997e+01  7.919480319965431e+04  -2.058991533032861e+05  1.632891881524541e+05  -3.882175119530614e+05  -2.597231474230054e+05  -2.862808867760851e+05  -2.653959944597346e-03  1.248573468556558e-03  -3.871334769898818e-03
  1.699999999999997e+01  6.788766861766942e+04  -2.106043519150478e+05  1.740007074664264e+05  -3.933648030613145e+05  -2.627336495265831e+05  -2.887818508145301e+05  -2.671366321312041e-03  2.717540072842420e-04  -5.728378816774066e-03
  1.709999999999997e+01  5.800417917791510e+04  -2.009391203129079e+05  1.792006483309847e+05  -3.932259826415136e+05  -2.647830156128882e+05  -2.938083266605971e+05  -2.664867734094128e-03  -1.191393255538100e-03  -5.948010829670837e-03
  1.719999999999997e+01  5.522030854737457e+04  -1.804994603514986e+05  1.762991304204429e+05  -3.889495877929188e+05  -2.642536706086746e+05  -2.992377268587994e+05  -2.698109205242552e-03  -2.131928959823118e-03  -4.620726183008572e-03
  1.729999999999998e+01  6.093656166189467e+04  -1.599516032760214e+05  1.665532754016850e+05  -3.835258281924438e+05  -2.611547169092912e+05  -3.046108417773746e+05  -2.499308705605527e-03  -1.843232669047725e-03  -2.454278130583904e-03
  1.739999999999998e+01  7.227775584413786e+04  -1.502935288584901e+05  1.545537079627657e+05  -3.796100991061604e+05  -2.573775816352467e+05  -3.105917070529173e+05  -1.737205006023497e-03  -1.814465776338934e-04  -2.060458467784716e-04
  1.749999999999998e+01  8.478543081384461e+04  -1.550680407879920e+05  1.457177847915300e+05  -3.783891977731035e+05  -2.557164279973589e+05  -3.165042057572121e+05  -3.302781734817420e-04  2.349667607247731e-03  1.502844260285378e-03
  1.759999999999998e+01  9.494414026882267e+04  -1.686252364798790e+05  1.432657750801150e+05  -3.795402426801333e+05  -2.579377844820127e+05  -3.193877874627091e+05  1.498712747207612e-03  4.851899564821720e-03  2.245031855796360e-03
  1.769999999999998e+01  1.003754010387185e+05  -1.809905460546327e+05  1.455191004004447e+05  -3.817167235951431e+05  -2.627478808075275e+05  -3.159034313397806e+05  3.337126663024098e-03  6.388821450667396e-03  2.068495241410439e-03
  1.779999999999998e+01  9.924224340022447e+04  -1.839758828950218e+05  1.485419090603447e+05  -3.836136333745322e+05  -2.666047064709354e+05  -3.052872687948634e+05  4.790022456025559e-03  6.455422564988631e-03  1.464233465736048e-03
  1.789999999999998e+01  9.081474696794468e+04  -1.759468447640080e+05  1.493119746099279e+05  -3.847281311011747e+05  -2.663271568603233e+05  -2.905630759110363e+05  5.562103613432025e-03  5.329697967094647e-03  1.016714263417708e-03
  1.799999999999999e+01  7.700046946046634e+04  -1.611257808138717e+05  1.464731147638148e+05  -3.851256974308504e+05  -2.615342350403263e+05  -2.767600824079972e+05  5.574730740714548e-03  3.636011562260232e-03  1.045695924712577e-03
  1.809999999999999e+01  6.275732099814023e+04  -1.457909179901696e+05  1.413508249141745e+05  -3.848258555483128e+05  -2.552743743472751e+05  -2.678446835676404e+05  5.049364157386028e-03  1.844573181389571e-03  1.425589286452866e-03
  1.819999999999999e+01  5.343853025643911e+04  -1.354424991399779e+05  1.367349987890155e+05  -3.837194501392662e+05  -2.514979726803696e+05  -2.645720353556498e+05  4.377912882023510e-03  1.237082909669964e-04  1.910132252880332e-03
  1.829999999999999e+01  5.127180819826615e+04  -1.324262372613796e+05  1.348656953270782e+05  -3.818464361149041e+05  -2.516648242863655e+05  -2.647682705461800e+05  3.835936212124477e-03  -1.615608952937466e-03  2.445066827582656e-03
  1.839999999999999e+01  5.400358105194367e+04  -1.359696617385593e+05  1.365361167888579e+05  -3.799550817354138e+05  -2.539197684629982e+05  -2.654167338737025e+05  3.395188696420701e-03  -3.227672589064936e-03  3.032020812273580e-03
  1.849999999999999e+01  5.672170885153442e+04  -1.431820941423124e+05  1.401767460512212e+05  -3.794367991518382e+05  -2.550940884774609e+05  -2.646393718348016e+05  2.844538136262976e-03  -4.266072254135987e-03  3.639020598353453e-03
  1.859999999999999e+01  5.514181870800448e+04  -1.501298866413221e+05  1.435127779363506e+05  -3.812266993613020e+05  -2.532702319200851e+05  -2.627355511434994e+05  2.007480179764868e-03  -4.408180298915760e-03  4.154138911377318e-03
  1.870000000000000e+01  4.855877410154024e+04  -1.535005145010860e+05  1.459479261183154e+05  -3.852563745880537e+05  -2.491386384657411e+05  -2.615268454322357e+05  8.183855560739210e-04  -3.714670223507498e-03  4.455083444780197e-03
  1.880000000000000e+01  4.049195908089461e+04  -1.512382940864941e+05  1.484618097426778e+05  -3.903000306385600e+05  -2.449681824963844e+05  -2.627461598595791e+05  -6.297547624418452e-04  -2.793803619224131e-03  4.651461639444921e-03
  1.890000000000000e+01  3.600827850616595e+04  -1.436892074353745e+05  1.521889647198094e+05  -3.944109082368198e+05  -2.423658784232667e+05  -2.668395114897941e+05  -2.004234143266050e-03  -2.317631951319623e-03  4.904397950399062e-03
  1.900000000000000e+01  3.844356907052316e+04  -1.340679520719248e+05  1.567225311365839e+05  -3.959933155086339e+05  -2.415550388734154e+05  -2.724197316010787e+05  -2.752332056244491e-03  -2.480994300824517e-03  5.338324592464678e-03
  1.910000000000000e+01  4.723819405821907e+04  -1.270566853806426e+05  1.606447458522273e+05  -3.945318098351814e+05  -2.417375583914697e+05  -2.770704394067472e+05  -2.328410510835588e-03  -2.969974511392734e-03  5.946171151651533e-03
  1.920000000000000e+01  5.827343443428499e+04  -1.263713792170141e+05  1.630283800325349e+05  -3.908514713694347e+05  -2.423161809584100e+05  -2.791312703572243e+05  -5.811497404391720e-04  -3.201170774628436e-03  6.548363216646850e-03
  1.930000000000000e+01  6.674046069893960e+04  -1.324501959707440e+05  1.639077887625493e+05  -3.866016142175717e+05  -2.438062973973531e+05  -2.783830276485915e+05  2.064268429189203e-03  -2.844559675221074e-03  7.018682767491078e-03
  1.940000000000001e+01  6.961980033218955e+04  -1.429009025564675e+05  1.636878065657165e+05  -3.830925571038079e+05  -2.471401882244963e+05  -2.759614963906212e+05  4.758411298929834e-03  -2.042529124959235e-03  7.254563375217788e-03
  1.950000000000001e+01  6.723685162086751e+04  -1.543308135908992e+05  1.621348784725701e+05  -3.806637050111971e+05  -2.526632124406100e+05  -2.733883809948323e+05  6.652873900386955e-03  -1.273418530849477e-03  7.207217254359728e-03
  1.960000000000001e+01  6.298256818830572e+04  -1.639965024898007e+05  1.593457953633594e+05  -3.787326515165135e+05  -2.594294153114405e+05  -2.717329938648890e+05  7.247349204413020e-03  -1.039349615480581e-03  6.847776974823927e-03
  1.970000000000001e+01  6.072537197123207e+04  -1.707354170562525e+05  1.565837918335169e+05  -3.765380024335791e+05  -2.653828046019453e+05  -2.716849123247856e+05  6.511148378089962e-03  -1.496665503834942e-03  6.158098856222556e-03
  1.980000000000001e+01  6.217280848449327e+04  -1.745136357120296e+05  1.559817699412632e+05  -3.738407408737841e+05  -2.685542600646983e+05  -2.735080767830493e+05  4.807216236323315e-03  -2.407166471295055e-03  5.253500402185751e-03
  1.990000000000001e+01  6.614693688779150e+04  -1.756138745936565e+05  1.591546200529461e+05  -3.711485177849134e+05  -2.682490197845298e+05  -2.770477214428710e+05  2.614247784218506e-03  -3.311477523234336e-03  4.310128323504856e-03
