   0.0000000    
 -8.94340782E-11
 -1.99960076E-10
 -3.38327061E-10
 -4.66320316E-10
 -6.32401742E-10
 -8.21585466E-10
 -1.02985931E-09
 -1.26080357E-09
 -1.51459834E-09
 -1.78354620E-09
 -2.06724926E-09
 -2.36735476E-09
 -2.68498690E-09
 -3.02560910E-09
 -3.39664474E-09
 -3.81860277E-09
 -4.29072466E-09
 -4.83182161E-09
 -5.43070433E-09
 -6.09129058E-09
 -6.75808165E-09
 -7.39214645E-09
 -7.87950860E-09
 -8.10986922E-09
 -7.94821986E-09
 -7.25100557E-09
 -5.92513771E-09
 -3.90457400E-09
 -1.22293020E-09
  1.99354511E-09
  5.55016788E-09
  9.16689924E-09
  1.25271082E-08
  1.53579816E-08
  1.74191790E-08
  1.85933668E-08
  1.88189038E-08
  1.81924964E-08
  1.68433640E-08
  1.49696877E-08
  1.27819728E-08
  1.04679980E-08
  8.18512458E-09
  6.03409323E-09
  4.08780698E-09
  2.36770248E-09
  8.72567463E-10
 -4.05615985E-10
 -1.50628154E-09
 -2.43862908E-09
 -3.24542460E-09
 -3.93869959E-09
 -4.52664350E-09
 -5.04052355E-09
 -5.46570877E-09
 -5.82402970E-09
 -6.12675999E-09
 -6.36494946E-09
 -6.56905597E-09
 -6.73789868E-09
 -6.86935575E-09
 -6.98238445E-09
 -7.05573910E-09
 -7.09322023E-09
 -7.11553083E-09
 -7.11326997E-09
 -7.09345649E-09
 -7.06237380E-09
 -7.02905467E-09
 -7.00014402E-09
 -6.98929759E-09
 -6.98705316E-09
 -7.01183200E-09
 -7.05008851E-09
 -7.10575376E-09
 -7.17338544E-09
 -7.25265936E-09
 -7.33572580E-09
 -7.42561479E-09
 -7.51504636E-09
 -7.59961161E-09
 -7.67501973E-09
 -7.72654474E-09
 -7.75281883E-09
 -7.75457654E-09
 -7.71472308E-09
 -7.64894192E-09
 -7.54940466E-09
 -7.43489004E-09
 -7.33428651E-09
 -7.24001259E-09
 -7.18036075E-09
 -7.14605397E-09
 -7.13818338E-09
 -7.10065651E-09
 -6.98585145E-09
 -6.69556632E-09
 -6.11077633E-09
 -5.02255704E-09
 -3.21080074E-09
 -4.19860757E-10
  3.61806496E-09
  9.09829279E-09
  1.60795359E-08
  2.43891929E-08
  3.35244792E-08
  4.26077236E-08
  5.04687243E-08
  5.56725865E-08
  5.68583900E-08
  5.29408268E-08
  4.34505196E-08
  2.86922983E-08
  9.83719595E-09
 -1.12650165E-08
 -3.23568372E-08
 -5.11734939E-08
 -6.59338966E-08
 -7.54587290E-08
 -7.95338266E-08
 -7.86430903E-08
 -7.39147126E-08
 -6.67524205E-08
 -5.85822626E-08
 -5.06046547E-08
 -4.36815526E-08
 -3.82960579E-08
 -3.46455451E-08
 -3.25558247E-08
 -3.17783879E-08
 -3.19497708E-08
 -3.27252074E-08
 -3.38182851E-08
 -3.50951872E-08
 -3.67531285E-08
 -3.95466522E-08
 -4.52501645E-08
 -5.73960506E-08
 -8.23548092E-08
 -1.30982642E-07
 -2.20736226E-07
 -3.78134814E-07
 -6.41218548E-07
 -1.06120376E-06
 -1.70231908E-06
 -2.63853349E-06
 -3.94619428E-06
 -5.69199301E-06
 -7.91722414E-06
 -1.06204980E-05
 -1.37426887E-05
 -1.71586507E-05
 -2.06796958E-05
 -2.40692643E-05
 -2.70706696E-05
 -2.94428482E-05
 -3.09969437E-05
 -3.16259902E-05
 -3.13206037E-05
 -3.01677119E-05
 -2.83327863E-05
 -2.60302968E-05
 -2.34896979E-05
 -2.09238224E-05
 -1.85055906E-05
 -1.63555560E-05
 -1.45402573E-05
 -1.30789949E-05
 -1.19551842E-05
 -1.11295094E-05
 -1.05516274E-05
 -1.01693204E-05
 -9.93451067E-06
 -9.80648656E-06
 -9.75292187E-06
 -9.74948216E-06
 -9.77872060E-06
 -9.82865186E-06
 -9.89139062E-06
 -9.96188919E-06
 -1.00370980E-05
 -1.01152227E-05
 -1.01952264E-05
 -1.02765798E-05
 -1.03589309E-05
 -1.04421761E-05
 -1.05262243E-05
 -1.06110565E-05
 -1.06966663E-05
 -1.07830383E-05
 -1.08701615E-05
 -1.09580969E-05
 -1.10467936E-05
 -1.11362806E-05
 -1.12265134E-05
 -1.13175247E-05
 -1.14092918E-05
 -1.15018320E-05
 -1.15951243E-05
 -1.16892097E-05
 -1.17840664E-05
 -1.18797461E-05
 -1.19762572E-05
 -1.20736286E-05
 -1.21718658E-05
 -1.22709835E-05
 -1.23709488E-05
 -1.24717362E-05
 -1.25733432E-05
 -1.26757141E-05
 -1.27788171E-05
 -1.28826277E-05
 -1.29871360E-05
 -1.30923099E-05
 -1.31981806E-05
 -1.33047597E-05
 -1.34120828E-05
 -1.35202472E-05
 -1.36295248E-05
 -1.37403813E-05
 -1.38536907E-05
 -1.39709018E-05
 -1.40941465E-05
 -1.42259651E-05
 -1.43682091E-05
 -1.45182485E-05
 -1.46608772E-05
 -1.47513310E-05
 -1.46837792E-05
 -1.42375438E-05
 -1.29929222E-05
 -1.02110380E-05
 -4.68109920E-06
  5.44484510E-06
  2.27835717E-05
  5.07411023E-05
  9.33186529E-05
  1.54596375E-04
  2.37826287E-04
  3.44162021E-04
  4.71204577E-04
  6.11716707E-04
  7.52985419E-04
  8.77324957E-04
  9.64031613E-04
  9.92739107E-04
  9.47642606E-04
  8.21632799E-04
  6.19177881E-04
  3.56959121E-04
  6.17980695E-05
 -2.33823928E-04
 -4.97624744E-04
 -7.03299302E-04
 -8.34787381E-04
 -8.88082664E-04
 -8.70379328E-04
 -7.97091750E-04
 -6.87768275E-04
 -5.62032568E-04
 -4.36452596E-04
 -3.22793843E-04
 -2.27658587E-04
 -1.53171422E-04
 -9.82327256E-05
 -5.98834704E-05
 -3.44669497E-05
 -1.84366709E-05
 -8.80044536E-06
 -3.27444104E-06
 -2.50882010E-07
  1.32589912E-06
  2.10693270E-06
  2.47114076E-06
  2.62733329E-06
  2.68466374E-06
  2.69732050E-06
  2.69088605E-06
  2.67677842E-06
  2.65984136E-06
  2.64191044E-06
  2.62369213E-06
  2.60535398E-06
  2.58686828E-06
  2.56819203E-06
  2.54923793E-06
  2.52998120E-06
  2.51027495E-06
  2.49024583E-06
  2.46983950E-06
  2.44906460E-06
  2.42790361E-06
  2.40639702E-06
  2.38456278E-06
  2.36240680E-06
  2.33994365E-06
  2.31715603E-06
  2.29405646E-06
  2.27069768E-06
  2.24708083E-06
  2.22325480E-06
  2.19924664E-06
  2.17509341E-06
  2.15081445E-06
  2.12642226E-06
  2.10196208E-06
  2.07737776E-06
  2.05274182E-06
  2.02803858E-06
  2.00325098E-06
  1.97848112E-06
  1.95370649E-06
  1.92898869E-06
  1.90433354E-06
  1.87977264E-06
  1.85537078E-06
  1.83111376E-06
  1.80701636E-06
  1.78310643E-06
  1.75936430E-06
  1.73573517E-06
  1.71223519E-06
  1.68887937E-06
  1.66565269E-06
  1.64251242E-06
  1.61953324E-06
  1.59668491E-06
  1.57395380E-06
  1.55136763E-06
  1.52888720E-06
  1.50653227E-06
  1.48425045E-06
  1.46201637E-06
  1.43976627E-06
  1.41739986E-06
  1.39490112E-06
  1.37216148E-06
  1.34914364E-06
  1.32585978E-06
  1.30238050E-06
  1.27881458E-06
  1.25533450E-06
  1.23219024E-06
  1.20955542E-06
  1.18766650E-06
  1.16666502E-06
  1.14666614E-06
  1.12767520E-06
  1.10967483E-06
  1.09256496E-06
  1.07623248E-06
  1.06052698E-06
  1.04534024E-06
  1.03056323E-06
  1.01610181E-06
  1.00189936E-06
  9.87908265E-07
  9.74111572E-07
  9.60484499E-07
  9.47032731E-07
  9.33702381E-07
  9.20497769E-07
  9.07422020E-07
  8.94439552E-07
  8.81558037E-07
  8.68818290E-07
  8.56207123E-07
  8.43727378E-07
  8.31469890E-07
  8.19422098E-07
  8.07516301E-07
  7.95838105E-07
  7.84340159E-07
  7.72927024E-07
  7.61691183E-07
  7.50617460E-07
  7.39651512E-07
  7.28839780E-07
  7.18199828E-07
  7.07742515E-07
  6.97439532E-07
  6.87330783E-07
  6.77422065E-07
  6.67665745E-07
  6.57975704E-07
  6.48419359E-07
  6.38941287E-07
  6.29605665E-07
  6.20379751E-07
  6.11317944E-07
  6.02357034E-07
  5.93614175E-07
  5.85017176E-07
  5.76564275E-07
  5.68267069E-07
  5.60087187E-07
  5.52016843E-07
  5.44060924E-07
  5.36213008E-07
  5.28505780E-07
  5.20923436E-07
  5.13517080E-07
  5.06250444E-07
  4.99128419E-07
  4.92152822E-07
  4.85267151E-07
  4.78450147E-07
  4.71652442E-07
  4.64866446E-07
  4.58077153E-07
  4.51298803E-07
  4.44546714E-07
  4.37893164E-07
  4.31350628E-07
  4.24973052E-07
  4.18767172E-07
  4.12775933E-07
  4.06935328E-07
  4.01311382E-07
  3.95857711E-07
  3.90521706E-07
  3.85321670E-07
  3.80171969E-07
  3.75158265E-07
  3.70180999E-07
  3.65256028E-07
  3.60381165E-07
  3.55530830E-07
  3.50711503E-07
  3.45874838E-07
  3.41052555E-07
  3.36205233E-07
  3.31357313E-07
  3.26550548E-07
  3.21754271E-07
  3.17000797E-07
  3.12373146E-07
  3.07820045E-07
  3.03352579E-07
  2.99032195E-07
  2.94789061E-07
  2.90655322E-07
  2.86620917E-07
  2.82679252E-07
  2.78815861E-07
  2.75057658E-07
  2.71419140E-07
  2.67939043E-07
  2.64498993E-07
  2.61133749E-07
  2.57850218E-07
  2.54583227E-07
  2.51357051E-07
  2.48130902E-07
  2.44925531E-07
  2.41709557E-07
  2.38480482E-07
  2.35277525E-07
  2.32105492E-07
  2.28978607E-07
  2.25885188E-07
  2.22846595E-07
  2.19845631E-07
  2.16900531E-07
  2.13998291E-07
  2.11196564E-07
  2.08414150E-07
  2.05708730E-07
  2.03102914E-07
  2.00570398E-07
  1.98150019E-07
  1.95827496E-07
  1.93558506E-07
  1.91368912E-07
  1.89183467E-07
  1.86997440E-07
  1.84779211E-07
  1.82494503E-07
  1.80193481E-07
  1.77834920E-07
  1.75440874E-07
  1.73019245E-07
  1.70583334E-07
  1.68187526E-07
  1.65821021E-07
  1.63507210E-07
  1.61274698E-07
  1.59144108E-07
  1.57106030E-07
  1.55158986E-07
  1.53325246E-07
  1.51564095E-07
  1.49873671E-07
  1.48208230E-07
  1.46573655E-07
  1.44888418E-07
  1.43223929E-07
  1.41476590E-07
  1.39740280E-07
  1.37916714E-07
  1.36106749E-07
  1.34220912E-07
  1.32367518E-07
  1.30469729E-07
  1.28566853E-07
  1.26744766E-07
  1.24949722E-07
  1.23205993E-07
  1.21464907E-07
  1.19801840E-07
  1.18255343E-07
  1.16992972E-07
  1.15599470E-07
  1.14224704E-07
  1.12829795E-07
  1.11583851E-07
  1.10330959E-07
  1.09068630E-07
  1.07830139E-07
  1.06578369E-07
  1.05295101E-07
  1.04000740E-07
  1.02731136E-07
  1.01455278E-07
  1.00200630E-07
  9.89712916E-08
  9.77605836E-08
  9.65779066E-08
  9.54888648E-08
  9.43263672E-08
  9.32588904E-08
  9.21964158E-08
  9.11330318E-08
  9.01337600E-08
  8.91566074E-08
  8.81879032E-08
  8.73054233E-08
  8.64211245E-08
  8.55574527E-08
  8.46985202E-08
  8.38251211E-08
  8.29337310E-08
  8.20079080E-08
  8.10689045E-08
  8.00724820E-08
  7.90918548E-08
  7.80488350E-08
  7.70290569E-08
  7.59562795E-08
  7.48985514E-08
  7.38535562E-08
  7.27699287E-08
  7.17188300E-08
  7.06570447E-08
  6.96530904E-08
  6.87034500E-08
  6.78133603E-08
  6.70037821E-08
  6.62676314E-08
  6.56165113E-08
  6.50294041E-08
  6.44758700E-08
  6.38843431E-08
  6.32720472E-08
  6.25778185E-08
  6.18282954E-08
  6.09713524E-08
  6.00820798E-08
  5.91290394E-08
  5.81456092E-08
  5.71467602E-08
  5.62015465E-08
  5.52595125E-08
  5.44031629E-08
  5.35370965E-08
  5.27738031E-08
  5.20243653E-08
  5.13488416E-08
  5.06795281E-08
  5.00609723E-08
  4.94894650E-08
  4.89444716E-08
  4.84674239E-08
  4.80481290E-08
  4.76316728E-08
  4.72533088E-08
  4.68969610E-08
  4.65270809E-08
  4.61516940E-08
  4.57354403E-08
  4.53010927E-08
  4.48584352E-08
  4.43354047E-08
  4.38341985E-08
  4.32436025E-08
  4.26828173E-08
  4.21427764E-08
  4.15454018E-08
  4.10332497E-08
  4.04857232E-08
  4.00080751E-08
  3.95396604E-08
  3.91238224E-08
  3.87344983E-08
  3.83438739E-08
  3.80023941E-08
  3.76174683E-08
  3.72517697E-08
  3.69022999E-08
  3.64912331E-08
  3.60976422E-08
  3.56155745E-08
  3.51444491E-08
  3.46247830E-08
  3.40511157E-08
  3.33931709E-08
  3.27631398E-08
  3.20742011E-08
  3.13628767E-08
  3.06775050E-08
  2.99961229E-08
  2.93531599E-08
  2.87340018E-08
  2.82025567E-08
  2.77413950E-08
  2.73462959E-08
  2.69775793E-08
  2.66402509E-08
  2.64555826E-08
  2.62711559E-08
  2.60369486E-08
  2.58334438E-08
  2.54912980E-08
  2.52354670E-08
  2.48646845E-08
  2.44347600E-08
  2.39755575E-08
  2.33883988E-08
  2.28014034E-08
  2.21467289E-08
  2.14635794E-08
  2.09475601E-08
  2.02552020E-08
  1.96987848E-08
  1.91959515E-08
  1.87740472E-08
  1.84120790E-08
  1.80615451E-08
  1.77924964E-08
  1.74562196E-08
  1.71305921E-08
  1.67774221E-08
  1.64137184E-08
  1.60358180E-08
  1.57280020E-08
  1.54171893E-08
  1.51426125E-08
  1.49282577E-08
  1.47060062E-08
  1.45011976E-08
  1.42846295E-08
  1.40380036E-08
  1.37323699E-08
  1.33689353E-08
  1.29366811E-08
  1.24349855E-08
  1.19089716E-08
  1.13796119E-08
  1.08185612E-08
  1.03036859E-08
  9.74279324E-09
  9.31416455E-09
  8.82545592E-09
  8.41276737E-09
  7.96139421E-09
  7.65550556E-09
  7.42387396E-09
  7.26355331E-09
  7.24823446E-09
  7.32432159E-09
  7.48714513E-09
  7.69328334E-09
  7.89137911E-09
  7.98495137E-09
  7.95815502E-09
  7.72407205E-09
  7.26021288E-09
  6.65830502E-09
  5.79284132E-09
  4.88045693E-09
  3.84118914E-09
  2.76699308E-09
  1.81575677E-09
  8.49094128E-10
  5.28897377E-11
 -6.36653896E-10
 -1.30920941E-09
 -1.78849235E-09
 -2.21246865E-09
 -2.51051735E-09
 -2.78107604E-09
 -2.96706748E-09
 -3.17185878E-09
 -3.30494232E-09
 -3.58117358E-09
 -3.97410149E-09
 -4.34951231E-09
 -4.92075714E-09
 -5.67762060E-09
 -6.41298348E-09
 -7.31191463E-09
 -8.22640622E-09
 -9.13833986E-09
 -9.98872007E-09
 -1.08218083E-08
 -1.16578738E-08
 -1.24846107E-08
 -1.33656997E-08
 -1.42912997E-08
 -1.52638648E-08
 -1.62921090E-08
 -1.74056840E-08
 -1.85154985E-08
 -1.96151966E-08
 -2.06605044E-08
 -2.16825260E-08
 -2.25540937E-08
 -2.34668800E-08
 -2.43467504E-08
 -2.51314631E-08
 -2.59807251E-08
 -2.68564442E-08
 -2.78364087E-08
 -2.88740090E-08
 -3.00369543E-08
 -3.14024788E-08
 -3.29004379E-08
 -3.45823352E-08
 -3.64564094E-08
 -3.85530043E-08
 -4.08299599E-08
 -4.33597549E-08
 -4.60491165E-08
 -4.89484790E-08
 -5.19825818E-08
 -5.51559474E-08
 -5.84731481E-08
 -6.19207583E-08
 -6.56062511E-08
 -6.95498841E-08
 -7.36992760E-08
 -7.83485774E-08
 -8.32090166E-08
 -8.89074911E-08
 -9.49352383E-08
 -1.02183016E-07
 -1.10068150E-07
 -1.19191881E-07
 -1.29714763E-07
 -1.42098827E-07
 -1.56360940E-07
 -1.73497810E-07
 -1.93771754E-07
 -2.18433911E-07
 -2.48503454E-07
 -2.85431440E-07
 -3.30389895E-07
 -3.85447663E-07
 -4.50388541E-07
 -5.24838697E-07
 -6.04700404E-07
 -6.82716575E-07
 -7.47097488E-07
 -7.80279038E-07
 -7.61070226E-07
 -6.66566109E-07
 -4.76818485E-07
 -1.80305776E-07
  2.20099935E-07
  7.03595674E-07
  1.23034840E-06
  1.74507204E-06
  2.18534728E-06
  2.49230084E-06
  2.62256640E-06
  2.55701866E-06
  2.30515343E-06
  1.90290928E-06
  1.40503425E-06
  8.74170951E-07
  3.68890539E-07
 -6.50430039E-08
 -4.00194978E-07
 -6.28015357E-07
 -7.55627525E-07
 -8.00659109E-07
 -7.85469979E-07
 -7.32125329E-07
 -6.59503826E-07
 -5.81505617E-07
 -5.06982985E-07
 -4.40813409E-07
 -3.84627100E-07
 -3.38384666E-07
 -3.00915701E-07
 -2.70644705E-07
 -2.46300061E-07
 -2.26516150E-07
 -2.10258065E-07
 -1.96673426E-07
 -1.85115340E-07
 -1.75185249E-07
 -1.66540786E-07
 -1.58879217E-07
 -1.52111085E-07
 -1.46083678E-07
 -1.40797724E-07
 -1.36200470E-07
 -1.32344681E-07
 -1.29195143E-07
 -1.26468123E-07
 -1.24296051E-07
 -1.22656445E-07
 -1.21235971E-07
 -1.20231689E-07
 -1.19263802E-07
 -1.18415322E-07
 -1.17589686E-07
 -1.16839935E-07
 -1.16042031E-07
 -1.15263582E-07
 -1.14357363E-07
 -1.13540025E-07
 -1.12783404E-07
 -1.11731218E-07
 -1.10827763E-07
 -1.09996989E-07
 -1.09245555E-07
 -1.08665930E-07
 -1.08306466E-07
 -1.08150083E-07
 -1.08307788E-07
 -1.08688880E-07
 -1.09307905E-07
 -1.10139716E-07
 -1.11133680E-07
 -1.12118585E-07
 -1.13082415E-07
 -1.14147603E-07
 -1.15000006E-07
 -1.15799899E-07
 -1.16504872E-07
 -1.16870389E-07
 -1.17165030E-07
 -1.17058200E-07
 -1.16793082E-07
 -1.16242724E-07
 -1.15393455E-07
 -1.14429440E-07
 -1.13311884E-07
 -1.12225059E-07
 -1.11189095E-07
 -1.10354591E-07
 -1.09787031E-07
 -1.09436620E-07
 -1.09463947E-07
 -1.09836144E-07
 -1.10409488E-07
 -1.11305795E-07
 -1.12262939E-07
 -1.13369275E-07
 -1.14388932E-07
 -1.15287364E-07
 -1.15940551E-07
 -1.16302708E-07
 -1.16235178E-07
 -1.15649804E-07
 -1.14626907E-07
 -1.13087019E-07
 -1.10965161E-07
 -1.08492884E-07
 -1.05598303E-07
 -1.02753610E-07
 -9.98589726E-08
 -9.70868328E-08
 -9.47753875E-08
 -9.26933268E-08
 -9.11319518E-08
 -9.00457024E-08
 -8.90382381E-08
 -8.82898377E-08
 -8.74013253E-08
 -8.62605489E-08
 -8.46856878E-08
 -8.23463893E-08
 -7.95307358E-08
 -7.58551053E-08
 -7.09459584E-08
 -6.56600321E-08
 -5.94220495E-08
 -5.24150359E-08
 -4.47682318E-08
 -3.66072896E-08
 -2.82016632E-08
 -1.94620267E-08
 -1.07154614E-08
 -1.93539917E-09
  6.63599087E-09
  1.50637796E-08
  2.32318982E-08
  3.09070813E-08
  3.84593228E-08
  4.57143976E-08
  5.26122221E-08
  5.92402607E-08
  6.57387886E-08
  7.21419511E-08
  7.85134091E-08
  8.50497557E-08
  9.15076939E-08
  9.82706254E-08
  1.05260270E-07
  1.12527246E-07
  1.20055233E-07
  1.27757772E-07
  1.35721663E-07
  1.43726382E-07
  1.51827166E-07
  1.59872997E-07
  1.67661369E-07
  1.75077133E-07
  1.82120488E-07
  1.88738539E-07
  1.94749504E-07
  2.00245850E-07
  2.05086820E-07
  2.09389242E-07
  2.13070152E-07
  2.16214332E-07
  2.18946681E-07
  2.21262397E-07
  2.23237038E-07
  2.25133107E-07
  2.26889838E-07
  2.28350629E-07
  2.29855317E-07
  2.31121987E-07
  2.32277799E-07
  2.33334319E-07
  2.34468160E-07
  2.35071340E-07
  2.35488983E-07
  2.35850877E-07
  2.35912566E-07
  2.35776284E-07
  2.35259137E-07
  2.34273358E-07
  2.32843846E-07
  2.30639429E-07
  2.27926165E-07
  2.24526303E-07
  2.20573185E-07
  2.16006256E-07
  2.10984325E-07
  2.05690668E-07
  2.00383198E-07
  1.94984679E-07
  1.89797333E-07
  1.84879980E-07
  1.80153094E-07
  1.75780585E-07
  1.71533344E-07
  1.67435516E-07
  1.63459646E-07
  1.59362472E-07
  1.55483860E-07
  1.51509042E-07
  1.47445576E-07
  1.43390238E-07
  1.39172855E-07
  1.34963585E-07
  1.30584297E-07
  1.26040334E-07
  1.21237107E-07
  1.16595515E-07
  1.11761224E-07
  1.06953067E-07
  1.02279422E-07
  9.78184218E-08
  9.35416580E-08
  8.94588226E-08
  8.58509779E-08
  8.21646182E-08
  7.89646606E-08
  7.58873568E-08
  7.26914919E-08
  6.96383822E-08
  6.66185116E-08
  6.36095052E-08
  6.02669559E-08
  5.70547520E-08
  5.38037348E-08
  5.04158066E-08
  4.69623735E-08
  4.33162803E-08
  3.95699367E-08
  3.59152601E-08
  3.19454969E-08
  2.86790698E-08
  2.47674539E-08
  2.13673879E-08
  1.83081461E-08
  1.57553881E-08
  1.31654270E-08
  1.09965148E-08
  8.96690189E-09
  6.88703983E-09
  5.00472241E-09
  3.29406125E-09
  1.59976332E-09
 -2.99956116E-10
 -2.22535346E-09
 -4.10662127E-09
