TITLE = "Temporal Signal for receiver number 00558"
VARIABLES = "Time","xx","yy","zz","xy","yz","xz","u","v","w"
# x1       3.540946160000e+05
# x2       4.742184950000e+06
# x3       -3.000000000000e+03
  0.000000000000000e+00  0.000000000000000e+00  0.000000000000000e+00  0.000000000000000e+00  0.000000000000000e+00  0.000000000000000e+00  0.000000000000000e+00  0.000000000000000e+00  0.000000000000000e+00  0.000000000000000e+00
  1.000000000000000e-01  0.000000000000000e+00  0.000000000000000e+00  0.000000000000000e+00  0.000000000000000e+00  0.000000000000000e+00  0.000000000000000e+00  0.000000000000000e+00  0.000000000000000e+00  0.000000000000000e+00
  2.000000000000000e-01  0.000000000000000e+00  0.000000000000000e+00  0.000000000000000e+00  0.000000000000000e+00  0.000000000000000e+00  0.000000000000000e+00  0.000000000000000e+00  0.000000000000000e+00  0.000000000000000e+00
  3.000000000000000e-01  0.000000000000000e+00  0.000000000000000e+00  0.000000000000000e+00  0.000000000000000e+00  0.000000000000000e+00  0.000000000000000e+00  0.000000000000000e+00  0.000000000000000e+00  0.000000000000000e+00
  4.000000000000000e-01  1.827279541810684e-25  4.982322640276278e-25  1.907355151788389e-25  -6.796440124368684e-26  -5.973691479109517e-26  1.084553626651571e-26  1.032261298359276e-32  -4.064135331220093e-32  8.409332204280747e-33
  5.000000000000000e-01  1.263487956556419e-20  1.244416673824422e-19  -4.256654245496737e-21  -1.735469586307075e-21  2.647531591857886e-20  -1.653565093204808e-20  -1.131001107410788e-28  -8.521912323989266e-27  -5.546782830139473e-27
  6.000000000000000e-01  2.488849691313788e-16  6.562327941829396e-16  3.210304036018744e-16  1.591129285416839e-17  -1.393254696261748e-16  5.504101325140428e-17  4.310963131136690e-24  -5.337643319870829e-23  2.483442535133806e-23
  7.000000000000000e-01  -3.997907017449350e-14  -9.939210761414888e-14  -4.490503062696937e-14  -1.488315260650813e-15  2.126888741468234e-14  -9.626441421107571e-15  -1.098547608296622e-21  8.191770977012940e-21  -3.622383604782659e-21
  7.999999999999999e-01  2.571563599848209e-13  1.653764989417130e-12  7.628732470106691e-13  1.442384067598547e-13  -7.633793928027258e-13  8.278242260267716e-14  -2.654966694286811e-21  -1.282154355139253e-19  1.316316105745975e-19
  8.999999999999999e-01  3.643414991961369e-11  7.152875989222946e-11  2.754951970231462e-11  -1.021799780219137e-11  -5.809685551330653e-12  5.806343353672145e-12  2.060022399394174e-18  -5.985960549560090e-18  7.424452702037626e-19
  9.999999999999999e-01  1.441797159226523e-10  7.761275430740125e-14  4.649536778115419e-11  -6.274779334669421e-11  2.589303505691095e-11  6.534583109298168e-11  1.084763567690990e-17  -1.217255049477754e-18  -8.336130932295130e-18
  1.100000000000000e+00  4.390168544729986e-10  -2.517974296261449e-09  -1.004493902823718e-10  -1.041188301550755e-09  -5.751325226950563e-10  6.220876916241034e-10  1.762987216543931e-16  1.834497901171207e-16  6.694349626617980e-17
  1.200000000000000e+00  1.327471875930304e-08  1.291848570978144e-08  1.200440898427835e-08  -8.625561626259416e-09  -3.946388161454772e-09  4.279338007161306e-09  1.518769914775394e-15  -1.329720249428549e-15  5.577823879981754e-16
  1.300000000000000e+00  6.233997139574176e-08  1.048820244478520e-07  6.843658004944554e-08  -2.400434695699668e-08  -6.524668951739828e-08  1.715375517810456e-08  5.172220230368904e-15  -9.666136659513567e-15  1.045636512750171e-14
  1.400000000000000e+00  -2.546578502856627e-07  -4.809000871464450e-07  -3.248444041195126e-07  6.722073042168478e-08  -8.310368905260002e-07  -8.406450994986006e-09  2.809944744308639e-16  4.266078789911991e-14  1.346189388132670e-13
  1.500000000000000e+00  -6.981205933720080e-06  -1.579306278742621e-05  -7.567177422114897e-06  1.396397554668072e-06  -7.916237616621244e-06  1.249622154568584e-07  -1.218621635483835e-13  1.342604847893377e-12  1.256135343722745e-12
  1.600000000000000e+00  -5.855610890930297e-05  -1.361993574729668e-04  -6.242967642068382e-05  9.671910852227527e-07  -4.765135651982148e-05  4.922430041610035e-06  3.510928070521847e-13  1.140054155559124e-11  7.406450937342791e-12
  1.700000000000000e+00  -3.859462170948732e-04  -9.948542834273095e-04  -4.191021974056257e-04  -8.597243875391126e-06  -1.589861620454618e-04  2.395419882357566e-05  1.708839603589551e-12  8.237161688328618e-11  2.449540653631283e-11
  1.800000000000000e+00  -9.044537785149430e-04  -2.589560947357144e-03  -1.086655131394883e-03  1.405286782117576e-04  -1.829787794922410e-04  4.997583509052667e-05  -2.029331291228509e-11  2.184604996168952e-10  2.787848319847012e-11
  1.900000000000001e+00  2.710579600190627e-03  7.520324406432974e-03  2.282191586745989e-03  3.430853854919912e-04  7.350809258836231e-04  9.826971872433998e-05  -4.469289865158874e-11  -6.113948994024644e-10  -1.210101289627326e-10
  2.000000000000000e+00  6.366963800686971e-03  1.748823770646358e-02  7.761490924601815e-03  -1.369397122970886e-03  4.972690613864357e-03  3.003431066384216e-04  1.049629718777354e-10  -1.601654243982340e-09  -7.553843418775189e-10
  2.100000000000001e+00  -6.901692311261478e-03  -3.998158139352522e-02  3.139175323200016e-03  2.952183847392059e-03  1.211590699815653e-02  -5.379718553637402e-04  -4.653282737711704e-10  3.213480729259151e-09  -1.751678733688570e-09
  2.200000000000001e+00  5.092000513595020e-02  1.758287029992397e-01  3.583433863669810e-02  -6.052409575484345e-03  -3.100256247968270e-02  -6.883054984216675e-03  1.346925568109848e-09  -1.317492178627778e-08  4.425668720678818e-09
  2.300000000000001e+00  -2.603287814057099e-01  -6.249970739155893e-01  -3.072490724560859e-01  -1.840021606752451e-02  -6.892810180252554e-02  3.110372721511944e-03  1.908175895367344e-09  4.951150401385622e-08  1.166997524716481e-08
  2.400000000000001e+00  4.158371936713759e-01  8.579839290272820e-01  5.678197067867935e-01  7.900657624166124e-02  1.733239626532304e-01  1.859434701394888e-02  -9.884000351261044e-09  -6.755017376123505e-08  -2.952776455483650e-08
  2.500000000000001e+00  -5.077098707050864e-01  -9.507461533640640e-01  -8.848903454600341e-01  -1.898617084720180e-01  -2.644599402454362e-01  -6.880422777354228e-02  2.611797540060074e-08  7.373945117660610e-08  4.539086786980779e-08
  2.600000000000001e+00  5.708781189774260e+00  1.270427958158023e+01  9.294799062411895e+00  9.311474745889459e-01  4.635840584753229e+00  5.197803270834106e-01  -1.383607196936170e-07  -1.069860269529005e-06  -7.084329206740974e-07
  2.700000000000001e+00  4.044042035185923e+01  9.936389811460728e+01  6.219950425954892e+01  5.809712450252027e+00  3.585151239479238e+01  3.673999675156711e+00  -8.223116716601106e-07  -8.394998285474370e-06  -5.168127725562391e-06
  2.800000000000001e+00  4.561119922684725e+01  1.245217970997534e+02  6.810655056322896e+01  1.612333438098912e+01  3.442938702132285e+01  8.109105125184303e+00  -2.194813584971996e-06  -1.034705540497603e-05  -4.855558589740282e-06
  2.900000000000001e+00  -7.897515013695281e+01  -2.059352643698264e+02  -8.552175864306416e+01  2.348960585200100e+01  -1.516643620464399e+01  1.325052200059038e+01  -3.027605140583089e-06  1.668349391355362e-05  2.751680838759527e-06
  3.000000000000001e+00  -1.708996519376933e+02  -4.943677829655528e+02  -1.963073856326093e+02  5.161253710322686e+01  -3.120946592463916e+01  2.176219580571254e+01  -6.531380619310411e-06  3.926828609795764e-05  6.496423683326672e-06
  3.100000000000001e+00  -1.263512901665102e+02  -4.497817324683868e+02  -1.231730572399606e+02  9.125349437844933e+01  -3.211015692391982e+00  3.250652294048434e+01  -1.094893372490811e-05  3.455878895512575e-05  3.130828028804356e-06
  3.200000000000002e+00  -5.049002820390394e+01  -3.247177229370545e+02  1.707479823191681e+01  1.371448413389008e+02  3.504811268703916e+01  4.401987682310025e+01  -1.581609747238986e-05  2.378825374484881e-05  -4.572625311731590e-06
  3.300000000000002e+00  -4.686603897410771e+01  -4.079129076743417e+02  8.593554936554776e+01  1.826660569918920e+02  8.280744869574455e+01  6.011344096740267e+01  -2.043221536159435e-05  2.993107256409183e-05  -1.479327074435971e-05
  3.400000000000002e+00  -1.069864498822473e+02  -6.920054274650372e+02  9.568170661793005e+01  2.688995437194143e+02  1.403197729114879e+02  8.989988752011358e+01  -3.011785623436684e-05  5.146692862360665e-05  -2.175714726785609e-05
  3.500000000000002e+00  -1.820257502528376e+02  -1.132400376310756e+03  1.319484038634667e+02  4.491937801865069e+02  2.998065475449416e+02  1.601152288342239e+02  -5.144970944870783e-05  8.302678756754547e-05  -3.965466729709041e-05
  3.600000000000002e+00  -6.541573801143109e+02  -2.796076346805225e+03  -3.553038196728236e+02  8.051956264424025e+02  1.873498822302560e+02  3.028453592740279e+02  -9.539255900811624e-05  2.151818049165668e-04  -2.141634401610699e-05
  3.700000000000002e+00  -3.763107274614753e+03  -1.196319703698701e+04  -4.144985921439855e+03  1.307477068413457e+03  -1.189804617622247e+03  5.150019980796153e+02  -1.557845183323775e-04  9.575519491418199e-04  1.749797243761515e-04
  3.800000000000002e+00  -9.938437500765824e+03  -3.162581011521906e+04  -1.154205431245731e+04  2.155037349293512e+03  -3.902919043341366e+03  9.095674968513434e+02  -2.592946666008340e-04  2.551577269485434e-03  5.370948907770739e-04
  3.900000000000002e+00  -2.062954030623175e+04  -6.685108175787650e+04  -2.448144508817059e+04  3.495615175470367e+03  -9.104466771398411e+03  1.300710926569429e+03  -4.176059881182833e-04  5.397831755188508e-03  1.237553479317560e-03
  4.000000000000002e+00  -3.403942078427620e+04  -1.165754806416193e+05  -3.936291190606576e+04  5.220731874736064e+03  -1.530501448891384e+04  1.828057055560294e+03  -6.069946587485833e-04  9.395675358203666e-03  1.962345270017874e-03
  4.100000000000001e+00  -4.813685925702259e+04  -1.773136667602071e+05  -5.492413068476200e+04  7.772356237746195e+03  -2.408525856763817e+04  2.230640560789396e+03  -8.967990628901021e-04  1.426090138069388e-02  2.924120412819767e-03
  4.200000000000001e+00  -7.138472098543614e+04  -2.732184663495166e+05  -7.935693881325773e+04  9.064327894393065e+03  -3.615682150885923e+04  1.866100557982052e+03  -9.627048529591028e-04  2.196920121978919e-02  4.189055214640054e-03
  4.300000000000001e+00  -9.259187876142639e+04  -3.855517046786803e+05  -1.014659536803250e+05  1.174516933440746e+04  -5.091612635816626e+04  1.221812245983401e+03  -1.244926679368599e-03  3.091920337923260e-02  5.622950162322319e-03
  4.400000000000000e+00  -1.223950077607115e+05  -5.378556784718609e+05  -1.263873619372855e+05  8.918690467689770e+03  -6.499761578317144e+04  2.444547026200963e+02  -8.041533181523903e-04  4.300144084534432e-02  6.703917438262742e-03
  4.500000000000000e+00  -7.911614713469538e+04  -5.637167460296290e+05  -7.222967001468244e+04  3.747940803767149e+04  -5.083570186285387e+04  8.862960011135030e+03  -4.817893019663570e-03  4.424948031756245e-02  3.320893938163192e-03
  4.600000000000000e+00  -6.463230451928533e+03  -5.034830272899183e+05  1.399764946727345e+04  7.893755813203981e+04  -4.003440009618652e+04  1.385165828695933e+04  -9.729135908424315e-03  3.832756927577387e-02  3.270893240289081e-04
  4.699999999999999e+00  2.387855111801297e+03  -5.795853833256443e+05  3.782354527200950e+04  9.633571472511510e+04  -3.797953089207732e+04  1.655900482265156e+04  -1.116455365089311e-02  4.370434182793434e-02  -1.598337456196550e-03
  4.799999999999999e+00  6.020646315734966e+04  -5.817905659604097e+05  1.185487549683668e+05  1.369457918074485e+05  5.650462257481009e+03  2.978071549449077e+04  -1.581226041285608e-02  4.198786388009283e-02  -9.315278254409672e-03
  4.899999999999999e+00  1.249468301391771e+05  -5.430411499459943e+05  2.126970334531555e+05  1.716689878042246e+05  3.839942185427633e+04  4.263801424377383e+04  -1.914833233602020e-02  3.660483054443088e-02  -1.483840387514967e-02
  4.999999999999998e+00  1.640071955941457e+05  -5.268008142603489e+05  2.707754405696332e+05  2.151262691230318e+05  5.562666778179047e+04  4.270277326953081e+04  -2.281270592302730e-02  3.280554011873211e-02  -1.809140392169413e-02
  5.099999999999998e+00  2.056547568540443e+05  -5.527238615003494e+05  2.932857874270641e+05  2.823766130007086e+05  8.654046037233056e+04  3.935059139427753e+04  -2.958138120054796e-02  3.144155212096919e-02  -2.323653300944270e-02
  5.199999999999998e+00  2.036697956630024e+05  -6.149225799335904e+05  3.171052209460292e+05  2.625938141080692e+05  5.858167254621049e+04  3.078181195776931e+04  -2.358955715073316e-02  3.388907605438971e-02  -2.126565358273366e-02
  5.299999999999997e+00  1.612092584663153e+05  -5.949695349199526e+05  3.183292915485316e+05  2.008301793684702e+05  -2.791630143153455e+04  -5.357413161625682e+03  -1.045198851391376e-02  3.029994570513526e-02  -9.418884506158577e-03
  5.399999999999997e+00  2.121149906041047e+05  -6.029668639200105e+05  2.603194071153306e+05  3.443229847518435e+05  3.367739296617254e+04  -3.376846611308326e+04  -2.633943674545874e-02  2.875763657485699e-02  -1.554350709889091e-02
  5.499999999999996e+00  2.797075706312121e+05  -5.249044367123037e+05  1.291652222025754e+05  4.059970168793752e+05  9.189197520637745e+02  -9.940886216959135e+04  -2.794475050160261e-02  1.976076214848229e-02  -1.363244395849204e-03
  5.599999999999996e+00  7.416647929715602e+04  1.106150598672971e+05  -1.906934085140866e+05  -1.755660761299149e+05  -5.290734889552145e+05  -3.365253431949553e+05  7.000879234600095e-02  -3.333725265769889e-02  9.674513604867024e-02
  5.699999999999996e+00  -2.682673141766418e+05  7.722121707396018e+05  -4.486403254436082e+05  -8.856992359923715e+05  -9.427788595431953e+05  -5.452017049340599e+05  1.835183319697889e-01  -8.510083419902377e-02  1.667151585799957e-01
  5.799999999999995e+00  -2.668879840086485e+05  4.789655888539624e+05  -2.454868965074035e+05  -7.249099992839046e+05  -5.617686108058422e+05  -4.067107635357229e+05  1.497562992853650e-01  -5.799361041191443e-02  8.890977814014428e-02
  5.899999999999995e+00  7.353546634967926e+04  -3.497990666220631e+05  1.632082180309661e+05  3.705731581809487e+04  3.177418033004800e+04  -9.783728835386474e+04  1.377642857144792e-02  1.068981557163953e-02  -2.651933857721976e-02
  5.999999999999995e+00  2.845825776842791e+05  -6.540295526170699e+05  2.968826050694106e+05  3.976720958412052e+05  8.789968537842984e+04  -3.599360514117709e+02  -5.063369506180727e-02  3.343515270195190e-02  -3.432269604826052e-02
  6.099999999999994e+00  1.872570196707607e+05  -4.098626251218096e+05  1.950357729201770e+05  1.745360942424852e+05  -1.743008019831545e+05  -1.012923338729028e+05  -9.804186881440141e-03  1.080640369596107e-02  2.824633366543843e-02
  6.199999999999994e+00  3.119412784688248e+04  -1.987753290556588e+05  1.410908692497731e+05  -1.196558279885692e+05  -2.449887114495724e+05  -1.641548464765114e+05  4.202097156685694e-02  -4.571136062155604e-03  5.588051482209309e-02
  6.299999999999994e+00  -2.103496645678905e+04  -1.927482196394308e+05  1.912131902847986e+05  -2.278109483968013e+05  -8.152104131374513e+04  -1.439552722004736e+05  5.667636151356725e-02  4.742201044122615e-04  2.925965886722376e-02
  6.399999999999993e+00  1.985432318356416e+03  -2.359242462183268e+05  2.251438452337376e+05  -2.182213268956933e+05  8.486268308093249e+04  -1.021764037025116e+05  4.824213317901718e-02  7.285462622460295e-03  -6.237387893807965e-03
  6.499999999999993e+00  1.144586444841117e+05  -2.028284608499520e+05  1.593311212192521e+05  -1.121301084195990e+05  1.188916791644410e+05  -3.800332301136227e+04  2.544998158173146e-02  4.683584787577311e-03  -1.639918822471016e-02
  6.599999999999993e+00  2.788378321848068e+05  -9.061751209519478e+04  3.599976882186944e+04  5.509765805690313e+04  5.034630527927148e+04  2.307695646937049e+04  -3.843799080475883e-03  -4.582215355699561e-03  -7.207746108253872e-03
  6.699999999999992e+00  3.748263374383365e+05  8.796503553503904e+03  -4.146203761276710e+04  1.721301520401714e+05  -3.723575136408805e+04  2.289608158144825e+04  -2.372227573581193e-02  -1.222961356933300e-02  1.915428147531793e-03
  6.799999999999992e+00  3.940900351971460e+05  3.913394651786531e+04  -1.408925184941474e+04  2.213434776868289e+05  -1.037631833965404e+05  -2.654314550002144e+04  -3.070662330948844e-02  -1.458545362433638e-02  8.704459514485950e-03
  6.899999999999991e+00  3.896893334989789e+05  -2.091501289033518e+04  8.198089215343767e+04  2.295097943887842e+05  -1.251735464746908e+05  -5.023791462530598e+04  -2.733190938958536e-02  -9.246444882575474e-03  1.524056504890718e-02
  6.999999999999991e+00  3.774774138982553e+05  -6.407794365642139e+04  1.102742301156556e+05  2.124113322777004e+05  -7.798336963684348e+04  -2.643597392349798e+04  -1.962979553313926e-02  -3.354008525209244e-03  1.180757408228084e-02
  7.099999999999991e+00  3.596143061706360e+05  -1.805099621451103e+04  9.192502793413535e+04  1.985573781922504e+05  -3.440040314320032e+04  -9.948193722758191e+03  -1.593447170965152e-02  -2.861678038497910e-03  5.085371241887275e-03
  7.199999999999990e+00  3.687311907698537e+05  1.320795741418982e+04  1.906731365245639e+05  2.541667087313505e+05  -7.087410515738076e+04  -4.076945897605861e+04  -2.417104930383533e-02  -8.258098393090871e-04  1.359430691914107e-02
  7.299999999999990e+00  4.040434759779343e+05  -1.273640054611205e+05  4.147376485328953e+05  3.615435580210573e+05  -1.897319896554735e+05  -9.619444123353584e+04  -3.675883422334932e-02  1.139630588592361e-02  3.923124820194712e-02
  7.399999999999990e+00  4.412495182340296e+05  -2.646247584093584e+05  5.208939411274405e+05  4.431418538664590e+05  -2.070452883145212e+05  -1.330935088698953e+05  -4.225889082562873e-02  1.833962178345274e-02  4.322192536282655e-02
  7.499999999999989e+00  4.484399201483092e+05  -2.154049916234876e+05  4.290724129342232e+05  3.138553338237022e+05  -1.140965614105202e+05  -6.103879500726736e+04  -1.375910444578314e-02  9.887542331959103e-03  1.927039229317148e-02
  7.599999999999989e+00  3.937774217751949e+05  -8.530930021620594e+04  2.946175663914497e+05  -3.680898193410874e+04  -1.217860108615557e+04  1.295635706151520e+05  4.841198533912975e-02  -1.042055122303546e-03  -6.247086023678705e-03
  7.699999999999989e+00  3.475789468194030e+05  1.096518075429711e+05  1.516822767019935e+05  -3.181752901647143e+05  1.233067060975546e+05  3.080908867345979e+05  9.427123664965933e-02  -1.499739416749000e-02  -3.317217826880386e-02
  7.799999999999988e+00  3.633237301809217e+05  2.633596238639505e+05  7.196396193288433e+04  -3.720546756336472e+05  2.328547218481846e+05  3.812643641655903e+05  1.004150759026744e-01  -2.787257861316833e-02  -5.207348522035168e-02
  7.899999999999988e+00  4.201616340503256e+05  3.152152123686036e+05  7.703863443418722e+04  -2.506928501857767e+05  2.539043180141046e+05  3.346259513220445e+05  7.720138729505978e-02  -3.319555541314724e-02  -5.356430701235793e-02
  7.999999999999988e+00  4.530000587243065e+05  2.735213551087467e+05  1.123268430344738e+05  -8.578197449856893e+04  1.888743723333633e+05  2.308824372973265e+05  4.867798491085280e-02  -2.818339870202602e-02  -3.895360480513278e-02
  8.099999999999987e+00  4.559840518643101e+05  2.017086158625605e+05  1.272163750652570e+05  9.542937933186284e+03  9.285016811964638e+04  1.490422292036626e+05  3.071759718626876e-02  -1.937417848684989e-02  -1.880055466802450e-02
  8.199999999999987e+00  4.770462944503812e+05  1.726239509028787e+05  1.309894411131923e+05  4.282025456798496e+04  4.245091422348030e+04  1.190659098070107e+05  1.961735890944118e-02  -1.607081910054688e-02  -6.300268021771485e-03
  8.299999999999986e+00  5.251022194771857e+05  2.004499675647791e+05  1.584518073483718e+05  7.867911400649864e+04  6.051601665046692e+04  1.216423113910166e+05  6.965472029163061e-03  -1.888289018954768e-02  -7.646207830636692e-03
  8.399999999999986e+00  5.509884812306183e+05  2.509087109667459e+05  1.931189996109794e+05  1.043397458828002e+05  8.973385725198315e+04  1.362830674173815e+05  -3.043144962088442e-03  -2.406927759157838e-02  -1.637721040535534e-02
  8.499999999999986e+00  5.528212952594219e+05  2.861099026440806e+05  2.069624197179932e+05  1.015981636814986e+05  1.034878228688820e+05  1.721658746465372e+05  -6.435873050168478e-03  -2.920065485873844e-02  -2.490203259057183e-02
  8.599999999999985e+00  5.257447741119621e+05  2.438301237431511e+05  2.192798566993280e+05  8.679402208026810e+04  1.378513872996749e+05  2.310378428592309e+05  -5.437361899039913e-03  -2.747827428198327e-02  -3.458173712031804e-02
  8.699999999999985e+00  4.501511721399638e+05  1.368207082385007e+05  2.553363080728379e+05  7.740771825228876e+04  1.693072488001928e+05  2.913550392651906e+05  -4.589098122106955e-03  -1.853024342820722e-02  -4.061413511393792e-02
  8.799999999999985e+00  3.580759146226851e+05  5.510029661686334e+04  2.771674051606624e+05  9.377313867443484e+04  1.488827714755697e+05  3.217458265955531e+05  -6.657334419570658e-03  -1.112308782834871e-02  -3.634711079305167e-02
  8.899999999999984e+00  2.676933176968367e+05  6.352928737397661e+04  2.686172549673518e+05  1.009941518607764e+05  8.383449372791598e+04  3.057004875450635e+05  -4.071594269977915e-03  -1.185010991193217e-02  -2.485669490941747e-02
  8.999999999999984e+00  1.841827418596181e+05  1.141670103741337e+05  2.327581297302306e+05  3.884042096711501e+04  2.869603416236628e+04  2.612523718468865e+05  1.132264485914912e-02  -1.677699953735482e-02  -1.707694140673760e-02
  9.099999999999984e+00  1.356806024490884e+05  1.368558446664531e+05  1.750249988663768e+05  -5.744645961961396e+04  1.478001213016766e+04  2.117088414677707e+05  2.814496296759312e-02  -1.918768524658482e-02  -1.853745685469799e-02
  9.199999999999983e+00  1.324970471690691e+05  1.023425623820793e+05  1.169233470272443e+05  -1.086448403902282e+05  2.235983946793419e+04  1.622896154642959e+05  3.091604005850367e-02  -1.608604315830259e-02  -2.314070058568036e-02
  9.299999999999983e+00  1.563134604761607e+05  2.636411017671436e+04  8.247813004142392e+04  -8.801496573599573e+04  2.090469482176656e+04  1.082453589322280e+05  1.978229692379733e-02  -8.697043783950168e-03  -2.242950996648799e-02
  9.399999999999983e+00  1.948892790387438e+05  -4.759885976064893e+04  7.984758042050393e+04  -3.478129208677012e+04  -1.135336416018124e+03  5.367054556357909e+04  5.940897821499216e-03  -1.307671987437680e-03  -1.442787938473969e-02
  9.499999999999982e+00  2.392536257359561e+05  -9.876144152399623e+04  9.193337272102509e+04  2.573756823298890e+03  -3.526260374021808e+04  1.586177318007466e+04  -3.112105776601980e-03  3.132423478642489e-03  -4.963371573975319e-03
  9.599999999999982e+00  2.733949119727794e+05  -1.415403479804385e+05  9.833785378511701e+04  1.841342405095205e+04  -6.840069561127591e+04  3.819616329856607e+03  -8.191663125461830e-03  5.719982490159794e-03  3.922004065657635e-04
  9.699999999999982e+00  2.906036298853467e+05  -1.851377463879497e+05  9.885727383130204e+04  3.159850680699729e+04  -9.606366238694642e+04  5.594445845844281e+03  -1.182962419560214e-02  8.473021333320797e-03  2.488931232064250e-03
  9.799999999999981e+00  3.002892785070015e+05  -2.239242905491807e+05  1.016158181615363e+05  4.865643375154807e+04  -1.215313652491081e+05  3.888396157908943e+03  -1.403534842556910e-02  1.132595715597249e-02  4.721143734341025e-03
  9.899999999999981e+00  3.065099103445542e+05  -2.571664432595365e+05  1.063226104310751e+05  5.809871629501510e+04  -1.416670822139575e+05  -3.478478777697196e+03  -1.374215216034307e-02  1.344981962363115e-02  7.234305110823818e-03
  9.999999999999980e+00  2.988800249584657e+05  -2.889345841337144e+05  1.117912552981067e+05  4.917402771430764e+04  -1.458463714666025e+05  -7.101260974643739e+03  -1.105108508202517e-02  1.518778871290601e-02  7.572994935120399e-03
  1.009999999999998e+01  2.711340242516014e+05  -3.231486779386053e+05  1.186943720474139e+05  2.982554759914233e+04  -1.351034126901994e+05  -5.156670833542289e+03  -7.628707757279494e-03  1.768542603910067e-02  5.598503669459264e-03
  1.019999999999998e+01  2.342056396712285e+05  -3.613895227087405e+05  1.224469194198914e+05  2.003920186093506e+04  -1.254651556374005e+05  -6.247358623013628e+03  -5.482348759106688e-03  2.058320780472936e-02  4.374759500847840e-03
  1.029999999999998e+01  2.043031231362583e+05  -3.950437333192654e+05  1.253284078104341e+05  2.536689208979920e+04  -1.277397430513507e+05  -1.228830517113144e+04  -5.175030377359550e-03  2.167909848606488e-02  6.119421270613674e-03
  1.039999999999998e+01  1.817544215798220e+05  -4.129722591428431e+05  1.444877063135642e+05  3.036204616249794e+04  -1.403030958251649e+05  -1.170068100851537e+04  -4.589150344313032e-03  2.045367433264609e-02  1.065251451701168e-02
  1.049999999999998e+01  1.558286758843352e+05  -4.120863165577519e+05  1.862624470037794e+05  2.732164377769546e+04  -1.544330963417802e+05  5.002121358096347e+03  -2.068522007404941e-03  1.906108183580563e-02  1.626101183111281e-02
  1.059999999999998e+01  1.269001789544123e+05  -3.856665666422137e+05  2.281128673917722e+05  3.845829792975927e+04  -1.554387763983941e+05  2.805616175630082e+04  -1.200674748103827e-03  1.832868579584556e-02  1.988849738712492e-02
  1.069999999999998e+01  1.047527367320160e+05  -3.244414313082836e+05  2.338339099510617e+05  9.456895547831582e+04  -1.329304551723578e+05  3.227394696400317e+04  -8.389091852473536e-03  1.647462939894298e-02  1.816995462145870e-02
  1.079999999999998e+01  9.440285419758543e+04  -2.385684837800923e+05  1.885237433508211e+05  1.939238392856414e+05  -9.703264874640266e+04  7.200534588106635e+02  -2.473920273120085e-02  1.199972148131825e-02  1.122498582426699e-02
  1.089999999999998e+01  9.547640864520558e+04  -1.588558765950879e+05  1.183684219217236e+05  2.933768319832537e+05  -7.431528225096845e+04  -5.680004210674718e+04  -4.304011118875976e-02  5.556820678018363e-03  4.522762525843386e-03
  1.099999999999998e+01  1.053630297220642e+05  -1.146366794023332e+05  6.979328042531709e+04  3.436646202593070e+05  -8.459147017046991e+04  -1.113387543138276e+05  -5.383304296708275e-02  -4.264854231700929e-04  4.423299180113375e-03
  1.109999999999998e+01  1.185729547693752e+05  -1.160889210648737e+05  7.192548801070121e+04  3.299920063745306e+05  -1.247216890946082e+05  -1.391455202712389e+05  -5.351049600547531e-02  -3.319392925800647e-03  1.169379117839638e-02
  1.119999999999998e+01  1.297016667674283e+05  -1.516452152786826e+05  1.190120160628348e+05  2.786860412285154e+05  -1.712815243140977e+05  -1.381298959016199e+05  -4.612571990764582e-02  -2.305802076217421e-03  2.086353505195777e-02
  1.129999999999998e+01  1.372212898280200e+05  -1.963764393458219e+05  1.798155129143307e+05  2.273327004166095e+05  -1.986993970343359e+05  -1.239504852223455e+05  -3.795882664099208e-02  8.981220420325950e-04  2.627219227623136e-02
  1.139999999999998e+01  1.427670970047525e+05  -2.261791110610421e+05  2.234903944457019e+05  1.902418697137059e+05  -2.011445439800641e+05  -1.119239546853077e+05  -3.135070423171500e-02  3.411577812434040e-03  2.732062375601768e-02
  1.149999999999998e+01  1.487542725810859e+05  -2.305675721235397e+05  2.407145863013986e+05  1.568296730208847e+05  -1.938439961534346e+05  -1.036280281711923e+05  -2.459721056887444e-02  3.364963991076577e-03  2.702009320693962e-02
  1.159999999999997e+01  1.583037795002709e+05  -2.150367803854138e+05  2.429031182787405e+05  1.191159146520017e+05  -1.902024875404852e+05  -9.080700435046412e+04  -1.642548125643038e-02  9.907721083104808e-04  2.708699538178879e-02
  1.169999999999997e+01  1.755013941580743e+05  -1.920941736155555e+05  2.477910332394859e+05  8.621860215982169e+04  -1.873378652142462e+05  -6.942272238608728e+04  -8.158668989204714e-03  -2.083532942301114e-03  2.632223415949256e-02
  1.179999999999997e+01  2.000957891865109e+05  -1.742739784782548e+05  2.648922035527449e+05  6.773907091914683e+04  -1.772158577710458e+05  -4.591899867489169e+04  -1.775641283489548e-03  -4.064494086294758e-03  2.317083289395655e-02
  1.189999999999997e+01  2.246565274084035e+05  -1.710293130343296e+05  2.889482867583723e+05  5.664422153694541e+04  -1.603739703091187e+05  -3.007974702878121e+04  2.161699608166077e-03  -3.943136717671801e-03  1.809059228468272e-02
  1.199999999999997e+01  2.430016949810759e+05  -1.804776552703900e+05  3.060940208638977e+05  4.016900108016624e+04  -1.424299581338435e+05  -2.564691083578179e+04  4.203753140691206e-03  -2.071161858078754e-03  1.282206658570658e-02
  1.209999999999997e+01  2.568060534065058e+05  -1.873289059146658e+05  3.071447576185589e+05  2.062883691416525e+04  -1.249236827331594e+05  -2.847468851702303e+04  4.847539152528915e-03  2.409434969712650e-04  8.505753560170104e-03
  1.219999999999997e+01  2.697624553740955e+05  -1.784232565313319e+05  2.967345865943059e+05  1.271717450863164e+04  -1.061617036755908e+05  -3.198615434259598e+04  4.475871684075266e-03  1.920009967167342e-03  5.307992740418174e-03
  1.229999999999997e+01  2.792792691165148e+05  -1.575925951840579e+05  2.881700873093575e+05  2.128361324147797e+04  -8.747690679284255e+04  -3.365706419344641e+04  3.909149976787281e-03  2.669341176275773e-03  3.077823900855964e-03
  1.239999999999997e+01  2.785052405001113e+05  -1.377832793130490e+05  2.879149339577790e+05  3.229916908074816e+04  -7.221983218236850e+04  -3.528757660384185e+04  4.131236992109859e-03  2.440041488223371e-03  1.359146288555366e-03
  1.249999999999997e+01  2.648731317978764e+05  -1.237782511903627e+05  2.893849854436748e+05  2.896820612104113e+04  -5.967038630308238e+04  -3.769807451668126e+04  5.371073385395288e-03  1.180637859621424e-03  -7.548263048781281e-04
  1.259999999999997e+01  2.435272454351565e+05  -1.107191830615305e+05  2.844290694450666e+05  1.121019017450804e+04  -4.497495091564975e+04  -3.836296010998517e+04  6.698528209685628e-03  -5.787068615511168e-04  -3.726992614125076e-03
  1.269999999999997e+01  2.234985214279060e+05  -9.446736785266451e+04  2.750996941126480e+05  -4.449136605058919e+03  -2.555990790896441e+04  -3.481911131364151e+04  6.507392540457138e-03  -1.649682279475852e-03  -6.810714225134489e-03
  1.279999999999997e+01  2.115501762800532e+05  -7.622581675479420e+04  2.697962257980782e+05  -2.585725471590187e+03  -5.475945272456100e+03  -2.786273671951435e+04  3.683423341191146e-03  -1.355472246526368e-03  -8.585945582738962e-03
  1.289999999999997e+01  2.083597938173462e+05  -6.096077894581630e+04  2.712524156597651e+05  1.564142735854446e+04  8.585415420694635e+03  -2.031947033886395e+04  -1.145713258418948e-03  -3.463135002980634e-04  -8.305673996984465e-03
  1.299999999999997e+01  2.100437694844248e+05  -5.494075575315531e+04  2.733745991794238e+05  3.421142135713716e+04  1.573628179702224e+04  -1.407254222692269e+04  -5.505661626088235e-03  2.598520953310742e-04  -6.897097770785916e-03
  1.309999999999997e+01  2.128841869311197e+05  -6.104254643516200e+04  2.699593789108106e+05  3.816930847741375e+04  2.255103426052222e+04  -9.121575181629798e+03  -6.769466731630204e-03  1.329655811342600e-04  -6.344469470219377e-03
  1.319999999999997e+01  2.147635559337338e+05  -7.510940288552076e+04  2.619243790565938e+05  2.727643504210988e+04  3.534575026510814e+04  -4.906083451579947e+03  -4.480281516911891e-03  -2.935208526824273e-04  -7.809247700786574e-03
  1.329999999999997e+01  2.128551468735897e+05  -8.920523692248685e+04  2.543407638802132e+05  1.366209251870770e+04  5.275194691997104e+04  -1.825675842281942e+03  -9.988522399603538e-04  -6.459991894634451e-04  -1.052108582837816e-02
  1.339999999999997e+01  2.050573159256985e+05  -9.652246350545835e+04  2.504879641402565e+05  7.791846475827445e+03  6.605371542897327e+04  -9.600464040853412e+02  6.119060063488078e-04  -9.857555429542029e-04  -1.244270552119293e-02
  1.349999999999997e+01  1.937277501141677e+05  -9.306068723512323e+04  2.490484024066488e+05  9.218215547668367e+03  6.590789906777012e+04  -2.621658934486393e+03  -3.896636771906603e-04  -1.528691847772683e-03  -1.198478931907383e-02
  1.359999999999997e+01  1.842695637106172e+05  -7.878741688644431e+04  2.443135857331800e+05  1.105668218085819e+04  5.033563925009176e+04  -5.499066244401293e+03  -1.840370778833996e-03  -2.273750601383509e-03  -9.291441193636724e-03
  1.369999999999997e+01  1.800391548423340e+05  -5.720307054490757e+04  2.312241174111099e+05  1.047349253456243e+04  2.731499164954126e+04  -7.030086942957024e+03  -1.310991136210603e-03  -3.083649788510377e-03  -5.974174440004911e-03
  1.379999999999997e+01  1.796029448140103e+05  -3.302218769286294e+04  2.119312423734624e+05  1.111021056024010e+04  8.613047055024375e+03  -5.000308048827620e+03  1.236335061493409e-03  -3.772760376692255e-03  -3.648466053776122e-03
  1.389999999999997e+01  1.783608152164854e+05  -1.238876210938961e+04  1.944251647214599e+05  1.516532925516667e+04  6.251406996401251e+02  5.022420457881123e+02  3.863625478867537e-03  -3.922896106680479e-03  -2.790312906308872e-03
  1.399999999999997e+01  1.730450788317847e+05  -3.263640025177645e+03  1.844142867717982e+05  1.764002455018674e+04  7.618958264327813e+02  6.997750082220770e+03  5.148543498100209e-03  -3.085930293463290e-03  -2.813614492897500e-03
  1.409999999999997e+01  1.653814449232032e+05  -1.117701694621461e+04  1.810666559506167e+05  1.258988617812220e+04  1.532636962804438e+03  1.220966588734429e+04  5.436090440846814e-03  -1.365956109366603e-03  -2.973162540934405e-03
  1.419999999999997e+01  1.605384731052687e+05  -3.302447845000877e+04  1.802081626784710e+05  2.948476167233110e+03  -3.078573050509194e+03  1.632120716814979e+04  5.864251147216482e-03  2.837434748099398e-04  -3.113591268240950e-03
  1.429999999999997e+01  1.619767729578005e+05  -5.675204015140345e+04  1.787231892009519e+05  -7.885210585709407e+02  -1.438016064181252e+04  2.083532813623684e+04  6.908091626215163e-03  6.274130029751350e-04  -3.698236568679054e-03
  1.439999999999996e+01  1.682046932695399e+05  -7.142325378733379e+04  1.738873162952176e+05  7.928280140509112e+03  -2.979907296489150e+04  2.570129628479978e+04  7.993604603153379e-03  -7.028122698450960e-04  -5.181089308877085e-03
  1.449999999999996e+01  1.746428630415502e+05  -7.693373776249231e+04  1.626973481780831e+05  2.446708832650575e+04  -4.597274711448257e+04  2.881002868456179e+04  8.217433680284327e-03  -2.667978616394954e-03  -7.145577170554123e-03
  1.459999999999996e+01  1.785776110589426e+05  -8.096044887627717e+04  1.465763294447846e+05  3.831296897366774e+04  -6.049400563129182e+04  2.838452751795408e+04  7.158051631604777e-03  -3.583530776819272e-03  -8.201662085106160e-03
  1.469999999999996e+01  1.815427399982043e+05  -8.913989601922344e+04  1.336730239370423e+05  4.333645360711208e+04  -7.094377454742762e+04  2.506861173776007e+04  5.074438055062782e-03  -2.504583478983386e-03  -7.133277495984245e-03
  1.479999999999996e+01  1.868749394855141e+05  -1.012578106297358e+05  1.322006220732403e+05  4.110466932714989e+04  -7.473287547863083e+04  2.120287680447210e+04  2.635526326306677e-03  1.624480548838534e-04  -4.223444084302246e-03
  1.489999999999996e+01  1.957594504095257e+05  -1.140770420268831e+05  1.421946795952695e+05  3.638034532826862e+04  -7.235720880530130e+04  1.836016030803528e+04  5.980245703326910e-04  3.164002595858190e-03  -1.196064436053188e-03
  1.499999999999996e+01  2.054195576878410e+05  -1.236340370143558e+05  1.561686177365203e+05  3.327639170065003e+04  -7.003617317131480e+04  1.633163120643936e+04  -4.920733978619579e-04  5.210977371942434e-03  3.241854211428236e-04
  1.509999999999996e+01  2.106786935058967e+05  -1.262501118905139e+05  1.674605297510840e+05  3.512369024947323e+04  -7.554932231849324e+04  1.465779847494045e+04  -6.098808607897290e-04  5.603586590441913e-03  1.188718583469576e-04
  1.519999999999996e+01  2.078067153826753e+05  -1.219136333364777e+05  1.752352766733772e+05  4.345876817976898e+04  -8.973951561239638e+04  1.439495514642781e+04  -2.078925519872751e-04  4.552799476966657e-03  -9.380656550610401e-04
  1.529999999999996e+01  1.979621394032424e+05  -1.165806394504229e+05  1.817302883830427e+05  5.486793106053797e+04  -1.044716037929369e+05  1.733771150669385e+04  2.239469016079234e-04  2.984833244812800e-03  -2.001564654205610e-03
  1.539999999999996e+01  1.870589079437634e+05  -1.179048873204026e+05  1.878131721763611e+05  6.104441134738433e+04  -1.105870629101146e+05  2.343314388292894e+04  4.545161514172258e-04  1.872129518760094e-03  -2.691412840954809e-03
  1.549999999999996e+01  1.811798734068297e+05  -1.283108359189832e+05  1.926069710591740e+05  5.575921164469791e+04  -1.070107217005053e+05  3.000017598678773e+04  3.259099794682271e-04  1.563626137119950e-03  -2.733918346999637e-03
  1.559999999999996e+01  1.819227209081844e+05  -1.431962586238917e+05  1.961753823983320e+05  4.201520794447495e+04  -1.013803001319231e+05  3.385504806414760e+04  -4.344136808702569e-04  1.674184337326553e-03  -1.651413802359470e-03
  1.569999999999996e+01  1.864204916570859e+05  -1.559257747470099e+05  2.000330259506788e+05  2.983867168811897e+04  -1.018145362802421e+05  3.367355847650646e+04  -1.841739202867875e-03  1.589916016652097e-03  8.559513184255558e-04
  1.579999999999996e+01  1.910059465011201e+05  -1.633698531985093e+05  2.046182756415648e+05  2.678729556806199e+04  -1.089290940419956e+05  3.023678649148090e+04  -3.216187258520443e-03  9.640503592216410e-04  4.254385464965898e-03
  1.589999999999996e+01  1.938415079827760e+05  -1.662657072640540e+05  2.082473973814463e+05  3.167365575431927e+04  -1.160218212146464e+05  2.511861983856394e+04  -3.458319012754973e-03  -1.352225010836406e-04  7.257312198661197e-03
  1.599999999999996e+01  1.946097053403641e+05  -1.663490448339877e+05  2.096705474940580e+05  3.740784081337554e+04  -1.160557964074353e+05  1.972288721508327e+04  -1.962336953844493e-03  -1.318251227382034e-03  8.753406991616116e-03
  1.609999999999996e+01  1.937428354939607e+05  -1.641902166403202e+05  2.103843735900525e+05  3.879037965396808e+04  -1.081805410998576e+05  1.509829311342553e+04  6.777458410528071e-04  -2.124663271221995e-03  8.651027314459771e-03
  1.619999999999996e+01  1.930492274677610e+05  -1.586968888943933e+05  2.128129900617987e+05  3.687978151814358e+04  -9.800733430918967e+04  1.180734228794064e+04  2.932715243804607e-03  -2.272217140478825e-03  7.769912780070779e-03
  1.629999999999996e+01  1.957048219595527e+05  -1.482913212477227e+05  2.164207910019964e+05  3.669008224215000e+04  -9.179868143521776e+04  9.630524556265718e+03  3.448355135161951e-03  -1.812659998284614e-03  6.877618216192951e-03
  1.639999999999996e+01  2.036928003159774e+05  -1.334030847743542e+05  2.173088428599628e+05  4.146820137402881e+04  -9.043177860538538e+04  7.602676845232410e+03  2.089290947596883e-03  -1.093687871783588e-03  5.893674136645240e-03
  1.649999999999996e+01  2.150709964467378e+05  -1.180013703613663e+05  2.130626818336682e+05  4.922523316054230e+04  -8.954016097688134e+04  4.859503843775310e+03  2.873657935379193e-05  -5.174473166438365e-04  4.202408085900453e-03
  1.659999999999997e+01  2.242436479227271e+05  -1.078014870220123e+05  2.063605009977982e+05  5.455664966170471e+04  -8.530289080033000e+04  1.781621281287505e+03  -1.178739815983589e-03  -3.070987541581445e-04  1.677720938036053e-03
  1.669999999999997e+01  2.256703015442707e+05  -1.057565465197532e+05  2.018202908840335e+05  5.353648661236888e+04  -7.861443436857134e+04  2.975581595226769e+02  -7.689078871110335e-04  -4.391555854433616e-04  -8.726171030940815e-04
  1.679999999999997e+01  2.180586320106878e+05  -1.093517955638296e+05  2.001539057165928e+05  4.696857837572930e+04  -7.304279268058290e+04  2.508365335380857e+03  7.104509976192860e-04  -7.803462784744337e-04  -2.392998890970477e-03
  1.689999999999997e+01  2.054022029125021e+05  -1.131871433146773e+05  1.974066424863763e+05  3.904918726152756e+04  -6.988422701616843e+04  8.516058786205052e+03  1.950879377048327e-03  -1.233465833509517e-03  -2.608476549689131e-03
  1.699999999999997e+01  1.943115496840211e+05  -1.143037115973874e+05  1.902407966466328e+05  3.319420812965077e+04  -6.670375129841862e+04  1.573435832718043e+04  2.055048909280096e-03  -1.704647199920444e-03  -2.219207152133364e-03
  1.709999999999997e+01  1.899484257607620e+05  -1.142306721202075e+05  1.803767066880058e+05  3.004174817577515e+04  -6.085024079661000e+04  2.051888073951270e+04  1.230031035351901e-03  -2.033084355361396e-03  -2.054394252272952e-03
  1.719999999999997e+01  1.936598042911776e+05  -1.158973815627783e+05  1.725606521998719e+05  2.871574811138693e+04  -5.267121993377628e+04  2.071751612524226e+04  4.433537881658140e-04  -2.019499522057146e-03  -2.270896990357621e-03
  1.729999999999998e+01  2.031752443024393e+05  -1.192486657450520e+05  1.693873496884603e+05  2.935073176135385e+04  -4.503505505533811e+04  1.666926121161795e+04  3.914127519990034e-04  -1.609808316307810e-03  -2.373197349675429e-03
  1.739999999999998e+01  2.144125107784591e+05  -1.206717376330542e+05  1.691517772482290e+05  3.340063862793642e+04  -4.027858034764171e+04  1.031929790791108e+04  8.504815872855444e-04  -9.712840694441532e-04  -1.873404947058847e-03
  1.749999999999998e+01  2.232714477794019e+05  -1.166157494067828e+05  1.684798707500197e+05  4.180038453478678e+04  -3.810646619962042e+04  3.803467119443184e+03  9.746025466266622e-04  -3.825132427245662e-04  -8.223428592027080e-04
  1.759999999999998e+01  2.269300793813469e+05  -1.073279404686446e+05  1.660422234936350e+05  5.319540984114273e+04  -3.628949987799241e+04  -1.093072232037112e+03  1.625591763027579e-04  -9.147025529337763e-05  2.332759050221350e-04
  1.769999999999998e+01  2.245768877873154e+05  -9.732710914975607e+04  1.635792662854689e+05  6.368402191381298e+04  -3.291164934801906e+04  -2.735780592129736e+03  -1.314323022988353e-03  -2.512039781211893e-04  6.534192903330609e-04
  1.779999999999998e+01  2.172682526597014e+05  -9.254625278152080e+04  1.641486810898627e+05  6.859861404231098e+04  -2.798705129590890e+04  7.960017386145840e+01  -2.497344572625747e-03  -8.840953134531079e-04  1.424580285344245e-04
  1.789999999999998e+01  2.070540598114504e+05  -9.617657459773670e+04  1.700321349508371e+05  6.542059580369314e+04  -2.350087625370721e+04  6.966604993511976e+03  -2.565799208728913e-03  -1.833249885234886e-03  -9.743749395349522e-04
  1.799999999999999e+01  1.959795762160802e+05  -1.062632954988572e+05  1.818615973162551e+05  5.585002492975778e+04  -2.186140644678541e+04  1.503423305224378e+04  -1.547533106703279e-03  -2.748043006792677e-03  -1.864350752596674e-03
  1.809999999999999e+01  1.856528386568288e+05  -1.170016811476760e+05  1.985995505551535e+05  4.553228590164641e+04  -2.400038889414476e+04  1.985867590817468e+04  -3.258961634715558e-04  -3.218781069645102e-03  -1.729320786978899e-03
  1.819999999999999e+01  1.774934952186391e+05  -1.224397994717643e+05  2.180349691492361e+05  4.095033870681529e+04  -2.871139939354947e+04  1.838689289980215e+04  7.125574670837065e-05  -3.019086582018348e-03  -3.878979350323073e-04
  1.829999999999999e+01  1.726554896838134e+05  -1.198734436174561e+05  2.371731124675889e+05  4.523825869406330e+04  -3.330080460224376e+04  1.142351940150009e+04  -6.776493609606394e-04  -2.255228840388491e-03  1.557768660776948e-03
  1.839999999999999e+01  1.713983903173111e+05  -1.106959231001411e+05  2.527199249754206e+05  5.617512611146495e+04  -3.503032042017506e+04  3.235922049655241e+03  -1.974712529513146e-03  -1.281572801330515e-03  3.120656473373918e-03
  1.849999999999999e+01  1.727906949191844e+05  -9.893607000973805e+04  2.619391333696822e+05  6.782082242804077e+04  -3.264367708798981e+04  -1.596678230931676e+03  -2.863496800032606e-03  -4.275150138911830e-04  3.553100747610314e-03
  1.859999999999999e+01  1.753213721484029e+05  -8.931366350978288e+04  2.633422716989386e+05  7.439899278663007e+04  -2.701887745174691e+04  -1.331620893819764e+03  -2.792416529879031e-03  2.190476487103928e-04  2.706175374426070e-03
  1.870000000000000e+01  1.782320683061994e+05  -8.528138436854494e+04  2.572171359907573e+05  7.352577546819500e+04  -2.083968067025550e+04  2.338521895307214e+03  -1.976578039739909e-03  7.874009541107640e-04  1.017407712699078e-03
  1.880000000000000e+01  1.818939445655344e+05  -8.761143565984516e+04  2.453816878779065e+05  6.669478301234909e+04  -1.729995942829387e+04  6.133689681850029e+03  -1.104275386910290e-03  1.412402846951367e-03  -7.806147647948870e-04
  1.890000000000000e+01  1.867620114004079e+05  -9.414405143493979e+04  2.304246867140474e+05  5.745294655712054e+04  -1.822388272061657e+04  7.477660912236127e+03  -7.283389346260010e-04  2.059236920710278e-03  -2.066726941009577e-03
  1.900000000000000e+01  1.923125293941445e+05  -1.008996485239870e+05  2.151358989978672e+05  4.922285283357765e+04  -2.308460470811122e+04  5.657604239233348e+03  -8.794731535933957e-04  2.537165686579663e-03  -2.625586049518324e-03
  1.910000000000000e+01  1.970140520569495e+05  -1.042055978914799e+05  2.023343895742402e+05  4.396011336755798e+04  -2.984293619896824e+04  1.666867492280130e+03  -1.089173317169638e-03  2.639546180208519e-03  -2.647005177993334e-03
  1.920000000000000e+01  1.994508986113151e+05  -1.025800190135117e+05  1.948118556187919e+05  4.186253046484403e+04  -3.686278145281635e+04  -2.703886481442682e+03  -7.800840349780170e-04  2.282072455891280e-03  -2.454379452721301e-03
  1.930000000000000e+01  1.992893193464824e+05  -9.731351853013774e+04  1.946106493263935e+05  4.190262032596720e+04  -4.416196642427202e+04  -5.909288788953713e+03  2.730651669985180e-04  1.559507492765337e-03  -2.239708962171664e-03
  1.940000000000001e+01  1.972236188714026e+05  -9.138284610564115e+04  2.018502045061588e+05  4.267713193131280e+04  -5.271133244497495e+04  -7.337962127799802e+03  1.761011656910111e-03  6.847356797692967e-04  -2.028822250837946e-03
  1.950000000000001e+01  1.945496051921349e+05  -8.755513538863034e+04  2.139116129452536e+05  4.322017921735050e+04  -6.256410454382598e+04  -7.216674865675993e+03  3.035622162753894e-03  -1.087425910121764e-04  -1.837307598605414e-03
  1.960000000000001e+01  1.927275063282314e+05  -8.708872044268876e+04  2.260656371020973e+05  4.332946271640656e+04  -7.202643815432423e+04  -5.942309186299766e+03  3.569001585102473e-03  -6.395991413545955e-04  -1.737131435227837e-03
  1.970000000000001e+01  1.931565036377956e+05  -8.973722107763123e+04  2.336230578164160e+05  4.327426637790736e+04  -7.863693818268074e+04  -3.616429201877661e+03  3.315032707947235e-03  -8.117923108957271e-04  -1.741698303768167e-03
  1.980000000000001e+01  1.969108035335336e+05  -9.469597559315503e+04  2.341715574589901e+05  4.330191905821902e+04  -8.094712727764860e+04  -2.698149024733166e+02  2.656688657781345e-03  -6.032044842180242e-04  -1.697294883768685e-03
  1.990000000000001e+01  2.040840803616306e+05  -1.013093093247972e+05  2.284690206749101e+05  4.329501216656764e+04  -7.952321431715558e+04  3.530477127372304e+03  2.029489284022897e-03  -7.629161802281144e-05  -1.331859619571669e-03
