TITLE = "Temporal Signal for receiver number 01425"
VARIABLES = "Time","xx","yy","zz","xy","yz","xz","u","v","w"
# x1       3.615946160000e+05
# x2       4.721184950000e+06
# x3       -3.000000000000e+03
  0.000000000000000e+00  0.000000000000000e+00  0.000000000000000e+00  0.000000000000000e+00  0.000000000000000e+00  0.000000000000000e+00  0.000000000000000e+00  0.000000000000000e+00  0.000000000000000e+00  0.000000000000000e+00
  1.000000000000000e-01  0.000000000000000e+00  0.000000000000000e+00  0.000000000000000e+00  0.000000000000000e+00  0.000000000000000e+00  0.000000000000000e+00  0.000000000000000e+00  0.000000000000000e+00  0.000000000000000e+00
  2.000000000000000e-01  0.000000000000000e+00  0.000000000000000e+00  0.000000000000000e+00  0.000000000000000e+00  0.000000000000000e+00  0.000000000000000e+00  0.000000000000000e+00  0.000000000000000e+00  0.000000000000000e+00
  3.000000000000000e-01  0.000000000000000e+00  0.000000000000000e+00  0.000000000000000e+00  0.000000000000000e+00  0.000000000000000e+00  0.000000000000000e+00  0.000000000000000e+00  0.000000000000000e+00  0.000000000000000e+00
  4.000000000000000e-01  1.238351252282560e-17  1.417779937782451e-17  8.563670146419857e-18  -5.408526459285930e-18  -1.497692689312594e-18  2.694926506915279e-18  -1.393823518372181e-24  1.741640670992164e-24  -5.412604765988501e-25
  5.000000000000000e-01  -1.503516170421346e-13  -2.548988074674746e-13  -7.874164863363679e-14  7.371597439866202e-14  -1.219363065220718e-14  -5.843485818098939e-15  1.438783706012961e-20  -2.641998629493692e-20  1.587489678699933e-21
  6.000000000000000e-01  8.971821433343888e-12  1.103374184275776e-11  6.987486349857602e-12  -2.407411942592022e-14  2.953087752608744e-12  5.845664795510565e-13  -3.626224253442785e-19  8.131556842895009e-19  1.037217367204689e-19
  7.000000000000000e-01  4.096778994315372e-10  4.347408621404118e-10  1.729376764497516e-10  -1.786453766018003e-10  -9.182202985777298e-11  9.371738217874781e-11  -4.719673599315537e-17  5.822509021031148e-17  -2.581615298542407e-17
  7.999999999999999e-01  -4.458719994665591e-09  -1.101625854185933e-08  -2.670369088508117e-09  3.793832554098239e-09  -6.544361995988651e-10  9.386146011416207e-10  7.315082561724090e-16  -9.207247923130818e-16  2.459958876127964e-16
  8.999999999999999e-01  -1.210171046897832e-07  -1.490772037054218e-07  -3.006966833324245e-08  7.602552509840930e-08  3.946248094467468e-08  -3.437931450746279e-08  1.530128967053936e-14  -1.806426655190620e-14  1.006811695607369e-14
  9.999999999999999e-01  -1.610963338471421e-06  -1.664531804647654e-06  -4.751174272396178e-07  8.306962556438253e-07  5.325070332583725e-07  -5.549104776455463e-07  1.652755037290064e-13  -2.235345110500673e-13  1.043010386141746e-13
  1.100000000000000e+00  -1.527161403965404e-05  -1.515202523744843e-05  -5.987597911722409e-06  5.919290806542492e-06  4.057971299267047e-06  -5.138610902188562e-06  1.434058339876800e-12  -2.068772810187108e-12  8.736427320166700e-13
  1.200000000000000e+00  -6.616827814255065e-05  -6.704640588210525e-05  -3.675055472323425e-05  1.296244055124771e-05  8.638445797711428e-06  -2.287443648508026e-05  6.620875848883358e-12  -8.172981165525126e-12  4.700334114274713e-12
  1.300000000000000e+00  1.048946221286188e-04  1.015316026841865e-04  -6.289845892926181e-05  -1.062723492919114e-04  -5.774239943825560e-05  -5.840793187016270e-06  -9.288910353886211e-12  2.436199668656234e-11  1.243229121058830e-11
  1.400000000000000e+00  9.934916538294960e-04  9.103620480221437e-04  2.773406602006111e-04  -2.892572016844514e-04  -1.981224957845948e-04  2.233965770897777e-04  -9.926372986980060e-11  1.409992416276027e-10  -2.717319729495839e-11
  1.500000000000000e+00  -2.353210177687879e-03  -1.242979810944000e-03  4.869114893954158e-04  1.440021937972372e-03  1.194473916205950e-03  -3.299754877657824e-04  2.284701769295314e-10  -3.479073958511464e-10  -8.303228385606040e-11
  1.600000000000000e+00  -2.609625127364486e-03  -1.017286094936318e-03  -3.006764615372587e-04  -1.280767330743026e-03  1.348555943740149e-03  -2.277308357886240e-03  3.327767867252882e-10  -3.089354648389841e-10  6.026852802433763e-10
  1.700000000000000e+00  1.813243684157303e-02  5.932729547053053e-03  -1.960681739870562e-03  -4.204560014428400e-03  -7.898070177523701e-03  5.476205703866926e-03  -2.168375695868288e-09  1.712946156839119e-09  -6.095929174214865e-10
  1.800000000000000e+00  -3.118102782858042e-02  -1.960588128608537e-02  -8.201188239565154e-03  1.610826562787320e-02  5.503320091996847e-03  -1.906148419574629e-04  4.407524487044904e-09  -2.769586331623132e-09  -1.287409359465889e-10
  1.900000000000001e+00  6.306651304562748e-02  1.017240731290225e-01  5.453817715700468e-02  -3.378007918883071e-02  1.410173621825283e-02  -9.241519125715168e-03  -9.365311552573775e-09  5.571732746033723e-09  -3.548233237962705e-09
  2.000000000000000e+00  -2.183325254866629e-01  -4.792593205020443e-01  -2.360244127088080e-01  8.483448064641393e-02  -6.232183530223282e-02  -4.100480884522010e-04  3.149849690451657e-08  -2.424002190316103e-08  2.614738593583069e-08
  2.100000000000001e+00  4.745414381273619e-01  1.028563841812739e+00  1.008712758389950e+00  2.838086254243349e-02  1.098183334709191e-01  1.815248487675197e-01  -7.863066054474942e-08  5.664424002303930e-08  -8.573936632503071e-08
  2.200000000000001e+00  1.172792531339908e+00  6.254632128231189e-01  -1.048872715951061e+00  -1.437276492311940e+00  -3.235393657541964e-01  -2.702097809055741e-01  -4.680435322584839e-08  8.877862160265447e-08  9.559042443296670e-08
  2.300000000000001e+00  -1.502121096053499e+01  -1.483160338062091e+01  -8.713117642254678e+00  8.487660801277602e+00  1.806674623897268e+00  -2.034513172948992e+00  1.404932265079896e-06  -1.468094090311773e-06  4.349937919365832e-07
  2.400000000000001e+00  4.918651019337056e+01  4.272993375594414e+01  3.782337074434739e+01  -1.894613073465312e+01  -1.308283168694877e+01  1.475505953757527e+01  -4.541305664844440e-06  4.105302460147037e-06  -2.885291637511010e-06
  2.500000000000001e+00  4.525158265746297e+01  3.483566635105868e+01  3.163229672741865e+01  -2.306495378130731e+01  -6.847733162817630e+00  1.255048867327959e+01  -3.625819579071081e-06  3.068979042801071e-06  -1.936247727266592e-06
  2.600000000000001e+00  -1.617914567975327e+02  -1.957761917702505e+02  -1.113200285097185e+02  8.442806995679348e+01  3.691494627470465e+01  -2.379576291722401e+01  1.365636268128067e-05  -1.741835657670787e-05  5.722985332219701e-06
  2.700000000000001e+00  -2.524650271830914e+02  -3.822750680544955e+02  -1.879998711628671e+02  1.575880761200192e+02  5.439585186848107e+01  -2.843685021647188e+01  2.078099030808691e-05  -3.263863041930534e-05  8.935181290725064e-06
  2.800000000000001e+00  -1.504125392642968e+02  -4.051672740236147e+02  -1.290951378388605e+02  1.502208262419949e+02  5.660995067246949e+01  -1.229656757958223e+01  1.349993575972287e-05  -3.437682375192937e-05  7.102807053444271e-06
  2.900000000000001e+00  -7.442767381093726e+01  -4.309557172771288e+02  -5.603235263169072e+01  1.534449913578718e+02  6.248374144863165e+01  -1.154934043532048e+01  9.320055142793105e-06  -3.584526316420396e-05  5.369520586242427e-06
  3.000000000000001e+00  -1.601893870386330e+02  -5.950152791320007e+02  -3.487294971908631e+01  2.423153031974398e+02  6.015906621882665e+01  4.853766002726127e+00  1.858253665441953e-05  -5.189792758288186e-05  -2.593218990513117e-06
  3.100000000000001e+00  -9.027408923068809e+01  -7.610703634124700e+02  -1.858747361397041e+01  2.719619871000549e+02  5.155100728254854e+01  2.660268536635492e+01  1.339393138041115e-05  -6.137378470542818e-05  -2.141367667637256e-06
  3.200000000000002e+00  -8.509000388692755e+02  -1.974705116725991e+03  -5.587545443122928e+02  7.792087557565743e+02  1.647983441907105e+02  -4.495551413545743e+01  9.061940503751734e-05  -1.684473138750351e-04  2.140640180157362e-05
  3.300000000000002e+00  -1.633956562616822e+03  -3.342822279097954e+03  -1.065187325443438e+03  1.388556716546325e+03  4.187049551289155e+02  -1.873582864351207e+02  1.481952861248115e-04  -2.730541241003478e-04  4.853108481794229e-05
  3.400000000000002e+00  -4.642990298746282e+03  -8.101277747133085e+03  -3.435771451880660e+03  3.227216662612623e+03  1.287528639655168e+03  -7.147154109588620e+02  4.231552757054135e-04  -6.692231167237448e-04  1.878497218900636e-04
  3.500000000000002e+00  -1.870458692116582e+04  -2.493424250667028e+04  -1.305551246843177e+04  1.100303203683257e+04  4.530723475357956e+03  -3.396239350657631e+03  1.657507895855512e-03  -2.145350927383228e-03  7.369070457195828e-04
  3.600000000000002e+00  -3.793032498299650e+04  -5.020846700352925e+04  -2.619121966591450e+04  2.267269914745685e+04  9.456757922368133e+03  -7.888273230315256e+03  3.344754890034031e-03  -4.289036274738678e-03  1.640462386080349e-03
  3.700000000000002e+00  -6.417329526456851e+04  -9.047040452530789e+04  -4.298166333922547e+04  4.222788992337525e+04  1.579018168644726e+04  -1.186735547762749e+04  5.780552297648673e-03  -7.988700261707041e-03  2.346634824189368e-03
  3.800000000000002e+00  -1.088018607832912e+05  -1.512165658610049e+05  -6.781604678348090e+04  7.211883151267642e+04  2.610422157144364e+04  -2.261010463007274e+04  1.006351619728131e-02  -1.292766232311816e-02  4.268825747934186e-03
  3.900000000000002e+00  -1.367199283231526e+05  -2.044918733768594e+05  -8.056679230267285e+04  1.021537708681644e+05  3.718737623649609e+04  -3.233967987722222e+04  1.295743849437307e-02  -1.825444842394362e-02  5.437965758225395e-03
  4.000000000000002e+00  -2.499065094155247e+05  -3.526221290620821e+05  -1.388892384111350e+05  1.850880935213499e+05  5.579076212264749e+04  -5.066999699238560e+04  2.370256078000205e-02  -3.218478886321710e-02  7.452965267793953e-03
  4.100000000000001e+00  -2.628004232321492e+05  -4.294246553275718e+05  -1.356415569274580e+05  2.316435346906405e+05  6.356536915828023e+04  -6.547502826289500e+04  2.638336897742904e-02  -3.735713466336361e-02  1.001071776355918e-02
  4.200000000000001e+00  -1.385272641288443e+05  -3.768015730320682e+05  -4.289368536594367e+04  2.221716150477932e+05  7.223352997583804e+04  -7.560323044991249e+04  1.878216001456381e-02  -3.582922336944688e-02  9.015898577348814e-03
  4.300000000000001e+00  -3.339805906689799e+04  -4.615261342269319e+05  2.386637406079862e+04  2.809089957267750e+05  7.586077466311253e+04  -4.728649896372743e+04  1.134314936796137e-02  -4.668812292412770e-02  -5.652047673377916e-04
  4.400000000000000e+00  -1.179394291343825e+04  -6.106110877638904e+05  3.082670800989768e+04  3.449326974377191e+05  6.054431992979701e+04  -4.246462453866218e+04  1.131753869620374e-02  -5.363262280337423e-02  -6.215793308651049e-04
  4.500000000000000e+00  -6.414231935314908e+04  -5.085342234011923e+05  6.693182742928354e+04  3.059898312368782e+05  1.003186681032145e+05  -1.528048715101571e+05  2.243431431783480e-02  -4.056855235634549e-02  1.634266570062630e-02
  4.600000000000000e+00  3.645539688134707e+04  -3.994923244718683e+05  1.650934679973865e+05  2.701896561528855e+05  1.346847980027883e+05  -1.817980639988803e+05  1.688126725553338e-02  -3.412425188570851e-02  1.269866390076594e-02
  4.699999999999999e+00  3.906310377215582e+05  -6.887594332732186e+05  3.434023840046683e+05  4.308181529787671e+05  7.396386827705897e+04  3.213991846897380e+04  -1.633076785404172e-02  -6.971122753369807e-02  -3.054250179157540e-02
  4.799999999999999e+00  6.595082990260117e+05  -1.035574004228891e+06  5.088814594440088e+05  6.337366546946371e+05  3.921666672490640e+04  1.325687621944425e+05  -3.478695635902421e-02  -1.054144383587521e-01  -5.084467104919085e-02
  4.899999999999999e+00  4.691367864358070e+05  -7.778593641176018e+05  3.632637114563275e+05  4.941553147162700e+05  1.298756170394829e+05  -2.497685819430971e+05  -5.324551637245318e-03  -5.555172938835626e-02  1.309839535570763e-02
  4.999999999999998e+00  -7.144515160965816e+04  9.115560259738720e+04  -1.489010191443803e+04  4.135311230214189e+04  2.436907516001710e+05  -7.901669190225041e+05  4.968194434103353e-02  6.921371605669063e-02  1.055309824806347e-01
  5.099999999999998e+00  -5.206966461804874e+05  8.330336737796607e+05  -2.004716862669717e+05  -2.658790642956345e+05  2.523719831253049e+05  -9.222060776603326e+05  8.431307088014822e-02  1.537386436719123e-01  1.263593869800196e-01
  5.199999999999998e+00  -5.300557208149489e+05  8.416893210102312e+05  -5.739008398081308e+04  -1.690793533735772e+05  1.650189425723275e+05  -6.139688977999820e+05  7.407739257811410e-02  1.288562630497143e-01  6.787667378714102e-02
  5.299999999999997e+00  -1.422101047198889e+05  2.912574309229176e+05  2.128037783564763e+05  1.592451654557939e+05  8.139624484776190e+04  -2.446969877344812e+05  3.617100373578025e-02  4.564127241088808e-02  6.157694834674928e-04
  5.399999999999997e+00  2.041438772495428e+05  -2.418908077812262e+05  3.709908303314719e+05  4.061361360325212e+05  4.322056519247565e+04  -8.266643987532989e+04  9.294899064306854e-03  -1.171377316157680e-02  -2.598675394361370e-02
  5.499999999999996e+00  1.764817846103461e+05  -4.197473715394585e+05  3.346056752724873e+05  4.091241813687186e+05  1.442861224021720e+04  -1.149433136311019e+05  1.123194415551298e-02  -1.514055304133376e-02  -1.500506343241362e-02
  5.599999999999996e+00  -5.333245653035618e+04  -2.619398275990225e+05  2.186250271861829e+05  2.573118819754270e+05  -7.921050714172380e+03  -1.848833868368515e+05  2.476636087378524e-02  1.014784130737595e-02  9.253764853720259e-03
  5.699999999999996e+00  -2.014838534553209e+05  1.320244871316120e+04  1.896231793664086e+05  1.363573099035392e+05  -1.108196206150903e+04  -1.803497271314467e+05  3.201288675190932e-02  3.501666216199651e-02  2.190963842638582e-02
  5.799999999999995e+00  -2.513258409278883e+05  1.896072698079009e+05  2.910074958834407e+05  1.097098116580989e+05  -2.965096927920438e+04  -1.116621342570244e+05  3.600321506154360e-02  5.129597596270633e-02  1.011838473092913e-02
  5.899999999999995e+00  -2.123286176203703e+05  2.131115440858366e+05  4.058984100918242e+05  1.187511136603326e+05  -6.236347770077697e+04  -5.561638407339672e+04  3.512105424704100e-02  5.498487919063639e-02  -1.218171374716809e-02
  5.999999999999995e+00  -1.860096401732468e+04  1.579483453265430e+05  3.870881228565498e+05  1.167567292084751e+05  -3.470545318647433e+04  -5.522350512752305e+04  1.728306878312027e-02  3.986604549316249e-02  -2.037421886618455e-02
  6.099999999999994e+00  2.574121898075196e+05  1.012625351429422e+05  2.268187209450405e+05  1.146447375042142e+05  7.389676832513839e+04  -7.204056329191446e+04  -1.304745914224981e-02  1.549727788041338e-02  -1.179455570273761e-02
  6.199999999999994e+00  4.546758953570524e+05  6.491938906608431e+04  5.178259755207616e+04  1.360552421809822e+05  1.807298760165804e+05  -6.104680888097295e+04  -3.682087050074504e-02  -1.348841933813694e-04  -1.394059610045598e-03
  6.299999999999994e+00  5.462831086088157e+05  1.317802976038895e+04  -8.695223639015469e+03  1.822797751123633e+05  2.078373206759967e+05  -5.063197357673333e+04  -4.657281511798447e-02  -5.617278716386103e-03  3.532558274789085e-03
  6.399999999999993e+00  5.926644791179528e+05  -1.100668570877583e+05  6.201315758253895e+04  2.313009230019960e+05  1.660676709641943e+05  -8.779622836784672e+04  -4.749869285954773e-02  -1.340047820295474e-02  8.039160598807752e-03
  6.499999999999993e+00  5.984629795932905e+05  -2.618847883148032e+05  1.844414117658930e+05  2.555084309064216e+05  1.147790461327188e+05  -1.419060298529605e+05  -4.203422504081495e-02  -2.397043919342949e-02  1.414007970990487e-02
  6.599999999999993e+00  5.229371566077701e+05  -2.949562143641060e+05  2.648946947910782e+05  2.531456019472762e+05  8.911329374094920e+04  -1.297262833509305e+05  -2.624702548548541e-02  -2.234648121186228e-02  1.400845962196693e-02
  6.699999999999992e+00  3.631981182639082e+05  -1.268734903088350e+05  2.413526455383617e+05  2.290404390395843e+05  8.272593785299665e+04  -1.158519392755787e+04  -1.914438843596428e-03  -7.839424992646108e-04  2.628073301488009e-04
  6.799999999999992e+00  1.860900294258909e+05  1.614418527316603e+05  1.053942510289783e+05  1.847674012421253e+05  7.057849764971313e+04  1.644119781745141e+05  1.994728029160069e-02  2.959052330763186e-02  -2.493829655833994e-02
  6.899999999999991e+00  7.356510631948308e+04  3.928073000619622e+05  -8.037780470228603e+04  1.414428436216451e+05  3.927873472199292e+04  3.103864413798176e+05  2.999434110271342e-02  5.084674335366321e-02  -5.013118618268972e-02
  6.999999999999991e+00  5.207633988665634e+04  4.425281250957198e+05  -2.229075768806810e+05  1.215661277602730e+05  1.123027852781261e+03  3.736215854916075e+05  2.760014871709889e-02  5.418680347009588e-02  -6.376163228684395e-02
  7.099999999999991e+00  8.785308787349431e+04  3.245689369736608e+05  -2.860041742473689e+05  1.356593949501539e+05  -1.543269774454441e+04  3.537085624434205e+05  2.010126334749140e-02  4.352177240478076e-02  -6.225174332258707e-02
  7.199999999999990e+00  1.444127224878574e+05  1.489392017127760e+05  -2.893580704891651e+05  1.654372674690336e+05  5.166903900046109e+03  2.826753080440128e+05  1.355855496950774e-02  2.870877877875191e-02  -4.936608255928790e-02
  7.299999999999990e+00  2.145804746891200e+05  2.810884325513521e+04  -2.589755097540833e+05  1.758632808299728e+05  5.185148817537005e+04  2.010533857310243e+05  8.335741583768133e-03  1.777099427221223e-02  -3.227566406625703e-02
  7.399999999999990e+00  2.769080507793232e+05  3.720345180253594e+03  -2.250325835424268e+05  1.631490214038133e+05  1.017363102739201e+05  1.449995447856346e+05  5.462585502261008e-03  1.362582590340225e-02  -1.724765349199639e-02
  7.499999999999989e+00  2.770865412592691e+05  3.875924241667306e+04  -2.274779207368118e+05  1.509744391710069e+05  1.315993785479266e+05  1.342176146521702e+05  7.978826999660007e-03  1.483031185077210e-02  -7.917707233578304e-03
  7.599999999999989e+00  2.255712297984431e+05  8.724609736840829e+04  -2.618736527333301e+05  1.514646796377804e+05  1.297265385773648e+05  1.618049247415117e+05  1.314185181781665e-02  1.894521006095371e-02  -5.815682695607865e-03
  7.699999999999989e+00  2.135601758841303e+05  1.296610572110963e+05  -2.677757010345362e+05  1.559265221846904e+05  1.189379393041376e+05  1.992514073779813e+05  1.233465821491365e-02  2.348217681344280e-02  -8.785660143369822e-03
  7.799999999999988e+00  2.856088792294916e+05  1.617698513387897e+05  -2.087473078483606e+05  1.523385069053164e+05  1.375068353269639e+05  2.189689194710493e+05  2.720475367898739e-03  2.631443302161728e-02  -1.228707990659711e-02
  7.899999999999988e+00  3.804120385699287e+05  1.872519316652801e+05  -1.127370620645120e+05  1.382210618840645e+05  1.881558058091851e+05  2.148505145224719e+05  -7.944888549067700e-03  2.676188603196919e-02  -1.355737259121911e-02
  7.999999999999988e+00  4.190682496674577e+05  2.093623036938729e+05  -2.051735273701159e+04  1.224267917818349e+05  2.402534587252097e+05  2.013094942292565e+05  -1.126297793380786e-02  2.510021293385455e-02  -1.212083044296883e-02
  8.099999999999987e+00  3.917208779179321e+05  2.113512420486523e+05  4.817012971050795e+04  1.209220756224252e+05  2.732743451554688e+05  1.947245938069096e+05  -7.356768972514614e-03  2.145984943755082e-02  -7.840898655560412e-03
  8.199999999999987e+00  3.415244051759572e+05  1.673668582261751e+05  8.661671232847963e+04  1.383908570706641e+05  2.906075221107284e+05  1.940520378444319e+05  -2.275256391491588e-03  1.674058989742851e-02  -5.524642773986310e-04
  8.299999999999986e+00  3.058180278499824e+05  9.307556108739153e+04  1.053934285546390e+05  1.576143752391257e+05  2.985804931558356e+05  1.836071773195025e+05  -4.488277507539115e-04  1.382164622871878e-02  7.525945875133631e-03
  8.399999999999986e+00  2.886644913079908e+05  4.236764574881765e+04  1.328349417107124e+05  1.601190812147624e+05  2.891481708844989e+05  1.550958144132626e+05  -1.716329650248072e-03  1.414335360543708e-02  1.130394555773639e-02
  8.499999999999986e+00  2.680095467421820e+05  3.738718220852403e+04  1.801271895416402e+05  1.543366084916001e+05  2.541444479457455e+05  1.094430980011355e+05  -2.796407374075821e-03  1.423419080395682e-02  9.002212296018349e-03
  8.599999999999985e+00  2.302500008078364e+05  4.536005065765996e+04  2.207627066411838e+05  1.663507598324536e+05  2.028954090319899e+05  4.639263440576260e+04  -1.005104368460343e-03  9.226842372292876e-03  5.166277206636161e-03
  8.699999999999985e+00  1.964629164050955e+05  3.122772568055542e+04  2.284368998269850e+05  2.034811017431041e+05  1.507879771564465e+05  -2.714609367693752e+04  2.464797722652834e-03  -9.077842095384191e-04  4.971290075600452e-03
  8.799999999999985e+00  1.960105307897043e+05  -3.181455589124089e+03  2.100976870279563e+05  2.476484458717881e+05  1.071822968650799e+05  -8.986384224206577e+04  4.103230525407524e-03  -1.101682792700290e-02  8.851664064252779e-03
  8.899999999999984e+00  2.250656253897778e+05  -3.808378399756957e+04  1.897212403428763e+05  2.796937563606977e+05  7.941307429557193e+04  -1.211743242482974e+05  2.210799358308307e-03  -1.648084959942154e-02  1.386985679916453e-02
  8.999999999999984e+00  2.507194831280781e+05  -6.234367762801004e+04  1.850958950815843e+05  2.924448660017975e+05  7.406818040956437e+04  -1.197551130168884e+05  -1.882544399526328e-03  -1.708028469227602e-02  1.769600476755835e-02
  9.099999999999984e+00  2.445427156985571e+05  -6.972253894266834e+04  1.994439616579291e+05  2.869849470124047e+05  9.167727703409565e+04  -1.008260746325843e+05  -4.667205672167196e-03  -1.488559228319749e-02  1.928218475366436e-02
  9.199999999999983e+00  2.055240120754404e+05  -5.183007099315042e+04  2.209304356381127e+05  2.698943777842772e+05  1.225695024371227e+05  -7.890614176130816e+04  -2.668701263014357e-03  -1.110323458400284e-02  1.814207713116593e-02
  9.299999999999983e+00  1.597968903285932e+05  -1.900429973361069e+04  2.285145402362257e+05  2.491990441839098e+05  1.481734497527337e+05  -6.264051563532737e+04  3.446669078436796e-03  -6.838305022334265e-03  1.478391540230289e-02
  9.399999999999983e+00  1.387014801206156e+05  -8.431853742031079e+03  2.049225668117089e+05  2.311476833921331e+05  1.516714362829752e+05  -5.956505369200295e+04  8.650077998863916e-03  -4.136810430786802e-03  1.079237246530681e-02
  9.499999999999982e+00  1.493028309785504e+05  -4.243611015521079e+04  1.544598445060189e+05  2.222103275407078e+05  1.322891292697764e+05  -6.952082614914034e+04  9.493456232897313e-03  -3.965202903680276e-03  7.429383184484272e-03
  9.599999999999982e+00  1.679405316205405e+05  -9.053732834150185e+04  1.038925605026914e+05  2.279852756894754e+05  1.059385983296382e+05  -7.718999230981358e+04  8.078340915892131e-03  -4.209172824057065e-03  4.245543499374712e-03
  9.699999999999982e+00  1.665141084282666e+05  -1.058095270533048e+05  7.185907987149007e+04  2.452150550405813e+05  8.747692313287575e+04  -6.482085602184414e+04  8.423200663896676e-03  -2.248659491646749e-03  1.500041900073450e-04
  9.799999999999981e+00  1.483198580395082e+05  -9.061799892331568e+04  4.659868272453910e+04  2.593581257014063e+05  7.352032478370608e+04  -3.373978647511559e+04  1.021307911428570e-02  2.848259828499647e-04  -5.119518698792695e-03
  9.899999999999981e+00  1.513360552294656e+05  -9.709480400244909e+04  8.485246698849691e+03  2.581132827270335e+05  4.890170171993683e+04  -7.133489937463701e+03  8.618430746998413e-03  -1.756819386814096e-03  -1.035405379858909e-02
  9.999999999999980e+00  2.002275904837677e+05  -1.693379540067731e+05  -4.391461325913567e+04  2.423615702645306e+05  9.051368846434150e+03  -1.284789861900223e+04  2.973229326964437e-04  -1.143877516297680e-02  -1.339967444698876e-02
  1.009999999999998e+01  2.787089024462336e+05  -2.897310130698057e+05  -9.018786469454446e+04  2.276843328784412e+05  -2.781139171600917e+04  -5.757901894971410e+04  -1.181364470260987e-02  -2.560947389882587e-02  -1.248938305414189e-02
  1.019999999999998e+01  3.455714951246206e+05  -3.947030314340813e+05  -1.045291255913391e+05  2.308067065763752e+05  -3.646773689655215e+04  -1.177367102347572e+05  -2.116000271246878e-02  -3.758370702644803e-02  -7.339167235456244e-03
  1.029999999999998e+01  3.653479110273925e+05  -4.385588134788430e+05  -8.281984440554770e+04  2.524784426474384e+05  -1.239157582419941e+04  -1.627312106193083e+05  -2.363070244344360e-02  -4.321454565533967e-02  3.738960140776487e-05
  1.039999999999998e+01  3.387932698587597e+05  -4.191429719190521e+05  -4.055521004439628e+04  2.823152767589600e+05  2.660118618348731e+04  -1.773708827722264e+05  -1.944371089077915e-02  -4.260679712256697e-02  7.396338207587176e-03
  1.049999999999998e+01  2.877026973669928e+05  -3.634939094800422e+05  6.137026845580045e+02  3.085869132837173e+05  5.944597943484419e+04  -1.664052441085731e+05  -1.166159684572822e-02  -3.838353674268838e-02  1.349846592152893e-02
  1.059999999999998e+01  2.279536663504936e+05  -3.007522834060861e+05  2.442248929676527e+04  3.234585798480814e+05  7.543590520901571e+04  -1.428161976342262e+05  -3.466238551382289e-03  -3.291245825683566e-02  1.729255432412725e-02
  1.069999999999998e+01  1.701306116681415e+05  -2.455327872988496e+05  3.249864284772657e+04  3.250833089414582e+05  7.689699042068931e+04  -1.148205718383638e+05  3.052131553617907e-03  -2.735520219926027e-02  1.813102999922905e-02
  1.079999999999998e+01  1.248630439810026e+05  -2.034950009858176e+05  3.648668035302225e+04  3.155078679159033e+05  7.333128789024077e+04  -8.887807090609283e+04  6.665587640241833e-03  -2.246246157246004e-02  1.626050244070347e-02
  1.089999999999998e+01  1.038552684427299e+05  -1.767750983493563e+05  4.399978808943162e+04  2.988500685024353e+05  7.234300073523095e+04  -7.261694994260671e+04  7.186202210232917e-03  -1.866663873914752e-02  1.315007712161642e-02
  1.099999999999998e+01  1.101924514133713e+05  -1.632793155386827e+05  5.444665693453344e+04  2.783363530133788e+05  7.393392685566518e+04  -7.061568142122134e+04  5.302626601851197e-03  -1.597251294951284e-02  1.044132062959949e-02
  1.109999999999998e+01  1.314518324873652e+05  -1.571105723917884e+05  6.406053370095322e+04  2.545372035032560e+05  7.342431470714624e+04  -8.037791982777241e+04  2.420254388723476e-03  -1.360661781767496e-02  9.016915707772509e-03
  1.119999999999998e+01  1.489646174364584e+05  -1.513493766815892e+05  7.135840946306149e+04  2.269576074809817e+05  6.910607658512946e+04  -9.353757509490977e+04  -1.574138993279283e-04  -1.055271666595477e-02  8.990714921227922e-03
  1.129999999999998e+01  1.489928359392194e+05  -1.442478186650361e+05  7.622612092335889e+04  1.976819757680860e+05  6.366865081238923e+04  -1.014333479015678e+05  -1.968554802857467e-03  -6.734971375472736e-03  9.664923511887046e-03
  1.139999999999998e+01  1.290797430753337e+05  -1.399018290526421e+05  7.974835626706708e+04  1.730083182993672e+05  6.001185124529717e+04  -9.993219755281882e+04  -3.206533167810075e-03  -3.334813389352048e-03  1.010206164232272e-02
  1.149999999999998e+01  1.000102998289501e+05  -1.387612281846891e+05  8.371979148288576e+04  1.585612335368661e+05  5.836818802196207e+04  -9.139795984199754e+04  -4.503660649224996e-03  -1.949351596842249e-03  9.597942698685278e-03
  1.159999999999997e+01  7.809292080224786e+04  -1.332869246077810e+05  8.713210180046690e+04  1.542263055815401e+05  5.697251648987242e+04  -8.222678450756351e+04  -6.269245095777143e-03  -2.944298482622924e-03  7.842453445348676e-03
  1.169999999999997e+01  7.303562524228341e+04  -1.155714003641021e+05  8.724530757395030e+04  1.555701459587428e+05  5.440544295590998e+04  -7.775999457487778e+04  -8.135106615451172e-03  -5.003419697959676e-03  5.169208522594685e-03
  1.179999999999997e+01  8.351480162261953e+04  -8.653564249365081e+04  8.397841001552391e+04  1.586325645403740e+05  5.036310643703268e+04  -7.907899149004038e+04  -9.387536357666914e-03  -6.533641382869781e-03  2.363613173139918e-03
  1.189999999999997e+01  1.014933150581548e+05  -5.638215972037513e+04  7.956638973919170e+04  1.630572198683598e+05  4.583712299927363e+04  -8.361818806510647e+04  -9.610140017899419e-03  -7.037274383210624e-03  3.354249412856095e-04
  1.199999999999997e+01  1.177563389722596e+05  -3.662592004546151e+04  7.382267146555051e+04  1.702797615800494e+05  4.275209835119691e+04  -8.844868938232491e+04  -8.987820923668496e-03  -7.154958855310865e-03  -4.197275062848725e-04
  1.209999999999997e+01  1.278571403514444e+05  -3.052581939532363e+04  6.603218275016647e+04  1.799180879670921e+05  4.213693979372824e+04  -9.213949985667145e+04  -8.131994777628188e-03  -7.355236863487718e-03  -1.338875165207364e-04
  1.219999999999997e+01  1.341326845740647e+05  -3.212285718607531e+04  5.958395746098505e+04  1.877226894278827e+05  4.284647263360887e+04  -9.485051894236483e+04  -7.726776690884180e-03  -7.083503611598250e-03  5.062466301494145e-04
  1.229999999999997e+01  1.414006991619909e+05  -3.333003847924044e+04  5.814022756991364e+04  1.875519826163112e+05  4.339255395392522e+04  -9.824194483682669e+04  -8.184582569172337e-03  -5.339659310744607e-03  8.021972574163278e-04
  1.239999999999997e+01  1.508203643795867e+05  -2.856629484436544e+04  6.073509954324883e+04  1.768665421812379e+05  4.536585814866330e+04  -1.032825886845917e+05  -9.301181375150024e-03  -1.599002283205992e-03  6.763392788071969e-04
  1.249999999999997e+01  1.568296362783390e+05  -1.617480532959553e+04  6.323660183003789e+04  1.585163020882817e+05  5.196595838666860e+04  -1.094208560919619e+05  -1.039136668811154e-02  3.671157349584869e-03  6.441002322473319e-04
  1.259999999999997e+01  1.525155541569048e+05  1.938089733578362e+03  6.476758906012768e+04  1.373333845039451e+05  6.259682683863946e+04  -1.149195723418861e+05  -1.088402142917123e-02  9.254345537160471e-03  1.184960080969175e-03
  1.269999999999997e+01  1.365445780885767e+05  2.114578432411688e+04  6.849189173391784e+04  1.161977182290666e+05  7.155802057020611e+04  -1.172445005916103e+05  -1.082875388150212e-02  1.382789364488265e-02  2.075970902223101e-03
  1.279999999999997e+01  1.152947936314838e+05  3.624260452969171e+04  7.578982046131061e+04  9.611553531670221e+04  7.317402820223419e+04  -1.143165492071180e+05  -1.059760805083529e-02  1.654532801778486e-02  2.500532142951179e-03
  1.289999999999997e+01  9.788393506222457e+04  4.286843668416650e+04  8.259112697117725e+04  7.887479674970910e+04  6.663464318270012e+04  -1.056985672694372e+05  -1.038091200076501e-02  1.710576521849191e-02  1.892536442352014e-03
  1.299999999999997e+01  9.044742614470382e+04  3.788594606671487e+04  8.221008242462747e+04  6.788758468469806e+04  5.588381782948122e+04  -9.312036831287514e+04  -1.024465094700619e-02  1.563351741265248e-02  2.072792910966333e-04
  1.309999999999997e+01  9.547113782017602e+04  2.311726525985726e+04  7.325796511179567e+04  6.542593928648322e+04  4.620923961579306e+04  -7.849562006997057e+04  -1.025309157425782e-02  1.279649943595330e-02  -2.123796827947324e-03
  1.319999999999997e+01  1.094625824038431e+05  7.280558580151153e+03  6.206215154807528e+04  7.083728935111388e+04  4.080565860912424e+04  -6.304473806475205e+04  -1.031115416337317e-02  9.726901207099096e-03  -4.468225980452567e-03
  1.329999999999997e+01  1.219099901203591e+05  4.880857089730606e+01  5.867000324224367e+04  8.351923146686319e+04  4.107310868977266e+04  -4.689069008548617e+04  -9.790456176817394e-03  7.449156387018366e-03  -6.144050244960835e-03
  1.339999999999997e+01  1.206334251144968e+05  2.042700340579162e+03  6.782962536414205e+04  1.042972134005583e+05  4.737562973160490e+04  -2.991117627292999e+04  -7.895779920447023e-03  6.026830029214507e-03  -6.493391917826235e-03
  1.349999999999997e+01  1.016664119387427e+05  4.544723905645817e+03  8.238692678300363e+04  1.320214326651557e+05  5.775011918661727e+04  -1.320425828431677e+04  -4.833286673983358e-03  4.855015434779270e-03  -5.510112198870610e-03
  1.359999999999997e+01  7.441708432803201e+04  6.234018782601137e+02  8.925295206463055e+04  1.597103977644582e+05  6.815574738373231e+04  1.766421602499665e+03  -1.866445566705347e-03  3.792719335776077e-03  -3.950198487063523e-03
  1.369999999999997e+01  5.426978116462852e+04  -7.066101026901483e+03  8.145447529071252e+04  1.773105917212227e+05  7.558623809601220e+04  1.358067236299126e+04  -8.688724356580478e-05  3.468748050642308e-03  -2.677854416417556e-03
  1.379999999999997e+01  4.998956598480178e+04  -1.152958140558439e+04  6.343886833476389e+04  1.803116805179698e+05  8.098201853084909e+04  2.059339768316362e+04  5.520472752964391e-04  4.486096820788831e-03  -2.070508291871077e-03
  1.389999999999997e+01  5.836312397279731e+04  -1.247987457433960e+04  4.511856162665048e+04  1.727735154641122e+05  8.807509050491911e+04  2.090437565916594e+04  1.098515965974501e-03  6.399384535115681e-03  -1.922619213736401e-03
  1.399999999999997e+01  7.117789583491249e+04  -1.512844821003912e+04  3.431865777104084e+04  1.632440570967449e+05  9.908346860224413e+04  1.367044771387820e+04  2.405701333960404e-03  8.006145805607658e-03  -1.850457392192726e-03
  1.409999999999997e+01  8.347251112310815e+04  -2.192767761251350e+04  3.363705164262459e+04  1.586756849002635e+05  1.123152280134485e+05  5.928705593641366e+02  4.396487386175149e-03  8.376471625505089e-03  -1.640682029013689e-03
  1.419999999999997e+01  9.425103007168513e+04  -3.139110318639010e+04  4.123575541910063e+04  1.611710549677741e+05  1.242545098349776e+05  -1.427172867419046e+04  6.390372705230097e-03  7.228164494756363e-03  -1.138648505142426e-03
  1.429999999999997e+01  1.048537157026884e+05  -4.174676048047293e+04  5.341438397283322e+04  1.706099327110250e+05  1.330183608828641e+05  -2.651198814906568e+04  7.654249021987363e-03  4.818140584564308e-03  -1.995536883643261e-04
  1.439999999999996e+01  1.163268776797473e+05  -5.463692915192585e+04  6.662039216605757e+04  1.859790955465289e+05  1.384629284959909e+05  -3.402634222939610e+04  7.845344219885305e-03  1.662889837041854e-03  1.107897093492849e-03
  1.449999999999996e+01  1.291561972621121e+05  -7.192304754357111e+04  7.927567256242015e+04  2.051105676532527e+05  1.401835058500492e+05  -3.821310205121597e+04  7.084599340606948e-03  -1.513509668616242e-03  2.430473042606636e-03
  1.459999999999996e+01  1.435164234916893e+05  -9.138473414897959e+04  9.095551463563991e+04  2.242137551931551e+05  1.377058583733258e+05  -4.215296529799735e+04  5.720361396613962e-03  -3.910207958609500e-03  3.421251848245651e-03
  1.469999999999996e+01  1.586424367058221e+05  -1.072666918930422e+05  9.980682543572108e+04  2.381007221360773e+05  1.323066629217216e+05  -4.810824228594884e+04  4.162252485235936e-03  -4.961669847078493e-03  4.136453863527919e-03
  1.479999999999996e+01  1.734289831788723e+05  -1.127262437864830e+05  1.043735389345422e+05  2.435937131788232e+05  1.272126335407803e+05  -5.553018765274318e+04  2.853807324614417e-03  -4.449511719713887e-03  4.895266196701827e-03
  1.489999999999996e+01  1.842218011960143e+05  -1.065442900366149e+05  1.062673194844599e+05  2.415453233336761e+05  1.245006220455808e+05  -6.160212350248516e+04  2.346443909608011e-03  -2.788223537962376e-03  5.683057725387301e-03
  1.499999999999996e+01  1.861801211192765e+05  -9.544613138785571e+04  1.099217169717553e+05  2.362617656538287e+05  1.225273472364740e+05  -6.341781900896465e+04  3.213269756830335e-03  -9.513080098839365e-04  5.958837396952613e-03
  1.509999999999996e+01  1.776500078561356e+05  -8.778496533874101e+04  1.180903465103327e+05  2.319655888897152e+05  1.174373835136158e+05  -5.958123303149272e+04  5.458804764829192e-03  7.949890764850830e-05  5.070233577540949e-03
  1.519999999999996e+01  1.627354070259014e+05  -8.633774737601283e+04  1.274162391791927e+05  2.291650737443660e+05  1.071085843453634e+05  -5.139136944393200e+04  8.253165961527269e-03  -1.069275106156280e-04  2.893025681648345e-03
  1.529999999999996e+01  1.500387729917277e+05  -8.615155596354422e+04  1.315798156731114e+05  2.258097171422240e+05  9.376370668219427e+04  -4.177316767913835e+04  1.043464676176097e-02  -1.122692017902204e-03  1.589641481686605e-04
  1.539999999999996e+01  1.463144462002270e+05  -8.095372044993028e+04  1.268069849382353e+05  2.208901982915918e+05  8.201212741374334e+04  -3.384907512585730e+04  1.122354193481840e-02  -2.301560601958225e-03  -2.064775692849046e-03
  1.549999999999996e+01  1.518240953563951e+05  -7.090377349768237e+04  1.144598294732895e+05  2.153939120949897e+05  7.428132993208448e+04  -2.921914200265540e+04  1.056295530624464e-02  -3.248416887166661e-03  -3.269295840277783e-03
  1.559999999999996e+01  1.621705353629558e+05  -6.193159277332817e+04  9.951735457715340e+04  2.107404715181798e+05  6.888986845731387e+04  -2.678225579207401e+04  8.818992722281012e-03  -3.894158178949643e-03  -3.848488395071269e-03
  1.569999999999996e+01  1.726067950821937e+05  -5.939986017803756e+04  8.673578737162278e+04  2.072529223104528e+05  6.279956154951170e+04  -2.382309473889726e+04  6.530167644925116e-03  -4.230487245688432e-03  -4.548121589803359e-03
  1.579999999999996e+01  1.792085718342216e+05  -6.366224541410504e+04  7.762089045503001e+04  2.036215078968270e+05  5.536067069743782e+04  -1.868139416304323e+04  4.358060071277579e-03  -4.158505329549948e-03  -5.768500251654968e-03
  1.589999999999996e+01  1.794017658350949e+05  -6.968054188345294e+04  7.110733961824035e+04  1.981173921844889e+05  4.895117986561725e+04  -1.189635754073019e+04  2.985512869307350e-03  -3.511976253367781e-03  -7.233984451423262e-03
  1.599999999999996e+01  1.723366256754990e+05  -7.110926675516460e+04  6.538347604454075e+04  1.903388512940340e+05  4.652651123490784e+04  -5.546881678059339e+03  2.841389025836585e-03  -2.279214327390850e-03  -8.298701387998713e-03
  1.609999999999996e+01  1.592132862335986e+05  -6.640079382963998e+04  5.833043367559119e+04  1.817066487098447e+05  4.890069468341332e+04  -2.292496476439917e+03  3.747684095063737e-03  -9.027184832915889e-04  -8.506127883832326e-03
  1.619999999999996e+01  1.443911019090602e+05  -5.986466921288775e+04  4.877924362689051e+04  1.746583304702626e+05  5.435220056227528e+04  -3.610407348553359e+03  4.971994996579006e-03  -1.035065930241851e-04  -7.782850271093902e-03
  1.629999999999996e+01  1.340941458349703e+05  -5.704749683874849e+04  3.687528547533883e+04  1.706228329835582e+05  5.993296357640004e+04  -9.093725404457440e+03  5.623729280675621e-03  -2.901982486428023e-04  -6.544662876974256e-03
  1.639999999999996e+01  1.326506251151050e+05  -5.967031834494770e+04  2.366552281852941e+04  1.685297013092332e+05  6.303911607958045e+04  -1.689619923826518e+04  5.122559914187790e-03  -1.168025846771281e-03  -5.490212340260593e-03
  1.649999999999996e+01  1.397285964731855e+05  -6.455309131343380e+04  1.101231653407468e+04  1.661330673628612e+05  6.286985742668902e+04  -2.483919075598674e+04  3.555653777342766e-03  -1.927148100087719e-03  -5.120347313939027e-03
  1.659999999999997e+01  1.504254153083969e+05  -6.772603829800623e+04  7.592034321059549e+02  1.622973878619890e+05  6.060009675215574e+04  -3.175322541572897e+04  1.551799475875561e-03  -1.913377587944274e-03  -5.422430087232113e-03
  1.669999999999997e+01  1.585323480157581e+05  -6.863958020543281e+04  -6.119557229662986e+03  1.579024359060044e+05  5.822444657109398e+04  -3.800576455770481e+04  -1.704385916516997e-04  -1.174407191965450e-03  -5.889938701391755e-03
  1.679999999999997e+01  1.608047121824559e+05  -6.914539397199258e+04  -9.123527922450630e+03  1.550268145972886e+05  5.744090459178438e+04  -4.415389417616415e+04  -1.166715606051227e-03  -2.250500794972378e-04  -5.834691954410456e-03
  1.689999999999997e+01  1.580591447815208e+05  -6.989911133451156e+04  -8.941180275864594e+03  1.551014649702751e+05  5.887516559864333e+04  -4.985524636591551e+04  -1.444575555510016e-03  4.747765359818934e-04  -4.834429560547656e-03
  1.699999999999997e+01  1.532877741700339e+05  -6.915487949666243e+04  -7.638488174648625e+03  1.580650146788353e+05  6.225576995134724e+04  -5.405195713456265e+04  -1.315370451589121e-03  7.878021403004890e-04  -2.944365769992281e-03
  1.709999999999997e+01  1.494514491735377e+05  -6.533001016094023e+04  -7.756857926800164e+03  1.625410000649554e+05  6.647111507515758e+04  -5.610438792054840e+04  -1.248521100427249e-03  7.583783010742955e-04  -6.590597355729870e-04
  1.719999999999997e+01  1.479039053352570e+05  -5.962479099443310e+04  -9.859435824937680e+03  1.672639853924934e+05  7.003388386759303e+04  -5.655130378987666e+04  -1.652378057061747e-03  3.549204956878479e-04  1.399075510783101e-03
  1.729999999999998e+01  1.480324265098015e+05  -5.537540181848977e+04  -1.164072361246769e+04  1.716282846692234e+05  7.134932442821677e+04  -5.676376456149630e+04  -2.686033593000750e-03  -5.224632180035377e-04  2.796228152032419e-03
  1.739999999999998e+01  1.476563370387849e+05  -5.453351309199033e+04  -9.074535481278846e+03  1.755957129544112e+05  6.958996052678706e+04  -5.764506225396817e+04  -4.109346298973319e-03  -1.723580248094542e-03  3.479476083169975e-03
  1.749999999999998e+01  1.442537180434461e+05  -5.564046682980377e+04  8.598068416983222e+02  1.787200837213839e+05  6.523058809660209e+04  -5.861886906806326e+04  -5.412287368079047e-03  -2.771476278267383e-03  3.660723276646876e-03
  1.759999999999998e+01  1.364637245611500e+05  -5.606294750230324e+04  1.714343496033630e+04  1.796244754438814e+05  5.957842137604805e+04  -5.837978732101605e+04  -6.127167184765835e-03  -3.169300960287743e-03  3.489067284996279e-03
  1.769999999999998e+01  1.251976065418452e+05  -5.458315249893949e+04  3.558438608703685e+04  1.774113102419231e+05  5.444419956154837e+04  -5.603789732752294e+04  -6.081702417521762e-03  -2.767992287885358e-03  2.965984387891677e-03
  1.779999999999998e+01  1.131883567778079e+05  -5.215001449533721e+04  5.162460369680823e+04  1.725887840480267e+05  5.170808540239156e+04  -5.211568958969841e+04  -5.465440203311569e-03  -1.883364953931484e-03  2.122474237909203e-03
  1.789999999999998e+01  1.040386226792269e+05  -5.022121164583368e+04  6.279218829932548e+04  1.671788760844033e+05  5.279898541447391e+04  -4.829937046348139e+04  -4.692268649601474e-03  -9.356872937067755e-04  1.206495458805816e-03
  1.799999999999999e+01  1.008790463379086e+05  -4.942112917148832e+04  6.896143091806927e+04  1.634325128925961e+05  5.793760839907888e+04  -4.581902827265580e+04  -4.210304380774896e-03  -1.398903409019703e-04  6.125060501707950e-04
  1.809999999999999e+01  1.048685565004648e+05  -5.040379931276895e+04  7.031084925128713e+04  1.620939045441643e+05  6.542827745376119e+04  -4.470535505922783e+04  -4.300783078901757e-03  5.183940354313903e-04  5.563429247906944e-04
  1.819999999999999e+01  1.149166710508895e+05  -5.391759240685356e+04  6.687521512267330e+04  1.624442018201122e+05  7.257054257319351e+04  -4.378227272593955e+04  -4.882542596985070e-03  1.171612585709425e-03  9.630820180658459e-04
  1.829999999999999e+01  1.273865793318103e+05  -6.002541235769807e+04  5.893740535037950e+04  1.632569223506585e+05  7.743696064961415e+04  -4.214050131856134e+04  -5.541534702411541e-03  1.877592299652513e-03  1.577536753261647e-03
  1.839999999999999e+01  1.374118538537195e+05  -6.729486754419583e+04  4.822751635346250e+04  1.638148976874395e+05  8.018790931465165e+04  -3.995081223228265e+04  -5.731987198578434e-03  2.624894129276272e-03  2.227140717814027e-03
  1.849999999999999e+01  1.413002900866959e+05  -7.286565716911094e+04  3.832091925749510e+04  1.644716749108582e+05  8.271936064968309e+04  -3.767497143571363e+04  -5.124430182905302e-03  3.361660169050229e-03  2.911846695628325e-03
  1.859999999999999e+01  1.380584628345793e+05  -7.470404814250681e+04  3.262020231633098e+04  1.660146881928948e+05  8.663524795545018e+04  -3.549264159672310e+04  -3.894695004896684e-03  3.938005300105578e-03  3.555410496227010e-03
  1.870000000000000e+01  1.302513971278750e+05  -7.293098813640887e+04  3.291188744678049e+04  1.687450439697856e+05  9.189938306759327e+04  -3.269569981926370e+04  -2.583081880462999e-03  4.202348748202837e-03  3.953736582334005e-03
  1.880000000000000e+01  1.226429298894198e+05  -6.905808613474219e+04  3.840368726510886e+04  1.721200581257929e+05  9.703137866313473e+04  -2.872079873060182e+04  -1.778700009507496e-03  4.079180009470901e-03  3.849045411214386e-03
  1.890000000000000e+01  1.192422139021066e+05  -6.511650834991969e+04  4.633078643662953e+04  1.748172690404562e+05  1.003265270371463e+05  -2.436778295130960e+04  -1.773875651538926e-03  3.640318479777052e-03  3.120625509675590e-03
  1.900000000000000e+01  1.216157122168978e+05  -6.244789071962929e+04  5.442718032424669e+04  1.758738166840554e+05  1.012050875168880e+05  -2.132435733268406e+04  -2.354501261584030e-03  3.093222723331570e-03  2.002209640989603e-03
  1.910000000000000e+01  1.278302329776096e+05  -6.167511465669881e+04  6.213274178387121e+04  1.754981459389240e+05  1.003172668526546e+05  -2.116783288423613e+04  -2.954861188090535e-03  2.611602763242400e-03  9.045034019592444e-04
  1.920000000000000e+01  1.335263693053478e+05  -6.302388091265067e+04  7.033088510902786e+04  1.747857027160373e+05  9.873661150111823e+04  -2.418964151588884e+04  -2.959401465950540e-03  2.275598506300764e-03  1.895173658933430e-04
  1.930000000000000e+01  1.351299233164882e+05  -6.566109604309282e+04  8.013584350807581e+04  1.749164083647318e+05  9.713038188322472e+04  -2.901979101340420e+04  -2.065504369776491e-03  2.090874281881073e-03  3.206503897339982e-05
  1.940000000000001e+01  1.314286186760699e+05  -6.824293850028641e+04  9.093485157221048e+04  1.759782256744730e+05  9.513721723782754e+04  -3.402643788438829e+04  -4.830551365572672e-04  1.999047878026588e-03  3.411171976374826e-04
  1.950000000000001e+01  1.244438133733838e+05  -6.961554544647582e+04  1.005123742552123e+05  1.771845174993690e+05  9.188194346760999e+04  -3.827317780179162e+04  1.233805573754790e-03  1.899284247713067e-03  8.902720473513093e-04
  1.960000000000001e+01  1.179561905985672e+05  -6.954383928650529e+04  1.064746471841652e+05  1.780199054209570e+05  8.715615770114528e+04  -4.187830033282030e+04  2.536122443037925e-03  1.643965499080971e-03  1.477722481198823e-03
  1.970000000000001e+01  1.148656716856598e+05  -6.907752511806342e+04  1.073893380744957e+05  1.788250003107828e+05  8.226322502263598e+04  -4.572618774413842e+04  3.191615297387047e-03  1.091696501153196e-03  1.996337451296956e-03
  1.980000000000001e+01  1.161115342697950e+05  -6.929997885503189e+04  1.038460209336707e+05  1.806833310145633e+05  7.967279500023974e+04  -5.027117323451599e+04  3.357307030214283e-03  2.472828091444982e-04  2.459770909164340e-03
  1.990000000000001e+01  1.202992299194049e+05  -7.032857519025190e+04  9.814119961542354e+04  1.842431492501236e+05  8.127757769258214e+04  -5.516413530931697e+04  3.396393529387043e-03  -6.982308285375011e-04  2.935199595617322e-03
