TITLE = "Temporal Signal for receiver number 00112"
VARIABLES = "Time","xx","yy","zz","xy","yz","xz","u","v","w"
# x1       3.500946160000e+05
# x2       4.745184950000e+06
# x3       -3.000000000000e+03
  0.000000000000000e+00  0.000000000000000e+00  0.000000000000000e+00  0.000000000000000e+00  0.000000000000000e+00  0.000000000000000e+00  0.000000000000000e+00  0.000000000000000e+00  0.000000000000000e+00  0.000000000000000e+00
  1.000000000000000e-01  0.000000000000000e+00  0.000000000000000e+00  0.000000000000000e+00  0.000000000000000e+00  0.000000000000000e+00  0.000000000000000e+00  0.000000000000000e+00  0.000000000000000e+00  0.000000000000000e+00
  2.000000000000000e-01  0.000000000000000e+00  0.000000000000000e+00  0.000000000000000e+00  0.000000000000000e+00  0.000000000000000e+00  0.000000000000000e+00  0.000000000000000e+00  0.000000000000000e+00  0.000000000000000e+00
  3.000000000000000e-01  0.000000000000000e+00  0.000000000000000e+00  0.000000000000000e+00  0.000000000000000e+00  0.000000000000000e+00  0.000000000000000e+00  0.000000000000000e+00  0.000000000000000e+00  0.000000000000000e+00
  4.000000000000000e-01  -4.632259525733900e-40  4.703149074531720e-39  -7.809250866298281e-39  -2.357140796891944e-39  -2.786196629893316e-39  3.708421663637293e-39  1.614169169644010e-47  -4.966099143328605e-46  1.099188235832473e-45
  5.000000000000000e-01  -8.987679129874183e-29  -2.589783895470984e-28  -1.141147256003902e-29  1.060073889560080e-28  -6.177044202151318e-29  -4.111891867845450e-29  -3.680834924292947e-36  2.463046727890776e-35  -2.455283859486934e-36
  6.000000000000000e-01  -9.657025197114885e-24  -2.613936111494317e-23  -1.291845361623304e-23  2.968476910999022e-24  -7.314131461866167e-24  1.480667385657268e-24  3.779298136173649e-31  2.261276859155013e-30  7.998188029875968e-31
  7.000000000000000e-01  1.355388720716431e-20  5.279086820535629e-20  1.945866072055219e-20  2.354937973972089e-21  1.148440669814144e-22  6.946035987774712e-22  -7.089008138052662e-28  -4.569471441928518e-27  1.782409780757820e-28
  7.999999999999999e-01  -9.604815510116887e-19  -3.406115721833724e-18  -3.143010760728332e-19  -6.230020790777531e-19  9.345312385605236e-19  -1.380515057048344e-19  1.185001513310696e-25  2.803396210787061e-25  -1.663668908077151e-25
  8.999999999999999e-01  -7.591508396848961e-18  -1.031952288377203e-16  -6.980456490806912e-17  3.572392452722767e-18  -5.909605769252531e-17  -5.735126989891495e-19  3.856895751945798e-25  9.156885331406575e-24  7.769755786074636e-24
  9.999999999999999e-01  3.399931525730442e-15  8.029947780190972e-15  3.725547454454431e-15  -9.525334292414766e-16  4.090388384963539e-16  -4.157090376187694e-16  1.239778314890378e-22  -7.049926222574976e-22  -8.026193791013648e-23
  1.100000000000000e+00  -4.053663252517990e-14  -5.087204455863946e-14  -1.120606509975793e-14  1.289732114088505e-14  1.566142955896468e-15  5.435620229225491e-15  -2.061304903827247e-21  3.793853409454081e-21  -6.644112174384376e-22
  1.200000000000000e+00  -5.053155063987407e-13  -1.407793975712553e-12  -3.268112792326625e-13  2.324747657593427e-13  2.994260037773899e-14  -5.377947070845159e-14  -2.989894185037272e-20  1.295663689841138e-19  2.555231200018370e-21
  1.300000000000000e+00  4.784387326466012e-12  -1.729392121257606e-12  2.424957720369157e-13  -1.689869575488946e-12  -7.483303950696503e-13  -1.419392626487996e-12  4.580316749192288e-19  1.938321263601975e-19  2.081284511425078e-19
  1.400000000000000e+00  1.036202153026394e-10  1.780033377170451e-10  7.376835038777526e-11  -3.409684227796233e-11  1.218012948493616e-11  -1.198297542220695e-11  6.260044601574130e-18  -1.518841485756448e-17  -1.647969147659891e-18
  1.500000000000000e+00  7.708994295690481e-10  1.746406227145935e-09  7.653212543258255e-10  -1.743596459527845e-10  2.092715828075014e-10  -8.507158552839209e-11  3.105565320506049e-17  -1.457109989443490e-16  -3.756317247754374e-17
  1.600000000000000e+00  3.808352206954047e-09  1.054379617570108e-08  5.799048373314901e-09  -2.397777209788362e-10  2.109458022450182e-09  -2.863052616929268e-10  1.582424868619876e-17  -8.761384982977223e-16  -4.189834795560724e-16
  1.700000000000000e+00  2.614480470397395e-08  5.955895977599801e-08  4.272295306043553e-08  -1.056555066572072e-09  1.963327563928375e-08  -1.854843046059807e-09  -1.750953832603049e-16  -4.972631522761484e-15  -3.685233484149913e-15
  1.800000000000000e+00  2.082655873629264e-07  4.118898016853561e-07  3.373446789116482e-07  -2.533480618947215e-08  1.626047283819396e-07  -2.530631154673939e-08  2.217015580646600e-15  -3.459917151667463e-14  -2.876111143988843e-14
  1.900000000000001e+00  1.392589409352085e-06  2.491997747063241e-06  1.991411800455401e-06  -2.537317540602271e-07  7.959386254043596e-07  -2.275613863143300e-07  4.767321032758220e-14  -2.092749451353484e-13  -1.507505124197497e-13
  2.000000000000000e+00  5.760772901944710e-06  8.765467782753578e-06  7.623107386619476e-06  -1.094413856471262e-06  2.816106505591671e-06  -1.329106835152557e-06  2.672597985404888e-13  -7.654967316746729e-13  -5.840288146980980e-13
  2.100000000000001e+00  1.246559981350743e-05  4.576860949387949e-06  1.452075346790256e-05  1.606101681083307e-07  9.175360227731312e-06  -3.445029392980076e-06  1.496644210722307e-13  -5.758076027674611e-13  -1.863502314234495e-12
  2.200000000000001e+00  2.327012276734533e-06  -6.450996808493728e-05  -8.910364904304960e-06  1.439810346549207e-05  3.108953532091617e-06  4.734155269492936e-06  -3.483474007347088e-12  4.979003195711403e-12  -1.588703579962277e-12
  2.300000000000001e+00  -6.910617173830732e-04  -1.434825664702597e-03  -1.016779661561884e-03  1.417940679706208e-04  -5.117196115722320e-04  8.547742764674084e-05  -2.351828496723052e-11  1.233686391674765e-10  7.827985842900877e-11
  2.400000000000001e+00  -3.661396664866522e-03  -6.788536334269211e-03  -5.105397332995921e-03  5.025849104038268e-04  -2.138116352363644e-03  2.111716867833460e-04  -7.295993944430533e-11  5.853466020535815e-10  3.647320309910592e-10
  2.500000000000001e+00  4.491242152152970e-03  1.213385141558787e-02  6.646729551284875e-03  -7.382931058236234e-04  3.555661094593019e-03  2.715657985209208e-04  7.714932868592202e-11  -1.014729757569190e-09  -4.235409974567901e-10
  2.600000000000001e+00  3.286330268610132e-02  6.526059538306728e-02  4.653241838064207e-02  -5.205274493696524e-03  1.855958024298264e-02  -2.097130198227849e-03  7.692472375261914e-10  -5.565914374433971e-09  -3.194853837383691e-09
  2.700000000000001e+00  -5.679130726362851e-02  -1.347002083216923e-01  -7.810585534363260e-02  6.140613884860506e-03  -3.271954891020035e-02  -1.590765609014506e-03  -5.805048669816596e-10  1.130072272436167e-08  4.692008779446407e-09
  2.800000000000001e+00  3.425608532117975e-02  1.022969744722602e-01  3.842912472473685e-02  4.887230541963813e-03  1.239764027352904e-02  7.349784451508776e-03  -1.102174664085192e-09  -8.454845281397307e-09  -8.477838701350172e-10
  2.900000000000001e+00  -1.588411273578386e-01  -3.821531768373092e-01  -2.038214900098421e-01  3.136739535914987e-03  -7.180775479804229e-02  -6.257730387066883e-03  -3.013471630537508e-10  3.244570188686993e-08  1.013894825811832e-08
  3.000000000000001e+00  4.305667683629328e-01  1.061301435640996e+00  5.603595529571075e-01  -2.485418836563305e-02  2.139221709515397e-01  4.349917230434282e-02  -1.997302719399863e-10  -8.843117626631265e-08  -2.912957304963725e-08
  3.100000000000001e+00  -4.018045965768275e-01  -1.180518526282016e+00  -3.409791378494472e-01  5.929392587352068e-02  -1.111312432437311e-01  -1.219760947124968e-01  8.685089321446396e-09  9.540706836434266e-08  -6.670399076953228e-10
  3.200000000000002e+00  2.010187135357950e+01  4.511427356431997e+01  2.986433308461103e+01  -5.023055334226006e+00  1.620553459061061e+01  -3.053600991148916e+00  7.239185385995563e-07  -3.831715403234680e-06  -2.402737636984035e-06
  3.300000000000002e+00  4.707825883729910e+01  1.111347624687639e+02  7.038654361340593e+01  -1.239117906422141e+01  3.932779384613023e+01  -7.253354666199921e+00  1.741311857975011e-06  -9.361517534451667e-06  -5.747532482837248e-06
  3.400000000000002e+00  4.424260340287196e+01  1.236993074335507e+02  6.170362460303096e+01  -1.514915205375165e+01  3.341307864495717e+01  -6.450760166311992e+00  1.936073288154036e-06  -1.033759815796153e-05  -4.361715722086303e-06
  3.500000000000002e+00  7.047522397904928e-01  4.477346146059584e+01  1.959774698124253e-01  -6.288224459576028e+00  1.436260804280967e+01  -1.521173258306697e+00  4.460942024331672e-07  -4.018778723733587e-06  -3.138859395383663e-07
  3.600000000000002e+00  -5.764387580574533e+01  -7.865364831180163e+01  -6.295627381602635e+01  1.439075203253059e+01  1.125232282858411e+01  9.284859000493407e-01  -2.357961805877614e-06  5.864809094980338e-06  1.452374134150110e-06
  3.700000000000002e+00  -6.312481061606722e+01  -7.854112474932322e+01  -4.602823807286736e+01  2.461505234465209e+01  2.536841368174527e+01  -2.436930354573056e-01  -3.612563160720916e-06  5.772478646009040e-06  -2.966919980140798e-07
  3.800000000000002e+00  -2.729193307122645e-01  8.488470512282517e+01  6.319816494078844e+01  1.733826110914675e+01  6.104229568206625e+01  -4.010142159953088e+00  -2.350198780566552e-06  -7.736409456283068e-06  -6.829681615114778e-06
  3.900000000000002e+00  5.695632838977417e+01  2.428912217252930e+02  1.817356625167683e+02  5.113687887714322e+00  1.236921462694845e+02  -1.651573108659634e+01  -2.989474570820094e-07  -2.102365217070879e-05  -1.756208529953889e-05
  4.000000000000002e+00  1.894483312933787e+02  6.150062892645363e+02  4.336149881288040e+02  -1.908162707302230e+01  2.896369968968349e+02  -4.369401472593356e+01  3.317680693083519e-06  -5.246144979968437e-05  -3.992506915918787e-05
  4.100000000000001e+00  5.504586346555724e+02  1.564282695514193e+03  1.059372884045463e+03  -9.158208610264630e+01  6.771263410793169e+02  -9.937985663530726e+01  1.338400100603970e-05  -1.329763316211407e-04  -9.176865724825370e-05
  4.200000000000001e+00  7.425244276512482e+02  2.407496564595673e+03  1.517880501478916e+03  -7.047938450447117e+01  1.041002303267036e+03  -1.143522513938596e+02  8.717612676017826e-06  -2.045986110183365e-04  -1.339276595548756e-04
  4.300000000000001e+00  -3.994223981699419e+02  5.060201519348389e+02  3.419477358703436e+02  3.588166536007182e+02  6.871006285728873e+02  6.026795830615332e+01  -5.325800145730290e-05  -4.800943382828122e-05  -6.083402142593115e-05
  4.400000000000000e+00  -3.509807319191908e+03  -5.860630696816678e+03  -2.949933662380638e+03  1.697585422879472e+03  -3.131798780567145e+02  5.438258703504985e+02  -2.405558685074148e-04  4.759252791568558e-04  1.164967078052019e-04
  4.500000000000000e+00  -9.725747175477863e+03  -1.936967188538316e+04  -9.772261723879477e+03  4.272144081012403e+03  -3.168006189715362e+03  1.423273596949668e+03  -5.778722164123773e-04  1.598728429364356e-03  5.607938658479336e-04
  4.600000000000000e+00  -1.881341498302274e+04  -4.045574953803800e+04  -1.864962716988555e+04  8.914946265829840e+03  -6.970034221586267e+03  2.966955778559446e+03  -1.186103739136565e-03  3.350079204922799e-03  1.086976896218208e-03
  4.699999999999999e+00  -3.298046495517674e+04  -7.379284789052104e+04  -3.377708475404871e+04  1.586046009219783e+04  -1.534779918944841e+04  5.182287395063713e+03  -2.038083204486604e-03  6.158185467333998e-03  2.210477564352658e-03
  4.799999999999999e+00  -4.532023446728941e+04  -1.057762599388056e+05  -4.274748138557088e+04  2.518153895571798e+04  -2.195046292988518e+04  8.017242964021098e+03  -3.166111569816976e-03  8.854070337428016e-03  2.874022546321091e-03
  4.899999999999999e+00  -5.232000063359865e+04  -1.271115343288770e+05  -3.882058691331524e+04  3.845096983060087e+04  -2.084832796626378e+04  1.113276398189095e+04  -4.684472452054950e-03  1.067401803320150e-02  2.289019943991029e-03
  4.999999999999998e+00  -4.787137677211258e+04  -1.169912682408965e+05  -1.742823471648742e+04  5.254527615617012e+04  -1.714858126569748e+04  1.349437941219302e+04  -6.172842200439504e-03  1.000535943004830e-02  1.155613878603112e-03
  5.099999999999998e+00  -3.925341765491530e+04  -9.231921327429879e+04  1.189265774862335e+04  6.650508876572715e+04  -8.449667214303519e+03  1.582040456489463e+04  -7.547262284228900e-03  8.084389652478095e-03  -5.833807502979773e-04
  5.199999999999998e+00  -3.434171896199873e+04  -7.785058068948427e+04  4.060145166591892e+04  7.810510386161003e+04  7.821901272994568e+03  1.631797746119642e+04  -8.422930872885932e-03  6.886299458620203e-03  -3.167592188474542e-03
  5.299999999999997e+00  -2.773636070215062e+04  -4.808143981087137e+04  6.755105625537098e+04  8.644951790339102e+04  2.404773302463750e+04  1.315754385939861e+04  -8.767344598032399e-03  4.411160979573924e-03  -5.091350737494021e-03
  5.399999999999997e+00  -3.209684536437180e+04  -3.556631394457432e+04  7.830800442525094e+04  9.873782803432249e+04  3.612623197570792e+04  1.088399443747752e+04  -9.636336965631513e-03  3.208704432969575e-03  -5.983750968271414e-03
  5.499999999999996e+00  -3.855524129165867e+04  -2.476725186307215e+04  8.489104206799492e+04  1.086671263472198e+05  4.663877762100548e+04  8.501067664761465e+03  -1.007174410918356e-02  2.062724656418975e-03  -6.929665718297335e-03
  5.599999999999996e+00  -4.446212674301302e+04  -7.555053546189627e+03  8.594595904913126e+04  1.139828518487679e+05  5.242371005885000e+04  2.300490392464234e+03  -9.766498529141554e-03  4.056333741940590e-04  -7.356278457421883e-03
  5.699999999999996e+00  -5.641609201943978e+04  -6.171814741669841e+03  8.792678426972065e+04  1.299917729857131e+05  5.683297757675708e+04  1.495565242457312e+02  -1.106605477480271e-02  9.834542190606979e-05  -8.141208379545127e-03
  5.799999999999995e+00  -7.245493031186741e+04  -3.198251559620220e+04  1.075832908328399e+05  1.427576789617018e+05  6.310044695500536e+04  -1.360120670052067e+03  -1.171008113133014e-02  2.120509911326947e-03  -1.070796920374130e-02
  5.899999999999995e+00  -7.657780996689008e+04  -2.338614512008739e+04  1.043597833211032e+05  1.346981972056860e+05  4.891126262663460e+04  -9.934349991573810e+03  -9.089321676539653e-03  1.145905810549975e-03  -9.236179820749995e-03
  5.999999999999995e+00  -8.756410692152755e+04  -1.255228054981755e+04  1.097578886848421e+05  1.624792229185406e+05  2.994519410428024e+04  -9.284559742030298e+03  -1.187594571006586e-02  3.707993380921724e-05  -7.852018998120330e-03
  6.099999999999994e+00  -1.172789560401234e+05  -1.155487333662711e+05  1.934295680145807e+05  2.059876256029937e+05  4.367986233651433e+04  -4.908016373030871e+03  -1.659815807041220e-02  8.930592740112224e-03  -1.618603827231276e-02
  6.199999999999994e+00  -1.195106451758896e+05  -1.749634680577510e+05  2.045933734193234e+05  1.608332689526520e+05  3.160492798305644e+04  -1.849002057501076e+04  -8.099422052974549e-03  1.419726735688927e-02  -1.597617364055088e-02
  6.299999999999994e+00  -8.466040683226722e+04  2.282956185429650e+04  2.338592537012560e+04  8.225156026356008e+04  -7.257126271542329e+04  -4.673449083125422e+04  5.168634483997546e-03  -2.178117427302846e-03  1.029609831016847e-02
  6.399999999999993e+00  -6.326814526059901e+04  2.855569505663481e+05  -1.516052938678883e+05  5.653943304740804e+04  -2.193625331140114e+05  -9.061456552256827e+04  1.070801583835251e-02  -2.336721591857005e-02  4.263314737181900e-02
  6.499999999999993e+00  -5.489622829898274e+04  3.333762923538648e+05  -1.676280133568657e+05  -2.598748552760505e+04  -3.190057288429642e+05  -1.338984300326618e+05  2.294105177514099e-02  -2.620171345324849e-02  5.670447917798961e-02
  6.599999999999993e+00  5.654556018170820e+03  2.284827729885785e+05  -1.305088587560918e+05  -2.289543764043603e+05  -3.158530143435962e+05  -1.306056711409961e+05  5.056605265898398e-02  -1.697798088439296e-02  4.957799083418234e-02
  6.699999999999992e+00  1.091215309362395e+05  1.197983411312479e+05  -9.963664280299364e+04  -3.674319667009130e+05  -2.177107122937787e+05  -9.011076321693019e+04  6.915291073242091e-02  -8.530327735930189e-03  2.830104259675350e-02
  6.799999999999992e+00  1.432037987489889e+05  1.118394887292138e+04  -3.846133089438121e+04  -2.750756339474283e+05  -1.299486483151082e+05  -6.791210273293604e+04  5.461716447668548e-02  -1.533345987610456e-05  9.989655423723326e-03
  6.899999999999991e+00  6.771848000580426e+04  -7.885738022509924e+04  2.459527251791388e+04  -3.035544762902679e+04  -1.415934421004735e+05  -6.431563869820996e+04  1.574049383932159e-02  8.337159879559377e-03  1.119601770325044e-02
  6.999999999999991e+00  -2.062706758132014e+04  -1.034358071323045e+05  4.884930948189285e+04  1.752940434214656e+05  -1.942422813984134e+05  -3.912078803003851e+04  -1.781295435795044e-02  1.224642398022055e-02  2.410412166861929e-02
  7.099999999999991e+00  -2.339953358991313e+04  -7.711523111901320e+04  6.136237710781025e+04  2.227311691113451e+05  -1.785603048818751e+05  3.786436350313930e+03  -2.443985815836671e-02  1.162695930135867e-02  2.749885038391761e-02
  7.199999999999990e+00  4.252661971620953e+04  -4.387216331676365e+04  8.136871873342527e+04  1.356179261787359e+05  -9.682337083939712e+04  2.583775805229366e+04  -9.423193198939082e-03  9.690038060245890e-03  1.756580339006825e-02
  7.299999999999990e+00  1.084025855199342e+05  1.364392476543508e+04  8.473900136063536e+04  3.532658985387622e+04  -2.828639329412722e+04  1.543729341307204e+04  4.891681848794240e-03  5.681831475617584e-03  5.586227114079261e-03
  7.399999999999990e+00  1.418699006728531e+05  1.345606807085747e+05  4.833629329058187e+04  1.112648345021461e+04  -1.553951439738676e+04  -4.721857633770254e+03  6.013037038479828e-03  -3.369642646982079e-03  -1.930528070815506e-03
  7.499999999999989e+00  1.431395295140128e+05  2.781811620765113e+05  -1.748232966431506e+04  5.124542622522316e+04  -3.833880926303109e+04  -1.390146439795297e+04  -8.997245751940912e-04  -1.467256948924788e-02  -5.731129303485686e-03
  7.599999999999989e+00  1.221185437594883e+05  3.647439544353410e+05  -7.853029731227066e+04  9.484602004340434e+04  -4.966044497273590e+04  -1.298464839111269e+04  -6.790734905914398e-03  -2.163069453080469e-02  -8.144137187879107e-03
  7.699999999999989e+00  8.777709184597932e+04  3.693880525594302e+05  -1.114376140002054e+05  1.090263380121016e+05  -3.088123123343434e+04  -1.127938756125058e+04  -9.049866642185473e-03  -2.168177800676929e-02  -1.079907677679907e-02
  7.799999999999988e+00  5.463767651369178e+04  3.274316214182466e+05  -1.113017224400500e+05  1.042029843353118e+05  -1.665416749650710e+04  -6.637208426849817e+03  -8.672341718747237e-03  -1.801612649644078e-02  -1.237342886389158e-02
  7.899999999999988e+00  3.359531210014941e+04  2.746668644326663e+05  -8.511574488300417e+04  9.724113197744559e+04  -4.354913489631515e+04  4.659532135548622e+03  -6.270701186273707e-03  -1.442412895437026e-02  -9.982122672887346e-03
  7.999999999999988e+00  2.140395429774826e+04  2.222638171079048e+05  -5.215800590796920e+04  9.176404482754665e+04  -9.061433925810899e+04  8.246403425285787e+03  -3.787849880333033e-03  -1.173180812389871e-02  -4.408273466702805e-03
  8.099999999999987e+00  1.533441498678489e+04  1.908744120602121e+05  -3.153834254116756e+04  9.739564833634767e+04  -1.091371411729463e+05  -8.762664984104726e+03  -5.338993862969490e-03  -1.037151256325895e-02  2.248329056592258e-04
  8.199999999999987e+00  1.209369785260958e+04  2.081463225139040e+05  -2.349336152384220e+04  1.275859672414733e+05  -9.399155415380972e+04  -3.023882859818832e+04  -1.194730756727588e-02  -1.179019254621481e-02  2.363706464114225e-03
  8.299999999999986e+00  7.503551456930129e+03  2.574253724294623e+05  -1.134081387639216e+03  1.668779842277097e+05  -9.578860444333257e+04  -2.933261844914791e+04  -1.759304601910941e-02  -1.466377547084355e-02  5.950324025082621e-03
  8.399999999999986e+00  1.938079887099946e+03  2.819445035837424e+05  5.992891190164250e+04  1.809057013978663e+05  -1.591918626165086e+05  -5.569191014290430e+03  -1.695460066611208e-02  -1.431035606315370e-02  1.615740060451453e-02
  8.499999999999986e+00  3.549987507507082e+04  2.679866899623196e+05  1.553986829885949e+05  1.477704161084364e+05  -2.555564207713615e+05  1.454553392462292e+04  -9.943686780813346e-03  -1.059039063208800e-02  3.072728300491255e-02
  8.599999999999985e+00  1.381958725334342e+05  2.434134550600760e+05  2.317966358351287e+05  7.591738399426224e+04  -2.894213691499492e+05  7.568148003069113e+03  4.206828894835628e-04  -8.585057709798312e-03  3.618902897977023e-02
  8.699999999999985e+00  2.666292643139710e+05  2.471263072972805e+05  2.326954301086709e+05  -1.014072955114791e+04  -1.823523232833091e+05  -1.279658911639524e+04  1.148874041048776e-02  -1.240308568585942e-02  1.912795687987522e-02
  8.799999999999985e+00  3.570729834246316e+05  2.727512660540368e+05  1.721960930160506e+05  -8.625376360867194e+04  3.961828188272822e+04  1.681189622894663e+03  2.356115530369876e-02  -1.744082754798860e-02  -1.525690563265185e-02
  8.899999999999984e+00  3.975134685937291e+05  2.718257257638485e+05  1.027441351572701e+05  -1.405152814308574e+05  2.658667828886025e+05  6.546837019737635e+04  3.742000073773577e-02  -1.503918937404882e-02  -4.566128271623118e-02
  8.999999999999984e+00  4.128038658208105e+05  2.267579557102392e+05  4.092074948262782e+04  -1.749493197060536e+05  3.854595539664981e+05  1.284123318450103e+05  4.938453345850084e-02  -4.354675226034948e-03  -5.380959306765142e-02
  9.099999999999984e+00  4.178429452158797e+05  1.619204184630658e+05  -7.190213053130316e+03  -1.834640463935373e+05  3.563170245715714e+05  1.409095061648383e+05  5.235009866306872e-02  7.820806910141040e-03  -3.777762996453794e-02
  9.199999999999983e+00  4.029531228369741e+05  1.015685911629002e+05  -1.735207096458262e+04  -1.511095981724976e+05  2.306671955004311e+05  1.103705628311144e+05  4.367773391582793e-02  1.538594792526506e-02  -1.241193876381066e-02
  9.299999999999983e+00  3.544910552908099e+05  6.245104232261451e+04  9.845080024264333e+03  -9.179849337941779e+04  1.000780641842504e+05  8.023093341887460e+04  3.040098966791530e-02  1.627409317030983e-02  4.468408852230241e-03
  9.399999999999983e+00  2.821928039629543e+05  6.446427785168002e+04  3.373294333274695e+04  -4.739154169616482e+04  1.858406126362954e+04  8.622157106268794e+04  2.302007089067244e-02  1.101171918675277e-02  6.523132963780705e-03
  9.499999999999982e+00  2.158623853704362e+05  1.112183990925333e+05  2.958246060723242e+04  -3.951347169357271e+04  -6.688242116339154e+03  1.349710439191238e+05  2.502131554302576e-02  1.954402691678731e-03  -1.557575949106779e-03
  9.599999999999982e+00  1.747591313129700e+05  1.673306998888651e+05  1.576781864501037e+04  -5.376868407315615e+04  9.098368955406648e+03  1.991802765866031e+05  3.085307365289791e-02  -6.345556726240311e-03  -1.168021724243378e-02
  9.699999999999982e+00  1.638625512772440e+05  1.870010460401575e+05  1.077455698493732e+04  -6.600595147445744e+04  4.285477114649322e+04  2.376701714456724e+05  3.329023595029452e-02  -9.653588833022187e-03  -1.829227243126110e-02
  9.799999999999981e+00  1.780026014867330e+05  1.590065041558015e+05  6.475236142046853e+03  -5.524181232537383e+04  7.531865020362668e+04  2.277163476178866e+05  2.838676992009994e-02  -7.380433540879441e-03  -2.122193691250948e-02
  9.899999999999981e+00  1.973115154369356e+05  1.094322062291222e+05  -9.688207796045561e+03  -8.090561355039210e+03  9.241553202182229e+04  1.734747904347605e+05  1.541853953385500e-02  -2.323930712372239e-03  -2.225284397520317e-02
  9.999999999999980e+00  2.045749953636447e+05  7.371549820685890e+04  -3.230082344115912e+04  6.183126234135573e+04  8.435402396401753e+04  9.459667377934593e+04  -1.760326459099961e-03  1.655422685758585e-03  -2.134229482626427e-02
  1.009999999999998e+01  2.001568216441605e+05  6.721950979727587e+04  -4.246879630146697e+04  1.168192937742899e+05  5.759211656673219e+04  1.577007097938038e+04  -1.563342552464572e-02  2.133769010742368e-03  -1.832829855370150e-02
  1.019999999999998e+01  1.945350576910418e+05  7.770502893790537e+04  -3.358573060769324e+04  1.319501597431489e+05  3.258711970583964e+04  -4.026083286929415e+04  -2.068023146325522e-02  -2.368406151253424e-04  -1.474773139872555e-02
  1.029999999999998e+01  1.876727353242924e+05  8.133156376283427e+04  -2.544693697826174e+04  1.184152072258637e+05  1.758078866890490e+04  -5.881334845446376e+04  -1.739900065154144e-02  -2.449333896189128e-03  -1.190117630331903e-02
  1.039999999999998e+01  1.694028783846433e+05  6.672096002212036e+04  -3.583517788031543e+04  1.028340601444028e+05  -5.745671571638349e+01  -4.081081639780306e+04  -1.062823741013229e-02  -2.213277748789978e-03  -8.925627974248286e-03
  1.049999999999998e+01  1.410631528927369e+05  3.955495842087144e+04  -5.366442610080711e+04  9.523007260373210e+04  -3.009566032045358e+04  -4.598616424124256e+03  -4.761496832393008e-03  1.711160876289018e-04  -4.548462343655199e-03
  1.059999999999998e+01  1.137814718899917e+05  2.283273565211974e+03  -5.972095025962118e+04  8.837707324743585e+04  -6.192943249929258e+04  2.459055726047748e+04  -1.531815437756798e-03  3.392960387025063e-03  1.333795855224445e-04
  1.069999999999998e+01  9.613164466030791e+04  -4.881621521259078e+04  -5.273762547504049e+04  7.599578107074840e+04  -8.034625256275506e+04  3.072220788055153e+04  -9.597387038785712e-04  6.862382821536469e-03  3.035145034978932e-03
  1.079999999999998e+01  9.290695379626952e+04  -1.050728917254645e+05  -4.323314520463799e+04  5.855717911252962e+04  -8.760869178747036e+04  1.638030385127133e+04  -1.853443049260522e-03  1.019603974091183e-02  4.561111427104085e-03
  1.089999999999998e+01  1.006217771755757e+05  -1.520621882683876e+05  -3.772455322659227e+04  4.084211969300365e+04  -9.525939627105097e+04  -3.855479919674273e+03  -2.662986666913525e-03  1.291535346798177e-02  6.743979542820912e-03
  1.099999999999998e+01  1.076326985792591e+05  -1.888428792914739e+05  -3.212116463963761e+04  3.109599496199152e+04  -1.010684367339054e+05  -1.715009948838298e+04  -2.968353094776101e-03  1.500749740447892e-02  9.311519146378067e-03
  1.109999999999998e+01  1.086656430616694e+05  -2.227607222622224e+05  -1.718269003086253e+04  3.490931684973112e+04  -8.923952502839596e+04  -1.905007898375594e+04  -2.927085571132769e-03  1.689178018754771e-02  9.536165004283082e-03
  1.119999999999998e+01  1.108795430888970e+05  -2.536224907366897e+05  8.712251730658090e+03  4.969103340687077e+04  -5.262708720343555e+04  -1.201679264578048e+04  -2.254989332543687e-03  1.898261517472766e-02  6.179754969501368e-03
  1.129999999999998e+01  1.195306006565171e+05  -2.709358466663571e+05  3.533401980448258e+04  6.963755344352841e+04  -5.995720713119824e+03  -1.333230762530406e+02  -9.931945474339404e-04  2.122471687758468e-02  1.380079325010397e-03
  1.139999999999998e+01  1.297685667218899e+05  -2.651551605351765e+05  5.114440769002541e+04  8.830861799350301e+04  2.580522380233094e+04  1.256970256706211e+04  2.155464236606634e-04  2.298699423767218e-02  -1.699719156328155e-03
  1.149999999999998e+01  1.341200963403434e+05  -2.403946319406251e+05  5.187310433793458e+04  9.508303265699001e+04  3.037591420837868e+04  2.101648066389575e+04  1.234603911896492e-03  2.359475161894629e-02  -1.753268672121211e-03
  1.159999999999997e+01  1.293055439786685e+05  -2.115454065662912e+05  3.824610745728551e+04  8.352428527383073e+04  1.785783602039414e+04  2.279758901890522e+04  2.088589420329067e-03  2.257633532253308e-02  1.656942866521774e-04
  1.169999999999997e+01  1.167626748022392e+05  -1.876287014648718e+05  1.553606780020099e+04  6.536414025277978e+04  1.021343499824623e+04  2.050259966217624e+04  1.481135473719656e-03  1.962176775340698e-02  2.184866014224830e-03
  1.179999999999997e+01  9.882493170262278e+04  -1.645770748282237e+05  -6.499548636770534e+03  6.500633896392360e+04  2.174289080668144e+04  1.556178307367940e+04  -2.577850706015859e-03  1.500999670266923e-02  2.915601362320754e-03
  1.189999999999997e+01  7.606581703273921e+04  -1.343800944092518e+05  -2.072557346724371e+04  9.729170445605532e+04  4.723316720423632e+04  4.263697982485897e+03  -1.060949741865517e-02  9.891042527220610e-03  1.836937801459020e-03
  1.199999999999997e+01  4.764778962782989e+04  -9.542662941663705e+04  -2.872803022670690e+04  1.547506825885330e+05  6.416015252694933e+04  -1.383874473073213e+04  -2.102763186167631e-02  5.557990883002992e-03  8.467866890910647e-05
  1.209999999999997e+01  1.330650714837981e+04  -5.209604577198246e+04  -3.532924009317000e+04  2.139534350182312e+05  4.939919647024872e+04  -2.851594273531693e+04  -3.106930262570607e-02  2.431836009544022e-03  6.554495076040009e-04
  1.219999999999997e+01  -2.321445601391102e+04  -7.153444353684418e+03  -3.924662929458586e+04  2.491748027784775e+05  -5.406057915324959e+02  -2.650111511641470e+04  -3.771190314571234e-02  -5.855850717104260e-05  5.997017676415391e-03
  1.229999999999997e+01  -5.467512484649198e+04  3.818789982640366e+04  -3.518190621123320e+04  2.464082594080577e+05  -6.568981247044852e+04  -4.714271345912887e+03  -3.878887688043531e-02  -2.443785756973147e-03  1.497616341645495e-02
  1.239999999999997e+01  -7.346794195288004e+04  7.945106484844194e+04  -2.408828560886973e+04  2.124193231038772e+05  -1.174559738773202e+05  2.661727306991668e+04  -3.439582150733714e-02  -4.439163384602525e-03  2.314638097318758e-02
  1.249999999999997e+01  -7.387803197803974e+04  1.108891430007268e+05  -1.488528784799642e+04  1.669755476947177e+05  -1.352206082472475e+05  5.177558576500696e+04  -2.673554386778255e-02  -5.614717769976526e-03  2.605660754401178e-02
  1.259999999999997e+01  -5.801479000022295e+04  1.270182920052114e+05  -1.434833861859684e+04  1.249114277456300e+05  -1.155543886925977e+05  5.932307122035624e+04  -1.844170926631139e-02  -6.118889050475295e-03  2.253669724819767e-02
  1.269999999999997e+01  -3.803718618225038e+04  1.236858879619263e+05  -1.917716758605715e+04  9.064268682760773e+04  -7.310154935032898e+04  4.819175718059613e+04  -1.163435045298532e-02  -6.371297025844548e-03  1.532611946272042e-02
  1.279999999999997e+01  -2.703604954523770e+04  1.056562110593669e+05  -1.945054329676431e+04  6.503054654735779e+04  -3.265541189719800e+04  2.681749192114217e+04  -7.640827491190463e-03  -6.564622999356873e-03  8.911306034533830e-03
  1.289999999999997e+01  -2.720152701789283e+04  8.849378429602328e+04  -9.523635588120085e+03  4.739630523911370e+04  -1.470393570765790e+04  5.512209717324196e+03  -6.293277153561399e-03  -6.609605836360110e-03  6.548731827617293e-03
  1.299999999999997e+01  -2.780069415306058e+04  8.421754101697453e+04  5.867044484770217e+03  3.238388615033755e+04  -2.179274595538274e+04  -1.097858439883657e+04  -5.671025061696703e-03  -6.245222130555162e-03  8.106617828239565e-03
  1.309999999999997e+01  -1.742600608905313e+04  8.875674500798598e+04  1.699111411810442e+04  1.421574637754661e+04  -3.915583936391350e+04  -2.371757975472087e+04  -3.797127578150028e-03  -5.291890428252306e-03  1.068690360067668e-02
  1.319999999999997e+01  4.271201282793355e+03  9.131837715747370e+04  1.895983234272170e+04  -4.006705495718867e+03  -5.020350258982256e+04  -3.431872084087432e+04  -9.558173134471560e-04  -4.138761272797504e-03  1.140663298829944e-02
  1.329999999999997e+01  2.857465732306205e+04  9.156352115155602e+04  1.482819642886894e+04  -1.174231435389543e+04  -5.080620560830119e+04  -4.143540773138147e+04  5.725912302123443e-04  -3.726042867053205e-03  9.380342530966274e-03
  1.339999999999997e+01  4.732491554572924e+04  9.777471705956434e+04  1.135422457733121e+04  -3.374856409529543e+03  -4.978608182688569e+04  -4.256373432701333e+04  -6.799923636628227e-04  -4.488166751772210e-03  5.802429460353733e-03
  1.349999999999997e+01  5.811390186523244e+04  1.107598242491338e+05  1.307503325927040e+04  1.608315940665827e+04  -5.707642446224341e+04  -3.720353987190546e+04  -3.655534454118186e-03  -5.547548694971030e-03  2.605364751725864e-03
  1.359999999999997e+01  6.217955720455584e+04  1.203584369793147e+05  1.910848811550833e+04  3.770873460114918e+04  -7.280691522515328e+04  -2.710538976488675e+04  -5.993095434511504e-03  -5.657147461263456e-03  1.048153721961122e-03
  1.369999999999997e+01  6.171233150172046e+04  1.184387500318807e+05  2.627044790979614e+04  5.571407993993428e+04  -8.780901882987037e+04  -1.523639527626475e+04  -6.087745798246912e-03  -4.735759791368022e-03  1.148004361257598e-03
  1.379999999999997e+01  5.930159102890065e+04  1.071624032340641e+05  3.389782084801080e+04  6.761511820767348e+04  -9.231415499814598e+04  -5.440970845799146e+03  -3.897524704562178e-03  -3.816655906018659e-03  1.887598924239026e-03
  1.389999999999997e+01  5.765848442762384e+04  9.438684265486867e+04  4.380897993574201e+04  7.184805258977615e+04  -8.292166303262039e+04  -2.089059978015072e+03  -4.675606631969194e-04  -3.711289723335094e-03  1.907196045363623e-03
  1.399999999999997e+01  5.845784277839017e+04  8.710206966542275e+04  5.753973090756634e+04  6.836589175095547e+04  -6.326463776518694e+04  -8.015404813138364e+03  2.766683327552594e-03  -4.296410361692328e-03  4.228442221348908e-04
  1.409999999999997e+01  6.130505859932838e+04  8.684784191977374e+04  7.377580754377415e+04  6.035797293165608e+04  -4.113605531458433e+04  -2.188183773375284e+04  4.532572140596643e-03  -4.815019257543403e-03  -2.135127782222203e-03
  1.419999999999997e+01  6.504267175066447e+04  8.691068116313251e+04  8.912488159883961e+04  5.234692469167129e+04  -2.526933460600708e+04  -3.841642768479526e+04  4.449922289750195e-03  -4.357743641993519e-03  -4.360316331472916e-03
  1.429999999999997e+01  6.972920433981622e+04  7.710025168667093e+04  1.004960012789953e+05  4.624895432725430e+04  -2.154963230064458e+04  -5.159554739202538e+04  3.302922403925496e-03  -2.407172283752675e-03  -4.883330257555175e-03
  1.439999999999996e+01  7.644864112303236e+04  5.511251139104547e+04  1.053251621629619e+05  3.997787401190055e+04  -2.902297598052861e+04  -5.789997748162100e+04  2.312228940193362e-03  5.491089584311497e-04  -3.499799683779688e-03
  1.449999999999996e+01  8.542417932116092e+04  3.068958822203987e+04  1.029256396366500e+05  3.034173715135304e+04  -4.018892218481383e+04  -5.746996425051759e+04  2.071716231182040e-03  3.089245906535368e-03  -1.395667334664824e-03
  1.459999999999996e+01  9.481290884209026e+04  1.599097444891515e+04  9.668327428648819e+04  1.764174616853712e+04  -4.644018695419599e+04  -5.291311919460443e+04  2.111387845666210e-03  3.853295973429135e-03  -1.969202065226221e-04
  1.469999999999996e+01  1.008778781007324e+05  1.377664568549488e+04  9.216510256918754e+04  7.076769936962177e+03  -4.284342140540663e+04  -4.700909749726894e+04  1.464635871489088e-03  2.700921541129538e-03  -8.560057649611603e-04
  1.479999999999996e+01  9.991617843632569e+04  1.681051507359585e+04  9.222939114075158e+04  4.273886417525331e+03  -2.942591785399370e+04  -4.133911797660203e+04  -2.233384512156863e-04  8.980944547912587e-04  -3.083712994636206e-03
  1.489999999999996e+01  9.143188199431522e+04  1.808144339238767e+04  9.515570597291406e+04  9.009520168530056e+03  -1.018726016167528e+04  -3.635990677543080e+04  -2.095990963690349e-03  -3.662380296392578e-05  -5.596321677205647e-03
  1.499999999999996e+01  7.950480149088280e+04  1.918880472669351e+04  9.726745095648716e+04  1.475231835329925e+04  9.011766364564864e+03  -3.158403178502918e+04  -2.695249340451292e-03  2.858040957753233e-04  -7.037998128589273e-03
  1.509999999999996e+01  7.045777433353021e+04  2.674316129416565e+04  9.501545851144852e+04  1.550704221470970e+04  2.347700347304853e+04  -2.570998983799032e+04  -1.335936012802947e-03  1.003782241073851e-03  -6.972983836344964e-03
  1.519999999999996e+01  6.821912418275673e+04  4.264619673373920e+04  8.492409200780607e+04  1.213287794333787e+04  3.235936832344011e+04  -1.743127798836105e+04  1.144887896289151e-03  1.139513075923799e-03  -6.209636167209775e-03
  1.529999999999996e+01  7.241668850665208e+04  6.079378505494928e+04  6.507647311375762e+04  1.013115733265857e+04  3.731804794269969e+04  -6.868714445438756e+03  3.292284745629053e-03  5.263879689379787e-04  -5.959318495370940e-03
  1.539999999999996e+01  8.051971796812292e+04  7.172756055006693e+04  3.853435712365933e+04  1.244565768170579e+04  3.831572747411588e+04  3.584267481170396e+03  4.545787114471376e-03  -2.095528141655360e-04  -6.560550102967896e-03
  1.549999999999996e+01  8.996273449272168e+04  6.965211132825249e+04  1.374974187023192e+04  1.719981984601544e+04  3.332745646995801e+04  1.025027763046491e+04  5.385513407841915e-03  -2.449390211064226e-04  -7.242859718031402e-03
  1.559999999999996e+01  9.828360333562779e+04  5.711257480119834e+04  -1.399418581531987e+03  2.172988270327873e+04  2.268717692738622e+04  1.060008759766699e+04  6.232753382546070e-03  8.022205786876141e-04  -7.166861296565740e-03
  1.569999999999996e+01  1.026741114138075e+05  4.391321074104503e+04  -5.988524669672460e+03  2.613114890265873e+04  1.136889099795270e+04  5.339340545657868e+03  6.738861313904641e-03  2.597040942441804e-03  -6.379753324694941e-03
  1.579999999999996e+01  1.007548875658009e+05  4.035888592672077e+04  -6.280382022745830e+03  3.191189156943361e+04  4.957056542430369e+03  -1.329425579952801e+03  6.235165427574929e-03  4.277102957102898e-03  -5.576766487995391e-03
  1.589999999999996e+01  9.189689676838204e+04  4.940030232473075e+04  -1.007662740586613e+04  3.803805486189949e+04  3.741206874827710e+03  -3.856382271654636e+03  4.723551654954559e-03  4.926341265490190e-03  -5.129639344274075e-03
  1.599999999999996e+01  7.859644204267487e+04  6.456268307176046e+04  -2.029337867519796e+04  4.025866028770628e+04  2.808724371055287e+03  6.278162605669038e+02  3.083835890602492e-03  4.068485729132409e-03  -4.716714018557875e-03
  1.609999999999996e+01  6.571411541846889e+04  7.605485059863359e+04  -3.423814500462423e+04  3.541696241985765e+04  -1.755455349159389e+03  1.019379279642456e+04  2.234560447775581e-03  1.866341579296851e-03  -4.000326533085117e-03
  1.619999999999996e+01  5.729634489839843e+04  7.846434798487603e+04  -4.705212814241517e+04  2.534725167780627e+04  -8.590662797825482e+03  1.986130231346878e+04  2.316493394951579e-03  -1.014097838502821e-03  -3.247629438796974e-03
  1.629999999999996e+01  5.425858809514379e+04  7.280400072048887e+04  -5.491380023864091e+04  1.557668340387269e+04  -1.387875086257403e+04  2.537852172681660e+04  2.775355213771009e-03  -3.661708629566270e-03  -2.965838574179167e-03
  1.639999999999996e+01  5.419154559371893e+04  6.345667640970584e+04  -5.675130762065973e+04  1.092780254320938e+04  -1.712931989804047e+04  2.647450543000441e+04  3.055991492704196e-03  -5.271897545987214e-03  -3.051560472403907e-03
  1.649999999999996e+01  5.370425434611791e+04  5.461255241043663e+04  -5.310415447268097e+04  1.309195068077837e+04  -2.221154791892464e+04  2.648982320850654e+04  2.989046406745233e-03  -5.462630010603534e-03  -2.633130537926505e-03
  1.659999999999997e+01  5.060480299642546e+04  4.896748133904202e+04  -4.495572788085203e+04  2.117508637472078e+04  -3.228863298854498e+04  2.908760593035646e+04  2.671418523417893e-03  -4.382138729967149e-03  -9.730785421055743e-04
  1.669999999999997e+01  4.454356404204140e+04  4.790559630939463e+04  -3.440719859509558e+04  3.260960260710890e+04  -4.534877720563429e+04  3.519325097790170e+04  2.233838048390362e-03  -2.598939619550779e-03  1.661817911375468e-03
  1.679999999999997e+01  3.722010897139111e+04  5.095511921106485e+04  -2.505343860604311e+04  4.356559994170668e+04  -5.548591402927990e+04  4.226992894601466e+04  1.777449752766341e-03  -7.468486987963522e-04  4.097178811320509e-03
  1.689999999999997e+01  3.150395566873639e+04  5.483724154363527e+04  -2.078594428869542e+04  5.009078895777667e+04  -5.820528171362943e+04  4.635973309466783e+04  1.412222416529752e-03  8.155631414336129e-04  5.184946584085098e-03
  1.699999999999997e+01  3.013120569192413e+04  5.478764723029341e+04  -2.274608585302268e+04  5.084421024789428e+04  -5.425795769389540e+04  4.469173193118503e+04  1.134171866402249e-03  2.008959497531364e-03  4.716209423010149e-03
  1.709999999999997e+01  3.426062862011194e+04  4.819530950081048e+04  -2.807883493667829e+04  4.887984022075866e+04  -4.820349916408004e+04  3.704842224785264e+04  7.248811625820442e-04  2.781023407704276e-03  3.376541356691966e-03
  1.719999999999997e+01  4.239958473411997e+04  3.715651953604628e+04  -3.223774162031605e+04  4.950570573796497e+04  -4.451792832398247e+04  2.547642758670800e+04  -1.020460089132580e-04  2.911301235279327e-03  2.098278826897533e-03
  1.729999999999998e+01  5.126158773255257e+04  2.693640583292161e+04  -3.271731391024744e+04  5.541576800733712e+04  -4.485071161984091e+04  1.310920406630114e+04  -1.273891890726816e-03  2.176084392636762e-03  1.371490554704294e-03
  1.739999999999998e+01  5.732989197831027e+04  2.238545599480548e+04  -3.027284771660533e+04  6.390844649621490e+04  -4.822459495418397e+04  3.128376960881305e+03  -2.205523894931930e-03  6.184752246462819e-04  1.197363808703340e-03
  1.749999999999998e+01  5.883956605419224e+04  2.522606277504401e+04  -2.718200121547504e+04  6.911563008481174e+04  -5.236528150474694e+04  -2.118406112504708e+03  -2.184964265988138e-03  -1.362925393728559e-03  1.407231647328862e-03
  1.759999999999998e+01  5.590688928498451e+04  3.337862921254490e+04  -2.460686152306317e+04  6.705640740027913e+04  -5.467519136201739e+04  -1.805612823880163e+03  -9.529609553327127e-04  -3.170467220549670e-03  1.857078901708795e-03
  1.769999999999998e+01  5.005004640671995e+04  4.200881625646170e+04  -2.113315554093601e+04  5.887749731374895e+04  -5.299087642674416e+04  2.778276567427025e+03  1.010034202232505e-03  -4.255845353531339e-03  2.404716917236896e-03
  1.779999999999998e+01  4.403559554015953e+04  4.593151871149904e+04  -1.410767671062016e+04  4.947959196387113e+04  -4.655406731808397e+04  8.584690578948768e+03  2.798002338272224e-03  -4.310944247662118e-03  2.831845665257305e-03
  1.789999999999998e+01  4.046095572772989e+04  4.290553447063863e+04  -2.572664879716011e+03  4.337084030969115e+04  -3.691118832811589e+04  1.273841962983497e+04  3.676378333414820e-03  -3.416256269561914e-03  2.983994052037778e-03
  1.799999999999999e+01  4.063589261205391e+04  3.521954710477878e+04  1.101896726209877e+04  4.163114162573884e+04  -2.722753617875394e+04  1.430962253308239e+04  3.426369380917903e-03  -2.050159492109091e-03  2.890266128181044e-03
  1.809999999999999e+01  4.392179688729697e+04  2.750449104287367e+04  2.241587831420939e+04  4.185761986764728e+04  -2.027682068091906e+04  1.419793760137112e+04  2.377411147189693e-03  -8.517988319001200e-04  2.669833298650250e-03
  1.819999999999999e+01  4.802587622370906e+04  2.302080019849820e+04  2.934942382845138e+04  4.065969518694487e+04  -1.706892368811787e+04  1.358315508919721e+04  1.134232528356330e-03  -2.527047274014769e-04  2.444769392138760e-03
  1.829999999999999e+01  5.054651998646341e+04  2.181581792247461e+04  3.303918888512535e+04  3.671093825828042e+04  -1.661826054232326e+04  1.281601282799709e+04  1.416045035104244e-04  -2.510291033333592e-04  2.255204362985815e-03
  1.839999999999999e+01  5.013095523504931e+04  2.219688478167655e+04  3.624230642896830e+04  3.186562231353810e+04  -1.682526681787209e+04  1.172899415325601e+04  -5.480422624460639e-04  -5.224988483780676e-04  2.035882461190159e-03
  1.849999999999999e+01  4.746742685147997e+04  2.318723532320171e+04  3.986074414223377e+04  2.954997993338115e+04  -1.573604745444648e+04  1.033523515810633e+04  -1.171008357815034e-03  -7.154864280892405e-04  1.622745171419580e-03
  1.859999999999999e+01  4.548217974486191e+04  2.512049864664748e+04  4.179329350947891e+04  3.174640664743119e+04  -1.236800077588469e+04  8.728934673586446e+03  -1.917992228660789e-03  -6.657236405681695e-04  8.062920860737933e-04
  1.870000000000000e+01  4.756861389748753e+04  2.862325868263870e+04  3.944248768202920e+04  3.708242196769900e+04  -7.260080620091834e+03  6.733594139461305e+03  -2.678301452907487e-03  -4.258062719713149e-04  -4.336562694526444e-04
  1.880000000000000e+01  5.531315160864259e+04  3.327447634679107e+04  3.269919899768392e+04  4.191046640139776e+04  -2.295485258906655e+03  4.170676634169286e+03  -3.164855310445316e-03  -1.371166220736758e-04  -1.764697248821260e-03
  1.890000000000000e+01  6.698450515766631e+04  3.747330298300511e+04  2.470186346133929e+04  4.336570731326856e+04  3.840589742702722e+02  1.390039551559327e+03  -3.231737478205311e-03  8.765252858603194e-05  -2.671414329739286e-03
  1.900000000000000e+01  7.833933890549176e+04  3.956728191914848e+04  1.985205773127684e+04  4.152513099856598e+04  -3.604449918995317e+02  -9.642470916794653e+02  -3.011999411352329e-03  2.010471554108979e-04  -2.844820038718248e-03
  1.910000000000000e+01  8.577491500141185e+04  3.885143619587432e+04  2.062578535229936e+04  3.886588787813576e+04  -4.009700840822898e+03  -2.831467393741421e+03  -2.769390374965084e-03  2.169350359878966e-04  -2.444668356956494e-03
  1.920000000000000e+01  8.850256098615570e+04  3.594324157155736e+04  2.634420738682988e+04  3.774304165315201e+04  -8.762859182738221e+03  -5.089561349722639e+03  -2.623201596189565e-03  2.030498528397138e-04  -1.962605270602672e-03
  1.930000000000000e+01  8.825166200883637e+04  3.242871032792488e+04  3.429928857409764e+04  3.846833925067746e+04  -1.271757106188589e+04  -8.650021217870388e+03  -2.442000829684029e-03  2.769204331293063e-04  -1.810999802289835e-03
  1.940000000000001e+01  8.706510734223558e+04  3.029143985265740e+04  4.164457791933243e+04  3.975126343498693e+04  -1.496960742883118e+04  -1.296537505155982e+04  -2.026982700440376e-03  5.503005223864045e-04  -1.993104287931207e-03
  1.950000000000001e+01  8.503505947804646e+04  3.155153243330007e+04  4.660739614778516e+04  4.072262509214893e+04  -1.595089718007623e+04  -1.561647772355998e+04  -1.392326372097370e-03  1.027618211242436e-03  -2.128658607563568e-03
  1.960000000000001e+01  8.073330454841230e+04  3.777781038787432e+04  4.837880476848275e+04  4.205094742060302e+04  -1.696199031695354e+04  -1.376232106721723e+04  -8.314257717357695e-04  1.550069644519930e-03  -1.800860802680643e-03
  1.970000000000001e+01  7.366361167236351e+04  4.938498085383565e+04  4.684545090278560e+04  4.482334294135089e+04  -1.923469082746022e+04  -6.414058764664893e+03  -6.565899907736460e-04  1.883604791539318e-03  -9.091267887964874e-04
  1.980000000000001e+01  6.580503508417014e+04  6.486798139747595e+04  4.268107250918938e+04  4.868147719679579e+04  -2.310946000446366e+04  4.494650331537422e+03  -8.588692359109863e-04  1.896493567890958e-03  2.464740687492306e-04
  1.990000000000001e+01  6.096547680600794e+04  8.059647915555870e+04  3.759017688481112e+04  5.143230765470247e+04  -2.772627573952125e+04  1.512867383956162e+04  -1.049230585049155e-03  1.678713469353282e-03  1.212102471395348e-03
