TITLE = "Temporal Signal for receiver number 00353"
VARIABLES = "Time","xx","yy","zz","xy","yz","xz","u","v","w"
# x1       3.520946160000e+05
# x2       4.734684950000e+06
# x3       -3.000000000000e+03
  0.000000000000000e+00  0.000000000000000e+00  0.000000000000000e+00  0.000000000000000e+00  0.000000000000000e+00  0.000000000000000e+00  0.000000000000000e+00  0.000000000000000e+00  0.000000000000000e+00  0.000000000000000e+00
  1.000000000000000e-01  0.000000000000000e+00  0.000000000000000e+00  0.000000000000000e+00  0.000000000000000e+00  0.000000000000000e+00  0.000000000000000e+00  0.000000000000000e+00  0.000000000000000e+00  0.000000000000000e+00
  2.000000000000000e-01  0.000000000000000e+00  0.000000000000000e+00  0.000000000000000e+00  0.000000000000000e+00  0.000000000000000e+00  0.000000000000000e+00  0.000000000000000e+00  0.000000000000000e+00  0.000000000000000e+00
  3.000000000000000e-01  -5.229576994592752e-11  -1.102569546781927e-10  -5.086212632908493e-11  3.666791336031525e-11  -3.648651296215300e-11  8.557250743920017e-12  -3.378288743474291e-18  1.024680583835195e-17  3.153245871817853e-18
  4.000000000000000e-01  -6.246561556166412e-07  -6.933147145058647e-07  -4.042945294187429e-07  3.322292549542894e-07  -1.971464042158289e-07  1.676800880637507e-07  -5.696429921371993e-14  6.692794685816605e-14  3.500404911351219e-14
  5.000000000000000e-01  1.625407967183688e-05  2.928587917477936e-05  3.051648297236496e-05  -6.146250062971705e-06  1.432096186723426e-05  -9.467580789371727e-06  9.214465455860983e-13  -2.513260611977030e-12  -2.890805345641593e-12
  6.000000000000000e-01  -2.083425483129526e-04  1.367305575068959e-04  1.536341653570773e-05  1.294638669034024e-04  1.109906926064624e-04  5.339917781080720e-05  -3.831292117674295e-11  -1.735884588910128e-11  -6.298005098304503e-12
  7.000000000000000e-01  -7.400137837129792e-03  -1.082019333611008e-02  -5.499405844186679e-03  4.020978595195498e-03  -1.503450259692729e-03  8.474727008660137e-04  -6.080717798789839e-10  9.858536388078854e-10  1.764989468206245e-10
  7.999999999999999e-01  -4.491672217574782e-02  -7.433632321378891e-02  -3.545080489111739e-02  1.877217223238183e-02  -8.459289117850233e-03  6.345972393263564e-03  -3.031019179595258e-09  6.441466814145925e-09  1.108026135017805e-09
  8.999999999999999e-01  -3.088034273964502e-03  -1.456401938386514e-01  -5.630149204301765e-02  -2.571909146247650e-02  -2.461787267432381e-02  5.156147627331719e-03  4.478201985225033e-09  1.068920883053398e-08  5.088183877129606e-09
  9.999999999999999e-01  7.349531914489860e-01  6.929997150904991e-01  4.240920061753662e-01  -2.870792521306144e-01  7.132561787676757e-02  -1.670964667826992e-01  6.283273412124332e-08  -5.351064900662619e-08  -2.157847828092530e-08
  1.100000000000000e+00  -1.891779818783792e+00  -2.185542177735747e+00  -3.070791700649025e-01  1.455012160421122e+00  -5.411598580391840e-02  -1.033018413456776e-01  -1.910141829082425e-07  2.193878353061763e-07  -7.076099979606478e-08
  1.200000000000000e+00  -5.810214494584080e-02  -5.122621603488755e+00  -4.111228343051479e+00  -1.808521079137562e+00  -2.309060749246077e+00  9.969734518727644e-01  2.180333958218622e-07  3.552778276544359e-07  4.964709983685757e-07
  1.300000000000000e+00  6.357577811657656e+00  2.949181227557701e+01  1.497324999090942e+01  3.320038404053863e-01  7.978416897675052e+00  -1.267234017506558e+00  -1.712690320849138e-07  -2.382753411097361e-06  -1.274745524744657e-06
  1.400000000000000e+00  6.871901998634868e+01  1.473153306007264e+02  1.092988265943516e+02  -1.287602383440283e+01  6.555529050857126e+01  -1.214508894354097e+01  2.358901289740354e-06  -1.270731235899109e-05  -9.347998418774374e-06
  1.500000000000000e+00  -8.450024207251957e+01  6.254667907292105e+01  1.131505953113014e+02  1.285772445483115e+02  5.246815487195819e+01  1.805438073603012e+01  -1.731958503744235e-05  -4.638209672250277e-06  -9.368500383279791e-06
  1.600000000000000e+00  -3.505948232388945e+02  -2.690701405613778e+02  -3.342217925858061e+01  3.379387998279152e+02  -1.635563138364354e+02  7.221510698722729e+01  -3.938173168474698e-05  2.559966775455174e-05  1.775415524533983e-05
  1.700000000000000e+00  -5.713055647005968e+02  -1.035793394102241e+02  1.085425088762376e+02  6.093723552331510e+02  -2.177385697364642e+02  1.025785326766956e+02  -6.877769197253738e-05  1.248307784577200e-05  1.942062363749395e-05
  1.800000000000000e+00  -9.427168028588218e+02  -1.444091266058825e+02  2.485194250249704e+02  9.537242536244287e+02  -4.378696625444763e+02  1.622408237040609e+02  -1.016142764483015e-04  2.030741530233452e-05  3.844484752862165e-05
  1.900000000000001e+00  -1.170070167546417e+03  -1.937772121076396e+02  3.491152195316447e+02  1.136182163142960e+03  -8.821993406540148e+02  1.904727794691398e+02  -9.901823427664881e-05  2.886941549155539e-05  7.753867440442325e-05
  2.000000000000000e+00  -1.841806324509240e+03  -1.839369638833399e+02  1.035944857586191e+03  2.012584617928568e+03  -1.085227135172829e+03  2.954559593220820e+02  -1.945386710095324e-04  3.684271897238459e-05  4.429037631822984e-05
  2.100000000000001e+00  -3.176455854063213e+03  -4.975442723089300e+02  1.570199777915386e+03  3.372931446795094e+03  -1.962603074579756e+03  5.739910009451886e+02  -3.450228843126039e-04  8.441176031443798e-05  9.404742168224694e-05
  2.200000000000001e+00  -4.029213372991769e+03  -2.231880992031384e+02  2.262416640927274e+03  4.407311471018234e+03  -3.293180432740693e+03  8.164722926885023e+02  -3.827217150566812e-04  8.880691797084500e-05  2.147589648178904e-04
  2.300000000000001e+00  -1.009493090032550e+04  -8.898672658569096e+03  -7.989477526813519e+02  9.225760341448553e+03  -6.904103160255964e+03  1.501756236563543e+03  -8.624127913618619e-04  8.751124429756136e-04  5.649885149410672e-04
  2.400000000000001e+00  -2.724046985082045e+04  -2.964273795261469e+04  -6.877161450411971e+03  2.582299824250341e+04  -1.436773461391967e+04  5.361269960204671e+03  -2.868038675349168e-03  2.698034164473147e-03  1.234478777758295e-03
  2.500000000000001e+00  -5.021391224763321e+04  -6.262495893647910e+04  -2.611909752134832e+04  5.286132536571244e+04  -4.910666322998854e+04  1.460796127365308e+04  -5.279800723675360e-03  5.771378160870726e-03  5.587528652773350e-03
  2.600000000000001e+00  -1.245841486133611e+05  -1.095314836860766e+05  -3.879858306731583e+04  1.516393259659289e+05  -8.620412863590736e+04  3.265084434892043e+04  -1.756020872247241e-02  1.048940079461629e-02  7.863493895170770e-03
  2.700000000000001e+00  -1.876316875832872e+05  -2.054793941969374e+05  -7.587915866687459e+04  2.568188151697873e+05  -2.179706974170782e+05  5.185845428168954e+04  -2.439622655562092e-02  2.027517379115632e-02  2.106868873497015e-02
  2.800000000000001e+00  -2.713465954232695e+05  -3.877054377181128e+05  -2.274659236105116e+05  4.937364763909063e+05  -5.091941165216103e+05  1.063166224542218e+05  -4.460888879121049e-02  3.789034422779108e-02  5.214580372999855e-02
  2.900000000000001e+00  -6.596802928663893e+05  -9.341567431001851e+05  -1.932141666742659e+05  1.462272845389554e+06  -7.619282361152887e+05  9.694364755309856e+04  -1.508315602495028e-01  8.326245443666842e-02  5.070705639564965e-02
  3.000000000000001e+00  4.396570820219744e+05  -2.276104403260316e+06  -1.743992533210113e+05  4.836187258341514e+05  -2.022979483796334e+06  -2.936309133628035e+05  7.585838261688922e-02  1.716479389118299e-01  1.644416470373807e-01
  3.100000000000001e+00  1.651132780051795e+06  -1.111273632438509e+06  -1.768299302438407e+06  -2.340860578145347e+06  -3.620512167784100e+06  -4.599785471528034e+04  5.146383511029839e-01  3.859735339734748e-02  3.518167006476398e-01
  3.200000000000002e+00  2.770694776181272e+06  -5.441535181407389e+05  -2.960718758902468e+06  -6.994729870485988e+05  -2.058735756773601e+06  8.867237060205349e+05  2.150405765585530e-01  -6.664464675141432e-03  7.215058626481144e-02
  3.300000000000002e+00  3.152816990433237e+06  -9.603839859909785e+05  -2.878233920654186e+06  8.639689504204202e+05  -1.311326972766300e+06  1.332095101478943e+06  -1.827134851674551e-02  3.980104069257626e-02  -5.589557167044985e-02
  3.400000000000002e+00  2.984124077009748e+06  -1.209340604251667e+06  -2.743866897270611e+06  8.847138838227022e+05  -1.401013344246997e+06  1.325068403928073e+06  -2.363858379936318e-02  5.854542949852018e-02  -3.401035897460131e-02
  3.500000000000002e+00  3.263927058023979e+06  -1.133156056762572e+06  -3.147402471535136e+06  6.179073207809812e+05  -1.467363997255327e+06  1.368259394996505e+06  2.428402555076204e-02  4.610557804894238e-02  -4.044796546820716e-02
  3.600000000000002e+00  3.391589504395503e+06  -9.106830791472041e+05  -3.425871747780104e+06  5.218066786525748e+05  -1.603860813596294e+06  1.386651980032285e+06  5.577591932659439e-02  3.357774300662295e-02  -4.213157090660946e-02
  3.700000000000002e+00  3.518656836709034e+06  -7.888404277014134e+05  -3.302479191945733e+06  6.736776911553974e+05  -1.613597310123337e+06  1.467670391012986e+06  5.838524064251525e-02  1.285697841296292e-02  -3.077108718839928e-02
  3.800000000000002e+00  3.582718488237349e+06  -8.190120905513025e+05  -3.139661338890862e+06  6.029926112005631e+05  -1.639444386366917e+06  1.533263989949753e+06  5.488774162309325e-02  1.319685142695090e-02  -4.198534431200982e-02
  3.900000000000002e+00  3.446555499459369e+06  -8.540706918531051e+05  -3.024074736848691e+06  4.807720367123110e+05  -1.538666885022706e+06  1.489408644016426e+06  7.323098544198915e-02  2.542446574265810e-02  -5.491667620727384e-02
  4.000000000000002e+00  3.386600598545397e+06  -9.656397934372552e+05  -3.051040777777091e+06  4.537044631668231e+05  -1.368411449772594e+06  1.422177043025105e+06  9.059785787491201e-02  2.385953961922823e-02  -5.775390652024969e-02
  4.100000000000001e+00  3.320655067169509e+06  -1.079140953230310e+06  -3.140088784790815e+06  3.841451508977091e+05  -1.258542879264902e+06  1.387388148857336e+06  9.074826433737405e-02  1.645391545978090e-02  -6.371615123905153e-02
  4.200000000000001e+00  3.266782982437516e+06  -1.099081267991670e+06  -3.249866720063460e+06  3.238541771530706e+05  -1.189552535729872e+06  1.413017742506275e+06  7.026767233989084e-02  2.490969819482700e-02  -6.985421423094124e-02
  4.300000000000001e+00  3.306772650778783e+06  -1.230720329399315e+06  -3.362629137395674e+06  3.757729413419181e+05  -1.133552059102548e+06  1.478851122464234e+06  4.883031855849038e-02  3.316013911128803e-02  -5.914424809941669e-02
  4.400000000000000e+00  3.363070936153971e+06  -1.429826904253558e+06  -3.477515799907324e+06  4.657287336466994e+05  -1.089783048576490e+06  1.536006070957322e+06  3.639119047443927e-02  3.448911126808589e-02  -5.086440547443137e-02
  4.500000000000000e+00  3.372361219327290e+06  -1.533445260290302e+06  -3.648390464252233e+06  4.715551312213684e+05  -1.099024182596124e+06  1.535006129246807e+06  3.694114363152057e-02  4.685297299186700e-02  -5.606871118986789e-02
  4.600000000000000e+00  3.324575023772346e+06  -1.597066061323261e+06  -3.776637245027704e+06  4.928699566730527e+05  -1.036050808425570e+06  1.555192569751333e+06  3.291393727564206e-02  5.795895498209799e-02  -6.772038172017335e-02
  4.699999999999999e+00  3.360938003156319e+06  -1.643390478351187e+06  -4.069218144747635e+06  6.305489389890410e+05  -8.434435742388843e+05  1.728651466803350e+06  -2.510774820260058e-03  5.116963494693882e-02  -7.026279937087318e-02
  4.799999999999999e+00  3.631872149691771e+06  -1.575714062469321e+06  -4.600269201326783e+06  8.296889501986793e+05  -6.592464378029968e+05  1.915440816311340e+06  -5.263637776823823e-02  3.094516906372505e-02  -5.652587215667292e-02
  4.899999999999999e+00  3.843026502648874e+06  -1.446009234384916e+06  -5.031381829229473e+06  9.351041682313265e+05  -6.238002996946715e+05  1.978686685929416e+06  -6.148910431695315e-02  1.648515186153104e-02  -4.980656657821417e-02
  4.999999999999998e+00  3.824392579070439e+06  -1.319177817667469e+06  -5.032737564127905e+06  8.648303819793911e+05  -7.053888132579678e+05  1.942779467065971e+06  -2.910228215254174e-02  1.618687756832824e-02  -5.976692176412556e-02
  5.099999999999998e+00  3.816883442278543e+06  -1.195575101943869e+06  -4.807433340271015e+06  7.007121773926226e+05  -7.481089051489960e+05  1.912215477473509e+06  9.516582992136257e-04  1.829702554229276e-02  -7.033328710573386e-02
  5.199999999999998e+00  3.925663166930048e+06  -1.168968175630101e+06  -4.779876632458474e+06  6.070929326087763e+05  -7.269437465805772e+05  1.965239856422094e+06  1.086206685936815e-02  1.865932267155260e-02  -7.691970446753393e-02
  5.299999999999997e+00  4.003371579072434e+06  -1.161848842431263e+06  -4.905657236353399e+06  5.985568915631057e+05  -7.432005826547284e+05  2.023106574542717e+06  1.774852878040024e-02  9.132247772975104e-03  -8.158447093693888e-02
  5.399999999999997e+00  3.938073639773773e+06  -1.103511572669647e+06  -4.978680689862714e+06  6.032170182641491e+05  -7.773244614396391e+05  2.035917588238633e+06  2.597823467530824e-02  -1.098609267063891e-02  -8.556352906425972e-02
  5.499999999999996e+00  3.875268624426241e+06  -1.080652859224408e+06  -4.920530007052579e+06  5.812746756337731e+05  -8.134291240335620e+05  2.067402622392447e+06  2.651343791083757e-02  -2.478878180670736e-02  -7.858680365804815e-02
  5.599999999999996e+00  3.963851464422238e+06  -1.073574490364220e+06  -4.715584975074197e+06  5.092385052702748e+05  -8.854595327425324e+05  2.145045269143462e+06  3.115661938938058e-02  -2.968720281901788e-02  -5.391151755041592e-02
  5.699999999999996e+00  4.113569769009396e+06  -1.105688608129690e+06  -4.457451233878845e+06  4.454509059326714e+05  -9.242499567234685e+05  2.240690824100901e+06  5.272305753382721e-02  -3.361462085495619e-02  -2.662539044214256e-02
  5.799999999999995e+00  4.241468049504294e+06  -1.232715178753480e+06  -4.238763721920685e+06  4.118260778321601e+05  -9.392253450944921e+05  2.339500593969648e+06  7.844008870679967e-02  -3.326765974468045e-02  -5.320837082306859e-03
  5.899999999999995e+00  4.313146835137505e+06  -1.371206346069945e+06  -4.121283250624175e+06  3.443834031171097e+05  -1.025725347190317e+06  2.382057500457765e+06  9.125235400095767e-02  -3.221499998107997e-02  1.480416791550154e-02
  5.999999999999995e+00  4.245402109367047e+06  -1.388445333945083e+06  -4.051972388817261e+06  2.971603995592338e+05  -1.094291104079056e+06  2.310759656422285e+06  7.879012011056181e-02  -4.027306731118927e-02  2.342031798192717e-02
  6.099999999999994e+00  4.099829998740223e+06  -1.363236241114369e+06  -3.920165873690656e+06  3.979096036183300e+05  -1.078294550492238e+06  2.186431247663050e+06  3.762791954502958e-02  -4.899232590492451e-02  1.719421070959947e-02
  6.199999999999994e+00  4.012020059054060e+06  -1.386661654631152e+06  -3.799159979301091e+06  6.504105049917445e+05  -1.053207261437251e+06  2.080246180327480e+06  -2.132381335815063e-02  -5.219299368559314e-02  5.045874738414292e-03
  6.299999999999994e+00  3.973455422616664e+06  -1.316392575444529e+06  -3.768610378328738e+06  8.851198864454826e+05  -1.072942089274429e+06  1.955816218292535e+06  -7.343606039795669e-02  -5.538377234197459e-02  -4.083002372308073e-03
  6.399999999999993e+00  3.934014690037618e+06  -1.139626317955413e+06  -3.769703822693809e+06  9.223053993369250e+05  -1.162470726591346e+06  1.808525001901758e+06  -9.397496424165501e-02  -6.098891942747725e-02  -1.059701371111131e-03
  6.499999999999993e+00  3.850810590364331e+06  -1.032766418209147e+06  -3.743756404391184e+06  8.094413558114552e+05  -1.237894845781099e+06  1.743056841481397e+06  -8.398016769637316e-02  -6.596091125678127e-02  1.725046011834583e-03
  6.599999999999993e+00  3.737426185222260e+06  -9.929294387362127e+05  -3.699838939234916e+06  7.076972240913149e+05  -1.265837674099111e+06  1.799689889343465e+06  -5.889434809001222e-02  -6.599605762473489e-02  -1.373469820570622e-03
  6.699999999999992e+00  3.639575653023851e+06  -9.168761051180166e+05  -3.647610601832312e+06  6.692760085720955e+05  -1.318205296201767e+06  1.878179522023222e+06  -3.050400372406618e-02  -6.091984960543768e-02  4.024047744898820e-03
  6.799999999999992e+00  3.558578273513454e+06  -8.596236990896834e+05  -3.520835029897931e+06  6.659152465588744e+05  -1.401152223923582e+06  1.916313345244164e+06  -7.985340704551595e-03  -5.365800530208015e-02  1.618592347688850e-02
  6.899999999999991e+00  3.479832837744355e+06  -8.966160634508996e+05  -3.319150214310664e+06  6.770300765434405e+05  -1.451115089069774e+06  1.925297033090953e+06  3.837008106377676e-03  -4.402505160581125e-02  2.390244873443010e-02
  6.999999999999991e+00  3.444686969618150e+06  -9.328230030813714e+05  -3.182526705983840e+06  6.738470383633047e+05  -1.463907266939714e+06  1.883302688427281e+06  8.288784955710867e-03  -3.151161416608501e-02  3.244436437506626e-02
  7.099999999999991e+00  3.485963051340013e+06  -9.105578043279718e+05  -3.185718945158524e+06  6.501891632000201e+05  -1.475326870645889e+06  1.776860047225568e+06  7.385964646081888e-03  -1.798018534277895e-02  4.423956208743134e-02
  7.199999999999990e+00  3.556171980190348e+06  -9.148177742164392e+05  -3.225345440138845e+06  6.364373228789519e+05  -1.470552845276738e+06  1.661122494603296e+06  1.110881688137677e-03  -3.903496548272838e-03  4.856986715539276e-02
  7.299999999999990e+00  3.572778805213046e+06  -9.811828022757727e+05  -3.224551364149367e+06  6.292268036261500e+05  -1.431860487521152e+06  1.609671518932762e+06  -1.378689005178860e-03  1.133770331162427e-02  4.433188525947684e-02
  7.399999999999990e+00  3.531204921532687e+06  -1.042731129031405e+06  -3.198662232760422e+06  5.994314934502017e+05  -1.393265499058355e+06  1.643578452528551e+06  8.968906561637910e-03  2.706642726189655e-02  4.154756409777190e-02
  7.499999999999989e+00  3.509134539631238e+06  -1.063241683709075e+06  -3.139504369505268e+06  5.427923767357580e+05  -1.381116668499239e+06  1.725172707248517e+06  2.542271440390079e-02  3.902678251101310e-02  4.244105825018790e-02
  7.599999999999989e+00  3.533364621420467e+06  -1.089486201564363e+06  -3.069722365684427e+06  4.811770433710533e+05  -1.378059570592256e+06  1.806089062150670e+06  3.629665619182636e-02  4.384380482882656e-02  4.268371075720523e-02
  7.699999999999989e+00  3.559075936019854e+06  -1.156168408246677e+06  -3.049887025642304e+06  4.410371978505465e+05  -1.375616909558158e+06  1.853629093618614e+06  4.065444524878040e-02  4.394570413261675e-02  4.121129589037170e-02
  7.799999999999988e+00  3.559959327745023e+06  -1.226535085418065e+06  -3.085018340257824e+06  4.324051920453195e+05  -1.396077013120791e+06  1.853370804951099e+06  4.206343467529797e-02  4.215709465881567e-02  3.878898923877109e-02
  7.899999999999988e+00  3.569806994932909e+06  -1.255439463791041e+06  -3.153175197488299e+06  4.475255244200968e+05  -1.440249704217283e+06  1.820195848274870e+06  4.027157637919952e-02  3.744736088538210e-02  3.465820593073012e-02
  7.999999999999988e+00  3.633788699808738e+06  -1.245828158222761e+06  -3.235710124693775e+06  4.735389748522738e+05  -1.485881359932580e+06  1.788517376043587e+06  3.398210949116232e-02  2.891978448086889e-02  2.807738223257134e-02
  8.099999999999987e+00  3.721896301088726e+06  -1.223774415250276e+06  -3.308775817664150e+06  5.048672418350502e+05  -1.527828598996586e+06  1.765825937406596e+06  2.197959822308519e-02  1.888013298140066e-02  2.122572615680273e-02
  8.199999999999987e+00  3.762550274491965e+06  -1.192645995922995e+06  -3.362605332156569e+06  5.339390397313904e+05  -1.571978433874429e+06  1.727431992513451e+06  4.377895244468488e-03  1.104242609281949e-02  1.972564969512758e-02
  8.299999999999986e+00  3.732652332238256e+06  -1.170025451489231e+06  -3.402144045303404e+06  5.521524307686680e+05  -1.606059022671099e+06  1.666664773501987e+06  -1.536857924723543e-02  8.920141199628156e-03  2.468788978605906e-02
  8.399999999999986e+00  3.668745299284300e+06  -1.184574979940762e+06  -3.423925679878043e+06  5.661913800070835e+05  -1.612570412061118e+06  1.607934541047207e+06  -3.190959344917520e-02  1.195954790046932e-02  3.043131254731080e-02
  8.499999999999986e+00  3.609766526320978e+06  -1.203435273223981e+06  -3.423854895516662e+06  5.871315575803769e+05  -1.607321928712260e+06  1.568482924436239e+06  -4.199333013061770e-02  1.520996957639373e-02  3.429659866830299e-02
  8.599999999999985e+00  3.548357829401613e+06  -1.179389851587348e+06  -3.399255163315313e+06  6.164555147156430e+05  -1.621549345543574e+06  1.545114150309562e+06  -4.813399028898312e-02  1.478092979224014e-02  3.751838220785295e-02
  8.699999999999985e+00  3.464232918234398e+06  -1.138343843094817e+06  -3.357170098572260e+06  6.552875341887719e+05  -1.649808973814700e+06  1.534887374833805e+06  -5.374557335285963e-02  1.146153366452337e-02  3.925507091754994e-02
  8.799999999999985e+00  3.390815776376713e+06  -1.130567601981357e+06  -3.337884441792221e+06  6.939645547317219e+05  -1.662675268527426e+06  1.546902720371865e+06  -5.474738632972224e-02  9.587594762356447e-03  3.942800018205887e-02
  8.899999999999984e+00  3.378507030624532e+06  -1.163812397660153e+06  -3.371869933902478e+06  7.049596758398949e+05  -1.652934136060966e+06  1.588287297465968e+06  -4.580398485198012e-02  1.139195150521154e-02  3.859909367517499e-02
  8.999999999999984e+00  3.421262684477520e+06  -1.212687954288553e+06  -3.427292394075256e+06  6.827953727592499e+05  -1.629436437518822e+06  1.646657389167136e+06  -3.104027353267736e-02  1.359618387789024e-02  3.430096094997741e-02
  9.099999999999984e+00  3.478705705809997e+06  -1.242213647352840e+06  -3.459382186112008e+06  6.599280964964476e+05  -1.596619532424731e+06  1.694103194438909e+06  -1.981529032174288e-02  1.236341580437145e-02  2.609574627886151e-02
  9.199999999999983e+00  3.533376773059908e+06  -1.230344444882852e+06  -3.474329722861800e+06  6.549082340194441e+05  -1.564508324322780e+06  1.705956520878325e+06  -1.611792112574216e-02  8.899235623821394e-03  1.881869212910517e-02
  9.299999999999983e+00  3.589604605881860e+06  -1.187777805971892e+06  -3.498134167542747e+06  6.442358950844900e+05  -1.544040389474300e+06  1.678480899046875e+06  -1.685317682808261e-02  6.172074309733730e-03  1.504456472743507e-02
  9.399999999999983e+00  3.643215145698471e+06  -1.144198553116376e+06  -3.524176033092615e+06  6.131909570183551e+05  -1.525211411274838e+06  1.635236959485909e+06  -1.776992605707113e-02  3.800516718274266e-03  1.092406639386856e-02
  9.499999999999982e+00  3.677911299896889e+06  -1.128106789772236e+06  -3.535421033887035e+06  5.864143397116838e+05  -1.491585510341247e+06  1.608589806650104e+06  -1.704282062904229e-02  4.813433308445522e-04  3.540495284220747e-03
  9.599999999999982e+00  3.684564838969744e+06  -1.143616684097448e+06  -3.544214406057105e+06  5.845524230233901e+05  -1.449132736503225e+06  1.609953817696350e+06  -1.378679267034780e-02  -1.406304248101605e-03  -3.888682830402450e-03
  9.699999999999982e+00  3.672432931392993e+06  -1.161117458133744e+06  -3.566518032118774e+06  5.897513265290944e+05  -1.418187465919002e+06  1.625142786536463e+06  -7.523583524286984e-03  4.308242559926093e-04  -7.156598112643517e-03
  9.799999999999981e+00  3.663333958917158e+06  -1.149357309924235e+06  -3.591256856330102e+06  5.748322993145712e+05  -1.402998282435688e+06  1.637015879151827e+06  2.673845070352354e-04  3.301891125674635e-03  -6.216937794026850e-03
  9.899999999999981e+00  3.671473017152433e+06  -1.119219270839779e+06  -3.605708654917265e+06  5.405344588785887e+05  -1.387523772779015e+06  1.643919940203561e+06  6.310093061759434e-03  3.638704051027498e-03  -3.939859738015064e-03
  9.999999999999980e+00  3.691065377087289e+06  -1.110059343058183e+06  -3.610939282576998e+06  5.094227867658422e+05  -1.360479216964992e+06  1.656390401018884e+06  8.434983450517653e-03  2.441165444947099e-03  -3.380795448009457e-03
  1.009999999999998e+01  3.704659786640045e+06  -1.135864166934879e+06  -3.607616016460683e+06  4.970574588533795e+05  -1.327318847835835e+06  1.680139392049167e+06  7.308497783366218e-03  1.976869855446600e-03  -6.200846538851842e-03
  1.019999999999998e+01  3.701615920799721e+06  -1.161644557255837e+06  -3.598183230826151e+06  5.025185997228288e+05  -1.297546664398459e+06  1.706776173218784e+06  4.896117188544998e-03  1.321395956068497e-03  -1.120508317701832e-02
  1.029999999999998e+01  3.687001157784723e+06  -1.150678587012214e+06  -3.593909075298912e+06  5.186318740748698e+05  -1.275256015813082e+06  1.723278984921260e+06  2.634301780338036e-03  -1.108534648353745e-03  -1.502967837229866e-02
  1.039999999999998e+01  3.675388760917136e+06  -1.117516809269007e+06  -3.597206931177755e+06  5.372346562880379e+05  -1.261455681738840e+06  1.726456341110771e+06  1.551715054926828e-03  -4.139939028119496e-03  -1.557152948666037e-02
  1.049999999999998e+01  3.676904383492399e+06  -1.100956842750859e+06  -3.595918880907379e+06  5.481450654170660e+05  -1.255568177949534e+06  1.723608006254855e+06  2.267267396157401e-03  -5.466125369375860e-03  -1.397759713879240e-02
  1.059999999999998e+01  3.687157218296517e+06  -1.103904271463291e+06  -3.589426732433952e+06  5.456936965286139e+05  -1.255241205293540e+06  1.723202884190932e+06  3.580558096011741e-03  -4.752033299468730e-03  -1.225301893662863e-02
  1.069999999999998e+01  3.692067129001492e+06  -1.097191068610093e+06  -3.591710663504984e+06  5.382735870961252e+05  -1.258512037112232e+06  1.730447910500556e+06  2.867447203599016e-03  -3.725369917843779e-03  -1.038812841898134e-02
  1.079999999999998e+01  3.683163254787894e+06  -1.069935055649376e+06  -3.600582553182274e+06  5.405778195141280e+05  -1.264669382198495e+06  1.745706507657251e+06  -6.401775168111674e-04  -3.867500608949556e-03  -7.532570995482728e-03
  1.089999999999998e+01  3.663779820650983e+06  -1.045080519063646e+06  -3.594941535866122e+06  5.525098119968326e+05  -1.271307885537090e+06  1.763963379927024e+06  -4.273599020335262e-03  -5.019354135594930e-03  -4.063336566271708e-03
  1.099999999999998e+01  3.642607812105427e+06  -1.042872050771923e+06  -3.567576059273619e+06  5.574891059623152e+05  -1.274397348955022e+06  1.780437764202395e+06  -4.621664252905796e-03  -6.013095326683001e-03  -1.006038219141788e-03
  1.109999999999998e+01  3.624892606200580e+06  -1.053101772273516e+06  -3.536846760442970e+06  5.450257828925055e+05  -1.274809052087056e+06  1.794077087784486e+06  -1.366580639789242e-03  -5.974747395390700e-03  1.111550143793780e-03
  1.119999999999998e+01  3.609175286748852e+06  -1.055608414459737e+06  -3.520441077534663e+06  5.233154443881859e+05  -1.280425516974111e+06  1.802418034970612e+06  2.425309046275761e-03  -4.912472162405903e-03  2.191934975349362e-03
  1.129999999999998e+01  3.591479718136822e+06  -1.049594406732192e+06  -3.515648927813032e+06  5.066346179563504e+05  -1.297683318574053e+06  1.798375066908427e+06  3.997931712683273e-03  -3.511858400055847e-03  2.343950690512740e-03
  1.139999999999998e+01  3.569910651145971e+06  -1.047683650555252e+06  -3.512468782678159e+06  5.000606367087305e+05  -1.324075289908909e+06  1.777476278198314e+06  3.711455620734280e-03  -2.681016169859928e-03  2.083802796071909e-03
  1.149999999999998e+01  3.545645935597698e+06  -1.052854518053731e+06  -3.508535695241058e+06  4.999945194992318e+05  -1.349022673199593e+06  1.747456744944446e+06  3.514101093565788e-03  -2.806299916720389e-03  1.950189594898859e-03
  1.159999999999997e+01  3.522453191567318e+06  -1.056357374733238e+06  -3.503060934586504e+06  5.033229479850091e+05  -1.359989655798650e+06  1.724318923880838e+06  3.961632168296095e-03  -3.522512103733699e-03  1.692795154456180e-03
  1.169999999999997e+01  3.505710351859918e+06  -1.053722698225399e+06  -3.490677151020973e+06  5.101531646978098e+05  -1.353287834548939e+06  1.717001246293901e+06  3.942589189448859e-03  -4.336732464953647e-03  4.217714564102338e-04
  1.179999999999997e+01  3.500881898970203e+06  -1.049397231883182e+06  -3.469207212027909e+06  5.189839432007047e+05  -1.342244009259139e+06  1.720337619094279e+06  2.639290110588390e-03  -4.962932104197680e-03  -1.965423407804071e-03
  1.189999999999997e+01  3.508091574038750e+06  -1.048819051095245e+06  -3.447386380175815e+06  5.257811274028276e+05  -1.346494139639267e+06  1.722878358498957e+06  5.636253164874418e-04  -4.977194990524085e-03  -3.947607425209903e-03
  1.199999999999997e+01  3.517639935595427e+06  -1.054194112878363e+06  -3.438939737348644e+06  5.300874851935154e+05  -1.369717548015145e+06  1.718621897104601e+06  -1.185915627586856e-03  -3.992788800677587e-03  -4.197970473304948e-03
  1.209999999999997e+01  3.517668349558974e+06  -1.063655974306191e+06  -3.447955556236287e+06  5.367263600779441e+05  -1.395827839568930e+06  1.710756850201374e+06  -2.139364321968619e-03  -2.508282603438811e-03  -4.059871487816426e-03
  1.219999999999997e+01  3.506641237879553e+06  -1.072489005785997e+06  -3.464562241022991e+06  5.476724153279051e+05  -1.408629082333578e+06  1.705622894826482e+06  -2.814486465272687e-03  -1.700889251177948e-03  -6.241730129790940e-03
  1.229999999999997e+01  3.494420130602214e+06  -1.077894116113282e+06  -3.475651076950859e+06  5.561344466556493e+05  -1.407104276486638e+06  1.705393395879494e+06  -3.701242838274211e-03  -1.791549158897092e-03  -1.071517262373938e-02
  1.239999999999997e+01  3.490855109901341e+06  -1.081307291678443e+06  -3.477132724546576e+06  5.532707731580397e+05  -1.401351400919187e+06  1.706563987804309e+06  -4.250319373954335e-03  -1.643311388432679e-03  -1.383716744332356e-02
  1.249999999999997e+01  3.496943432754451e+06  -1.084159123189376e+06  -3.475918022242652e+06  5.391241597671572e+05  -1.401250107131046e+06  1.703871538972702e+06  -3.570673274454318e-03  -6.739268816744512e-04  -1.242665073708587e-02
  1.259999999999997e+01  3.508219503154220e+06  -1.084438065320164e+06  -3.481646800904940e+06  5.242741940162308e+05  -1.409846359333184e+06  1.694947079416493e+06  -2.011420959640732e-03  -1.154253925440938e-06  -7.382779439239340e-03
  1.269999999999997e+01  3.520162598881281e+06  -1.082579155062163e+06  -3.496879042730511e+06  5.204026490488403e+05  -1.422413833431657e+06  1.682414287575412e+06  -1.132609891098986e-03  -6.794049801492055e-04  -2.568310633959621e-03
  1.279999999999997e+01  3.527982359907666e+06  -1.086625364410102e+06  -3.513396239757668e+06  5.286309867761120e+05  -1.430274002309969e+06  1.672971751449193e+06  -1.682163207150089e-03  -1.838034056488985e-03  -9.645967504432291e-04
  1.289999999999997e+01  3.527913660705807e+06  -1.105479817003126e+06  -3.517944859606366e+06  5.373694533037140e+05  -1.426987393001972e+06  1.672745905532031e+06  -2.322673633770028e-03  -1.731564727368708e-03  -2.354913722466493e-03
  1.299999999999997e+01  3.522251906929033e+06  -1.137676128602672e+06  -3.503620629187698e+06  5.336516069375718e+05  -1.412697509344098e+06  1.681847101324411e+06  -1.086624700588589e-03  -4.947387540820810e-05  -4.201898655451416e-03
  1.309999999999997e+01  3.519646983665889e+06  -1.169217281627923e+06  -3.476155825362421e+06  5.168730446168929e+05  -1.394567759194595e+06  1.693859047142324e+06  2.208748566625022e-03  1.756996699520792e-03  -4.235872080668421e-03
  1.319999999999997e+01  3.527966054674610e+06  -1.183850341698970e+06  -3.450850765609807e+06  4.989295843584547e+05  -1.383203506440829e+06  1.701274426714876e+06  5.652277011504216e-03  2.206270729792499e-03  -2.268801919957051e-03
  1.329999999999997e+01  3.547775430755897e+06  -1.176749526554040e+06  -3.443895649046871e+06  4.902085250793751e+05  -1.385713989429360e+06  1.702056635403212e+06  7.224533251965661e-03  1.323985583719491e-03  1.008380902265108e-04
  1.339999999999997e+01  3.572396465224843e+06  -1.158768570160229e+06  -3.462853632935942e+06  4.895842952551093e+05  -1.399089502224689e+06  1.700834087136256e+06  6.473366219077500e-03  4.884584687649808e-04  1.316005630574206e-03
  1.349999999999997e+01  3.592119026648373e+06  -1.147354742873126e+06  -3.501515386090487e+06  4.906451195322301e+05  -1.410734636727007e+06  1.703402631438268e+06  4.297883433462425e-03  9.888040836610020e-04  1.149205178167336e-03
  1.359999999999997e+01  3.599486540739359e+06  -1.152573095172977e+06  -3.544138209522529e+06  4.926912146245810e+05  -1.408957626153962e+06  1.710537586524289e+06  1.872008303546087e-03  2.768040239849555e-03  3.002444841617034e-04
  1.369999999999997e+01  3.594224063637446e+06  -1.170893413703375e+06  -3.576030358289947e+06  5.001289093732965e+05  -1.393959536394290e+06  1.717917895622439e+06  1.085192594445947e-04  4.533380101686086e-03  -7.286894700548471e-04
  1.379999999999997e+01  3.584099434074962e+06  -1.189981621331124e+06  -3.591310770037401e+06  5.130507791725438e+05  -1.377031181856562e+06  1.721445563929940e+06  -3.003392279292431e-04  4.943447881860097e-03  -1.955211376673422e-03
  1.389999999999997e+01  3.579993432985778e+06  -1.197040915986161e+06  -3.592842344964082e+06  5.240171198520712e+05  -1.369197859104847e+06  1.720914061764951e+06  9.780406299157562e-04  3.725884342463688e-03  -3.241056664318331e-03
  1.399999999999997e+01  3.587849249594959e+06  -1.185424778711571e+06  -3.587642237900917e+06  5.258302010960131e+05  -1.372164386778578e+06  1.719202398556875e+06  3.597349865847212e-03  1.854989658846354e-03  -3.900665016237137e-03
  1.409999999999997e+01  3.603139887772177e+06  -1.159824894450968e+06  -3.582680031362029e+06  5.197393677129254e+05  -1.379059313965867e+06  1.720143702804729e+06  6.585697743429895e-03  6.524775963952181e-04  -3.484576682163453e-03
  1.419999999999997e+01  3.613878195720216e+06  -1.136037441258077e+06  -3.582421537863713e+06  5.141327169627645e+05  -1.381402608501817e+06  1.726660018946250e+06  8.797277907694233e-03  6.448529578915930e-04  -2.650538264146783e-03
  1.429999999999997e+01  3.610180346091512e+06  -1.130583350124862e+06  -3.587755023172094e+06  5.163777897079619e+05  -1.375366286431273e+06  1.739143637134197e+06  9.421168577559345e-03  1.318112339903667e-03  -2.773316085413016e-03
  1.439999999999996e+01  3.592244304926486e+06  -1.146513415688304e+06  -3.596658566220611e+06  5.270651976755544e+05  -1.363344743940972e+06  1.754831369036847e+06  8.255086221438777e-03  1.797760175084757e-03  -4.514600402575062e-03
  1.449999999999996e+01  3.569933927523762e+06  -1.170523137341612e+06  -3.606350827760542e+06  5.410262789252326e+05  -1.350656159042930e+06  1.768875062003048e+06  5.648486342951863e-03  1.642866392556815e-03  -6.922705728740115e-03
  1.459999999999996e+01  3.554765719972041e+06  -1.185034316345976e+06  -3.614562967823288e+06  5.520709019622796e+05  -1.341392489251271e+06  1.777284775337639e+06  2.276121690413425e-03  1.035990859029538e-03  -8.118138643022042e-03
  1.469999999999996e+01  3.552675669374912e+06  -1.181704676146059e+06  -3.618797967032768e+06  5.564692927403772e+05  -1.337508548400785e+06  1.779921892935917e+06  -9.985227964292350e-04  4.282618154185689e-04  -6.903440667877782e-03
  1.479999999999996e+01  3.562616981541983e+06  -1.164087652146066e+06  -3.616120496190229e+06  5.539286502012328e+05  -1.340218707818120e+06  1.780501177192824e+06  -3.216400374308329e-03  1.362389335366002e-04  -3.694586481527629e-03
  1.489999999999996e+01  3.578646671396041e+06  -1.141296214466063e+06  -3.605794072535933e+06  5.474805103433437e+05  -1.349437476579147e+06  1.782777023531860e+06  -3.668176039909896e-03  1.540478833443293e-04  -5.115272170815422e-05
  1.499999999999996e+01  3.592680019888166e+06  -1.121566286452296e+06  -3.591530563061723e+06  5.422092292062242e+05  -1.361643463572495e+06  1.786183272731962e+06  -2.389289014406451e-03  1.864752638500999e-04  2.488315832328093e-03
  1.509999999999996e+01  3.598024427419895e+06  -1.110151678105680e+06  -3.578613559449940e+06  5.419546655679109e+05  -1.370776439496583e+06  1.785804532744530e+06  -2.990945416416044e-04  -1.341716238833756e-04  3.208701066880286e-03
  1.519999999999996e+01  3.593037533092326e+06  -1.109090995252086e+06  -3.568992347908198e+06  5.458300643850114e+05  -1.372759034908000e+06  1.777843726602283e+06  1.271097268823698e-03  -9.645805280512598e-04  2.266664647271203e-03
  1.529999999999996e+01  3.581603668607752e+06  -1.116242622801144e+06  -3.560821838746408e+06  5.486386008603285e+05  -1.368681125379296e+06  1.764921475670200e+06  1.289557376621291e-03  -2.007624622928691e-03  2.687299012986210e-04
  1.539999999999996e+01  3.569854670562547e+06  -1.125128136636185e+06  -3.552166103661389e+06  5.456693340797769e+05  -1.363047874938279e+06  1.754629010393371e+06  -4.266737906667969e-04  -2.620408478828223e-03  -1.963476474347705e-03
  1.549999999999996e+01  3.561659284797633e+06  -1.128469827473541e+06  -3.543548480270559e+06  5.373913651221535e+05  -1.359561267375628e+06  1.752885202589253e+06  -3.033082357379279e-03  -2.342132478752127e-03  -3.439408230530215e-03
  1.559999999999996e+01  3.556864862802777e+06  -1.123085100012259e+06  -3.536657539834806e+06  5.294765728068510e+05  -1.359420158333532e+06  1.759256978599644e+06  -5.085133047794689e-03  -1.353519693955221e-03  -3.259140651196240e-03
  1.569999999999996e+01  3.553647655677787e+06  -1.111668044356770e+06  -3.531845749137566e+06  5.279599987168765e+05  -1.362482711916146e+06  1.768148473772838e+06  -5.455756850818306e-03  -3.962590658285181e-04  -1.160719532451117e-03
  1.579999999999996e+01  3.551442424274828e+06  -1.100369381852147e+06  -3.528540016975543e+06  5.341372270216666e+05  -1.368419579520293e+06  1.773609648819839e+06  -4.123925057047543e-03  -1.541395900227854e-04  2.125662615288008e-03
  1.589999999999996e+01  3.551009112793707e+06  -1.094460263325240e+06  -3.527473090785328e+06  5.436796808439050e+05  -1.376339764124635e+06  1.772757159169041e+06  -2.190148362510322e-03  -6.623229307685463e-04  5.248043717161543e-03
  1.599999999999996e+01  3.552000722928124e+06  -1.094974174563201e+06  -3.530451992964249e+06  5.505698213674240e+05  -1.384299094460256e+06  1.765942089320211e+06  -1.065131837830180e-03  -1.387603663890474e-03  7.077550784738173e-03
  1.609999999999996e+01  3.551456248068677e+06  -1.098433085859604e+06  -3.537466247870512e+06  5.522490992846664e+05  -1.390216091854440e+06  1.755280665660969e+06  -1.485577117358112e-03  -1.809561568271604e-03  7.256279433650609e-03
  1.619999999999996e+01  3.546105713903863e+06  -1.099704662801797e+06  -3.544790944510114e+06  5.509043787247650e+05  -1.393061926489155e+06  1.743522723272803e+06  -3.053171989724739e-03  -1.892392293669960e-03  6.132077831507861e-03
  1.629999999999996e+01  3.536498224970861e+06  -1.096037187399672e+06  -3.546886589925704e+06  5.499783524711276e+05  -1.392903972423421e+06  1.733602085130367e+06  -4.544603331028722e-03  -1.989187831586309e-03  4.392664101372156e-03
  1.639999999999996e+01  3.528036105995717e+06  -1.089038904424829e+06  -3.540646417300150e+06  5.499640401383971e+05  -1.390417155610404e+06  1.727542846536599e+06  -4.779187264279897e-03  -2.312114094346247e-03  2.729942179372662e-03
  1.649999999999996e+01  3.526737608107727e+06  -1.083228202816204e+06  -3.528170519007284e+06  5.479141728602248e+05  -1.386735976831039e+06  1.725141784935565e+06  -3.420421768640648e-03  -2.607267072035253e-03  1.569338806656910e-03
  1.659999999999997e+01  3.533823572666124e+06  -1.082909126549090e+06  -3.515886333851657e+06  5.411640091927438e+05  -1.383623538503454e+06  1.724155669932181e+06  -1.129619753746028e-03  -2.408486007548689e-03  9.810943894866489e-04
  1.669999999999997e+01  3.544945296596267e+06  -1.090012076064591e+06  -3.510223544871084e+06  5.315108364016209e+05  -1.382921945607556e+06  1.721866990807058e+06  9.730008318169200e-04  -1.568831651408708e-03  7.690830237816785e-04
  1.679999999999997e+01  3.554629911762160e+06  -1.103639923705637e+06  -3.513180175046253e+06  5.252518498380560e+05  -1.385481158551524e+06  1.716783113710848e+06  2.051071703008283e-03  -4.843873145678002e-04  6.442106277342417e-04
  1.689999999999997e+01  3.560654450718108e+06  -1.120664800653785e+06  -3.521729374735617e+06  5.282580214725771e+05  -1.390768846120090e+06  1.709374091985957e+06  1.887427433459516e-03  2.411356296745282e-04  3.721950054419332e-04
  1.699999999999997e+01  3.564260855253389e+06  -1.136298340707517e+06  -3.531218345543832e+06  5.404179238173174e+05  -1.397271627161639e+06  1.701767992593035e+06  7.063042469385928e-04  2.889170838049716e-04  -1.457847259168683e-04
  1.709999999999997e+01  3.567512094904919e+06  -1.145421723114275e+06  -3.539052958611372e+06  5.547789638631771e+05  -1.402796080820087e+06  1.696872001721313e+06  -1.129433209472358e-03  -1.803132533253782e-04  -8.284866018044049e-04
  1.719999999999997e+01  3.571549291202394e+06  -1.145159007018168e+06  -3.545391982441653e+06  5.625233342792265e+05  -1.404689915203093e+06  1.696829005565875e+06  -3.186534300295529e-03  -7.281939544023144e-04  -1.460118899069158e-03
  1.729999999999998e+01  3.576774893551397e+06  -1.137238595574141e+06  -3.551036087945917e+06  5.593654030500905e+05  -1.400850666457044e+06  1.701512895191779e+06  -4.866619026066016e-03  -9.580775422143908e-04  -1.809894821231782e-03
  1.739999999999998e+01  3.583163972958900e+06  -1.127577318192585e+06  -3.555107834911976e+06  5.482944603276098e+05  -1.391522504111347e+06  1.708348466951687e+06  -5.511120017097643e-03  -7.118043580554078e-04  -1.777142894868260e-03
  1.749999999999998e+01  3.589605827709127e+06  -1.122673051661683e+06  -3.554775005125914e+06  5.368158072760969e+05  -1.380035972870768e+06  1.713884641862918e+06  -4.766589823240340e-03  -9.409277115511002e-05  -1.419425212356362e-03
  1.759999999999998e+01  3.593317906849343e+06  -1.125820006678988e+06  -3.547255044412689e+06  5.313414323964565e+05  -1.371262075546202e+06  1.715740735480937e+06  -2.878200216022566e-03  6.092671409608239e-04  -8.483837719141685e-04
  1.769999999999998e+01  3.591032586915098e+06  -1.135707507370692e+06  -3.532495117550470e+06  5.329498867144377e+05  -1.368746756924687e+06  1.713332570592471e+06  -5.800111563308663e-04  1.032556014982196e-03  -1.202129661472941e-04
  1.779999999999998e+01  3.581245697672025e+06  -1.147833705649260e+06  -3.514185861419502e+06  5.374461187149332e+05  -1.372625017236790e+06  1.707280695058123e+06  1.301104279172200e-03  8.933760112164287e-04  7.178846784712585e-04
  1.789999999999998e+01  3.565791747536375e+06  -1.157025134219698e+06  -3.498228682975573e+06  5.394057111446353e+05  -1.379825515765192e+06  1.698944087144411e+06  2.181631634867748e-03  1.790624941108298e-04  1.495384879600036e-03
  1.799999999999999e+01  3.549667147279066e+06  -1.159360377411989e+06  -3.489579012659088e+06  5.363529298709966e+05  -1.386170081225860e+06  1.690438813482540e+06  1.887601158078021e-03  -7.936953038203813e-04  1.923725956334710e-03
  1.809999999999999e+01  3.538936616474598e+06  -1.153422889027274e+06  -3.489684970315981e+06  5.297625259944033e+05  -1.388637199064204e+06  1.684423763449047e+06  6.773395726413338e-04  -1.543877277061294e-03  1.783671145691970e-03
  1.819999999999999e+01  3.537779117106983e+06  -1.141056084580434e+06  -3.495995655021985e+06  5.230087673380341e+05  -1.386457304401993e+06  1.683457142638286e+06  -8.331647296113572e-04  -1.695493729829380e-03  1.082174984885252e-03
  1.829999999999999e+01  3.546362291923534e+06  -1.126935484064988e+06  -3.503781158580219e+06  5.185518360034426e+05  -1.380924234887650e+06  1.688900893742020e+06  -1.879517164432693e-03  -1.157466679612270e-03  3.969242851273940e-05
  1.839999999999999e+01  3.560843071027221e+06  -1.116463226039956e+06  -3.509265125803930e+06  5.166469496396192e+05  -1.374463327727349e+06  1.699973276414087e+06  -1.887256924398225e-03  -1.232865092476660e-04  -1.035424555146645e-03
  1.849999999999999e+01  3.575666950647766e+06  -1.112621774249691e+06  -3.511712209264256e+06  5.160128048412096e+05  -1.369534675340223e+06  1.713542216578683e+06  -7.203798054175286e-04  1.060039009890800e-03  -1.836496446952666e-03
  1.859999999999999e+01  3.586577826665080e+06  -1.114155586420084e+06  -3.512899014810458e+06  5.153941063307528e+05  -1.367603894098327e+06  1.725093174367632e+06  1.264802414583563e-03  2.060356901540395e-03  -2.127685380645556e-03
  1.870000000000000e+01  3.592148867140321e+06  -1.117039616096373e+06  -3.514688812698232e+06  5.147364544276923e+05  -1.368644789470704e+06  1.730837274065418e+06  3.378524778328095e-03  2.687614564816178e-03  -1.836392249723579e-03
  1.880000000000000e+01  3.593246272383639e+06  -1.117993402205389e+06  -3.516937646504141e+06  5.151263788189949e+05  -1.371488445289909e+06  1.729697162324957e+06  4.886123417211085e-03  2.935018062327373e-03  -1.123061951291146e-03
  1.890000000000000e+01  3.591603212946417e+06  -1.116758990191964e+06  -3.517877652517166e+06  5.176968693403532e+05  -1.374596833451436e+06  1.723831471271215e+06  5.297034638721252e-03  2.890948803812904e-03  -3.515561227821802e-04
  1.900000000000000e+01  3.588926868668963e+06  -1.115632417209400e+06  -3.516383166279991e+06  5.226052762097274e+05  -1.376719261598000e+06  1.717338137886838e+06  4.585931269941767e-03  2.623901529838043e-03  5.482440770789649e-05
  1.910000000000000e+01  3.586664784197391e+06  -1.117205477909553e+06  -3.513611039141861e+06  5.288064170452929e+05  -1.377205815950766e+06  1.714062040390025e+06  3.213395658542247e-03  2.171419206953534e-03  -1.925995815370697e-04
  1.920000000000000e+01  3.585703908475548e+06  -1.122422110685274e+06  -3.512225501028404e+06  5.344352374321894e+05  -1.376028746940157e+06  1.715787901591804e+06  1.857725315597540e-03  1.616844196657911e-03  -1.082451539390449e-03
  1.930000000000000e+01  3.585787565592844e+06  -1.130121483319347e+06  -3.513937163513387e+06  5.373239010150493e+05  -1.373517000171033e+06  1.721753417380647e+06  1.002075863935053e-03  1.135487731415815e-03  -2.250768308003852e-03
  1.940000000000001e+01  3.585268902431391e+06  -1.137780806567333e+06  -3.517966039968199e+06  5.356406153297349e+05  -1.369919805414119e+06  1.729528549938814e+06  6.703192497251534e-04  9.399879191644035e-04  -3.126818716424221e-03
  1.950000000000001e+01  3.581908172082254e+06  -1.142854961832790e+06  -3.522052301400388e+06  5.289178719757673e+05  -1.365341720048918e+06  1.736384370125422e+06  5.426630827473925e-04  1.155823113986459e-03  -3.230167232930591e-03
  1.960000000000001e+01  3.574401178743212e+06  -1.143892453612637e+06  -3.524853907658486e+06  5.190901883678161e+05  -1.360263739079258e+06  1.740444779516006e+06  3.397340352238539e-04  1.728996834671771e-03  -2.445753021951345e-03
  1.970000000000001e+01  3.563612514298470e+06  -1.140950658432143e+06  -3.527285766339999e+06  5.103333036657463e+05  -1.356086866651921e+06  1.741350697098098e+06  1.168243526328280e-04  2.417936572967409e-03  -1.067029829603661e-03
  1.980000000000001e+01  3.552630634011555e+06  -1.135530799997880e+06  -3.531401523648625e+06  5.070866522608757e+05  -1.354749139264902e+06  1.740417131347044e+06  2.340568117452444e-04  2.891859139771995e-03  4.022703243308994e-04
  1.990000000000001e+01  3.545414510537136e+06  -1.130006142446504e+06  -3.538229252161139e+06  5.112060861244338e+05  -1.357317554851368e+06  1.740181753781801e+06  1.035236283531368e-03  2.915631414056728e-03  1.542796447450480e-03
