TITLE = "Temporal Signal for receiver number 00756"
VARIABLES = "Time","xx","yy","zz","xy","yz","xz","u","v","w"
# x1       3.555946160000e+05
# x2       4.725684950000e+06
# x3       -3.000000000000e+03
  0.000000000000000e+00  0.000000000000000e+00  0.000000000000000e+00  0.000000000000000e+00  0.000000000000000e+00  0.000000000000000e+00  0.000000000000000e+00  0.000000000000000e+00  0.000000000000000e+00  0.000000000000000e+00
  1.000000000000000e-01  0.000000000000000e+00  0.000000000000000e+00  0.000000000000000e+00  0.000000000000000e+00  0.000000000000000e+00  0.000000000000000e+00  0.000000000000000e+00  0.000000000000000e+00  0.000000000000000e+00
  2.000000000000000e-01  0.000000000000000e+00  0.000000000000000e+00  0.000000000000000e+00  0.000000000000000e+00  0.000000000000000e+00  0.000000000000000e+00  0.000000000000000e+00  0.000000000000000e+00  0.000000000000000e+00
  3.000000000000000e-01  -2.776731641961460e-07  -8.610059447724321e-07  -2.075400085989405e-07  3.565029789259234e-07  1.501691180865816e-07  -5.375375503261912e-08  2.870106174352982e-14  -6.889810958170022e-14  2.885909254748092e-14
  4.000000000000000e-01  -4.419885507335766e-04  -4.339018565835040e-04  -2.217488313201244e-04  2.503518651271368e-04  -1.189483028997401e-05  2.547233049532733e-05  4.253240675343762e-11  -4.415535480357610e-11  -1.137085736771007e-12
  5.000000000000000e-01  4.512617769213291e-04  -8.284945567814182e-04  -3.753332038340946e-04  -2.400326174856594e-04  -5.193609146518151e-04  4.215249390245960e-04  9.119387223205728e-11  -1.915790623339635e-10  -1.860221393665936e-11
  6.000000000000000e-01  8.376854186383545e-03  -9.889428998611831e-02  -5.281661883860278e-02  -1.678536363533311e-03  4.650174525543304e-02  -6.623016944459729e-03  -8.163167391406318e-10  -8.665943554321131e-09  5.254400402446932e-09
  7.000000000000000e-01  4.149837838683137e-01  8.546152299410641e-02  -1.319536279275327e-01  -2.792994523840043e-01  3.681896109015625e-01  -4.794492645133459e-02  -4.410344062962502e-08  1.177364559479798e-08  4.751069937279578e-08
  7.999999999999999e-01  2.667657994220916e+00  3.264075440597900e+00  1.383356027291198e+00  -1.539006161845783e+00  -2.938963989794441e-01  5.442996986960718e-01  -2.507876732718316e-07  2.473285356614056e-07  -2.174511927384150e-08
  8.999999999999999e-01  -1.977504713191579e+00  -1.644667659292158e+00  6.752666877907426e-01  1.602378451631384e+00  -1.323708037865584e+00  3.076607004317453e-01  2.065756818398737e-07  -8.543334734506850e-08  -2.248025202761369e-07
  9.999999999999999e-01  -2.358429395458209e+00  7.254459729007910e-01  -1.030522462857995e+00  -3.283207850244436e-02  -5.603421474808300e-01  1.296724032998093e+00  4.209915473078202e-08  -9.292427079241607e-08  1.861993923329254e-08
  1.100000000000000e+00  4.390365429346614e+01  3.154554338247130e+01  2.271480510588880e+01  -2.309185544916106e+01  1.371348975373899e+00  9.067545496483436e-01  -3.673415166967385e-06  3.120144502973224e-06  -3.602178256918157e-07
  1.200000000000000e+00  3.171880303514062e+02  1.657805204748863e+02  1.347792513699289e+02  -1.894660207131372e+02  7.379951639671642e+00  4.036475229971586e+01  -3.133363370152320e-05  1.536157733313077e-05  -3.470470330847228e-06
  1.300000000000000e+00  9.009441902787016e+02  -1.589368663603890e+02  -6.320583062252357e+01  -6.398275527473103e+02  4.732401787202940e+02  -1.353624541653110e+02  -9.546761579354170e-05  5.249738217600789e-07  5.582582792827437e-05
  1.400000000000000e+00  1.314368734751977e+03  -6.242568196509299e+02  -1.039534584014806e+02  -1.133163912659097e+03  8.850079287948051e+02  -3.561337415371211e+02  -1.375253310913289e-04  -1.692501206022911e-05  8.721126355543730e-05
  1.500000000000000e+00  1.825460574779966e+03  -1.198734837801665e+03  -2.821042734390525e+02  -1.771025979419545e+03  1.426145209286540e+03  -6.089331318081712e+02  -1.826577513758391e-04  -3.598487809760152e-05  1.318366449881792e-04
  1.600000000000000e+00  3.138689358817556e+03  -2.646881019057841e+03  -4.889267648415003e+02  -2.887219539530118e+03  2.700597036334534e+03  -1.203747004557333e+03  -3.087980173222987e-04  -1.114959002672666e-04  2.591348901299844e-04
  1.700000000000000e+00  3.720146394370166e+03  -3.255230588418324e+03  6.298260491106463e+02  -3.929413185841719e+03  3.653753461623402e+03  -1.893436737617475e+03  -3.224263178931309e-04  -1.003068158565790e-04  2.546240246713514e-04
  1.800000000000000e+00  2.969305112148005e+03  -2.497745848923829e+03  1.344445504915640e+03  -4.041495285424244e+03  3.793720074008461e+03  -2.401524166258035e+03  -1.250072723389488e-04  4.001779300820882e-05  1.428304668737811e-04
  1.900000000000001e+00  4.387206744843660e+03  -1.475471666195118e+03  1.063659268172795e+03  -4.797158259170275e+03  4.369595356930614e+03  -2.528400315025974e+03  -1.119843516806928e-04  1.925654404833554e-04  9.961972234786322e-05
  2.000000000000000e+00  1.162116629674335e+04  -4.765979987454055e+03  -1.741269809173959e+02  -9.245110486949297e+03  8.785319939088096e+03  -3.662377166074471e+03  -7.848562445240359e-04  5.366870446360558e-05  4.456328905009336e-04
  2.100000000000001e+00  3.490127703823702e+04  -1.454873927635863e+04  -7.739296711197064e+03  -2.768324966827712e+04  2.895208938277428e+04  -9.866153808302139e+03  -3.352034559729079e-03  -4.613518648647465e-04  2.941143582752030e-03
  2.200000000000001e+00  1.062709941930723e+05  -7.022051900275245e+04  -2.085706162640385e+04  -7.948777022471535e+04  9.404211679911181e+04  -4.005034487529958e+04  -1.085015085345944e-02  -2.020014501118086e-03  7.960793695250813e-03
  2.300000000000001e+00  2.661871053936046e+05  1.139771119463398e+04  7.300661256101399e+03  -2.412316529269723e+05  9.261093161357615e+04  3.771188484960886e+03  -2.427090877010159e-02  2.634604328731267e-03  8.379945591647718e-03
  2.400000000000001e+00  8.072181844214647e+05  -4.002358984263527e+05  -2.282792544876160e+05  -6.023520316590858e+05  6.981294196372200e+05  -1.691756215377036e+05  -8.352986370016277e-02  -1.286090010636634e-02  7.110558033411440e-02
  2.500000000000001e+00  1.559733699025076e+06  3.899429111095364e+05  5.167070167248816e+05  -1.811353543761331e+06  1.796933051069096e+05  4.101143480715053e+05  -1.526294624408276e-01  6.753760192799257e-02  -7.066617021465901e-02
  2.600000000000001e+00  2.162196774428318e+06  -4.314700775609956e+05  4.744129594173107e+06  -2.835914678079937e+06  -4.114978347048110e+06  3.105399762568824e+06  -2.436761469811633e-01  -5.530444816405744e-02  -8.743892198409240e-01
  2.700000000000001e+00  1.548140400982506e+06  -1.795205355849208e+06  8.862619646678802e+06  -3.282874337774849e+06  -4.744406859597616e+06  3.582761164914532e+06  -4.203033710825402e-01  -2.002135835139266e-01  -1.147726636945281e+00
  2.800000000000001e+00  7.212276896664695e+05  -6.192677187755797e+05  7.720628015985440e+06  -2.828937185047710e+06  -2.578641071983843e+06  2.447159413376793e+06  -3.376092688924093e-01  -1.159171421167833e-01  -6.281022622101491e-01
  2.900000000000001e+00  1.877847880184668e+05  -1.321306510339133e+05  7.417521338396762e+06  -2.511014086764432e+06  -1.583903420070619e+06  1.993575165867256e+06  -2.901490581280349e-01  -9.796967027722099e-02  -4.923536546113214e-01
  3.000000000000001e+00  -1.227570716417430e+05  -2.103185789327987e+05  7.607624564208315e+06  -2.194811346810530e+06  -1.441747543581855e+06  1.971620251994253e+06  -2.449448772844301e-01  -7.773566064863284e-02  -5.060908367749249e-01
  3.100000000000001e+00  2.302968197964148e+05  -6.956760592405315e+05  7.038273911912197e+06  -2.574340772299269e+06  -2.265721571314912e+06  2.125942759429927e+06  -1.680345945041332e-01  -1.167216165417357e-02  -4.284524960428538e-01
  3.200000000000002e+00  9.492967052235286e+05  -8.941770607140508e+05  6.001444751266806e+06  -3.417526957932723e+06  -3.390618808956451e+06  2.340403440691811e+06  -5.801964633933034e-02  3.543967631351774e-02  -2.638331464369243e-01
  3.300000000000002e+00  1.242677525370716e+06  -8.807682107885468e+05  5.873214554695139e+06  -3.739497808479967e+06  -3.684035258992879e+06  2.519559495708705e+06  -8.321029101417032e-03  4.522783343890005e-02  -2.076489530244898e-01
  3.400000000000002e+00  1.408608131572931e+06  -9.847331015264284e+05  6.149766445085746e+06  -3.690641196452644e+06  -3.601653471100935e+06  2.672104029778923e+06  7.063575128672720e-04  3.880149988662017e-02  -2.018270413506745e-01
  3.500000000000002e+00  1.546435491442125e+06  -1.091153835487530e+06  6.356440330179117e+06  -3.702073745606765e+06  -3.544564499724928e+06  2.822708750547748e+06  4.969624766342690e-03  2.867436552664590e-02  -1.943033919594717e-01
  3.600000000000002e+00  1.316514585542996e+06  -1.168277757938785e+06  5.976491136134139e+06  -3.628328774515243e+06  -3.610811126424489e+06  2.789968909849635e+06  4.808220188320942e-02  2.722209140628404e-02  -1.535593839925760e-01
  3.700000000000002e+00  1.119277280151182e+06  -1.247108197757809e+06  5.624020997600368e+06  -3.555663464229991e+06  -3.843192115340328e+06  2.721070925365089e+06  1.055377959476710e-01  3.194326687861492e-02  -1.155122889918893e-01
  3.800000000000002e+00  9.476225277872554e+05  -1.291112498319859e+06  5.534868956673563e+06  -3.586673139477144e+06  -4.114831181165867e+06  2.683794885026391e+06  1.226950107069164e-01  4.218111463201855e-02  -9.032600180419022e-02
  3.900000000000002e+00  7.287229300223636e+05  -1.324298097949390e+06  5.554204690296157e+06  -3.595529561709122e+06  -4.242418128187434e+06  2.685450357305590e+06  1.030360787073326e-01  3.995007302315737e-02  -8.920750940128028e-02
  4.000000000000002e+00  6.504708352187431e+05  -1.349142897325553e+06  5.451836147068506e+06  -3.534814078668633e+06  -4.272852811193787e+06  2.730446029055383e+06  8.921331655887076e-02  3.146720474957276e-02  -9.396521656747066e-02
  4.100000000000001e+00  6.085132828626124e+05  -1.386440597409090e+06  5.343801584317659e+06  -3.503524065911867e+06  -4.328924645249899e+06  2.773780393019666e+06  7.819481090489848e-02  1.996131503586746e-02  -1.043697914958449e-01
  4.200000000000001e+00  5.609175028901886e+05  -1.540390016856032e+06  5.018341721604608e+06  -3.483335872201764e+06  -4.428712222885435e+06  2.804871090653066e+06  6.728555157841880e-02  -5.064421696590682e-03  -1.159698562543739e-01
  4.300000000000001e+00  5.703662861400540e+05  -1.672052292923660e+06  4.551233142016847e+06  -3.496671602178801e+06  -4.535281984184345e+06  2.824899830459229e+06  5.277391535167124e-02  -1.770862345602226e-02  -1.241525137583049e-01
  4.400000000000000e+00  5.540353079631571e+05  -1.683805046241633e+06  4.267823021303973e+06  -3.652148734214023e+06  -4.708200405162314e+06  2.892289979622816e+06  2.218257357109879e-02  -8.272845722307331e-03  -1.689364891309015e-01
  4.500000000000000e+00  6.230806055153743e+05  -1.608152199181184e+06  4.379439184181311e+06  -3.760578473148063e+06  -4.814003564212434e+06  3.066206031286933e+06  -1.693934603116842e-02  -1.044743104465917e-02  -2.389356656122008e-01
  4.600000000000000e+00  9.085178834558673e+05  -1.539419666151477e+06  4.267393851021864e+06  -3.802470018672443e+06  -4.735007039794841e+06  3.178782225475215e+06  -8.068454904997176e-02  -3.260524780457975e-02  -2.404210953570284e-01
  4.699999999999999e+00  1.085435510824702e+06  -1.576387853593092e+06  3.911944705238710e+06  -3.861526082922943e+06  -4.629791884854675e+06  3.171072532335425e+06  -1.304491154680788e-01  -4.349062162341093e-02  -1.903896447889249e-01
  4.799999999999999e+00  9.803300988827158e+05  -1.603199861050290e+06  3.617793207261643e+06  -3.898918679761230e+06  -4.615497795690579e+06  3.108222063008250e+06  -1.309158586362442e-01  -2.615470067548610e-02  -1.490635927215010e-01
  4.899999999999999e+00  7.029096598348486e+05  -1.609744055884225e+06  3.305417231686843e+06  -3.899643009856655e+06  -4.677354573276810e+06  3.025442968995106e+06  -7.657019347230877e-02  1.506209436476204e-03  -1.281951524812797e-01
  4.999999999999998e+00  5.066969742632060e+05  -1.565072700184908e+06  3.213421814866666e+06  -3.881166887005266e+06  -4.691698497621854e+06  3.045222707004477e+06  -7.786078128043186e-03  2.490779012502486e-02  -1.132327267083854e-01
  5.099999999999998e+00  3.657594427012234e+05  -1.613559535202755e+06  3.352105138438952e+06  -3.847619805619974e+06  -4.669688474350725e+06  3.181057975433928e+06  3.736960943958714e-02  3.926810635988626e-02  -1.135639020676731e-01
  5.199999999999998e+00  2.695324092332261e+05  -1.746518719106651e+06  3.495115553444795e+06  -3.801963406337108e+06  -4.675618613949903e+06  3.302642322820976e+06  5.810568627427387e-02  4.423435175639667e-02  -1.121746403145582e-01
  5.299999999999997e+00  2.828749663068461e+05  -1.776724624896257e+06  3.831248911643690e+06  -3.754324411736231e+06  -4.700283467369304e+06  3.346302157312730e+06  5.873247749662789e-02  4.331425140617592e-02  -8.027010627859774e-02
  5.399999999999997e+00  2.699613784438061e+05  -1.786981442921781e+06  4.206414488198366e+06  -3.721386504368438e+06  -4.740671478005746e+06  3.332024637686386e+06  5.263101333937188e-02  3.294763226552281e-02  -3.947173217696576e-02
  5.499999999999996e+00  1.565598000813087e+05  -1.777739409924749e+06  4.440091745712603e+06  -3.670519315240604e+06  -4.796480009475059e+06  3.306264247475425e+06  5.251454708347567e-02  2.680395807449217e-02  -1.271838145200309e-02
  5.599999999999996e+00  5.245569201683061e+04  -1.779054028510797e+06  4.612449475242116e+06  -3.588107276215632e+06  -4.852473483103595e+06  3.326505152850430e+06  4.907797683248126e-02  2.730052525408685e-02  3.444190497292816e-03
  5.699999999999996e+00  1.750358045820652e+04  -1.889836583559525e+06  4.794396803641892e+06  -3.572220444656731e+06  -4.856486127416933e+06  3.338053716196795e+06  2.468066291046548e-02  1.762900643178516e-02  8.520594011167842e-03
  5.799999999999995e+00  7.304377014722422e+04  -2.059765220354077e+06  4.965202289934430e+06  -3.672149221937996e+06  -4.773798220350441e+06  3.239492162442999e+06  -1.768235642806117e-02  3.033306811787238e-03  2.056422509442051e-02
  5.899999999999995e+00  2.092660329786114e+05  -2.188973933529578e+06  5.163601559387031e+06  -3.839234935769679e+06  -4.652095843645202e+06  3.123050167238730e+06  -6.387990781140314e-02  -3.450625390815735e-04  5.149815915938788e-02
  5.999999999999995e+00  2.068072033616630e+05  -2.246386934468579e+06  5.394741481493248e+06  -3.970775406264226e+06  -4.588106201979514e+06  3.065665306739137e+06  -8.335453080669564e-02  3.939421145205922e-03  7.279879610166991e-02
  6.099999999999994e+00  2.739410799385468e+04  -2.174986434750606e+06  5.618058139187345e+06  -4.014496620915693e+06  -4.611530001563736e+06  3.012800408311299e+06  -6.742532335683556e-02  9.577133025707936e-03  6.862881651401730e-02
  6.199999999999994e+00  -1.570356223355608e+05  -2.073900590339376e+06  5.814024754109683e+06  -4.008210200627011e+06  -4.658584236738922e+06  2.943228125356222e+06  -4.624078504711170e-02  1.447242161098579e-02  5.312465221168513e-02
  6.299999999999994e+00  -2.356558923438627e+05  -2.069922293914315e+06  6.061272740047891e+06  -4.008637341445851e+06  -4.670949333396439e+06  2.882378125623275e+06  -3.769727481643840e-02  1.888331169182713e-02  4.851664557058916e-02
  6.399999999999993e+00  -2.223419614456893e+05  -2.119768299917989e+06  6.285465097203383e+06  -4.034859612820028e+06  -4.668149731657344e+06  2.822579020961971e+06  -3.412277187628053e-02  2.362960061238403e-02  5.708477399653397e-02
  6.499999999999993e+00  -1.815998414399767e+05  -2.118902634334208e+06  6.385593277501154e+06  -4.070168561072180e+06  -4.667951248653919e+06  2.763822290118787e+06  -2.610465574048941e-02  2.478815226517549e-02  6.232511674242586e-02
  6.599999999999993e+00  -1.400095471258920e+05  -2.029715084326801e+06  6.396671857653666e+06  -4.115591210483631e+06  -4.670975489563502e+06  2.720478714853158e+06  -1.652132151666381e-02  2.063209635174348e-02  5.261010942662187e-02
  6.699999999999992e+00  -9.632832500592103e+04  -1.921464399250260e+06  6.382379772497324e+06  -4.164852087556234e+06  -4.693067209406320e+06  2.703677674022316e+06  -8.964841525098508e-03  1.513450243369953e-02  3.777415114977963e-02
  6.799999999999992e+00  -4.078524555363831e+04  -1.866782566788025e+06  6.413762050322374e+06  -4.185304223373740e+06  -4.724958608453247e+06  2.726103548055841e+06  -2.741089806311620e-03  1.402880191691101e-02  3.146952519549696e-02
  6.899999999999991e+00  2.821909990204884e+04  -1.851478119574510e+06  6.500470861429291e+06  -4.189608066743700e+06  -4.730755991273472e+06  2.761859250693937e+06  2.663098696193045e-03  1.967050365128786e-02  3.135281417124624e-02
  6.999999999999991e+00  1.003128329438794e+05  -1.801487644264762e+06  6.617626725164874e+06  -4.217625734765839e+06  -4.703887987960481e+06  2.750790678457686e+06  1.179687327155189e-02  2.707991094267542e-02  3.422897187591295e-02
  7.099999999999991e+00  1.287903876903855e+05  -1.734358797458820e+06  6.686400547747401e+06  -4.252242961879778e+06  -4.684225433991873e+06  2.700044436018299e+06  2.422391690329282e-02  2.615788379676354e-02  3.773163673343418e-02
  7.199999999999990e+00  8.204928070866883e+04  -1.722507527385514e+06  6.666808477459438e+06  -4.260095099590766e+06  -4.704784969672722e+06  2.685889602652022e+06  3.061426742554247e-02  1.657474954745635e-02  4.090839674415164e-02
  7.299999999999990e+00  6.231543747715373e+03  -1.762185564809275e+06  6.625549987944667e+06  -4.248402882728987e+06  -4.736258395944973e+06  2.718059807595803e+06  2.961187089347098e-02  1.093155074164336e-02  4.430061965545822e-02
  7.399999999999990e+00  -3.477764247350409e+04  -1.825303379549812e+06  6.616537049264452e+06  -4.231745364747768e+06  -4.728318222350317e+06  2.731467543224523e+06  2.798657467575223e-02  1.071202541477584e-02  4.377442133240332e-02
  7.499999999999989e+00  -1.786374890990346e+04  -1.887824084255358e+06  6.611522315289726e+06  -4.214379179848797e+06  -4.696623358586768e+06  2.681322725526265e+06  2.366083914047938e-02  4.005330619889630e-03  4.041935644797381e-02
  7.599999999999989e+00  4.146199602011828e+04  -1.896322166985590e+06  6.558337294173053e+06  -4.203296049597620e+06  -4.707687087514978e+06  2.565222603596620e+06  1.195021685303107e-02  -9.770989818072694e-03  4.153164479842709e-02
  7.699999999999989e+00  1.172859047698804e+05  -1.841592588246970e+06  6.437442019166289e+06  -4.195348151769954e+06  -4.772988140449733e+06  2.416564059073801e+06  -1.913663801350013e-03  -1.930728258948592e-02  4.652301953962770e-02
  7.799999999999988e+00  2.052197774661261e+05  -1.784092554258124e+06  6.302162726192124e+06  -4.174972631968664e+06  -4.830753428747671e+06  2.284646236916079e+06  -1.266158100255561e-02  -2.049589904621313e-02  4.785320264197457e-02
  7.899999999999988e+00  2.882999816537309e+05  -1.792210491574764e+06  6.221410438545751e+06  -4.144239163712878e+06  -4.841992824839056e+06  2.187338090372062e+06  -2.285304084334824e-02  -2.076889165228741e-02  4.398039569209119e-02
  7.999999999999988e+00  3.168758744860934e+05  -1.880192565613803e+06  6.212953880340647e+06  -4.127456756424353e+06  -4.826508349297379e+06  2.115609798582287e+06  -3.467533578433844e-02  -2.629028390315373e-02  4.177680213378065e-02
  8.099999999999987e+00  2.711934068724050e+05  -2.000678982212737e+06  6.246749363694193e+06  -4.138193326396019e+06  -4.811370179117593e+06  2.068583220051263e+06  -4.369166642527059e-02  -3.565944897030292e-02  4.718449241054634e-02
  8.199999999999987e+00  1.959666221522631e+05  -2.096836159274024e+06  6.257578328862304e+06  -4.165431539731820e+06  -4.808388100599580e+06  2.051214846830087e+06  -4.461201924902628e-02  -4.393268661216334e-02  5.688929737714360e-02
  8.299999999999986e+00  1.533597597823627e+05  -2.146149484953334e+06  6.193748329628969e+06  -4.188138320482693e+06  -4.822390732958933e+06  2.062396362446599e+06  -3.850014387856785e-02  -4.650848890013049e-02  5.974990751683665e-02
  8.399999999999986e+00  1.624136008064653e+05  -2.153246760547384e+06  6.073921584029790e+06  -4.186418568318308e+06  -4.840744050143359e+06  2.095622461473265e+06  -2.932664550724958e-02  -4.143665807370586e-02  4.994540894531199e-02
  8.499999999999986e+00  1.834051125667079e+05  -2.129946326350691e+06  5.952596737122550e+06  -4.152152387857343e+06  -4.840549365205495e+06  2.135325186901795e+06  -1.973077068581466e-02  -3.170151123372681e-02  3.407058236045002e-02
  8.599999999999985e+00  1.807002485665205e+05  -2.089046890223498e+06  5.871764932723098e+06  -4.101681094403729e+06  -4.820824005741918e+06  2.164612175520909e+06  -1.342319887745395e-02  -2.473371520059005e-02  2.183755865909931e-02
  8.699999999999985e+00  1.630986913605199e+05  -2.039967443081122e+06  5.839091875062387e+06  -4.061930147720420e+06  -4.801291999805219e+06  2.180725864631312e+06  -1.260464714195266e-02  -2.483954652728893e-02  1.666780584682444e-02
  8.799999999999985e+00  1.451224090354845e+05  -1.985270247785449e+06  5.822503391071485e+06  -4.040897329664465e+06  -4.792922140738072e+06  2.195270231361672e+06  -1.272382943404156e-02  -2.753415394234580e-02  1.618004427304634e-02
  8.899999999999984e+00  1.269018184455497e+05  -1.935787705146185e+06  5.804188563887251e+06  -4.029029795871112e+06  -4.791218022168145e+06  2.222773578680796e+06  -8.063764473918733e-03  -2.602819006964320e-02  1.544122938829442e-02
  8.999999999999984e+00  1.127821129298407e+05  -1.914455120452927e+06  5.809598264099178e+06  -4.021806520910720e+06  -4.790850296475022e+06  2.268121927445648e+06  -1.999633606679139e-04  -1.940221877706261e-02  1.081912989433733e-02
  9.099999999999984e+00  1.076475300562184e+05  -1.926099941787836e+06  5.842549384468722e+06  -4.023502124351309e+06  -4.787908419611492e+06  2.321785941891075e+06  4.979219614978070e-03  -1.133737836728850e-02  4.466109921563519e-03
  9.199999999999983e+00  1.030235168233468e+05  -1.943473998435221e+06  5.862292291161139e+06  -4.035461879902639e+06  -4.777394744552082e+06  2.369982518901363e+06  6.439086283196657e-03  -5.210134095137515e-03  1.173458355319385e-03
  9.299999999999983e+00  9.006220269214067e+04  -1.935424766977554e+06  5.858441004022723e+06  -4.050551595757282e+06  -4.763376136727348e+06  2.410813014709492e+06  8.736546104875450e-03  -2.798863025462711e-03  8.026862997690940e-04
  9.399999999999983e+00  7.006948748160244e+04  -1.902216877357709e+06  5.865342200339048e+06  -4.060243663702759e+06  -4.758117887780508e+06  2.453035633629778e+06  1.432813739526341e-02  -4.456677928965383e-03  3.207732108556348e-05
  9.499999999999982e+00  4.809884228368026e+04  -1.871774215985588e+06  5.894381277416678e+06  -4.063291417476342e+06  -4.766220157416855e+06  2.498874325892643e+06  1.989112202670240e-02  -8.374783474123286e-03  -5.097231145279477e-04
  9.599999999999982e+00  2.814765956065603e+04  -1.865275660644266e+06  5.917926119006308e+06  -4.062972820219349e+06  -4.784637453928598e+06  2.538238927346590e+06  2.110585262092705e-02  -1.099594171331295e-02  1.905774851207962e-03
  9.699999999999982e+00  1.213124655674163e+04  -1.880354862945917e+06  5.918476119880119e+06  -4.058488628056737e+06  -4.812184803922824e+06  2.562492997085563e+06  1.795138341106434e-02  -1.007073455908469e-02  5.142259448028437e-03
  9.799999999999981e+00  4.074472362443778e+03  -1.898781528303718e+06  5.913257637801615e+06  -4.048791331627852e+06  -4.844694138498995e+06  2.575338672798834e+06  1.418122099773534e-02  -7.112513911053523e-03  4.871130980938848e-03
  9.899999999999981e+00  6.910762019763221e+03  -1.900416834308072e+06  5.921490429786252e+06  -4.042557553261807e+06  -4.870239420746485e+06  2.586486526960235e+06  1.277448329183215e-02  -5.626825776433696e-03  1.554933973826161e-03
  9.999999999999980e+00  1.019350061714877e+04  -1.879527336085791e+06  5.937571095642773e+06  -4.050140721394833e+06  -4.880273814634934e+06  2.602910256771284e+06  1.298756461847101e-02  -7.250753927963803e-03  -1.310382314233659e-03
  1.009999999999998e+01  -2.764168892166797e+03  -1.850209797058572e+06  5.954090484840645e+06  -4.067282799985787e+06  -4.879043506494867e+06  2.628156583280351e+06  1.257387494012086e-02  -1.036632499569514e-02  -2.968063582027763e-03
  1.019999999999998e+01  -3.099763647828452e+04  -1.828900934637237e+06  5.976515700638571e+06  -4.081725113103867e+06  -4.877360212928017e+06  2.660423306436793e+06  1.162539597690731e-02  -1.158749149892857e-02  -5.418493772612303e-03
  1.029999999999998e+01  -5.657180933267577e+04  -1.820733453388973e+06  5.999439421935163e+06  -4.093153727294715e+06  -4.882541204151371e+06  2.689593615283753e+06  1.164768721235568e-02  -8.625892990209440e-03  -9.999244488625589e-03
  1.039999999999998e+01  -6.595944344752870e+04  -1.824185605116504e+06  6.006114642929398e+06  -4.114500321482645e+06  -4.895551056269452e+06  2.702535323389400e+06  1.174277002625910e-02  -2.868606102870748e-03  -1.568001089697242e-02
  1.049999999999998e+01  -5.812558426744439e+04  -1.830316712717735e+06  5.992613281806703e+06  -4.152707359037532e+06  -4.911234883890004e+06  2.689804347024042e+06  9.190519319172395e-03  2.078355204816478e-03  -1.953067568912012e-02
  1.059999999999998e+01  -3.833819172333935e+04  -1.825887523151207e+06  5.969138667849932e+06  -4.196622828311735e+06  -4.922419692314518e+06  2.650017134661939e+06  3.657813240420743e-03  4.262484327481881e-03  -1.890404600073097e-02
  1.069999999999998e+01  -1.006455438435376e+04  -1.812932269680941e+06  5.950853810521408e+06  -4.228962964813183e+06  -4.928744161258585e+06  2.597113634448150e+06  -2.302704798842888e-03  4.110802782324405e-03  -1.436545991222983e-02
  1.079999999999998e+01  2.455165144569489e+04  -1.810407342575798e+06  5.945832583424672e+06  -4.243335109103065e+06  -4.936348952742880e+06  2.555256536199085e+06  -6.828734622784603e-03  2.733755684789248e-03  -1.001557264177528e-02
  1.089999999999998e+01  6.056638411902270e+04  -1.820688258381878e+06  5.948836447547961e+06  -4.243661110353689e+06  -4.945780420043044e+06  2.535914524934513e+06  -1.015284548360766e-02  1.647342496872548e-03  -9.660607855162319e-03
  1.099999999999998e+01  8.904090167690480e+04  -1.820541969063440e+06  5.950339003485864e+06  -4.234897497173228e+06  -4.949175633327952e+06  2.526801455132482e+06  -1.280051102974824e-02  2.739679042116470e-03  -1.326165674820722e-02
  1.109999999999998e+01  9.797261665007166e+04  -1.803863669452706e+06  5.943017861949923e+06  -4.223406397783676e+06  -4.942008478846906e+06  2.509936639441279e+06  -1.489451610316049e-02  5.926310043116713e-03  -1.788498733580646e-02
  1.119999999999998e+01  8.319284872473865e+04  -1.794404616740467e+06  5.924773677639028e+06  -4.219674590001083e+06  -4.929234212522521e+06  2.484327879055951e+06  -1.663355164336332e-02  8.332347233540451e-03  -2.088737085566954e-02
  1.129999999999998e+01  5.738373978677450e+04  -1.802145843314160e+06  5.901831109539160e+06  -4.228182717970604e+06  -4.917018474713272e+06  2.464380214084482e+06  -1.747307200166089e-02  7.957966488697113e-03  -2.138963414446373e-02
  1.139999999999998e+01  3.782579564238135e+04  -1.808698892177342e+06  5.883453765548320e+06  -4.238492401887407e+06  -4.906165372691907e+06  2.461251878824108e+06  -1.589689697655321e-02  6.283797692697984e-03  -1.964190177596580e-02
  1.149999999999998e+01  3.043699933740747e+04  -1.801369464081849e+06  5.874895590048552e+06  -4.236704951564904e+06  -4.894318950657164e+06  2.472830630763734e+06  -1.154979849062135e-02  5.828756784153036e-03  -1.628632005849625e-02
  1.159999999999997e+01  2.980487575820083e+04  -1.788313467960155e+06  5.875912511504722e+06  -4.222426861041113e+06  -4.878957534541257e+06  2.487762512992491e+06  -6.476142553450758e-03  7.187736720469600e-03  -1.206571249483746e-02
  1.169999999999997e+01  2.626207786421119e+04  -1.779739955431849e+06  5.885270650457845e+06  -4.205857481533892e+06  -4.859326031206859e+06  2.494462836852835e+06  -3.142327869906063e-03  9.192158417228168e-03  -7.658867045649696e-03
  1.179999999999997e+01  1.156263560928805e+04  -1.778213272605683e+06  5.901438134305540e+06  -4.192138113809436e+06  -4.839661550678333e+06  2.489917797545908e+06  -1.915875104758228e-03  1.045242580412337e-02  -3.761750818427580e-03
  1.189999999999997e+01  -1.421937054745003e+04  -1.785614909218899e+06  5.917937771128279e+06  -4.177899080258367e+06  -4.827405913838468e+06  2.483719013694614e+06  -1.255438656847895e-03  1.026239076387069e-02  -1.155604418222822e-03
  1.199999999999997e+01  -4.167193610105193e+04  -1.803660481577515e+06  5.928172183281487e+06  -4.160841105484894e+06  -4.824450301756278e+06  2.490340763342692e+06  4.564519756523111e-04  8.803062317804242e-03  -1.900231205959456e-04
  1.209999999999997e+01  -6.156692390520588e+04  -1.827712522585070e+06  5.937668879861802e+06  -4.144536144176793e+06  -4.822667177373711e+06  2.514298504473636e+06  3.787831195581427e-03  6.868493321413240e-03  -2.589088670134807e-04
  1.219999999999997e+01  -7.252050564562267e+04  -1.847985449179752e+06  5.957326684107986e+06  -4.133970022826435e+06  -4.811695413774023e+06  2.543975424459614e+06  7.838871701641296e-03  5.273487401511195e-03  -2.388204823786958e-05
  1.229999999999997e+01  -7.878075728221124e+04  -1.857232896607432e+06  5.982274119167101e+06  -4.130408643941996e+06  -4.790199554914526e+06  2.562366316410610e+06  1.039041138439130e-02  4.315232409209036e-03  1.563611021995052e-03
  1.239999999999997e+01  -8.527259814602365e+04  -1.854089651061471e+06  5.993562421938367e+06  -4.130904725953735e+06  -4.767868688896336e+06  2.563892468426935e+06  9.560102484924100e-03  3.805901666873825e-03  4.077440520518370e-03
  1.249999999999997e+01  -9.533278837017380e+04  -1.841748883037190e+06  5.981806865389583e+06  -4.131421086267884e+06  -4.755626478851087e+06  2.557368088006914e+06  5.959478106718945e-03  3.644093198670929e-03  5.862034643732959e-03
  1.259999999999997e+01  -1.082953660796029e+05  -1.827837583919184e+06  5.956922268962955e+06  -4.130154287478873e+06  -4.754668603587849e+06  2.553967775235515e+06  2.354256590964434e-03  4.002731222353030e-03  6.089250379675206e-03
  1.269999999999997e+01  -1.174913310013055e+05  -1.821924619968253e+06  5.936818333701652e+06  -4.128061438168761e+06  -4.756989921917784e+06  2.557036389593033e+06  8.663062271000415e-04  4.892652445389618e-03  5.819882813177027e-03
  1.279999999999997e+01  -1.152168444497293e+05  -1.828108713816676e+06  5.932386070313373e+06  -4.127071044743884e+06  -4.755813919730662e+06  2.562778457269982e+06  1.217056333324339e-03  6.090955263717199e-03  6.399364813350276e-03
  1.289999999999997e+01  -1.009366862051617e+05  -1.841670715326358e+06  5.940642996511828e+06  -4.128365836632181e+06  -4.751685943663631e+06  2.566904567506256e+06  1.635719037467569e-03  7.366671689920238e-03  7.494507808079011e-03
  1.299999999999997e+01  -8.170544329891933e+04  -1.855836047738940e+06  5.948961167453744e+06  -4.131422609949254e+06  -4.748618025207782e+06  2.568726761818266e+06  7.959978823527213e-04  8.314869849538923e-03  7.380705484881235e-03
  1.309999999999997e+01  -6.547572180257452e+04  -1.870033655812108e+06  5.947733345400424e+06  -4.133644667867289e+06  -4.747644134730868e+06  2.570375893323463e+06  -1.364617055957096e-03  8.315696596571994e-03  4.887112006645019e-03
  1.319999999999997e+01  -5.582299749935872e+04  -1.887500880451729e+06  5.940069071022029e+06  -4.132122260186087e+06  -4.746089457303467e+06  2.574059137061433e+06  -4.113448403944815e-03  7.222432641493930e-03  8.219696640617249e-04
  1.329999999999997e+01  -5.184159570103463e+04  -1.906865703666413e+06  5.935503489273570e+06  -4.127438803185539e+06  -4.742331871631965e+06  2.580215172928050e+06  -6.576483568544118e-03  5.680950889140186e-03  -2.612922167030302e-03
  1.339999999999997e+01  -5.077279010799501e+04  -1.921905814358505e+06  5.935416162401130e+06  -4.124882060721140e+06  -4.739225797248520e+06  2.586999905808240e+06  -8.124258705701532e-03  4.257616797176783e-03  -3.879180389700880e-03
  1.349999999999997e+01  -4.878185616435711e+04  -1.929133105410521e+06  5.931489938184736e+06  -4.129572582819944e+06  -4.741296504459200e+06  2.589983170578221e+06  -8.484927545945105e-03  2.631981930079690e-03  -3.139024453296860e-03
  1.359999999999997e+01  -4.030608127565887e+04  -1.930616065008989e+06  5.918036657719440e+06  -4.140181128016100e+06  -4.749427654465108e+06  2.583456630173214e+06  -7.641346665567574e-03  1.455386060560552e-04  -1.374907869250230e-03
  1.369999999999997e+01  -2.087875250207741e+04  -1.929582010946336e+06  5.899848462331072e+06  -4.149189771346298e+06  -4.759649500784014e+06  2.564458953065011e+06  -5.822876175255219e-03  -3.115728338349515e-03  5.261047244343861e-04
  1.379999999999997e+01  6.709154348231398e+03  -1.928088207683791e+06  5.886589567276627e+06  -4.150307626588127e+06  -4.767389076982051e+06  2.536583409896622e+06  -3.698683723402892e-03  -6.167567917706519e-03  1.809510065574598e-03
  1.389999999999997e+01  3.121720733043964e+04  -1.928196257999456e+06  5.884787881538979e+06  -4.144246005974322e+06  -4.771725585478972e+06  2.509588077222215e+06  -2.279829053922924e-03  -7.920766085090347e-03  1.926968878961003e-03
  1.399999999999997e+01  4.114040694741515e+04  -1.932017462130467e+06  5.895314813200856e+06  -4.136589467993115e+06  -4.775340199484722e+06  2.493757794728986e+06  -2.139348283597477e-03  -8.010733152519703e-03  1.146103877626984e-03
  1.409999999999997e+01  3.396223581660971e+04  -1.940157856159738e+06  5.913845809024447e+06  -4.131668762386848e+06  -4.781475035292892e+06  2.492828366244501e+06  -2.870297648335698e-03  -7.126962710737501e-03  4.871646060200559e-04
  1.419999999999997e+01  1.635852018265656e+04  -1.950251911842324e+06  5.932597555260923e+06  -4.130361373278488e+06  -4.791818546519022e+06  2.501064547983258e+06  -3.559321623491804e-03  -6.578390651667897e-03  5.383716859724253e-04
  1.429999999999997e+01  -2.753421245224754e+03  -1.956893725710251e+06  5.945574544340857e+06  -4.132706305279701e+06  -4.805712638769957e+06  2.508374419218719e+06  -3.688270341665227e-03  -7.322948066284338e-03  7.672851922242812e-04
  1.439999999999996e+01  -1.773962621059257e+04  -1.953993453246300e+06  5.953540602660295e+06  -4.139216155059763e+06  -4.820040296798587e+06  2.509007558387278e+06  -3.335671614236460e-03  -9.205911934290600e-03  3.108852897275726e-04
  1.449999999999996e+01  -2.695327619142782e+04  -1.939510067547091e+06  5.961462701995822e+06  -4.148746874026371e+06  -4.830705723003686e+06  2.504210229155351e+06  -2.614003396932297e-03  -1.106025123353855e-02  -1.060010851621192e-03
  1.459999999999996e+01  -3.087800972594686e+04  -1.918548372777216e+06  5.971024444458293e+06  -4.157526186759419e+06  -4.835706261609802e+06  2.497768677722856e+06  -1.433738022003154e-03  -1.157991259764831e-02  -2.854156308767394e-03
  1.469999999999996e+01  -2.981848699659114e+04  -1.900600603727716e+06  5.979518516776880e+06  -4.161990825541329e+06  -4.837120521180582e+06  2.491664898000266e+06  1.264032175615666e-04  -1.027968919311669e-02  -4.318924103212429e-03
  1.479999999999996e+01  -2.363748933041240e+04  -1.893464111842474e+06  5.985059566560892e+06  -4.161616175561458e+06  -4.839727516041170e+06  2.486462784545289e+06  1.671804288962137e-03  -7.799383475121319e-03  -4.887009075428617e-03
  1.489999999999996e+01  -1.411884172264393e+04  -1.898427545379618e+06  5.988270825908896e+06  -4.157805648421766e+06  -4.847030624903351e+06  2.483406000854384e+06  2.929202877168248e-03  -5.301910048011716e-03  -4.499174661861817e-03
  1.499999999999996e+01  -5.401989897242429e+03  -1.908661221206691e+06  5.989091656959746e+06  -4.151467148085904e+06  -4.858575558670389e+06  2.484299682392939e+06  4.058720653844949e-03  -3.448435941985958e-03  -3.728135822959303e-03
  1.509999999999996e+01  -4.647358973965370e+02  -1.912775419193445e+06  5.985736398205481e+06  -4.143412603405264e+06  -4.870591360962450e+06  2.489903711374157e+06  5.241016290841387e-03  -1.989228090553500e-03  -3.448278617490528e-03
  1.519999999999996e+01  1.436044606394657e+03  -1.902750761349869e+06  5.977766675339618e+06  -4.136015685289180e+06  -4.878782710360118e+06  2.498711199508574e+06  6.221941134998205e-03  -3.725933805696039e-04  -4.154912721253749e-03
  1.529999999999996e+01  2.490264154998210e+03  -1.880415878553358e+06  5.967969237587754e+06  -4.132111536804565e+06  -4.880918385945467e+06  2.507690192667964e+06  6.563660265087754e-03  1.394521782704050e-03  -5.663964853658009e-03
  1.539999999999996e+01  2.433712985583488e+03  -1.856518185468178e+06  5.958410409762667e+06  -4.132084698382161e+06  -4.877898787027695e+06  2.514637052007897e+06  6.217773880765181e-03  2.667897155780191e-03  -7.459851759905400e-03
  1.549999999999996e+01  -5.157693079272582e+02  -1.842140668769868e+06  5.946883804143424e+06  -4.133558884937578e+06  -4.872606218380452e+06  2.519955235199537e+06  5.532853535781340e-03  2.899456819306971e-03  -9.145410831196400e-03
  1.559999999999996e+01  -5.005496562028035e+03  -1.840076929912027e+06  5.930013187872030e+06  -4.134258508827721e+06  -4.867372731830024e+06  2.526131052145302e+06  4.767004162106138e-03  2.310828123634153e-03  -1.039418373094647e-02
  1.569999999999996e+01  -5.710537606165722e+03  -1.844597824727852e+06  5.909426267759307e+06  -4.133778609790328e+06  -4.862240766830758e+06  2.535340554158980e+06  3.957530966281739e-03  1.721828447766748e-03  -1.077841071835523e-02
  1.579999999999996e+01  1.650814432118077e+03  -1.848667537135259e+06  5.893161194035518e+06  -4.132553079404512e+06  -4.855793634844395e+06  2.547583405633079e+06  3.261234165585922e-03  1.748320227016579e-03  -1.001712553229784e-02
  1.589999999999996e+01  1.475617994106610e+04  -1.850220183203131e+06  5.888658855903810e+06  -4.130691352744880e+06  -4.847260007716221e+06  2.560282433774829e+06  3.016415057870752e-03  2.302608678470437e-03  -8.237457269967420e-03
  1.599999999999996e+01  2.521722445798676e+04  -1.851771870993081e+06  5.894907280969745e+06  -4.128735269955831e+06  -4.837200704370487e+06  2.569392400985276e+06  3.289260520300973e-03  2.819824876986362e-03  -5.829044222134316e-03
  1.609999999999996e+01  2.572705230196413e+04  -1.856095954866762e+06  5.903540717885811e+06  -4.128673130968052e+06  -4.826851196571141e+06  2.572089579134217e+06  3.588111444534274e-03  2.785955232885507e-03  -3.214307007316711e-03
  1.619999999999996e+01  1.652875672428895e+04  -1.863391970728624e+06  5.906607282614742e+06  -4.132805572431165e+06  -4.818032544504941e+06  2.569159676996601e+06  3.255428173490599e-03  2.140816154505403e-03  -7.664968830053437e-04
  1.629999999999996e+01  4.837572891873611e+03  -1.870898596726988e+06  5.902211011787033e+06  -4.141212618491543e+06  -4.813003112129680e+06  2.564354775428084e+06  2.101734059161108e-03  1.345091114573986e-03  1.165693632336291e-03
  1.639999999999996e+01  -1.829942463282707e+03  -1.874804208051369e+06  5.893269927277529e+06  -4.150715475507662e+06  -4.813001320647128e+06  2.560964409245604e+06  6.058190564602006e-04  1.059273870180630e-03  2.360335860365172e-03
  1.649999999999996e+01  -9.975283763876188e+02  -1.873774287072723e+06  5.883857027307848e+06  -4.156650142657855e+06  -4.816480192026502e+06  2.559295844913186e+06  -4.715470785727735e-04  1.614024824732286e-03  2.836090946406056e-03
  1.659999999999997e+01  5.185320993099195e+03  -1.870659513702762e+06  5.877357093716635e+06  -4.156237698671364e+06  -4.819887250651739e+06  2.557333295811374e+06  -6.777069916470640e-04  2.749544287509491e-03  2.714530470875015e-03
  1.669999999999997e+01  1.308990475566566e+04  -1.869719042067833e+06  5.875201203002468e+06  -4.150690114989480e+06  -4.820421834895797e+06  2.553006824403502e+06  -2.010193610925681e-04  3.869835280888295e-03  2.061600814727947e-03
  1.679999999999997e+01  1.946990818094712e+04  -1.872081234417173e+06  5.875491981087330e+06  -4.144097550272038e+06  -4.817530330777413e+06  2.545745818698193e+06  2.848308087032172e-04  4.539567592411525e-03  9.954244743299852e-04
  1.689999999999997e+01  2.167774524839827e+04  -1.875362834638639e+06  5.873731351675325e+06  -4.140050097246915e+06  -4.812255673342309e+06  2.536771274958065e+06  1.409863916354818e-04  4.725319242477545e-03  -1.542930502933295e-04
  1.699999999999997e+01  1.817109171789119e+04  -1.877542875945195e+06  5.866897903568737e+06  -4.139031235306924e+06  -4.806313386378668e+06  2.528469284460921e+06  -7.567685708004305e-04  4.617188907620129e-03  -9.544573834458930e-04
  1.709999999999997e+01  9.537583352057680e+03  -1.879726653406112e+06  5.856914027206329e+06  -4.138859291333537e+06  -4.802009634738280e+06  2.522945885052605e+06  -1.940054282944670e-03  4.336167839529177e-03  -1.122602839245181e-03
  1.719999999999997e+01  -1.291336245159823e+03  -1.884213655588510e+06  5.849572523144843e+06  -4.137225508769228e+06  -4.801342177395238e+06  2.520859952085224e+06  -2.741202267307756e-03  3.886348296164226e-03  -6.038327474768792e-04
  1.729999999999998e+01  -1.031250440648695e+04  -1.891362237451338e+06  5.849887573152212e+06  -4.133732603214490e+06  -4.804093560199674e+06  2.521617093566085e+06  -2.771869755585403e-03  3.331570957598883e-03  6.149952450121667e-04
  1.739999999999998e+01  -1.431177581030562e+04  -1.898890121961481e+06  5.859091353230054e+06  -4.129836913153753e+06  -4.807087397612281e+06  2.524698921532894e+06  -2.121852430221873e-03  2.860093976697107e-03  2.556909008333213e-03
  1.749999999999998e+01  -1.258415495484496e+04  -1.903912182956396e+06  5.875043504901003e+06  -4.127442013692016e+06  -4.806600607602485e+06  2.529940967716854e+06  -1.169989079325470e-03  2.600167467880879e-03  5.078984586333117e-03
  1.759999999999998e+01  -7.376434929002469e+03  -1.904615754051004e+06  5.894628566846581e+06  -4.127627655360287e+06  -4.801657049009026e+06  2.536207456927808e+06  -3.087684056671232e-04  2.441555131882866e-03  7.700079493281823e-03
  1.769999999999998e+01  -2.700049930611212e+03  -1.900774644228849e+06  5.914817296052027e+06  -4.130421730392909e+06  -4.794719297624389e+06  2.540287329749075e+06  2.295757220697536e-04  2.116521595460814e-03  9.765604727611591e-03
  1.779999999999998e+01  -2.107305436299478e+03  -1.893918489813649e+06  5.932587677270163e+06  -4.135214553561272e+06  -4.789365862810015e+06  2.538345887559808e+06  3.964174944172781e-04  1.433235554131560e-03  1.081052248360843e-02
  1.789999999999998e+01  -6.716392966760052e+03  -1.887045154341361e+06  5.945752502423201e+06  -4.141071787137970e+06  -4.787875308749132e+06  2.529215826723761e+06  2.655636328107601e-04  3.902738138157632e-04  1.074186305510499e-02
  1.799999999999999e+01  -1.468374233348531e+04  -1.883355629094424e+06  5.954794344227587e+06  -4.146807710939027e+06  -4.790612405649994e+06  2.516200680460005e+06  -1.542901919305791e-05  -9.075096707210521e-04  9.752125282914019e-03
  1.809999999999999e+01  -2.275590528139156e+04  -1.884452642578596e+06  5.963072340235027e+06  -4.151214921760256e+06  -4.796520028561845e+06  2.505239443614909e+06  -2.848048494756676e-04  -2.319024254643685e-03  8.192151304177274e-03
  1.819999999999999e+01  -2.869623498199357e+04  -1.889368414441469e+06  5.974422228860882e+06  -4.153525513584315e+06  -4.803301888115964e+06  2.500986373682839e+06  -4.322963009384001e-04  -3.599006155574338e-03  6.513971856364706e-03
  1.829999999999999e+01  -3.279293367508622e+04  -1.895539549259010e+06  5.990136978443208e+06  -4.153931664848457e+06  -4.807927408922511e+06  2.504335856165862e+06  -4.643600839243848e-04  -4.353595500965430e-03  5.145029106301174e-03
  1.839999999999999e+01  -3.690479985832151e+04  -1.900701255173759e+06  6.008054108375480e+06  -4.153726614608724e+06  -4.808220902273186e+06  2.512973587298773e+06  -5.128068964050077e-04  -4.199625551314143e-03  4.267338108238483e-03
  1.849999999999999e+01  -4.200160127326772e+04  -1.903779025829583e+06  6.023998421417843e+06  -4.154726701055796e+06  -4.804652570744901e+06  2.523602326331862e+06  -6.849240590824387e-04  -3.023579179474426e-03  3.709187368177819e-03
  1.859999999999999e+01  -4.676415590554183e+04  -1.904287010495096e+06  6.033959131762323e+06  -4.157889391613974e+06  -4.800275835669702e+06  2.533750493502580e+06  -8.712565829309542e-04  -1.113163957927000e-03  3.110019498745317e-03
  1.870000000000000e+01  -4.857376292820951e+04  -1.901626433248647e+06  6.035742622344836e+06  -4.162116468567124e+06  -4.798820585598464e+06  2.542105118409355e+06  -7.182266221124417e-04  9.442646662646393e-04  2.260876564401684e-03
  1.880000000000000e+01  -4.551106534586968e+04  -1.895485728111325e+06  6.030006729827418e+06  -4.164663248610032e+06  -4.802331512694473e+06  2.548141787864684e+06  8.467056209883677e-05  2.456303380700502e-03  1.297531971830469e-03
  1.890000000000000e+01  -3.743079673364726e+04  -1.886811609282193e+06  6.019775863431416e+06  -4.163383843130013e+06  -4.810202359363582e+06  2.551733471254400e+06  1.410177439858589e-03  2.853815123353266e-03  5.684634476069519e-04
  1.900000000000000e+01  -2.553674957277102e+04  -1.877740920782488e+06  6.008854097150437e+06  -4.158827938243447e+06  -4.819855107814089e+06  2.553011953945666e+06  2.620340111616428e-03  1.943846984252223e-03  2.752849518470765e-04
  1.910000000000000e+01  -1.188347906126699e+04  -1.870444353419636e+06  5.999904040291588e+06  -4.153796217128871e+06  -4.828296588367106e+06  2.552239986673558e+06  2.998049122665912e-03  6.229747946367347e-05  2.490187940904017e-04
  1.920000000000000e+01  6.298518608068002e+02  -1.865921983691926e+06  5.993707020743262e+06  -4.150508720424591e+06  -4.833563790410774e+06  2.549519360117127e+06  2.369654940121514e-03  -2.016506207595756e-03  7.864159441318065e-05
  1.930000000000000e+01  8.645125061217768e+03  -1.863837117319665e+06  5.989967183984144e+06  -4.148584125430246e+06  -4.835295742288738e+06  2.544843095017356e+06  1.295897922959118e-03  -3.453921120016586e-03  -5.301012305802023e-04
  1.940000000000001e+01  9.954969200547213e+03  -1.863234186490685e+06  5.988342937621132e+06  -4.146154012648388e+06  -4.834381252939860e+06  2.538684707347819e+06  5.847044213450877e-04  -3.773878115428611e-03  -1.516206250029544e-03
  1.950000000000001e+01  5.234972600748991e+03  -1.863272877041534e+06  5.988547498341911e+06  -4.142781650782757e+06  -4.832250825986955e+06  2.532510297403164e+06  5.812293231366690e-04  -3.041815621595839e-03  -2.551817177225628e-03
  1.960000000000001e+01  -2.025536353093376e+03  -1.863456855584714e+06  5.989623485396561e+06  -4.140657153469400e+06  -4.830116406772176e+06  2.528408842263091e+06  8.941807648906155e-04  -1.726163689081884e-03  -3.300555163424413e-03
  1.970000000000001e+01  -7.736498260171770e+03  -1.863415701153302e+06  5.989573285911617e+06  -4.142494297997104e+06  -4.828602727717428e+06  2.527718235740531e+06  8.102968539598825e-04  -3.665564482285718e-04  -3.590526789395885e-03
  1.980000000000001e+01  -9.571271301349381e+03  -1.862735008387817e+06  5.986355846664915e+06  -4.148300561857710e+06  -4.827657213974041e+06  2.529979886463385e+06  -2.387605976868838e-05  6.761687326225734e-04  -3.423060643758262e-03
  1.990000000000001e+01  -7.700585149184618e+03  -1.861229719562956e+06  5.979154936970252e+06  -4.154526857692448e+06  -4.826938097829318e+06  2.533318911039050e+06  -1.283809369964586e-03  1.271035897353126e-03  -2.909090153984622e-03
