TITLE = "Temporal Signal for receiver number 01485"
VARIABLES = "Time","xx","yy","zz","xy","yz","xz","u","v","w"
# x1       3.620946160000e+05
# x2       4.718684950000e+06
# x3       -3.000000000000e+03
  0.000000000000000e+00  0.000000000000000e+00  0.000000000000000e+00  0.000000000000000e+00  0.000000000000000e+00  0.000000000000000e+00  0.000000000000000e+00  0.000000000000000e+00  0.000000000000000e+00  0.000000000000000e+00
  1.000000000000000e-01  0.000000000000000e+00  0.000000000000000e+00  0.000000000000000e+00  0.000000000000000e+00  0.000000000000000e+00  0.000000000000000e+00  0.000000000000000e+00  0.000000000000000e+00  0.000000000000000e+00
  2.000000000000000e-01  0.000000000000000e+00  0.000000000000000e+00  0.000000000000000e+00  0.000000000000000e+00  0.000000000000000e+00  0.000000000000000e+00  0.000000000000000e+00  0.000000000000000e+00  0.000000000000000e+00
  3.000000000000000e-01  0.000000000000000e+00  0.000000000000000e+00  0.000000000000000e+00  0.000000000000000e+00  0.000000000000000e+00  0.000000000000000e+00  0.000000000000000e+00  0.000000000000000e+00  0.000000000000000e+00
  4.000000000000000e-01  -4.333702115258460e-28  -1.986967569834447e-27  -1.338874276953286e-27  2.389610850294582e-28  -9.207107352561617e-28  1.776285515637350e-28  1.077977218074030e-34  -2.134871664372491e-34  -9.242423066344741e-35
  5.000000000000000e-01  2.141731422116996e-21  -1.881421637684960e-21  -5.188664781027582e-21  -3.577681398801411e-21  -1.350774160014472e-20  -3.146829375223772e-22  9.097297832477493e-29  -5.734661620089250e-28  -4.044201543167767e-28
  6.000000000000000e-01  -3.039909570718917e-17  -3.696262631051884e-17  -1.250936188510748e-17  1.339638571918755e-17  2.158571573038082e-17  -1.639775030529020e-18  2.756572516406333e-24  -3.901765621876579e-24  2.050423246671143e-24
  7.000000000000000e-01  7.866171954845476e-15  1.323179199459147e-14  5.909469531847038e-15  -1.292408333384785e-15  -1.935651745156623e-15  -3.198560179136095e-16  -5.358645547111674e-22  1.392171726406030e-21  -2.856812296060589e-22
  7.999999999999999e-01  -3.934431272367614e-13  -2.645145992291459e-13  -3.706538577810458e-13  -1.200759630477659e-13  -6.937570584340789e-14  -4.654522466678249e-14  1.884610871565014e-20  -2.957224811692862e-20  4.965967132574216e-21
  8.999999999999999e-01  -1.071475009829619e-11  -1.459502279701873e-11  -8.502695928990918e-12  1.669486473607912e-12  2.214577762375670e-12  -4.273314497012890e-13  7.425249109310748e-19  -1.789940394722124e-18  4.001211062249868e-19
  9.999999999999999e-01  -2.034584505174052e-11  -1.195050835785664e-10  -6.761770255996435e-12  7.593700498777381e-11  5.485620403492395e-11  3.549449206033436e-12  5.318057716213503e-18  -1.565402813689872e-17  4.253248491427258e-18
  1.100000000000000e+00  1.291105910944866e-09  5.797935618095463e-11  1.127314790745750e-09  9.070284423811171e-10  6.549346557025137e-10  1.125986341781954e-10  -4.269943678491934e-17  2.937667047918525e-17  2.091325693122183e-17
  1.200000000000000e+00  1.160456720040166e-08  -4.861467643131838e-10  1.010725201383654e-08  6.523038879225729e-09  5.466948157083233e-09  6.568121173284699e-10  -5.538263127494991e-16  6.426378619717380e-16  2.037856871854609e-16
  1.300000000000000e+00  4.800977160048901e-08  -7.120250574247124e-08  4.104687415696519e-08  3.542069570059785e-08  3.275581959417702e-08  1.333771401444843e-08  -2.130195663112805e-15  -3.586154551228037e-15  1.790303964960869e-15
  1.400000000000000e+00  7.094323325139770e-08  -4.917898709351082e-07  7.822416793763367e-08  5.345466808224448e-08  7.605862237912709e-08  1.168350205794957e-07  -1.584574567069581e-14  -3.974657225685917e-14  3.337031413268198e-16
  1.500000000000000e+00  1.216472005212661e-07  -9.976385038236652e-08  5.092030543269797e-07  -8.187677878983476e-08  -3.529009496974838e-07  3.870952420609932e-07  -7.398830418091991e-14  2.037798561620142e-15  -9.386909502840082e-14
  1.600000000000000e+00  -1.411499319795362e-07  2.285227120341932e-06  4.914018248160182e-07  2.350084578240244e-06  8.207864343053282e-07  -1.299282456695586e-06  1.559557564885685e-13  4.373809409193302e-13  -3.043306677230852e-14
  1.700000000000000e+00  -9.810706374407992e-06  -2.067446308559005e-05  -1.578607960540469e-05  5.548869434157671e-06  9.246234546155104e-06  -5.680302769793806e-06  1.573929206902775e-12  -2.776363866934666e-12  1.880241216629500e-12
  1.800000000000000e+00  7.241885388395732e-06  2.973106836434789e-05  1.402181234243539e-05  -3.405301866749623e-05  -3.304706278827471e-05  1.854248192566089e-05  -2.887613499151970e-12  -3.030817205050280e-12  -3.297264265020518e-12
  1.900000000000001e+00  1.755029917477496e-05  3.383784885617764e-05  4.492219236971454e-05  4.983397007714941e-05  1.180009523974361e-06  -8.091774125946970e-06  1.222385360067474e-13  1.626707321505594e-11  -4.625167737405117e-12
  2.000000000000000e+00  -1.417906644137846e-05  -3.112930115539896e-05  -1.697627194885660e-04  -1.170344939991588e-04  7.106319381417882e-05  -6.318477762382030e-05  -2.163745659606441e-12  -6.550634390048995e-12  2.068078225354014e-11
  2.100000000000001e+00  -1.641209271514657e-04  -1.511646638891524e-04  3.744623574962079e-04  5.603758930288898e-04  1.230008572206775e-04  2.324939457885597e-05  4.345278238444260e-11  -8.672609607401610e-12  -1.103013780790799e-11
  2.200000000000001e+00  8.949213949135934e-05  -1.189351039048031e-03  -1.002251835683510e-03  -1.711791410113964e-03  -7.937890666397553e-04  4.919570699440319e-04  -8.080672225095472e-11  -2.366590628788777e-10  -7.988861677516695e-12
  2.300000000000001e+00  -8.850872430624860e-03  -9.150581709972433e-03  -5.564627792283177e-03  1.016012396315837e-02  6.845742411375133e-03  -4.393734453186407e-03  8.730160328258476e-10  -2.260109333732621e-10  6.769165994674676e-10
  2.400000000000001e+00  1.381091067365098e-02  2.065617321975163e-02  2.344262252241399e-02  -5.561056440779391e-03  -9.660784430586239e-03  3.704682646732841e-03  -5.571118953677857e-10  4.341721060403450e-10  -1.918630692571329e-09
  2.500000000000001e+00  5.572594204737748e-02  4.283018633683117e-02  2.874488715718509e-02  -4.310982439006574e-02  -4.119672300464482e-02  2.887434876767492e-02  -8.084192884818086e-09  7.626532242558637e-09  -2.134860865013883e-09
  2.600000000000001e+00  3.737393321271941e-01  6.980448943442591e-01  3.588149201172022e-01  -1.827577621843255e-01  -1.231502698851336e-01  7.156461713945109e-02  -2.393392890794394e-08  4.938817364634284e-08  -2.937113319776289e-08
  2.700000000000001e+00  6.075472183013146e+00  7.783195737705318e+00  6.393239012576685e+00  -2.979599115727420e+00  -3.081163427833632e+00  2.129243815018321e+00  -5.107910349822531e-07  6.056630814627840e-07  -4.859271648133334e-07
  2.800000000000001e+00  2.352862811672059e+01  2.396802276323143e+01  2.161919665902436e+01  -1.124363773143493e+01  -9.522937090264897e+00  9.078617045877918e+00  -1.870472599514135e-06  1.947704391067716e-06  -1.707801426421043e-06
  2.900000000000001e+00  2.575390587895722e+01  1.717474570230950e+01  1.941599919047188e+01  -9.485695403593880e+00  -4.890995654723854e+00  9.122285836123607e+00  -2.391816256957506e-06  2.008912048156282e-06  -1.786939440897278e-06
  3.000000000000001e+00  -2.878851590713791e+01  -5.335793336251353e+01  -2.919319979239994e+01  1.515801720826438e+01  1.088492576967321e+01  -3.039154764050956e+00  1.177212084243011e-06  -3.779064722284620e-06  1.254275436395878e-06
  3.100000000000001e+00  -9.484211199097071e+01  -1.646050315308723e+02  -8.723211594806446e+01  4.533497700730369e+01  2.195434276197483e+01  -8.825779541925986e+00  7.301592118530932e-06  -1.421751169839499e-05  5.018896193518349e-06
  3.200000000000002e+00  -9.654116508981198e+01  -2.364759470040779e+02  -9.360916300057313e+01  5.958980416530944e+01  3.043495432013723e+01  -6.589793888148201e+00  8.215060613915624e-06  -2.013689993973196e-05  5.527605305518632e-06
  3.300000000000002e+00  -4.826768251985442e+01  -2.448740339075236e+02  -5.004167549374078e+01  5.436351401513296e+01  3.444816387661922e+01  -1.703713027852609e+00  3.496095792209973e-06  -1.968021784703384e-05  2.522569954781564e-06
  3.400000000000002e+00  -4.093226069761426e+00  -2.534769468052685e+02  2.847647710746106e+00  4.492931180086263e+01  2.412514051196184e+01  1.369557506763537e+01  -5.480891277863859e-07  -1.956162462727123e-05  -1.721691094005521e-06
  3.500000000000002e+00  2.700509258021813e+00  -3.475564298632904e+02  1.696617856988972e+01  5.702989272812695e+01  1.853497279467429e+01  3.405444235796044e+01  -4.120820294686159e-07  -2.675409148626111e-05  -3.996848674109288e-06
  3.600000000000002e+00  -1.516759798314972e+02  -7.587524674478366e+02  -1.268831589213461e+02  1.681867699252588e+02  8.614674949718525e+01  1.595250899008902e+01  1.210455517022616e-05  -5.921032186546750e-05  4.056957435169479e-06
  3.700000000000002e+00  -7.884404838018075e+02  -1.972966894934204e+03  -7.061283522823949e+02  5.389514201361005e+02  3.189287365326941e+02  -8.872517473251077e+01  6.034716636155199e-05  -1.578798067486938e-04  3.866644357888169e-05
  3.800000000000002e+00  -2.990073349174811e+03  -5.696046610931541e+03  -2.735947810367316e+03  1.810801217030106e+03  1.240875353359972e+03  -5.858863729394415e+02  2.434896451931371e-04  -4.632631703440120e-04  1.719287898093720e-04
  3.900000000000002e+00  -9.097848592653407e+03  -1.500993961516255e+04  -7.923986106768398e+03  5.342492035567262e+03  3.503752899823238e+03  -2.057722352885568e+03  7.278982519349183e-04  -1.232348350681414e-03  5.126366105892458e-04
  4.000000000000002e+00  -1.993167180040923e+04  -3.202889652650159e+04  -1.679394558741999e+04  1.151964775725288e+04  7.089979558122207e+03  -4.384034527861018e+03  1.652983205502049e-03  -2.723508611493916e-03  1.103155160865229e-03
  4.100000000000001e+00  -3.497666822095201e+04  -5.896006654886217e+04  -2.910219951507603e+04  2.166969347280299e+04  1.316513243756045e+04  -8.117292330554513e+03  3.009682629837238e-03  -5.032501558151884e-03  1.961849175527277e-03
  4.200000000000001e+00  -5.535484930747357e+04  -9.713006844283098e+04  -4.515668733163115e+04  3.622796200519824e+04  2.175194928826868e+04  -1.372527003416666e+04  4.798751011159087e-03  -8.332400806058609e-03  3.110898591731915e-03
  4.300000000000001e+00  -8.037081226605082e+04  -1.496306996561140e+05  -6.473035744594064e+04  5.681891256647615e+04  3.374337108987609e+04  -2.166754359393504e+04  7.275502099421690e-03  -1.289471779188785e-02  4.633933417679496e-03
  4.400000000000000e+00  -9.913331298649473e+04  -2.052774955130702e+05  -7.693207309310527e+04  7.905561853729814e+04  4.466678625146564e+04  -2.829989481956236e+04  9.191295536699503e-03  -1.792997437093534e-02  5.694272423171305e-03
  4.500000000000000e+00  -7.880028981499598e+04  -2.445697440818717e+05  -6.271089512955410e+04  9.052244970894279e+04  4.966990614717944e+04  -2.647242074764276e+04  8.594794923794478e-03  -2.171044432145168e-02  5.290183655453586e-03
  4.600000000000000e+00  -2.540599698045827e+04  -2.620751278354352e+05  -2.788572047041997e+04  9.255786841057280e+04  5.545760609548288e+04  -2.401902931805975e+04  5.444709627782816e-03  -2.287767199297063e-02  3.814714268390016e-03
  4.699999999999999e+00  1.396926117098923e+04  -2.751110528797340e+05  1.468474522909446e+03  9.234277407826341e+04  5.842788716926956e+04  -2.429899838006108e+04  2.313588976403692e-03  -2.353274150669553e-02  2.419603058922659e-03
  4.799999999999999e+00  5.930167299270126e+04  -2.919098013690148e+05  3.749060880801598e+04  9.166080984164773e+04  5.306521799241642e+04  -1.625731341936982e+04  -2.744671127775240e-04  -2.454267317861265e-02  6.531176435788696e-04
  4.899999999999999e+00  1.299699998673230e+05  -2.999215088545280e+05  8.846870118978496e+04  8.428420939109741e+04  4.442299647071218e+04  -1.751234099490718e+03  -3.887058078621397e-03  -2.417562269639800e-02  -2.546286644514300e-03
  4.999999999999998e+00  1.983765759701113e+05  -3.018425794246785e+05  1.330234272736533e+05  6.925675176725849e+04  3.399868778523289e+04  7.283969237622118e+03  -8.633344195779821e-03  -2.300672418878334e-02  -6.210506908887398e-03
  5.099999999999998e+00  2.459567993396258e+05  -3.177482442084832e+05  1.619392271636331e+05  5.732298983801882e+04  2.505889569900016e+04  2.706050372807826e+03  -1.272245993868881e-02  -2.217745460640939e-02  -7.405617229890665e-03
  5.199999999999998e+00  2.722688081961305e+05  -3.512921743850038e+05  1.855124954555093e+05  5.507728939788827e+04  2.807907874134401e+04  -7.961484303340888e+03  -1.365426610754995e-02  -2.149439058456922e-02  -6.315583701817786e-03
  5.299999999999997e+00  2.851990738001220e+05  -3.870089978977791e+05  2.053016544879474e+05  5.848391589933077e+04  4.424093194871135e+04  -1.383428888261288e+04  -1.177629134500774e-02  -2.214317983136265e-02  -7.281883072858893e-03
  5.399999999999997e+00  3.045243200515779e+05  -4.043246049806426e+05  2.008158232107201e+05  5.470268567089558e+04  5.591816792053753e+04  -3.912748588432342e+04  -1.114307198377421e-02  -2.394830387911075e-02  -8.329356512507621e-03
  5.499999999999996e+00  3.261345641386994e+05  -3.703718407703912e+05  1.601310679882213e+05  2.553656113772590e+04  5.450330011088857e+04  -1.234487544890725e+05  -1.195058641407336e-02  -1.918967571251269e-02  1.708397929708855e-03
  5.599999999999996e+00  2.830127345633119e+05  -2.294788139776961e+05  9.421180182435602e+04  -3.186823577369942e+04  6.592109709004371e+04  -2.582753708713081e+05  -5.689801723782761e-03  2.849980812638627e-03  2.678454837358100e-02
  5.699999999999996e+00  1.147167234826570e+05  2.585957388195371e+04  2.651852216432832e+04  -8.832103228066351e+04  1.127159586801025e+05  -3.787003106628454e+05  1.495770045227348e-02  4.002404881454540e-02  5.262043564361388e-02
  5.799999999999995e+00  -1.231558412340132e+05  2.927589833107503e+05  -2.466109237577593e+04  -9.677010879917123e+04  1.654071985757389e+05  -4.263301031669436e+05  4.247211608188782e-02  7.149205734754398e-02  6.028986317736525e-02
  5.899999999999995e+00  -2.800060650313838e+05  4.291571356023566e+05  -4.585528167105974e+04  -3.878334159856894e+04  1.704209028549053e+05  -3.944025966774157e+05  5.887876816970686e-02  7.706222438614099e-02  4.606947886297595e-02
  5.999999999999995e+00  -2.586190244057885e+05  3.678192090539126e+05  -1.567418619525936e+04  4.319760586220349e+04  1.082226836192487e+05  -3.177438625966979e+05  5.303125047404532e-02  5.729481358583236e-02  2.376289454342434e-02
  6.099999999999994e+00  -1.085785837047004e+05  1.946828500286682e+05  8.163046722827754e+04  9.230616896460076e+04  2.225978968716064e+04  -2.342891166453011e+05  3.212021604859396e-02  2.934026245206237e-02  7.371265704462032e-03
  6.199999999999994e+00  2.403054216536718e+04  4.752178668838082e+04  2.170186996042700e+05  8.816755430939887e+04  -2.828544570963960e+04  -1.616167142383882e+05  1.549260801922663e-02  1.059533704794610e-02  1.467797295254446e-04
  6.299999999999994e+00  6.248241204660646e+04  -1.180782150524727e+04  3.200800418612967e+05  5.540749793381768e+04  -3.189871422649024e+04  -1.034614410794448e+05  1.108225369237347e-02  5.277297547609655e-03  -2.668189695912607e-03
  6.399999999999993e+00  7.023135730799410e+04  1.267536250255491e+04  3.270476635651019e+05  3.407141075759479e+04  -6.410146473411364e+03  -6.475815200877840e+04  1.007427949218222e-02  7.755214722660861e-03  -5.821550796006610e-03
  6.499999999999993e+00  1.329841867548806e+05  6.931821157010509e+04  2.268285264911216e+05  2.720974383081033e+04  2.699944072050929e+04  -5.280405888340399e+04  2.779449761518849e-03  1.210866828591967e-02  -8.182295333310278e-03
  6.599999999999993e+00  2.649652748645927e+05  1.101717649595532e+05  8.433759919149458e+04  1.303028904353768e+04  5.505857510351707e+04  -5.940448779498845e+04  -1.121485792287255e-02  1.382270298214962e-02  -7.254667564039328e-03
  6.699999999999992e+00  4.042872870806648e+05  1.223316791044306e+05  -2.469809249780762e+04  -1.677676317281067e+04  7.509351523723990e+04  -7.113001079977246e+04  -2.443922853086508e-02  1.291747207969457e-02  -3.162464086117890e-03
  6.799999999999992e+00  4.820576523306642e+05  1.071129815673461e+05  -7.938656326434629e+04  -5.275431752973121e+04  8.770644807425485e+04  -7.799873222512273e+04  -3.106226625974931e-02  1.036809336415765e-02  4.492472425008396e-04
  6.899999999999991e+00  5.009594291321483e+05  6.747139039360463e+04  -8.844333922975692e+04  -7.681781258258587e+04  9.419506660711479e+04  -7.411035611179742e+04  -3.142526534385880e-02  5.680857541558027e-03  3.464087030804753e-04
  6.999999999999991e+00  5.029669414461248e+05  6.719328102770723e+03  -6.403698978554000e+04  -7.780316777605406e+04  9.382962698337117e+04  -7.498538990346804e+04  -2.986936140330638e-02  -2.325273616736370e-04  -1.746609658761363e-03
  7.099999999999991e+00  5.070443142793717e+05  -6.460214020737965e+04  -8.076489366400275e+03  -5.916541804462110e+04  8.921580514713154e+04  -1.017166878322987e+05  -2.878172322857069e-02  -6.540260905191703e-03  -6.620888271115446e-04
  7.199999999999990e+00  4.889721092815709e+05  -1.238743991916947e+05  6.910161032655954e+04  -2.890134443941230e+04  8.495736457556917e+04  -1.467075963543575e+05  -2.521042380296539e-02  -1.108263543375547e-02  5.150905832913230e-03
  7.299999999999990e+00  4.050627606417580e+05  -1.424221691613417e+05  1.307756354322460e+05  9.053905780067787e+03  8.311909966140316e+04  -1.621298781294904e+05  -1.424968985094523e-02  -1.099599192796444e-02  9.947796502910103e-03
  7.399999999999990e+00  2.542600907595684e+05  -9.527207611240372e+04  1.382791911018612e+05  5.044304783164720e+04  7.621339713482236e+04  -1.032207020540667e+05  4.082780673690055e-03  -4.624363970449958e-03  6.740720131759945e-03
  7.499999999999989e+00  9.633969608822250e+04  2.992464358213681e+04  7.820207667588894e+04  8.593878693136884e+04  5.574427255586112e+04  2.462909850288911e+04  2.351553293192412e-02  9.062353644324237e-03  -7.074107013107142e-03
  7.599999999999989e+00  -3.243086773947281e+03  1.988421959548673e+05  -1.653349559409597e+04  1.004122650189563e+05  2.121067350524887e+04  1.714496107020646e+05  3.603963628277570e-02  2.594368111483147e-02  -2.601127912475325e-02
  7.699999999999989e+00  -2.710373537364236e+04  3.402567148115616e+05  -1.101398571720733e+05  9.467082910331225e+04  -2.181972463624731e+04  2.840279927488247e+05  3.855514193432338e-02  3.937903450256955e-02  -4.281466597321355e-02
  7.799999999999988e+00  -6.435584618597000e+03  3.944788680678993e+05  -1.773028835234030e+05  8.403916979045246e+04  -5.638820109651543e+04  3.399051063205627e+05  3.553422370912577e-02  4.446910314226347e-02  -5.196860140282047e-02
  7.899999999999988e+00  4.085372198608939e+04  3.559132948417930e+05  -1.885964812132769e+05  7.387138111835114e+04  -7.064857452943404e+04  3.358384555787441e+05  3.011527954888775e-02  3.964651430061890e-02  -4.964454572308548e-02
  7.999999999999988e+00  1.302371325809629e+05  2.824543350339155e+05  -1.448066840414864e+05  5.726626231087467e+04  -5.666012891419782e+04  2.830565777847150e+05  2.288727438295118e-02  3.094618513706872e-02  -3.855036989383172e-02
  8.099999999999987e+00  2.546625264795056e+05  2.282602405634776e+05  -7.256147383853713e+04  2.053950614605962e+04  -1.515064532212131e+04  2.006806629194839e+05  1.280951864499088e-02  2.375756537265586e-02  -2.220357118005621e-02
  8.199999999999987e+00  3.710364367777726e+05  2.121313262424160e+05  -2.018937216335047e+04  -2.645278981164603e+04  3.771245647634325e+04  1.199331794639115e+05  4.476316357405379e-04  2.030274606498197e-02  -6.211119030199844e-03
  8.299999999999986e+00  4.225174412206391e+05  2.213062914420512e+05  -1.848454974118925e+04  -5.789306584464935e+04  8.866946114180563e+04  8.090769942430303e+04  -8.908533622917525e-03  2.040735669646437e-02  3.059767824214258e-03
  8.399999999999986e+00  3.920268578103315e+05  2.318098707952003e+05  -4.783788935170402e+04  -6.107421807859623e+04  1.263889912828693e+05  9.641382964767954e+04  -1.208713703050733e-02  2.096490319721664e-02  4.369446167421622e-03
  8.499999999999986e+00  3.139792303502521e+05  2.396209858338452e+05  -7.924023322645477e+04  -3.911026217174221e+04  1.516010175274734e+05  1.508197669542659e+05  -7.794373233165308e-03  2.170147780694324e-02  -6.483732161039038e-04
  8.599999999999985e+00  2.288597345869896e+05  2.430978240057435e+05  -9.478283884225602e+04  -1.149602258814485e+04  1.707787087632565e+05  2.090976836068417e+05  1.079831401256020e-03  2.257957011655847e-02  -6.870196237260567e-03
  8.699999999999985e+00  1.734511896500168e+05  2.418676053668163e+05  -8.926211065276261e+04  7.855041896030240e+03  1.854054095273143e+05  2.419731372229150e+05  8.907794253495948e-03  2.354211020028269e-02  -1.054369209958726e-02
  8.799999999999985e+00  1.631481029756629e+05  2.358700267035272e+05  -6.346942346370887e+04  1.711602512840655e+04  1.944961455828886e+05  2.387443961156438e+05  1.217179977933553e-02  2.438975930731260e-02  -1.102095778993353e-02
  8.899999999999984e+00  1.902938328524659e+05  2.118974076689029e+05  -2.274085992277498e+04  2.103471406863571e+04  1.910493223248034e+05  1.945619463671439e+05  9.106353065586614e-03  2.281984171659042e-02  -8.135677581234889e-03
  8.999999999999984e+00  2.361383144895418e+05  1.585165086998317e+05  1.870071928830196e+04  3.041023237504037e+04  1.745526523653013e+05  1.176858952860068e+05  2.469119406609195e-03  1.679157818077887e-02  -2.803543965480648e-03
  9.099999999999984e+00  2.767038487412886e+05  7.526965326804368e+04  5.087655816642819e+04  4.723067640481444e+04  1.496594949227502e+05  2.625142966229429e+04  -3.972810854038834e-03  5.452841523851760e-03  4.107587271832015e-03
  9.199999999999983e+00  3.073674328941372e+05  -9.253970638489935e+03  7.714421228539433e+04  6.673223709119373e+04  1.232246309210871e+05  -5.687958692356965e+04  -8.319364942994978e-03  -7.757986471336369e-03  1.065772374535688e-02
  9.299999999999983e+00  3.278636328031964e+05  -5.889732458675382e+04  1.043449341082736e+05  8.394810085061817e+04  1.050870365996087e+05  -1.107247325885892e+05  -9.491401545658919e-03  -1.724861565252696e-02  1.468022328141090e-02
  9.399999999999983e+00  3.284484468620270e+05  -6.717323236913657e+04  1.297174988534048e+05  9.626195832989035e+04  9.743465108260127e+04  -1.305516809480674e+05  -7.867177495806777e-03  -2.044720092175531e-02  1.624838976299158e-02
  9.499999999999982e+00  3.060037616415982e+05  -4.640158621601078e+04  1.450309705510789e+05  1.070027298606034e+05  1.012612441581175e+05  -1.225011481781488e+05  -3.944622598777856e-03  -1.739393944746693e-02  1.618910721571312e-02
  9.599999999999982e+00  2.649140297316433e+05  -2.199191070301267e+04  1.480656443230957e+05  1.152582306104456e+05  1.152956710008258e+05  -1.018167956691575e+05  4.381670758032387e-04  -1.121889620039743e-02  1.604447789950439e-02
  9.699999999999982e+00  2.210027585059298e+05  -4.485004951708920e+03  1.424217015129278e+05  1.199547631575545e+05  1.345752849442065e+05  -8.428239089048712e+04  3.551408432152455e-03  -4.726948821149748e-03  1.640574506084314e-02
  9.799999999999981e+00  1.858204324309856e+05  8.305608232563580e+03  1.328699324198605e+05  1.215638185458865e+05  1.545231556632257e+05  -7.442532450114141e+04  5.700924728622814e-03  2.069549766005790e-04  1.663792655179910e-02
  9.899999999999981e+00  1.607901416578256e+05  1.542162322420316e+04  1.196686235873962e+05  1.221768749544386e+05  1.663558129500678e+05  -7.077350343604044e+04  7.437478546934137e-03  1.802840718196014e-03  1.608349696562607e-02
  9.999999999999980e+00  1.459828272996525e+05  1.677518673173085e+04  1.022622666498639e+05  1.269416713957564e+05  1.642408780530015e+05  -6.711955003957952e+04  9.534239926932234e-03  3.508204502323644e-04  1.380435046791245e-02
  1.009999999999998e+01  1.359990368207065e+05  7.579297815420652e+03  8.455091230687381e+04  1.368233415479172e+05  1.472171015580668e+05  -6.106760950297939e+04  1.165304700396997e-02  -3.221801977898971e-03  9.832810644688392e-03
  1.019999999999998e+01  1.262878300703676e+05  -9.972477142701215e+03  7.235821372144169e+04  1.512538962416770e+05  1.202133818274810e+05  -5.417319527365279e+04  1.321096667134960e-02  -6.797533478503482e-03  4.806727035615799e-03
  1.029999999999998e+01  1.117689004243213e+05  -3.142822916686767e+04  6.887627139860347e+04  1.676857291159368e+05  9.132350910709391e+04  -4.466351947924316e+04  1.432160215827794e-02  -9.255329850816025e-03  -5.343827255442488e-04
  1.039999999999998e+01  9.254252220049147e+04  -5.325047637997264e+04  6.929019143683264e+04  1.835897050129686e+05  6.300572130196503e+04  -2.820023333435626e+04  1.503224154334990e-02  -1.120269823880093e-02  -5.553282786573238e-03
  1.049999999999998e+01  8.020588482432386e+04  -7.228631917037234e+04  6.460322198893045e+04  1.980004842659153e+05  3.357418639442412e+04  -1.045925389450797e+03  1.496446623133967e-02  -1.347099656937272e-02  -1.005034685953174e-02
  1.059999999999998e+01  9.160547130196754e+04  -9.379731542242345e+04  5.008186471454470e+04  2.076982831419126e+05  1.369220224793472e+03  3.158649126897422e+04  1.265223513460405e-02  -1.734097246233377e-02  -1.367714497440659e-02
  1.069999999999998e+01  1.373707379347671e+05  -1.285623502899559e+05  2.815343305284717e+04  2.079870266518893e+05  -3.223494663222073e+04  5.380559539538184e+04  6.697364974669689e-03  -2.328725756371680e-02  -1.578786172433467e-02
  1.079999999999998e+01  2.088840355521919e+05  -1.798597993950299e+05  7.873640166227409e+03  1.960500695963069e+05  -5.978238436271118e+04  5.098203597355333e+04  -2.070043701251369e-03  -3.045395296340282e-02  -1.588392707810919e-02
  1.089999999999998e+01  2.797486721335951e+05  -2.407978356915743e+05  -9.823377365061039e+02  1.718428146707721e+05  -7.253494950535271e+04  1.985953155676099e+04  -1.112576044854038e-02  -3.710248323704577e-02  -1.351756575820440e-02
  1.099999999999998e+01  3.238379373988191e+05  -2.955192077406960e+05  1.327645232915446e+03  1.419099183714634e+05  -6.490522778439473e+04  -2.648847906650981e+04  -1.757584558196153e-02  -4.123650861698917e-02  -9.031767909552218e-03
  1.109999999999998e+01  3.276482794182353e+05  -3.265940923005876e+05  6.810429441985740e+03  1.150613601184724e+05  -3.692028917214741e+04  -6.632099159958457e+04  -1.930001788729613e-02  -4.133205991915716e-02  -2.728237031360495e-03
  1.119999999999998e+01  2.950840793946442e+05  -3.262862910450671e+05  4.034323950096764e+03  9.643163540585613e+04  1.191488984186727e+03  -8.532226633318306e+04  -1.690360279839986e-02  -3.719875659425579e-02  4.601222119899192e-03
  1.129999999999998e+01  2.457107438981437e+05  -2.906033506468215e+05  -1.178346762076387e+04  8.865279649757571e+04  3.762067776418578e+04  -7.985588209485268e+04  -1.151900400166651e-02  -2.903265739827378e-02  1.114273832977152e-02
  1.139999999999998e+01  1.949996897891780e+05  -2.303893430390819e+05  -3.663627277648777e+04  8.706959761278515e+04  6.137303923348634e+04  -6.026416551849484e+04  -5.007694991725820e-03  -1.878822046657858e-02  1.526503535700850e-02
  1.149999999999998e+01  1.533908187468933e+05  -1.660388928927279e+05  -6.411243137037610e+04  8.642004670650387e+04  6.639546165836546e+04  -4.207823541442027e+04  6.260785841729411e-04  -9.586101188098370e-03  1.547437958192753e-02
  1.159999999999997e+01  1.272838029889023e+05  -1.149330993667474e+05  -8.169773880631085e+04  8.345830650991289e+04  5.543627898721661e+04  -3.530275422537061e+04  4.325825658228341e-03  -3.563908907077460e-03  1.233485966512968e-02
  1.169999999999997e+01  1.178144467894138e+05  -8.946602062322908e+04  -7.988534851551891e+04  7.748976218426917e+04  3.427844016635723e+04  -4.186133524738309e+04  4.913595271196307e-03  -2.064014795640741e-03  7.787906832059122e-03
  1.179999999999997e+01  1.232770269755819e+05  -8.902192143513942e+04  -5.802133425690680e+04  7.269940324542075e+04  1.222156970506802e+04  -5.299529041729305e+04  3.197139995097036e-03  -4.054534049169555e-03  3.907290845834999e-03
  1.189999999999997e+01  1.350044962268661e+05  -1.044274888052709e+05  -2.374560977017569e+04  7.238536248705143e+04  -3.011966414660435e+03  -6.023122433084824e+04  5.504125965946862e-04  -7.765573276731626e-03  2.400142739156920e-03
  1.199999999999997e+01  1.446216414252692e+05  -1.213566222371156e+05  8.900159332236168e+03  7.703634121279146e+04  -6.736919373014837e+03  -6.162277845143758e+04  -1.833466046071853e-03  -1.110982210012369e-02  3.347620725392348e-03
  1.209999999999997e+01  1.473177919739398e+05  -1.266110397042056e+05  2.867391170709630e+04  8.269646458866898e+04  1.585483128655928e+03  -6.186507243380773e+04  -3.431919871940861e-03  -1.243111287479281e-02  5.892066529427039e-03
  1.219999999999997e+01  1.438088053892823e+05  -1.157492576555276e+05  3.088074534197085e+04  8.361675610660863e+04  1.682392916670537e+04  -6.778142047101478e+04  -4.951946233816053e-03  -1.175279134892357e-02  8.495216581089897e-03
  1.229999999999997e+01  1.386245365372389e+05  -9.273438692234606e+04  1.879530004680917e+04  7.619616593199127e+04  3.172544961258409e+04  -8.184653769272332e+04  -6.811284107607610e-03  -9.516370078010804e-03  9.782246864693261e-03
  1.239999999999997e+01  1.372701865546008e+05  -6.520397810082727e+04  2.994051309476681e+03  6.183729946027633e+04  3.980472932212754e+04  -1.007515289786892e+05  -9.056295414262602e-03  -6.896452932449369e-03  9.407994008968711e-03
  1.249999999999997e+01  1.427002834952386e+05  -4.132623090652049e+04  -7.394920098525418e+03  4.537815123060982e+04  3.911362671628096e+04  -1.167444680774926e+05  -1.104348552600206e-02  -4.620542827669007e-03  7.755490592025203e-03
  1.259999999999997e+01  1.533451324861327e+05  -2.387325222759327e+04  -7.938671854578204e+03  3.143912794511488e+04  3.217072795110129e+04  -1.223992983785501e+05  -1.206237448197636e-02  -2.793784164170118e-03  5.682380172524635e-03
  1.269999999999997e+01  1.669460606453059e+05  -9.129257199205425e+03  1.659525998038420e+03  2.202971985980385e+04  2.454619641239603e+04  -1.137582620353414e+05  -1.193370591355322e-02  -1.125917197271726e-03  3.793252981551745e-03
  1.279999999999997e+01  1.793754825813786e+05  7.230381355164708e+03  1.729838777590836e+04  1.492129523397622e+04  2.089652782004196e+04  -9.487684829534884e+04  -1.093949202609466e-02  1.112953784576074e-03  2.560874332833081e-03
  1.289999999999997e+01  1.860165789569101e+05  2.546169762550329e+04  3.391992313614715e+04  6.718288017311625e+03  2.274203937189965e+04  -7.524457580944477e+04  -9.493524019226991e-03  4.095527384622467e-03  2.497162536320928e-03
  1.299999999999997e+01  1.841246850083873e+05  4.138084248017640e+04  4.720328493057626e+04  -5.107706656263338e+03  2.858636069101876e+04  -6.405319269429029e+04  -7.968748221392628e-03  7.523637964142142e-03  3.618142096267914e-03
  1.309999999999997e+01  1.750900823814894e+05  5.167519566481421e+04  5.684213796260621e+04  -2.084267231288072e+04  3.421254852789953e+04  -6.601033701200450e+04  -6.820963780875021e-03  1.087845085953847e-02  5.448317951857949e-03
  1.319999999999997e+01  1.650427560487556e+05  5.872709581968259e+04  6.698251679573512e+04  -3.749176566313604e+04  3.692334746012426e+04  -7.775010486587550e+04  -6.380957683019110e-03  1.368036458008039e-02  6.992786834360581e-03
  1.329999999999997e+01  1.587570179682455e+05  6.513554407768594e+04  7.993754637165026e+04  -5.079981062366610e+04  3.647638964781325e+04  -9.166233123128812e+04  -6.756210229299890e-03  1.545276096146182e-02  7.528305237256346e-03
  1.339999999999997e+01  1.550338020615336e+05  6.892930722576821e+04  9.280710980992277e+04  -5.714975541936862e+04  3.547863961212002e+04  -9.964173106051439e+04  -7.610599763200092e-03  1.573044158899726e-02  7.047573098053632e-03
  1.349999999999997e+01  1.499271294359998e+05  6.774005765280295e+04  9.982910707824283e+04  -5.468427625819681e+04  3.763219436304017e+04  -9.650675360052851e+04  -8.588099003491322e-03  1.410701934750397e-02  5.777397075425936e-03
  1.359999999999997e+01  1.419239605182329e+05  5.871245920884701e+04  9.836775954004419e+04  -4.541252651738958e+04  4.340810668668390e+04  -8.209910638063922e+04  -9.553074326632520e-03  1.078258580310653e-02  4.277653333643273e-03
  1.369999999999997e+01  1.338236724358916e+05  4.522169027319920e+04  9.186305853435212e+04  -3.318703454056680e+04  5.088056595547538e+04  -5.968017138149191e+04  -1.048901929875863e-02  6.776802629642553e-03  2.815876510389589e-03
  1.379999999999997e+01  1.289740862340050e+05  3.255997034860910e+04  8.576102267769043e+04  -2.113614398070933e+04  5.653058902093513e+04  -3.451654645150886e+04  -1.119983903886526e-02  3.334244490758494e-03  1.481017588881172e-03
  1.389999999999997e+01  1.264147229052959e+05  2.198821237978141e+04  8.219747560256516e+04  -1.042058807990752e+04  5.752586789093892e+04  -1.200645568617768e+04  -1.108451790896636e-02  1.401443576809323e-03  3.089228171779944e-04
  1.399999999999997e+01  1.233408141475548e+05  1.600375707690247e+04  7.994196122678836e+04  4.360603548549195e+02  5.390039613561290e+04  3.871061600006535e+03  -9.728441429315395e-03  9.434364023043023e-04  -9.496698232509962e-04
  1.409999999999997e+01  1.186718488788293e+05  1.484692610207606e+04  7.705240988296336e+04  1.213982741299663e+04  4.734480195304327e+04  1.153086783516062e+04  -7.248360065752081e-03  1.568309414003600e-03  -2.250898466544063e-03
  1.419999999999997e+01  1.132618306865953e+05  2.061138203957454e+04  7.308080602519754e+04  2.412719908914227e+04  4.144691959003849e+04  1.231795330301135e+04  -4.371948979875491e-03  2.848435414805444e-03  -3.555268352278896e-03
  1.429999999999997e+01  1.071767063744020e+05  3.325666087614194e+04  6.832642730876265e+04  3.473905304766019e+04  3.939667933965768e+04  9.216694180676392e+03  -1.841717541455780e-03  4.384099325181397e-03  -4.696504954827176e-03
  1.439999999999996e+01  9.880545591556626e+04  4.730601380336541e+04  6.255185028164735e+04  4.198144240388209e+04  4.266236823064943e+04  5.851041400761711e+03  1.747595827659704e-04  5.863115610501014e-03  -5.591783400188128e-03
  1.449999999999996e+01  8.768295343784611e+04  5.831271001538725e+04  5.650390081203556e+04  4.500159897928162e+04  5.076438169745643e+04  4.543339593088886e+03  1.813811633658059e-03  6.962261951644771e-03  -6.382618250675843e-03
  1.459999999999996e+01  7.681723429307368e+04  6.309841453382662e+04  5.175552537401680e+04  4.398567195972046e+04  6.101790029998703e+04  5.489512462311032e+03  3.261906987330648e-03  7.653680189490350e-03  -7.109542361870383e-03
  1.469999999999996e+01  7.205382541732583e+04  6.289006959038160e+04  5.032978924271765e+04  4.088488822108148e+04  7.074758391324653e+04  6.952625731480521e+03  4.483725017095410e-03  7.873300027312744e-03  -7.593827661853205e-03
  1.479999999999996e+01  7.678297192762449e+04  5.923994832303898e+04  5.171759855584533e+04  3.815046033154260e+04  7.832558546457793e+04  5.984085588271952e+03  5.388980156612594e-03  7.412769434750380e-03  -7.363723935586169e-03
  1.489999999999996e+01  9.101449272245400e+04  5.224665964146733e+04  5.326289594922996e+04  3.786730453440754e+04  8.348325653771524e+04  7.044706966505732e+02  5.927054187822784e-03  5.948243262678358e-03  -6.024157468940424e-03
  1.499999999999996e+01  1.115180101661608e+05  4.252281524971801e+04  5.218143416397215e+04  4.049108453270123e+04  8.697629191330666e+04  -8.519860308022757e+03  5.986432512465755e-03  3.513085471642016e-03  -3.733137536621721e-03
  1.509999999999996e+01  1.338703107113189e+05  2.972395803832938e+04  4.701879791130874e+04  4.467664854518910e+04  8.901929716359133e+04  -1.937959477340603e+04  5.452196851281946e-03  4.754555004751225e-04  -1.097075383874840e-03
  1.519999999999996e+01  1.549225246843084e+05  1.447823749077577e+04  3.888436576702198e+04  4.890152830361719e+04  8.904397388856958e+04  -2.895514595436976e+04  4.319645694492151e-03  -2.575957614568799e-03  1.186842546311779e-03
  1.529999999999996e+01  1.710962550657975e+05  -3.336938819514601e+03  2.961268489385005e+04  5.146057625128340e+04  8.665103445477628e+04  -3.530964375918249e+04  2.900725600671860e-03  -5.075426239818226e-03  2.640343859280575e-03
  1.539999999999996e+01  1.813406544711306e+05  -2.171152751091865e+04  2.259417909494888e+04  5.215716494621394e+04  8.163902163466778e+04  -3.859929926631308e+04  1.646904526722387e-03  -6.628998938468311e-03  3.343222056514060e-03
  1.549999999999996e+01  1.854279016907167e+05  -3.686466776055512e+04  2.124950482642331e+04  5.160025484625030e+04  7.545782664285881e+04  -3.972632443760774e+04  1.064394956693779e-03  -6.898666530483798e-03  3.495615021183905e-03
  1.559999999999996e+01  1.844524224048340e+05  -4.572946598291048e+04  2.714953407865364e+04  5.113929041459533e+04  6.976013087456320e+04  -3.983588486679066e+04  1.447184021823404e-03  -6.122354933234537e-03  3.318691429137538e-03
  1.569999999999996e+01  1.809022102664113e+05  -4.670336832067100e+04  3.874972057048473e+04  5.244471600509244e+04  6.549761838740973e+04  -3.904393535317152e+04  2.901588050804223e-03  -4.782971711779426e-03  2.846404055513468e-03
  1.579999999999996e+01  1.762491551963597e+05  -4.175974659217357e+04  5.085673755790982e+04  5.586150502840127e+04  6.240532353372131e+04  -3.695388314240785e+04  5.249338700962823e-03  -3.553762342742228e-03  1.892217755698083e-03
  1.589999999999996e+01  1.723935549872934e+05  -3.348852758452745e+04  5.831920907682712e+04  6.102202760385702e+04  5.909152162089750e+04  -3.367285531309159e+04  8.000359371267073e-03  -2.847448371844581e-03  4.323992619687302e-04
  1.599999999999996e+01  1.691743730957091e+05  -2.520986502239432e+04  5.948819462344628e+04  6.596418772469650e+04  5.529190902507790e+04  -2.963710683422814e+04  1.053634707647737e-02  -2.645058167949167e-03  -1.264590198077785e-03
  1.609999999999996e+01  1.655622768125448e+05  -1.904917256176980e+04  5.634270782657345e+04  6.903535552453149e+04  5.171169726809055e+04  -2.580625178844935e+04  1.218060977986135e-02  -2.750586151431326e-03  -2.738371720280500e-03
  1.619999999999996e+01  1.604866962693757e+05  -1.591113540320872e+04  5.219337750474900e+04  6.967352156764091e+04  4.972556527517612e+04  -2.230793114371209e+04  1.259621152277197e-02  -2.852470594565842e-03  -3.659074228771727e-03
  1.629999999999996e+01  1.543203071322037e+05  -1.544257833156588e+04  4.864821091963180e+04  6.867027081171917e+04  4.978753549111691e+04  -1.857940658659296e+04  1.181984182668376e-02  -2.800412992858156e-03  -4.009869207165948e-03
  1.639999999999996e+01  1.487467504358635e+05  -1.638549272635252e+04  4.428947779481206e+04  6.762242474125246e+04  5.072180652367227e+04  -1.393359228525341e+04  1.023794607001158e-02  -2.522282466010974e-03  -4.103957074927018e-03
  1.649999999999996e+01  1.457309257202220e+05  -1.758015965007933e+04  3.687788513727091e+04  6.741568506289298e+04  5.071392486236719e+04  -8.479020181868682e+03  8.334405217346002e-03  -2.043393915457475e-03  -4.258152601830685e-03
  1.659999999999997e+01  1.463089728798451e+05  -1.809052654785671e+04  2.549128760587647e+04  6.800752845898877e+04  4.865109736051129e+04  -3.331771380716257e+03  6.527510370518555e-03  -1.411858134676642e-03  -4.542748575419124e-03
  1.669999999999997e+01  1.498031836068119e+05  -1.807152641747812e+04  1.093897057441361e+04  6.836946025207288e+04  4.448950809221852e+04  -2.421801738303502e+02  5.046316066426470e-03  -8.043998740129023e-04  -4.842016235228682e-03
  1.679999999999997e+01  1.560386821999832e+05  -1.715246370032097e+04  -4.032615238425937e+03  6.760790397274663e+04  3.931502958680532e+04  -1.660599433208475e+02  3.964448737362944e-03  -3.595716166357977e-04  -4.969715988443348e-03
  1.689999999999997e+01  1.641460721775065e+05  -1.560730501916690e+04  -1.697805591024201e+04  6.502379550399000e+04  3.433292023405341e+04  -3.140817845701324e+03  3.211257921532521e-03  -1.529386185432483e-04  -4.812564736564559e-03
  1.699999999999997e+01  1.732774452589240e+05  -1.376631675520210e+04  -2.654723441742147e+04  6.056519131761661e+04  3.056716437078424e+04  -8.208494353627040e+03  2.614989635816804e-03  -1.338732082943010e-04  -4.393097142496587e-03
  1.709999999999997e+01  1.810798348126942e+05  -1.285776126561679e+04  -3.249388553490237e+04  5.456817857124453e+04  2.842960488719785e+04  -1.412336658692338e+04  1.998872634794163e-03  -2.112029029664850e-04  -3.749586410266498e-03
  1.719999999999997e+01  1.849338805489148e+05  -1.370532963249393e+04  -3.452008754711540e+04  4.797638262310434e+04  2.794209464490527e+04  -1.953425347013068e+04  1.281540263301445e-03  -2.763314767571650e-04  -2.956171476467144e-03
  1.729999999999998e+01  1.831152065865280e+05  -1.658468656789346e+04  -3.232015602697737e+04  4.205064422880277e+04  2.837016116334583e+04  -2.398644127192761e+04  3.802555978725844e-04  -3.119799230914411e-04  -2.134811580822796e-03
  1.739999999999998e+01  1.766838163531808e+05  -2.033907047883187e+04  -2.541446161920542e+04  3.792866879452978e+04  2.896896339515903e+04  -2.760296250815532e+04  -7.508150208713052e-04  -3.016852654558269e-04  -1.406804187921341e-03
  1.749999999999998e+01  1.689554913601885e+05  -2.337482510359774e+04  -1.438058147598554e+04  3.613720993993872e+04  2.899170262689729e+04  -3.096830403819667e+04  -2.175443949434957e-03  -2.443897065266196e-04  -8.172084728479872e-04
  1.759999999999998e+01  1.634485010333323e+05  -2.511803530592962e+04  -1.127475702119180e+03  3.643678965692156e+04  2.831276162318379e+04  -3.422769673667025e+04  -3.834289510088200e-03  -1.343385498509863e-04  -3.207525527852556e-04
  1.769999999999998e+01  1.613925959233249e+05  -2.634790097996725e+04  1.173195630291069e+04  3.825454736522888e+04  2.751791551239516e+04  -3.695139247199878e+04  -5.473562406873297e-03  -2.017444761527088e-05  2.089818237071299e-04
  1.779999999999998e+01  1.614310872112684e+05  -2.855100617787060e+04  2.179678987459321e+04  4.119719317958192e+04  2.742837181007581e+04  -3.834523437502961e+04  -6.714728462790913e-03  5.194627278852164e-05  8.290595554032399e-04
  1.789999999999998e+01  1.611413626297062e+05  -3.209620417577653e+04  2.879499506677481e+04  4.461567612055287e+04  2.866860787536882e+04  -3.800343434166531e+04  -7.269737065249437e-03  7.474752686065314e-05  1.547357238991987e-03
  1.799999999999999e+01  1.596252835026329e+05  -3.524655855927223e+04  3.381260395395532e+04  4.779379975261408e+04  3.089736173831146e+04  -3.631168221836732e+04  -7.171494193453325e-03  1.186675324481143e-04  2.222816436399488e-03
  1.809999999999999e+01  1.576739973494259e+05  -3.592251376305326e+04  3.776815159195083e+04  4.987414095671084e+04  3.302512602768595e+04  -3.421611081613931e+04  -6.669461945009465e-03  2.488895621278073e-04  2.679624573379750e-03
  1.819999999999999e+01  1.563649716359524e+05  -3.346632787124472e+04  4.003943509309655e+04  5.026921681772752e+04  3.393672837559686e+04  -3.282537395057121e+04  -6.077277719508918e-03  4.086301524697905e-04  2.825378818199343e-03
  1.829999999999999e+01  1.563424952268027e+05  -2.867747162508983e+04  3.871268954822173e+04  4.932116712191468e+04  3.326185023416266e+04  -3.242738617801006e+04  -5.541908520966642e-03  5.218860157510671e-04  2.673067623852625e-03
  1.839999999999999e+01  1.569850334330078e+05  -2.313751888801404e+04  3.268867456943456e+04  4.758968976286434e+04  3.161938099260681e+04  -3.250781960089416e+04  -5.107017427968305e-03  5.978733714203605e-04  2.317980329217718e-03
  1.849999999999999e+01  1.571317479404732e+05  -1.773304524825323e+04  2.341127524906132e+04  4.570941289311597e+04  3.010449733727850e+04  -3.199142771651860e+04  -4.781984641715495e-03  7.160867758297428e-04  1.802864234333237e-03
  1.859999999999999e+01  1.557692669893187e+05  -1.259141847682900e+04  1.445238685806404e+04  4.398161997307915e+04  2.967102055356945e+04  -2.995537037994080e+04  -4.525620178644206e-03  1.012092019410514e-03  1.123290724907129e-03
  1.870000000000000e+01  1.517489988747063e+05  -8.157242649855415e+03  9.293105384025543e+03  4.206893007333066e+04  3.091302540038208e+04  -2.614845685093811e+04  -4.289166979543743e-03  1.502186288243760e-03  2.786703409554405e-04
  1.880000000000000e+01  1.451214508810478e+05  -4.546372746585946e+03  9.456445501450431e+03  3.971111566267571e+04  3.395893110793996e+04  -2.094915373298737e+04  -3.987296904876645e-03  2.123980691346704e-03  -6.012902202263426e-04
  1.890000000000000e+01  1.366553554279311e+05  -1.895885882831617e+03  1.362548191983307e+04  3.656165971083534e+04  3.859228901149250e+04  -1.517140277781896e+04  -3.590773585530222e-03  2.838020706233557e-03  -1.334870492117031e-03
  1.900000000000000e+01  1.279975300289943e+05  1.617663950782543e+02  1.938375587039569e+04  3.274626528012336e+04  4.403210389031337e+04  -9.909898053793915e+03  -3.150999771555196e-03  3.519956740615442e-03  -1.737037247087479e-03
  1.910000000000000e+01  1.211676068129163e+05  2.033073364712406e+03  2.487771262739509e+04  2.874771389525606e+04  4.931053790352716e+04  -6.197304029424427e+03  -2.709475744231966e-03  4.087769721150096e-03  -1.755860796158465e-03
  1.920000000000000e+01  1.175009071686068e+05  3.592859024006261e+03  2.971767455787597e+04  2.516116608183855e+04  5.349930236981375e+04  -5.008649308578113e+03  -2.306706356143731e-03  4.375011560824057e-03  -1.447137574910438e-03
  1.930000000000000e+01  1.177546575230419e+05  4.207838636291864e+03  3.460375661152442e+04  2.249652579763364e+04  5.621050109271942e+04  -6.584499547631972e+03  -1.930368497227671e-03  4.288768488489060e-03  -9.348155222764050e-04
  1.940000000000001e+01  1.213178171860685e+05  2.734349327674433e+03  3.994790739306159e+04  2.057905549408654e+04  5.769633761052870e+04  -1.049146263411911e+04  -1.585786938691290e-03  3.811067706536571e-03  -3.471598674795994e-04
  1.950000000000001e+01  1.270913779981251e+05  -1.157468154725202e+03  4.515904596624826e+04  1.910451451251449e+04  5.850033736457482e+04  -1.571775631463488e+04  -1.294512910857507e-03  3.003331249650909e-03  2.176406768627357e-04
  1.960000000000001e+01  1.333573091022590e+05  -7.238503360419266e+03  4.887996532748822e+04  1.764763490618355e+04  5.942200951207318e+04  -2.101388238566199e+04  -1.024587271975094e-03  2.022899265463557e-03  7.016706592810931e-04
  1.970000000000001e+01  1.386776135651262e+05  -1.392543761832808e+04  4.987675092613686e+04  1.646495211497091e+04  6.098493579608905e+04  -2.572453574875337e+04  -7.153864137787398e-04  9.971011139437006e-04  1.132381730029527e-03
  1.980000000000001e+01  1.421840934775532e+05  -1.916903948392422e+04  4.771384227643487e+04  1.650678031960860e+04  6.351519668888170e+04  -2.948179485683088e+04  -2.240959691550934e-04  1.034528908735211e-04  1.537484670682776e-03
  1.990000000000001e+01  1.431268504707759e+05  -2.143129300406517e+04  4.310308115579802e+04  1.880272251675887e+04  6.684373635053486e+04  -3.240822954128066e+04  5.518691791949759e-04  -5.898261532282715e-04  1.956364505928958e-03
