TITLE = "Temporal Signal for receiver number 01872"
VARIABLES = "Time","xx","yy","zz","xy","yz","xz","u","v","w"
# x1       3.660946160000e+05
# x2       4.745184950000e+06
# x3       -3.000000000000e+03
  0.000000000000000e+00  0.000000000000000e+00  0.000000000000000e+00  0.000000000000000e+00  0.000000000000000e+00  0.000000000000000e+00  0.000000000000000e+00  0.000000000000000e+00  0.000000000000000e+00  0.000000000000000e+00
  1.000000000000000e-01  0.000000000000000e+00  0.000000000000000e+00  0.000000000000000e+00  0.000000000000000e+00  0.000000000000000e+00  0.000000000000000e+00  0.000000000000000e+00  0.000000000000000e+00  0.000000000000000e+00
  2.000000000000000e-01  0.000000000000000e+00  0.000000000000000e+00  0.000000000000000e+00  0.000000000000000e+00  0.000000000000000e+00  0.000000000000000e+00  0.000000000000000e+00  0.000000000000000e+00  0.000000000000000e+00
  3.000000000000000e-01  0.000000000000000e+00  0.000000000000000e+00  0.000000000000000e+00  0.000000000000000e+00  0.000000000000000e+00  0.000000000000000e+00  0.000000000000000e+00  0.000000000000000e+00  0.000000000000000e+00
  4.000000000000000e-01  -2.417311185014353e-46  -4.165287827121522e-47  -1.306729277571417e-46  -5.189343712997401e-47  -2.828534609646197e-47  -1.422302559092063e-46  1.874798169533114e-53  4.945279343250447e-54  1.866100048895519e-53
  5.000000000000000e-01  4.817225705013503e-30  9.992881218075810e-30  2.720779930292981e-30  3.540702279077091e-30  -2.121632916952652e-30  -2.056871719045504e-30  -5.378977783966876e-37  -8.494801018048331e-37  1.245882466700311e-37
  6.000000000000000e-01  -6.896861667610864e-25  -1.501340334090999e-24  -6.168790207552800e-25  -5.192760572181512e-25  4.010133333116324e-25  2.584982338889460e-25  7.134052973816430e-32  1.265430247660857e-31  -3.438038594612262e-32
  7.000000000000000e-01  1.795589457159689e-22  -6.509483892381462e-22  -2.900871964031541e-23  -1.103814283665912e-22  1.201141728728105e-22  5.481253441236124e-23  -7.301262171225825e-30  5.056730857895400e-29  -7.386909353638266e-30
  7.999999999999999e-01  -9.543702252018034e-20  1.811997359209415e-20  -6.977740669345240e-20  -6.200801118784374e-20  -3.989214377357322e-21  -5.340495939012710e-20  7.243237847723368e-27  7.124209535035630e-27  -3.222515534136003e-28
  8.999999999999999e-01  1.248741217624374e-18  -1.314003355793660e-17  -1.524909430174103e-18  1.090111233809401e-18  2.481608530079763e-18  3.738878233636665e-18  -1.243881230826499e-25  3.435783639079024e-25  -5.240037162509656e-25
  9.999999999999999e-01  -3.716952267565110e-16  -2.903510782246144e-16  -1.562398315666511e-16  -2.213052242117504e-16  9.625410280690314e-17  7.716428464143312e-17  3.444783344115514e-23  3.277373069269271e-23  2.517345049249218e-23
  1.100000000000000e+00  1.007937838949373e-14  1.433175477203163e-14  7.014062912623042e-15  4.295844876279567e-15  -1.605056271549687e-15  -6.675032590088634e-16  -8.098312473001559e-22  -1.234355772526381e-21  1.059203168054636e-22
  1.200000000000000e+00  2.735107722605491e-14  4.571278503111554e-14  1.537728904590453e-14  1.451507001466557e-14  2.970610937473534e-15  2.127727603866242e-15  -2.196919245536320e-21  -4.900163101552353e-21  -1.752247160837626e-22
  1.300000000000000e+00  -2.895296703925434e-13  -4.705196437750832e-13  7.635844906807451e-15  -3.020738501660274e-13  1.050249315213740e-13  1.284134596715399e-13  3.093274561447252e-20  5.666075130685722e-20  -7.013985016539582e-21
  1.400000000000000e+00  8.261669256383912e-12  6.801357679830031e-12  7.228703362167530e-12  2.604274154924422e-12  -8.990409741159542e-13  5.782832273574588e-13  -5.505126273388592e-19  -4.868828627736764e-19  -2.529713224192653e-19
  1.500000000000000e+00  1.312154113137523e-10  1.342812857444892e-10  9.208552885131012e-11  5.680278848806957e-11  -1.679219494828276e-11  6.466130619045452e-12  -9.123984741139993e-18  -1.178622012527706e-17  -6.367662212782492e-19
  1.600000000000000e+00  8.589515188668541e-10  7.449622867609210e-10  5.539355969780553e-10  3.654271828595488e-10  -3.890494098226380e-11  6.783643669454416e-11  -5.931412285160961e-17  -7.324583718034028e-17  -8.662827296232800e-18
  1.700000000000000e+00  3.119713798169663e-09  1.975394287859609e-09  1.717326060370379e-09  1.413490478186755e-09  -1.327963038946104e-10  8.745045106817835e-11  -2.681450555343277e-16  -2.147805077699577e-16  -6.511343839615924e-17
  1.800000000000000e+00  1.793237473218694e-08  1.824602003021042e-08  1.101501199540609e-08  8.315958973555257e-09  -2.149845574188630e-09  -6.163081045368668e-10  -1.557101073269764e-15  -1.825038442013456e-15  -4.162392091646686e-16
  1.900000000000001e+00  6.326263564735848e-08  2.994941228919905e-08  5.204001231518046e-08  4.442850314614987e-09  2.466733321375494e-09  1.245170776976048e-08  -3.377593571358957e-15  -2.335996688005411e-15  -1.980452850114956e-15
  2.000000000000000e+00  5.257047260556835e-08  -8.256025315830862e-08  8.973785992327512e-08  -1.331124236879937e-08  3.075474085648653e-08  6.563897139378415e-08  -7.101807401698276e-17  1.346925982254560e-14  -9.334565983951276e-15
  2.100000000000001e+00  4.751575625930028e-07  7.614344379893598e-07  3.057339874189872e-07  3.350592046242143e-07  -1.325890698163647e-07  9.869593877401328e-08  -4.692104746772797e-14  -6.044291101292802e-14  1.906464572150693e-15
  2.200000000000001e+00  -8.350390472408268e-07  -2.110647924756527e-06  -4.356378571893913e-07  -1.485795177520136e-06  -3.012981152335763e-07  -2.211874487314004e-07  5.891659631426119e-14  1.516104431687845e-13  1.075946325853132e-13
  2.300000000000001e+00  -7.424611312938919e-06  -4.325104777128498e-06  -2.691910398491352e-06  -2.126476847842047e-06  4.744273019063835e-07  -1.261463324405222e-06  6.101404416795312e-13  5.035546060625455e-13  1.893442617795789e-13
  2.400000000000001e+00  3.255777147395746e-06  1.247934337833568e-05  -2.620360538608449e-06  5.804184345749868e-06  -9.886153113653947e-08  -2.700605832405254e-06  -6.620517693198642e-13  -8.298016697749807e-13  3.441482587157017e-13
  2.500000000000001e+00  -3.681550186532890e-05  -5.454889247737832e-05  -2.253910471816258e-05  -2.495423463748548e-05  -9.036392456081633e-06  1.363464639388753e-05  3.469102385648691e-12  1.962854189432319e-12  -1.060588286042917e-12
  2.600000000000001e+00  2.834334142939062e-04  2.813375671075204e-04  1.730590062562589e-04  1.344056701717222e-04  2.189912659027868e-05  -5.119367695242721e-05  -2.371275097395374e-11  -1.964785959693775e-11  -2.055859266350551e-12
  2.700000000000001e+00  -1.059857811930620e-03  -9.076774669310826e-04  -4.680351301587454e-04  -5.072327372320881e-04  2.284918417190345e-05  1.528531534124201e-04  9.859050496768621e-11  8.084662347306057e-11  3.337138163559846e-12
  2.800000000000001e+00  2.358697380171913e-03  1.922609378105774e-03  6.723591882564851e-04  1.360673919548674e-03  -1.198356558868090e-04  -2.638382641061035e-04  -2.373464120173025e-10  -1.875847841476788e-10  -2.104805793496025e-12
  2.900000000000001e+00  -3.545158582200995e-03  -3.183738857678636e-03  -8.034131210326159e-04  -2.445664420046181e-03  3.962744475524771e-04  6.905722649448341e-04  3.671012113048620e-10  3.030760537295078e-10  -4.735545485607761e-11
  3.000000000000001e+00  4.135634500196539e-03  5.497368495560879e-03  1.292675625720321e-03  3.360561760693034e-03  -1.165163719037350e-03  -2.093210445041798e-03  -4.131758065767445e-10  -4.251252087067194e-10  2.268916904800232e-10
  3.100000000000001e+00  -5.767325443866799e-03  -1.041265685909664e-02  -4.171420715508890e-03  -3.420920794057302e-03  3.093520405885883e-03  4.046203736936191e-03  4.440330857053360e-10  6.761872037272001e-10  -6.216346628651721e-10
  3.200000000000002e+00  8.629343578290960e-03  1.766470840615879e-02  1.031468325085752e-02  1.333863455639598e-04  -7.578881060329090e-03  -3.813530665073383e-03  -1.283450644131344e-10  -1.049244407546142e-09  1.067177863944643e-09
  3.300000000000002e+00  -1.524903539743708e-02  -2.322151990679934e-02  -2.231681563426906e-02  7.887964406244619e-03  1.413676672454216e-02  -7.781330864532146e-03  -1.434758650450193e-09  1.370831774289980e-09  -1.445921234516135e-09
  3.400000000000002e+00  7.696377832806968e-02  7.544654228963939e-02  7.443040706582070e-02  2.276368278389499e-04  -5.584615442585655e-03  4.484705212965100e-02  1.197806756093985e-09  -6.260498036731672e-09  -1.249405249289282e-09
  3.500000000000002e+00  -3.426489178299729e-01  -3.521147148422518e-01  -2.665240851024817e-01  -1.455469878719230e-01  -7.424578297918907e-02  -1.256574546505415e-01  1.642911321480160e-08  3.032977897134909e-08  1.281746236902418e-08
  3.600000000000002e+00  1.068421574543552e+00  1.221937338055160e+00  8.343367782059060e-01  5.715186629586215e-01  3.941170659789203e-01  3.294095339025864e-01  -8.752322217229170e-08  -1.057525045452922e-07  -5.808538599706182e-08
  3.700000000000002e+00  -9.118447013082360e-01  -2.176948023257307e+00  -1.666898906900191e+00  -6.173639419767173e-01  -9.093530474420954e-01  -3.845067530759045e-01  1.426016598538507e-07  1.269453474727323e-07  1.104832378738447e-07
  3.800000000000002e+00  8.296081153726190e-01  -3.910732908046383e-01  6.561140477586173e-01  7.579442918740536e-03  4.172671251370672e-01  -7.402261065115868e-01  -2.507834388928177e-08  -3.346045860255803e-09  1.344276199948342e-08
  3.900000000000002e+00  6.173898096870759e+00  6.865054885301455e+00  5.480637362339309e+00  2.989323660338633e+00  1.924472402054321e+00  9.512024509881195e-01  -5.529809370434346e-07  -5.900058311369516e-07  -3.575292098343158e-07
  4.000000000000002e+00  -2.752196830350635e+01  -3.322836878506310e+01  -2.572281368709914e+01  -1.259613579829738e+01  -1.134069406223223e+01  -6.105704699058973e+00  2.228849547076532e-06  2.978287163153765e-06  1.896592042815643e-06
  4.100000000000001e+00  -7.903577676131856e+01  -1.015495211120930e+02  -8.079362318658201e+01  -3.707574703880974e+01  -3.638292579154369e+01  -2.480164157043457e+01  6.284417606913158e-06  8.865286503277692e-06  6.619684156581783e-06
  4.200000000000001e+00  -1.256000371841295e+02  -1.758860023489843e+02  -1.326593454011745e+02  -6.167327883092261e+01  -6.304632410637265e+01  -4.552556272823614e+01  1.006238384201001e-05  1.492843868506733e-05  1.073278790012384e-05
  4.300000000000001e+00  -2.389069438600756e+02  -3.363286485341251e+02  -2.026897843077425e+02  -1.300413590300501e+02  -9.234839073346386e+01  -6.204292871213104e+01  2.062860632725638e-05  2.919013584820006e-05  1.371235823654686e-05
  4.400000000000000e+00  -3.624178670196914e+02  -5.205687941136880e+02  -2.542454996233636e+02  -2.173744464406331e+02  -1.171702118867328e+02  -7.517491329134975e+01  3.254029150686675e-05  4.626251827801501e-05  1.572555171923893e-05
  4.500000000000000e+00  -3.561000288307177e+02  -5.732131542834699e+02  -2.354625637983623e+02  -2.409556232674076e+02  -1.417621273751205e+02  -9.379011088941857e+01  3.335339383787319e-05  5.046143841764713e-05  1.703746873820000e-05
  4.600000000000000e+00  -2.957577361973478e+02  -5.672747482129038e+02  -1.875728266101033e+02  -2.415162803578465e+02  -1.723835917119957e+02  -1.224553561095531e+02  3.051407151545542e-05  4.981831879938843e-05  2.008062369035188e-05
  4.699999999999999e+00  -5.001410856645449e+02  -8.925141838957676e+02  -3.633473618308695e+02  -3.656786849746119e+02  -2.740055026435380e+02  -1.802011655532968e+02  5.060206675098907e-05  7.828177966152800e-05  3.416507654377504e-05
  4.799999999999999e+00  -1.489814037534990e+03  -2.157302786783604e+03  -1.176818420922474e+03  -8.810332700320396e+02  -6.052150078687534e+02  -4.260217075672867e+02  1.352348453542022e-04  1.906810776427359e-04  9.367945141842054e-05
  4.899999999999999e+00  -3.312214937307294e+03  -4.568990503573779e+03  -2.802940387736679e+03  -1.832514386692226e+03  -1.333678230832012e+03  -9.553367662613456e+02  2.858865253246858e-04  4.013112726308584e-04  2.205802420814128e-04
  4.999999999999998e+00  -6.744060797381464e+03  -9.056486217616030e+03  -5.929597605644067e+03  -3.591454504260131e+03  -2.787207393415869e+03  -2.028582671747966e+03  5.761230003662244e-04  7.876171559066083e-04  4.615164603405227e-04
  5.099999999999998e+00  -1.296423713235562e+04  -1.715560640967693e+04  -1.104745740359342e+04  -6.929729081360072e+03  -5.182328089438718e+03  -3.845834117957739e+03  1.112083002004315e-03  1.498499166850679e-03  8.445782544789547e-04
  5.199999999999998e+00  -2.249667492332691e+04  -2.965110412353795e+04  -1.808052891794534e+04  -1.229265430565504e+04  -8.461259113994907e+03  -6.262733032865596e+03  1.951905873809202e-03  2.605148340738035e-03  1.329282640026079e-03
  5.299999999999997e+00  -3.569994466810035e+04  -4.727784865450951e+04  -2.701577895500646e+04  -2.012307866051109e+04  -1.291425657784439e+04  -9.591315612242090e+03  3.145530675582508e-03  4.175126867212968e-03  1.955380952227884e-03
  5.399999999999997e+00  -5.159321497210718e+04  -6.861262328152952e+04  -3.629604149819110e+04  -3.012736775172461e+04  -1.823214955971267e+04  -1.376813580614836e+04  4.615335253953389e-03  6.102128181420571e-03  2.664580314856872e-03
  5.499999999999996e+00  -6.741684138282911e+04  -9.033905560955433e+04  -4.383431924811683e+04  -4.114620308728064e+04  -2.386196208817936e+04  -1.812336068014745e+04  6.142187271046417e-03  8.107914679102676e-03  3.327426192783055e-03
  5.599999999999996e+00  -8.716613928168884e+04  -1.172126623430489e+05  -5.302294966497577e+04  -5.481602419199680e+04  -3.083416064595620e+04  -2.330225272967587e+04  8.086531274213863e-03  1.058523141050589e-02  4.116776598771839e-03
  5.699999999999996e+00  -1.154906092789647e+05  -1.541587191324953e+05  -6.551308511447476e+04  -7.410276680687373e+04  -3.916795397851588e+04  -3.000419514844972e+04  1.086201165957036e-02  1.403220179941508e-02  5.174277285076681e-03
  5.799999999999995e+00  -1.430469837591969e+05  -1.914154854136520e+05  -7.449078377951458e+04  -9.501580701426766e+04  -4.675226898482859e+04  -3.618932992247038e+04  1.362479830043752e-02  1.753342626836704e-02  5.977030657919904e-03
  5.899999999999995e+00  -1.673233766743580e+05  -2.252178547992478e+05  -7.837508050703153e+04  -1.152609463835635e+05  -5.352901117711866e+04  -4.191430488212267e+04  1.617316839506969e-02  2.072583642727707e-02  6.484801641367878e-03
  5.999999999999995e+00  -1.967110843489804e+05  -2.626024427746676e+05  -8.223033757098313e+04  -1.395608087623503e+05  -6.125790421267145e+04  -4.773246731340796e+04  1.928873297010915e-02  2.438529178708375e-02  7.027048932550061e-03
  6.099999999999994e+00  -2.188094381537337e+05  -2.985390436373553e+05  -8.321176124477309e+04  -1.624038922606655e+05  -6.819869752541542e+04  -5.256854353466855e+04  2.184368075958563e-02  2.785946396103329e-02  7.292053797007684e-03
  6.199999999999994e+00  -2.344339336651970e+05  -3.278743658529163e+05  -7.058422150004213e+04  -1.844568102483420e+05  -6.936535266917016e+04  -5.274876066698202e+04  2.393971045161911e-02  3.074477968356845e-02  6.459918470146553e-03
  6.299999999999994e+00  -2.219648663478969e+05  -3.280689371080495e+05  -2.705133353029136e+04  -1.986671207275565e+05  -6.084392519909487e+04  -4.132891642224669e+04  2.370760464465551e-02  3.147899323343362e-02  3.505325303429056e-03
  6.399999999999993e+00  -1.485732053319744e+05  -2.772526085340454e+05  4.759842222270307e+04  -1.847822989973282e+05  -4.426115916338826e+04  -2.153884703173863e+04  1.811989707144381e-02  2.744388415014826e-02  -1.055033446875230e-03
  6.499999999999993e+00  -7.840029710768060e+04  -2.277163426751075e+05  1.106730848353084e+05  -1.673034814390759e+05  -2.698821284264316e+04  -7.169761004132989e+02  1.257159081502037e-02  2.312981383383450e-02  -5.176399677871195e-03
  6.599999999999993e+00  -6.222820515642186e+04  -2.241126450396387e+05  1.332012283957896e+05  -1.717485268294574e+05  -1.200313325961840e+04  1.884139010732292e+04  1.128675872258242e-02  2.271716190494785e-02  -7.609988060069991e-03
  6.699999999999992e+00  -5.986808545524854e+04  -2.384220448361442e+05  1.348574512214316e+05  -1.806574191258264e+05  1.111463254847287e+03  3.367852735491105e+04  1.083169797901544e-02  2.320457868648735e-02  -8.501147998872341e-03
  6.799999999999992e+00  -4.180246483999629e+04  -2.434850839249999e+05  1.362649742208179e+05  -1.807289776995560e+05  1.379772891608617e+04  4.436719730018288e+04  8.949232011532795e-03  2.233994941301769e-02  -9.407395732077361e-03
  6.899999999999991e+00  -1.895438047239777e+04  -2.413591383935340e+05  1.405058657865134e+05  -1.781374345526769e+05  2.688915993290420e+04  5.509306915270451e+04  6.717952340678184e-03  2.094388651896229e-02  -1.148095508238879e-02
  6.999999999999991e+00  -1.482362285618744e+04  -2.527302049407210e+05  1.391092042741225e+05  -1.844508708763027e+05  3.774012043757929e+04  6.438544887738525e+04  6.095047821606297e-03  2.100388548945382e-02  -1.357352384639724e-02
  7.099999999999991e+00  -3.554142495810260e+04  -2.944980337704176e+05  1.280486278354059e+05  -2.040940459599293e+05  4.963208269271538e+04  7.269475766500483e+04  7.781767936370309e-03  2.390045064408697e-02  -1.487672292545020e-02
  7.199999999999990e+00  -5.550538309454532e+04  -3.435694953578330e+05  1.288091011714310e+05  -2.282824952924364e+05  6.717737595146275e+04  8.206478967338327e+04  1.001230631312960e-02  2.767700200762031e-02  -1.612949318535657e-02
  7.299999999999990e+00  -6.047246807952324e+04  -3.752496767275782e+05  1.553445682287897e+05  -2.512121037413035e+05  8.896332888917960e+04  9.269515432893328e+04  1.159170172677161e-02  3.025466975741507e-02  -1.841658081938748e-02
  7.399999999999990e+00  -6.957334760167080e+04  -4.062643773015835e+05  1.877533044754836e+05  -2.777090963818575e+05  1.168216560599278e+05  1.087675805999568e+05  1.392728331742550e-02  3.310893811497045e-02  -2.228527960217658e-02
  7.499999999999989e+00  -1.009550833956429e+05  -4.529871839552926e+05  2.096822510094284e+05  -3.133526152751092e+05  1.519115294347193e+05  1.332383505742414e+05  1.876413453384920e-02  3.769186703339149e-02  -2.638962315899331e-02
  7.599999999999989e+00  -1.531758397293173e+05  -5.102421731173747e+05  2.169328616548433e+05  -3.582352723397863e+05  1.870585353069661e+05  1.603423152550040e+05  2.571400892193438e-02  4.318787110577930e-02  -2.923000909190169e-02
  7.699999999999989e+00  -2.145068131249973e+05  -5.740096536877431e+05  1.988635481936958e+05  -4.049245095726129e+05  2.178972415875736e+05  1.821307720596780e+05  3.250041719607242e-02  4.865993845806435e-02  -3.139697529365778e-02
  7.799999999999988e+00  -2.736038835119621e+05  -6.418412698972818e+05  1.535493394500461e+05  -4.452871973503288e+05  2.483079383633052e+05  1.967818353612391e+05  3.796463636110579e-02  5.399353534707518e-02  -3.289821516812300e-02
  7.899999999999988e+00  -3.224939801412186e+05  -6.971418164483496e+05  9.615423706688119e+04  -4.767494266324933e+05  2.778254151538483e+05  2.048293157224962e+05  4.304018347431537e-02  5.832377007468693e-02  -3.154573483590042e-02
  7.999999999999988e+00  -3.646821224203266e+05  -7.208512387849025e+05  3.958714899774918e+04  -5.014995204894628e+05  2.960194437469118e+05  2.021190018429749e+05  4.892317030331567e-02  6.002253389071920e-02  -2.608014528331199e-02
  8.099999999999987e+00  -4.000676611970304e+05  -7.022726102374506e+05  -1.362669136400916e+04  -5.148745341576891e+05  2.963403665534214e+05  1.839260183484728e+05  5.427062455024971e-02  5.764095641683652e-02  -1.865388540456377e-02
  8.199999999999987e+00  -4.103608390483382e+05  -6.431152322540282e+05  -6.811951189168445e+04  -5.032675114892332e+05  2.865063112458942e+05  1.534893899363741e+05  5.570527084284518e-02  5.074961575510758e-02  -1.243767271947037e-02
  8.299999999999986e+00  -3.744641224798507e+05  -5.587966820356655e+05  -1.272114564986899e+05  -4.601969522726994e+05  2.758353658831199e+05  1.193103417437016e+05  5.114109607870114e-02  4.034974127581509e-02  -7.624731915175045e-03
  8.399999999999986e+00  -2.905656239516524e+05  -4.690177638927680e+05  -1.884563209294529e+05  -3.951361573243375e+05  2.596481118876516e+05  8.439324156921628e+04  4.162888331081550e-02  2.846491797588959e-02  -1.319962994940330e-03
  8.499999999999986e+00  -1.882782844262235e+05  -3.917423143524603e+05  -2.545060062544368e+05  -3.260987137056046e+05  2.250025913922955e+05  4.102150862961834e+04  3.081707980357660e-02  1.743161110493576e-02  8.817165760226573e-03
  8.599999999999985e+00  -1.012275499245027e+05  -3.284891006450031e+05  -3.293663859670379e+05  -2.617751569111398e+05  1.726744248875713e+05  -1.616999974536980e+04  2.151284742096977e-02  7.675510373850961e-03  2.083513973510642e-02
  8.699999999999985e+00  -3.495483257612609e+04  -2.607144730005092e+05  -3.949132775300151e+05  -1.992588612809947e+05  1.221240832503623e+05  -7.588043530333859e+04  1.367455170081127e-02  -2.269578077510316e-03  2.972359350069278e-02
  8.799999999999985e+00  2.240233943176336e+04  -1.797582669400627e+05  -4.183891160066506e+05  -1.406015247378566e+05  9.280496378188946e+04  -1.172012354458935e+05  6.453513665517299e-03  -1.213877491688959e-02  3.207288351879077e-02
  8.899999999999984e+00  7.084908703016219e+04  -1.059250094102950e+05  -3.866505861852152e+05  -1.014406617776472e+05  9.009687100369923e+04  -1.280931163595259e+05  7.744610115506752e-04  -1.876972669906994e-02  2.900965690803815e-02
  8.999999999999984e+00  1.028180596131489e+05  -5.810722879252043e+04  -3.153591040544198e+05  -9.282313847578512e+04  9.920918096947930e+04  -1.200410301121821e+05  -2.191968935930176e-03  -2.044183536001969e-02  2.574871837426852e-02
  9.099999999999984e+00  1.266634875215992e+05  -2.627991687993783e+04  -2.337516605889837e+05  -1.024974318068368e+05  9.525504450645321e+04  -1.199610787284091e+05  -3.640119217177155e-03  -1.979236315866058e-02  2.748818864208298e-02
  9.199999999999983e+00  1.595856048816250e+05  1.014331649084216e+04  -1.744310275321278e+05  -1.054163900990444e+05  6.814224360962841e+04  -1.416941629259108e+05  -6.054280104120069e-03  -2.054979739441775e-02  3.402689988915852e-02
  9.299999999999983e+00  2.034757933588451e+05  5.758381563840326e+04  -1.605893923785469e+05  -8.882125017784904e+04  3.175783506642668e+04  -1.700349569929639e+05  -1.025420351068304e-02  -2.358364532495660e-02  3.958272940021762e-02
  9.399999999999983e+00  2.472056983941759e+05  1.124555951785442e+05  -1.848795861125439e+05  -5.875657784215116e+04  6.831998774226321e+03  -1.794556195014282e+05  -1.508179063797830e-02  -2.770621759058830e-02  3.953589092431124e-02
  9.499999999999982e+00  2.867277717555967e+05  1.775703988011130e+05  -2.172341671507630e+05  -2.359863353367430e+04  -1.200058794287228e+03  -1.662673404987052e+05  -1.979835349629725e-02  -3.268840805675988e-02  3.527075992628570e-02
  9.599999999999982e+00  3.251251717726889e+05  2.545456961213697e+05  -2.322730717512813e+05  1.212907150877233e+04  -3.007798571407982e+03  -1.505723435884704e+05  -2.437151036311330e-02  -3.864885107583363e-02  3.171997608912133e-02
  9.699999999999982e+00  3.586961481133191e+05  3.286786304839475e+05  -2.284507716869905e+05  4.290201066151717e+04  -1.044736555111161e+04  -1.507610278474724e+05  -2.836216829898541e-02  -4.423157955336038e-02  3.122902719932547e-02
  9.799999999999981e+00  3.757277977086590e+05  3.809394842397115e+05  -2.234054399632965e+05  6.417205319028599e+04  -2.639580313638398e+04  -1.652556483906410e+05  -3.087118173996800e-02  -4.808582602344794e-02  3.147227898559189e-02
  9.899999999999981e+00  3.646299266780639e+05  4.059784615936380e+05  -2.226974132369772e+05  7.318015105884544e+04  -4.781447682357546e+04  -1.772913353814516e+05  -3.059250628902101e-02  -5.038613494622041e-02  2.988218916325612e-02
  9.999999999999980e+00  3.205325744374123e+05  4.145673225820374e+05  -2.074238416485189e+05  6.769692459775995e+04  -7.184474297441763e+04  -1.727694719494372e+05  -2.644797255361225e-02  -5.201060848320765e-02  2.690534707707183e-02
  1.009999999999998e+01  2.572150629560439e+05  4.250204075180027e+05  -1.509306358544611e+05  4.977647668009312e+04  -9.490759329551080e+04  -1.491694019447447e+05  -1.940117313262612e-02  -5.358948423235418e-02  2.423097028833380e-02
  1.019999999999998e+01  2.118590407708006e+05  4.516633287741416e+05  -4.461061413196784e+04  3.191009454972007e+04  -1.112556177516519e+05  -1.113918614466924e+05  -1.334917978074544e-02  -5.545757904402350e-02  2.187207416908642e-02
  1.029999999999998e+01  2.124539005704684e+05  4.932147234042056e+05  9.079718784665862e+04  2.921726521293911e+04  -1.200042581096447e+05  -6.793702878512350e+04  -1.188166637342589e-02  -5.763381424324693e-02  1.907818274135381e-02
  1.039999999999998e+01  2.364952497674057e+05  5.274579594891148e+05  2.173983531735716e+05  4.094410389964894e+04  -1.323113505429177e+05  -3.157494625283188e+04  -1.393936833383043e-02  -5.946018289206527e-02  1.723005221607409e-02
  1.049999999999998e+01  2.256633890701858e+05  5.266007468826552e+05  3.024410911750579e+05  4.981061521488054e+04  -1.614635018492434e+05  -1.494637085854178e+04  -1.466823055394510e-02  -5.947465589562381e-02  1.892100553297611e-02
  1.059999999999998e+01  1.482145779794315e+05  4.820486369409054e+05  3.412261652463843e+05  3.870920340890162e+04  -2.046276051566138e+05  -1.659656612189721e+04  -1.034294414778659e-02  -5.630420251350694e-02  2.391418208043394e-02
  1.069999999999998e+01  3.516445345375204e+04  4.101284478457567e+05  3.533630047572817e+05  6.529374872084176e+03  -2.381925809547056e+05  -1.650432559933341e+04  -2.215129919234846e-03  -4.988136957118425e-02  2.680713578472439e-02
  1.079999999999998e+01  -5.134765345982599e+04  3.321462457737504e+05  3.618913825707799e+05  -3.316106273337294e+04  -2.348475394631037e+05  7.438329879034685e+03  4.991671253417057e-03  -4.115247479556881e-02  2.099346465892684e-02
  1.089999999999998e+01  -8.094599255540223e+04  2.569982774883513e+05  3.786116366340880e+05  -6.910554160559864e+04  -1.875702380263981e+05  6.009649055163201e+04  8.256924423427533e-03  -3.143547469142928e-02  5.217246590607162e-03
  1.099999999999998e+01  -7.788589189290516e+04  1.853041686596549e+05  4.025680507377014e+05  -1.004722952080067e+05  -1.196381756061139e+05  1.255066433093971e+05  8.661576024886167e-03  -2.232552690110041e-02  -1.458841253901433e-02
  1.109999999999998e+01  -8.959205329054478e+04  1.190162634366520e+05  4.303032419977004e+05  -1.304170391174238e+05  -6.683600523185618e+04  1.817481811365690e+05  9.661440250438335e-03  -1.530446511328040e-02  -2.957009724525000e-02
  1.119999999999998e+01  -1.417601939840105e+05  6.756488616433153e+04  4.600327884911914e+05  -1.575050537413425e+05  -4.890660178028909e+04  2.191176030061714e+05  1.379806146906703e-02  -1.151953298358678e-02  -3.448234285472600e-02
  1.129999999999998e+01  -2.195513282683277e+05  4.338429530662169e+04  4.892842071978796e+05  -1.743238078726066e+05  -6.234192085652184e+04  2.421235293168216e+05  2.065055310468210e-02  -1.137048858730665e-02  -3.011464991242725e-02
  1.139999999999998e+01  -2.849149233895427e+05  4.378506206517389e+04  5.020165071836900e+05  -1.727100846899817e+05  -8.453572140626032e+04  2.590662819485787e+05  2.689763365312479e-02  -1.392560496566357e-02  -2.234164882904741e-02
  1.149999999999998e+01  -3.045636645855127e+05  4.757688288966256e+04  4.726589691289312e+05  -1.504523572569088e+05  -8.508949636761269e+04  2.745911970961715e+05  2.830676948232125e-02  -1.686081012248294e-02  -1.877340012117571e-02
  1.159999999999997e+01  -2.690816985732797e+05  3.388652886809054e+04  4.001297161123619e+05  -1.153701383745247e+05  -4.762908186060721e+04  2.889274022752116e+05  2.310551833340398e-02  -1.764802507018823e-02  -2.294949346791886e-02
  1.169999999999997e+01  -2.003976037019977e+05  -5.994664629966985e+03  3.112346259094137e+05  -8.174886717800950e+04  1.934312707417125e+04  2.989001091679301e+05  1.367452987251648e-02  -1.501031660747089e-02  -3.223444396908860e-02
  1.179999999999997e+01  -1.370589104072335e+05  -6.743263124161246e+04  2.384219396364589e+05  -6.187980737476866e+04  8.547707050821792e+04  3.002550064494255e+05  4.956616065259954e-03  -9.436430813844151e-03  -4.009385440008366e-02
  1.189999999999997e+01  -1.029263390986664e+05  -1.387244698997528e+05  1.959410321771849e+05  -5.808598290284361e+04  1.180281751314272e+05  2.902386667880326e+05  2.275289161120833e-04  -2.815637720638583e-03  -4.135361263109770e-02
  1.199999999999997e+01  -8.771005771323746e+04  -2.104666541537616e+05  1.643412207092675e+05  -5.939256678883337e+04  1.104030727900976e+05  2.692025420445733e+05  -2.144112987966378e-03  3.067263976243684e-03  -3.702548273841625e-02
  1.209999999999997e+01  -6.006693165646367e+04  -2.769222574848917e+05  1.153774364101775e+05  -5.056926745196107e+04  8.511719426966763e+04  2.429071204301788e+05  -6.500916274318893e-03  7.602170701626784e-03  -3.230013263969003e-02
  1.219999999999997e+01  -8.734632958977035e+02  -3.358433090138001e+05  3.823183616965085e+04  -2.341414730295401e+04  7.525089577376662e+04  2.193152454018683e+05  -1.540416597759889e-02  1.133435170388046e-02  -3.159726418114929e-02
  1.229999999999997e+01  7.697163885863377e+04  -3.856160565773271e+05  -5.875819075698565e+04  2.003533501777222e+04  1.012862745092196e+05  2.011399094154924e+05  -2.755197033984990e-02  1.496465464480476e-02  -3.560772144161079e-02
  1.239999999999997e+01  1.382469799758952e+05  -4.221187350081707e+05  -1.536035038756929e+05  6.695284917246168e+04  1.552978795352391e+05  1.843902779576453e+05  -3.856286306121223e-02  1.844457574562699e-02  -4.102024481950137e-02
  1.249999999999997e+01  1.550331854005223e+05  -4.408535895530648e+05  -2.267781817826028e+05  1.010013315186239e+05  2.118515289263953e+05  1.619344753908989e+05  -4.446627117709898e-02  2.123698061695952e-02  -4.366747506107103e-02
  1.259999999999997e+01  1.300938324133850e+05  -4.394917616667412e+05  -2.740529733736253e+05  1.136263364310298e+05  2.493215039656342e+05  1.296496187174427e+05  -4.469592041477680e-02  2.263196814944649e-02  -4.192603003202536e-02
  1.269999999999997e+01  8.851272085712475e+04  -4.215547206519730e+05  -3.044977944080563e+05  1.053800811199272e+05  2.593067473487223e+05  9.205003462703036e+04  -4.096271708254583e-02  2.236906811999577e-02  -3.694395047057644e-02
  1.279999999999997e+01  5.232907555492254e+04  -3.967753827594237e+05  -3.355794316918810e+05  8.442063209130216e+04  2.470333896520460e+05  5.737170534873582e+04  -3.530402733920092e-02  2.112047971179761e-02  -3.097235592195559e-02
  1.289999999999997e+01  2.921131309497878e+04  -3.723491718527710e+05  -3.812755624354440e+05  6.242399315546134e+04  2.217102390657043e+05  2.858398446139845e+04  -2.942483386147932e-02  1.958794971502694e-02  -2.539509458246798e-02
  1.299999999999997e+01  1.649942017136088e+04  -3.470638349869621e+05  -4.366839940290969e+05  4.654608167548044e+04  1.878242475206913e+05  9.904164365057859e+02  -2.435629744104792e-02  1.788601907984860e-02  -1.956773376893372e-02
  1.309999999999997e+01  8.945070078277242e+03  -3.168438538794086e+05  -4.816548883704345e+05  3.682490524099644e+04  1.459812872451573e+05  -3.358093258957145e+04  -2.065740277730425e-02  1.598519191166201e-02  -1.216327256068821e-02
  1.319999999999997e+01  6.140882546680687e+01  -2.830128936731706e+05  -4.964734123085886e+05  2.661241223049763e+04  9.685948499245285e+04  -7.630511081273087e+04  -1.789845933214516e-02  1.398933510492973e-02  -3.245384161212117e-03
  1.329999999999997e+01  -1.616938712485039e+04  -2.531246044819902e+05  -4.725127103746795e+05  8.533903163992623e+03  4.491958704405456e+04  -1.180570321433309e+05  -1.498884482500021e-02  1.221074978186234e-02  5.494253798793132e-03
  1.339999999999997e+01  -3.946525759680358e+04  -2.331228898649878e+05  -4.186019263578276e+05  -1.736593210528015e+04  -2.153428159677719e+03  -1.471974511597024e+05  -1.149475509999220e-02  1.077947616194878e-02  1.188307988153365e-02
  1.349999999999997e+01  -6.297536957071223e+04  -2.230881339035899e+05  -3.546216400865051e+05  -4.516677890903415e+04  -3.688613594049193e+04  -1.584097262736113e+05  -7.918505830484278e-03  9.482312857125051e-03  1.508280723114224e-02
  1.359999999999997e+01  -7.745864232575599e+04  -2.186633171167039e+05  -2.973840788559851e+05  -6.844189880156075e+04  -5.636815290578407e+04  -1.568705540618798e+05  -5.264368041638194e-03  8.335681129706309e-03  1.634773248106589e-02
  1.369999999999997e+01  -7.785729703800600e+04  -2.151528430358502e+05  -2.545073416112627e+05  -8.422607592828314e+04  -6.247055349678379e+04  -1.525710372675933e+05  -4.068124759530147e-03  7.766789350247893e-03  1.760803799853489e-02
  1.379999999999997e+01  -6.646452098753254e+04  -2.103387756375824e+05  -2.213571787743415e+05  -9.503381185603232e+04  -6.088329297613986e+04  -1.532554329828618e+05  -3.984122644450989e-03  8.152417632866560e-03  2.005693144459725e-02
  1.389999999999997e+01  -5.051547501555235e+04  -2.026925524894365e+05  -1.867611420504033e+05  -1.051051857292492e+05  -5.818982694126823e+04  -1.613000066388512e+05  -4.100071875544339e-03  9.334667775429796e-03  2.348131184495735e-02
  1.399999999999997e+01  -3.870470722465072e+04  -1.909592534064426e+05  -1.429187789155699e+05  -1.168490523659697e+05  -5.824169668015996e+04  -1.733615251520293e+05  -3.374328249491369e-03  1.045518415231081e-02  2.669313828211963e-02
  1.409999999999997e+01  -3.580906729607121e+04  -1.757859651832817e+05  -8.896299757398367e+04  -1.299887491275962e+05  -6.217131449825586e+04  -1.831146260754250e+05  -1.317775113384362e-03  1.047328748483648e-02  2.881977927241604e-02
  1.419999999999997e+01  -3.917255196333442e+04  -1.599890134410444e+05  -3.155346425060074e+04  -1.416675148974632e+05  -6.829610737478812e+04  -1.841861795224612e+05  1.549050166140283e-03  9.082575888265587e-03  2.973751950162889e-02
  1.429999999999997e+01  -4.098847131192921e+04  -1.457950886924989e+05  1.983968781484893e+04  -1.497119842603505e+05  -7.430064669025512e+04  -1.731778325821311e+05  4.006982742205482e-03  6.786628387279187e-03  2.980782749960024e-02
  1.439999999999996e+01  -3.616432851461241e+04  -1.352492300637156e+05  5.889954092711379e+04  -1.552291007126872e+05  -7.852959641116114e+04  -1.517952965437303e+05  5.172329715634274e-03  4.658813400023871e-03  2.949547580673969e-02
  1.449999999999996e+01  -2.830904181907338e+04  -1.306199932678335e+05  8.514591771952895e+04  -1.619378751507476e+05  -7.890695097166843e+04  -1.249984815234821e+05  5.312371627399256e-03  3.844834955819777e-03  2.899195568152987e-02
  1.459999999999996e+01  -2.532737909815555e+04  -1.324943209739042e+05  1.043905857158198e+05  -1.731487442955072e+05  -7.380115896435364e+04  -9.765381961390453e+04  5.442871572208609e-03  4.621114541258964e-03  2.819845284309784e-02
  1.469999999999996e+01  -2.976132367787417e+04  -1.379463508038234e+05  1.247625018042215e+05  -1.875584030148633e+05  -6.278458716734594e+04  -7.289178016782853e+04  6.181486232581709e-03  6.204088729122149e-03  2.689123225934214e-02
  1.479999999999996e+01  -3.521492135240951e+04  -1.416217468366527e+05  1.496550513089841e+05  -1.995894421515705e+05  -4.748997073046664e+04  -5.215571563761694e+04  7.150687480252583e-03  7.331338506136492e-03  2.487217811695090e-02
  1.489999999999996e+01  -3.285083420600929e+04  -1.420653275154613e+05  1.749889779896298e+05  -2.037446774919411e+05  -3.150863882732291e+04  -3.613762210338698e+04  7.513068797720646e-03  7.226292219929443e-03  2.222743730518381e-02
  1.499999999999996e+01  -1.999156789239067e+04  -1.422570081844844e+05  1.939778360642099e+05  -1.985543642061414e+05  -1.814060690100717e+04  -2.407872686371712e+04  6.905780736390459e-03  6.156512510723358e-03  1.935194059365575e-02
  1.509999999999996e+01  -1.434002681677677e+03  -1.442164514782336e+05  2.032357437032809e+05  -1.874131718770832e+05  -8.797739592546477e+03  -1.368287152513649e+04  5.643387245001618e-03  4.952843100466757e-03  1.666024299732972e-02
  1.519999999999996e+01  1.553578443384856e+04  -1.453688915005800e+05  2.044365959006148e+05  -1.757687792287587e+05  -2.575547394484097e+03  -2.598794008277550e+03  4.302207714592202e-03  4.297366700249402e-03  1.433614673119369e-02
  1.529999999999996e+01  2.612999517113189e+04  -1.405629543634888e+05  2.004527365581732e+05  -1.675838919279574e+05  3.182299587527919e+03  1.037168363644131e+04  3.263832496423079e-03  4.373286647410070e-03  1.218168728431257e-02
  1.539999999999996e+01  2.956294150323894e+04  -1.287513210479229e+05  1.920008655355878e+05  -1.630946771470527e+05  1.180669513096734e+04  2.486140480646188e+04  2.531722949345754e-03  4.928026531756649e-03  9.724177253663330e-03
  1.549999999999996e+01  2.784883120479925e+04  -1.137076367093058e+05  1.791431803998023e+05  -1.591058961529953e+05  2.540627154499510e+04  3.987870786318981e+04  1.879053245419162e-03  5.428285291388287e-03  6.554981567585943e-03
  1.559999999999996e+01  2.358318567473057e+04  -1.004106743290354e+05  1.631450900573437e+05  -1.514371686569145e+05  4.327194907380791e+04  5.448044388350445e+04  1.089312989754559e-03  5.317642931766823e-03  2.633799233686421e-03
  1.569999999999996e+01  1.826187854641682e+04  -9.201939115118849e+04  1.466721290334879e+05  -1.375770025273713e+05  6.178872201464410e+04  6.754916211029694e+04  1.213763236159305e-04  4.307057546053668e-03  -1.556204620726384e-03
  1.579999999999996e+01  1.161826227812870e+04  -8.834406152026595e+04  1.316685030316993e+05  -1.187287644067702e+05  7.637339980908981e+04  7.809195005904288e+04  -7.846491736011755e-04  2.490450723451897e-03  -5.218974034469790e-03
  1.589999999999996e+01  2.627298812454898e+03  -8.747773305389773e+04  1.184340290651405e+05  -9.902689993573572e+04  8.404962811453039e+04  8.543357081363344e+04  -1.199901964615074e-03  3.471749730430231e-04  -7.559300182063295e-03
  1.599999999999996e+01  -8.673457880276725e+03  -8.642574857396813e+04  1.054381081725567e+05  -8.231100368626074e+04  8.504027649912992e+04  8.894221689986129e+04  -9.019386279005201e-04  -1.698573563863100e-03  -8.261327033095719e-03
  1.609999999999996e+01  -2.122036018606526e+04  -8.222926484347192e+04  9.060978054212863e+04  -7.060186631489419e+04  8.169674428037446e+04  8.802738531098230e+04  1.893292909302723e-05  -3.472028414603018e-03  -7.640851705629361e-03
  1.619999999999996e+01  -3.401622438633526e+04  -7.453129792773783e+04  7.408328596049854e+04  -6.351508175480228e+04  7.672573720278330e+04  8.271182199449259e+04  1.335303953753893e-03  -4.922247374004399e-03  -6.337710364103712e-03
  1.629999999999996e+01  -4.672709385686478e+04  -6.630720404604386e+04  5.792674229476626e+04  -6.008091838272643e+04  7.202547003742278e+04  7.410223409933648e+04  2.761683335498355e-03  -5.927032329384341e-03  -5.096173588237560e-03
  1.639999999999996e+01  -5.888014928801696e+04  -6.206781198333915e+04  4.476897243914570e+04  -6.034857912931908e+04  6.810116004739517e+04  6.459487898646307e+04  4.054193324223027e-03  -6.216827878032691e-03  -4.468089482633527e-03
  1.649999999999996e+01  -6.805842336485906e+04  -6.368617028022826e+04  3.558248243197169e+04  -6.402474404162236e+04  6.440757623736253e+04  5.665040498154567e+04  4.870823182421791e-03  -5.779566853485917e-03  -4.718786773870223e-03
  1.659999999999997e+01  -7.035255320768942e+04  -6.769585464183352e+04  2.860511332434446e+04  -6.968233112255155e+04  5.970161926438767e+04  5.112140849189948e+04  4.818639985461902e-03  -5.101873694060627e-03  -5.790446692112540e-03
  1.669999999999997e+01  -6.338274005228675e+04  -6.864596163127956e+04  2.072293558015931e+04  -7.473890343534839e+04  5.293818872895801e+04  4.708976237031604e+04  3.778868543407250e-03  -4.829373526371547e-03  -7.243704440324708e-03
  1.679999999999997e+01  -4.873278447021033e+04  -6.437188702940520e+04  9.009933740244394e+03  -7.685323393850331e+04  4.423785601173668e+04  4.243312461532529e+04  1.987007539221629e-03  -5.164036609873601e-03  -8.480547106781117e-03
  1.689999999999997e+01  -3.150869385595525e+04  -5.777923350677983e+04  -7.821957593461834e+03  -7.561323986504880e+04  3.512744191291645e+04  3.557371615475432e+04  -3.626078407122014e-05  -5.652443601328486e-03  -9.057102727813357e-03
  1.699999999999997e+01  -1.710946949267887e+04  -5.447650212958941e+04  -2.836926032728266e+04  -7.272804384998599e+04  2.761818650554398e+04  2.663403373790897e+04  -1.792435037578873e-03  -5.530620866976077e-03  -8.914984662520851e-03
  1.709999999999997e+01  -7.968547199994023e+03  -5.697951045710964e+04  -4.862391490173489e+04  -7.066852606761976e+04  2.277137022901026e+04  1.726866949255686e+04  -2.995954780681517e-03  -4.446939931543013e-03  -8.338828336305460e-03
  1.719999999999997e+01  -3.344609737809143e+03  -6.371705375749204e+04  -6.374156443528301e+04  -7.135708912934132e+04  2.004893416551169e+04  9.417686852061322e+03  -3.590734484118889e-03  -2.709403948254710e-03  -7.709236571433788e-03
  1.729999999999998e+01  -1.315637707850855e+03  -7.055116400408196e+04  -7.077814770309448e+04  -7.517144846688134e+04  1.774031786660967e+04  3.903150147662598e+03  -3.584133268808844e-03  -1.051187160212855e-03  -7.223229208536956e-03
  1.739999999999998e+01  -8.671657389849610e+02  -7.487497042953914e+04  -7.053664856868249e+04  -8.129527463884998e+04  1.437789088384771e+04  -2.165199982997980e+02  -2.961471624429359e-03  -7.297418235229971e-05  -6.833656108513724e-03
  1.749999999999998e+01  -2.200136807711138e+03  -7.747617876866742e+04  -6.671686622340913e+04  -8.825391990087730e+04  1.031837948016623e+04  -4.417861091045077e+03  -1.697112321256789e-03  1.884529459651318e-04  -6.341196231135458e-03
  1.759999999999998e+01  -4.980672312846252e+03  -8.080929686026160e+04  -6.331849237748001e+04  -9.516497660085255e+04  7.384980276257060e+03  -9.538449163001456e+03  6.844165924518302e-05  1.782168103956755e-04  -5.607155110649323e-03
  1.769999999999998e+01  -7.837662898826773e+03  -8.761870057656105e+04  -6.223420935524395e+04  -1.022058907696270e+05  7.486825541902039e+03  -1.498083297871596e+04  1.966239459920687e-03  4.013756098866306e-04  -4.637244141887282e-03
  1.779999999999998e+01  -9.115422445547265e+03  -9.890440952805028e+04  -6.292546391086158e+04  -1.100748641280876e+05  1.101143402423120e+04  -1.902252364164390e+04  3.496858934942798e-03  1.064469318551274e-03  -3.548635693469797e-03
  1.789999999999998e+01  -8.417756159873390e+03  -1.128186588903729e+05  -6.343135039645530e+04  -1.188224293727793e+05  1.633274297654395e+04  -2.004617261813002e+04  4.317046339787470e-03  1.870708103929900e-03  -2.447254472383615e-03
  1.799999999999999e+01  -7.591770939081212e+03  -1.254937587552524e+05  -6.181089449994368e+04  -1.272348002759047e+05  2.118773998426591e+04  -1.723827333726294e+04  4.474000833749191e-03  2.329198544762000e-03  -1.349077684619239e-03
  1.809999999999999e+01  -9.733198115987738e+03  -1.327617675864389e+05  -5.719954729264443e+04  -1.336643070633713e+05  2.426377302110242e+04  -1.100629867780672e+04  4.349712410938326e-03  2.213332731842072e-03  -2.231062202738923e-04
  1.819999999999999e+01  -1.728802458205864e+04  -1.320700793944796e+05  -4.970902102466793e+04  -1.367336545799349e+05  2.583237232058829e+04  -2.596051215401589e+03  4.423117846108101e-03  1.653542933945710e-03  9.511526788964463e-04
  1.829999999999999e+01  -3.016647964036275e+04  -1.241402589067567e+05  -4.039340716767040e+04  -1.361270667644037e+05  2.693100971836087e+04  6.424377649281997e+03  4.877297303210787e-03  9.836777342844267e-04  2.098237188351220e-03
  1.839999999999999e+01  -4.528574129037173e+04  -1.121568736924985e+05  -3.071697018154660e+04  -1.323179378517101e+05  2.803565749727589e+04  1.457219159513341e+04  5.478641069972083e-03  4.090412407818807e-04  3.077763310881716e-03
  1.849999999999999e+01  -5.819692606883972e+04  -9.974809138047916e+04  -2.175151256386763e+04  -1.262915122441930e+05  2.835227871114366e+04  2.099022399799534e+04  5.804914451354852e-03  -1.406583233285493e-04  3.799018321187091e-03
  1.859999999999999e+01  -6.509205594094487e+04  -9.010829000850975e+04  -1.426928472893034e+04  -1.197374681673000e+05  2.653721134575129e+04  2.536380231639185e+04  5.493022978014683e-03  -8.022687255705534e-04  4.252800333729528e-03
  1.870000000000000e+01  -6.458557739230205e+04  -8.475418192577895e+04  -8.655682152186429e+03  -1.145039983842616e+05  2.235511248419348e+04  2.839128580334896e+04  4.529527664326154e-03  -1.532377832204783e-03  4.475902977119181e-03
  1.880000000000000e+01  -5.764197567049001e+04  -8.354823067619825e+04  -5.290137322075372e+03  -1.117888474014487e+05  1.741792098395302e+04  3.167205034485395e+04  3.184983745005916e-03  -2.143666234586907e-03  4.411367431603599e-03
  1.890000000000000e+01  -4.623108010111524e+04  -8.505595586537507e+04  -4.557011581026281e+03  -1.112109532173484e+05  1.456160565304765e+04  3.665875153442078e+04  1.737860083285252e-03  -2.471884639327594e-03  3.852052909686020e-03
  1.900000000000000e+01  -3.296213089249789e+04  -8.715864193765483e+04  -6.087991000285820e+03  -1.108198922559802e+05  1.621269501080909e+04  4.405042428807823e+04  4.210390338039927e-04  -2.515210739858779e-03  2.612567247025539e-03
  1.910000000000000e+01  -2.023687341270732e+04  -8.851951474225853e+04  -8.377752799801812e+03  -1.083916071083947e+05  2.259029596510636e+04  5.266362355068683e+04  -6.917256873383609e-04  -2.454175636874732e-03  7.793165169315393e-04
  1.920000000000000e+01  -9.854957082151212e+03  -8.940681659290603e+04  -9.208530729752851e+03  -1.027386295624094e+05  3.153345487070043e+04  5.961973752849452e+04  -1.653699387484036e-03  -2.441811533006814e-03  -1.173644044293529e-03
  1.930000000000000e+01  -2.559153456093100e+03  -9.160628267840081e+04  -7.199808573014797e+03  -9.431130052002947e+04  3.977380828803471e+04  6.199650617177829e+04  -2.581296943486446e-03  -2.499624673212557e-03  -2.589612973849261e-03
  1.940000000000001e+01  2.510323481563160e+03  -9.721796694328125e+04  -2.660876919555564e+03  -8.451445665252193e+04  4.455211897787639e+04  5.795235709840638e+04  -3.696028178715490e-03  -2.550974654846115e-03  -3.001951622622117e-03
  1.950000000000001e+01  6.244626679365998e+03  -1.068456524905718e+05  2.375655036542714e+03  -7.482781332406984e+04  4.507230772682563e+04  4.821498776241892e+04  -5.087414156757906e-03  -2.508716035112515e-03  -2.462108745820883e-03
  1.960000000000001e+01  8.512642840846140e+03  -1.185099398135322e+05  5.828517927291709e+03  -6.640379825064506e+04  4.248440265202206e+04  3.595167515383028e+04  -6.576078813140199e-03  -2.374475854427096e-03  -1.509822643203477e-03
  1.970000000000001e+01  8.403827981075234e+03  -1.282249018776369e+05  7.007420601490167e+03  -5.997146234239062e+04  3.889520648466693e+04  2.494562418519453e+04  -7.763561921346997e-03  -2.200855837096249e-03  -8.429633698755731e-04
  1.980000000000001e+01  4.952335024212590e+03  -1.319136083141190e+05  6.034361066341534e+03  -5.628149772084165e+04  3.608876649439301e+04  1.794171458574834e+04  -8.185891199573317e-03  -2.031848622824274e-03  -9.302178446729275e-04
  1.990000000000001e+01  -1.361234859965518e+03  -1.280276530609900e+05  3.574016557201425e+03  -5.576319976948643e+04  3.464946779856306e+04  1.498257362496972e+04  -7.639988898451312e-03  -1.840434280081340e-03  -1.706533852440361e-03
