TITLE = "Temporal Signal for receiver number 00168"
VARIABLES = "Time","xx","yy","zz","xy","yz","xz","u","v","w"
# x1       3.505946160000e+05
# x2       4.744684950000e+06
# x3       -3.000000000000e+03
  0.000000000000000e+00  0.000000000000000e+00  0.000000000000000e+00  0.000000000000000e+00  0.000000000000000e+00  0.000000000000000e+00  0.000000000000000e+00  0.000000000000000e+00  0.000000000000000e+00  0.000000000000000e+00
  1.000000000000000e-01  0.000000000000000e+00  0.000000000000000e+00  0.000000000000000e+00  0.000000000000000e+00  0.000000000000000e+00  0.000000000000000e+00  0.000000000000000e+00  0.000000000000000e+00  0.000000000000000e+00
  2.000000000000000e-01  0.000000000000000e+00  0.000000000000000e+00  0.000000000000000e+00  0.000000000000000e+00  0.000000000000000e+00  0.000000000000000e+00  0.000000000000000e+00  0.000000000000000e+00  0.000000000000000e+00
  3.000000000000000e-01  0.000000000000000e+00  0.000000000000000e+00  0.000000000000000e+00  0.000000000000000e+00  0.000000000000000e+00  0.000000000000000e+00  0.000000000000000e+00  0.000000000000000e+00  0.000000000000000e+00
  4.000000000000000e-01  -2.914818273112307e-37  -9.867342817623787e-37  1.749245893277743e-36  6.536162711865465e-37  1.135167818480108e-36  -1.146883151603576e-37  -4.630837559241945e-44  7.678244707932766e-44  -1.737789481296616e-43
  5.000000000000000e-01  1.849905019275094e-26  4.441704663926551e-26  1.498414885983515e-26  -1.068676562974637e-26  -2.812404300687538e-28  -5.066736986984824e-28  1.226940305542607e-33  -3.525548661034693e-33  -1.033469087003746e-33
  6.000000000000000e-01  -1.258100088094112e-22  -6.496467220138141e-22  2.790258578745321e-22  1.108286962687846e-22  3.046038445588802e-22  6.128424261379396e-23  -1.835959429176593e-30  5.939884920512668e-29  -2.977640129362345e-29
  7.000000000000000e-01  -7.075968497254407e-19  -8.748189948832174e-19  -1.278549532689916e-18  2.917631752796662e-19  6.663634857208812e-20  -2.244330421284090e-19  -6.028641790980188e-26  6.845648423403318e-26  -1.770192239572105e-26
  7.999999999999999e-01  3.408160398575172e-17  2.782637426641436e-17  8.223269307816083e-17  -1.638384772212885e-17  -1.177116467536633e-17  1.732387058433188e-17  4.512900371806053e-24  -2.024849520478384e-24  4.642251966132778e-24
  8.999999999999999e-01  1.974123291612914e-15  2.359745130741025e-15  1.669554461774655e-15  -7.908821639944438e-16  -5.861568573009890e-16  6.263471529987924e-16  9.666396315774326e-23  -2.017053668348372e-22  1.260726622034305e-23
  9.999999999999999e-01  2.695170277340095e-15  1.829218035167475e-14  4.746710148732616e-16  1.394795035118835e-14  3.154458638361885e-14  -9.251804011377347e-15  -2.059099273414914e-21  -1.918057673543395e-21  -4.075773115019509e-21
  1.100000000000000e+00  -2.636258870017015e-13  -3.577179818786691e-13  -3.796959362171966e-13  1.801356112540572e-13  -3.857811460636525e-14  -8.062989130204366e-14  -2.472558728835592e-20  2.525105822361943e-20  3.132947300208938e-20
  1.200000000000000e+00  -4.456155765525593e-12  -8.285785052391510e-12  -1.172047885947726e-11  -5.152526785891037e-13  -7.936046656779321e-12  1.030588706835195e-12  -3.486544894368220e-20  7.893561533974975e-19  1.223623442200084e-18
  1.300000000000000e+00  3.336574066925621e-11  7.983730594152296e-11  5.591308553567207e-11  -1.177656352071380e-11  2.100056163919759e-11  -3.317624106753496e-14  1.394167110956641e-18  -4.581414833773875e-18  -6.783312980470086e-18
  1.400000000000000e+00  2.413300317457549e-10  7.214089003154104e-10  8.646306287452523e-10  -1.644196632222558e-10  6.346226666386249e-10  -1.838790863805205e-10  3.144660456744677e-17  -4.197508293219829e-17  -1.044819304166774e-16
  1.500000000000000e+00  -3.796075396168069e-10  6.913167885365676e-10  2.955863307297922e-09  -1.365082105022300e-09  3.382724107814098e-09  -1.395846569131030e-09  2.415758988243005e-16  4.282455174998788e-17  -4.846676114101579e-16
  1.600000000000000e+00  -1.404510604604670e-08  -1.769969893206489e-08  -8.982875468335680e-09  -1.103232863672544e-08  5.593193354205053e-09  -7.554872425731888e-09  1.649595172598606e-15  1.854333805297881e-15  -7.242883820207429e-17
  1.700000000000000e+00  -1.113153491356601e-07  -1.603426033072405e-07  -1.619130154287053e-07  -7.277507904767083e-08  -6.943056398395700e-08  -3.267003436266751e-08  9.791180652149738e-15  1.476788545234270e-14  1.618333474151299e-14
  1.800000000000000e+00  -4.833403099413234e-07  -5.675509239091480e-07  -9.669568158490893e-07  -4.214403428586871e-07  -6.410543892428653e-07  -1.827200664274530e-07  5.627739720128585e-14  5.810298467955595e-14  1.181305860437826e-13
  1.900000000000001e+00  -2.400906331091319e-06  -2.728023900720485e-06  -4.667796144683539e-06  -1.617725980870141e-06  -2.427211511592197e-06  -1.042481336972986e-06  2.407846438698701e-13  2.791035989682918e-13  4.539817384289410e-13
  2.000000000000000e+00  -2.495415207190361e-05  -4.663328891535858e-05  -3.799930053661477e-05  -3.581644834226657e-06  -1.026081926980072e-05  -3.875454418956996e-06  6.897154982948921e-13  4.144139704537448e-12  2.094704228406930e-12
  2.100000000000001e+00  -1.290976314963280e-04  -2.574705503690938e-04  -2.128815194915661e-04  -8.326923784291980e-06  -7.232932480593731e-05  1.750023778000114e-08  1.450511689555194e-12  2.184480487953386e-11  1.585227468089364e-11
  2.200000000000001e+00  -2.673325519038065e-04  -4.529227229405494e-04  -5.591011251948081e-04  -3.364642637181257e-05  -3.783123639917908e-04  5.621389614063160e-05  -3.822552101161283e-12  3.545014833988909e-11  6.572426302578125e-11
  2.300000000000001e+00  3.223719884642929e-05  2.531103302644086e-04  7.040847098793800e-04  4.048939944381572e-04  3.111509252988910e-04  2.834657799789790e-05  -8.218489866335328e-11  -3.850720964273502e-11  -7.266458488311892e-11
  2.400000000000001e+00  6.133953157533695e-03  1.337797821664243e-02  1.201904082682714e-02  1.557367185777970e-03  7.477420336533598e-03  -1.006952707450418e-03  -1.416650695141380e-10  -1.128217492595742e-09  -1.147239526234531e-09
  2.500000000000001e+00  1.361832424588297e-02  2.857068172271132e-02  1.514033635070079e-02  -3.423271209449198e-03  4.135586876926044e-03  -1.928826517237625e-04  6.448350062348326e-10  -2.242584434883561e-09  -6.862181375346356e-10
  2.600000000000001e+00  -6.073739249590963e-02  -1.459554802457197e-01  -9.615942546446002e-02  -3.438515796551848e-03  -4.838236448050369e-02  8.047946391960379e-03  2.734987425629896e-10  1.210705705294291e-08  7.213912750648556e-09
  2.700000000000001e+00  5.793283453475034e-02  1.624007209976427e-01  7.607677748140401e-02  2.312405877049447e-03  3.935060483270178e-02  -1.388130920041461e-02  -5.616852453189200e-10  -1.352430520235479e-08  -5.122829160072574e-09
  2.800000000000001e+00  -1.220154513637417e-01  -2.826608822867643e-01  -1.139321622417439e-01  2.577414420504133e-02  -4.978403466480966e-02  3.507731407274053e-02  -4.480638542021463e-09  2.300001770902964e-08  5.283779466156199e-09
  2.900000000000001e+00  3.639144785735797e-01  8.362952084087562e-01  4.681731431195648e-01  -2.786714896658521e-02  2.334218551140349e-01  -8.576125649119466e-02  1.044337101068203e-08  -6.636043776431580e-08  -3.220927859422871e-08
  3.000000000000001e+00  -3.338759424820557e-01  -1.037094191743855e+00  -4.533442290347913e-01  7.001117445249421e-03  -2.732877725976534e-01  4.895275374333388e-02  -1.052449536828538e-08  8.329243229008760e-08  2.551872538815546e-08
  3.100000000000001e+00  1.979428903606693e+01  4.552654001381730e+01  2.999138377080124e+01  -4.341537246428571e+00  1.648014251068813e+01  -2.565295014327129e+00  6.277603322997472e-07  -3.867538508920794e-06  -2.415337561190015e-06
  3.200000000000002e+00  4.912975408990341e+01  1.184526685555075e+02  7.492460652386502e+01  -1.102152247812741e+01  4.198396551549953e+01  -6.741850149891733e+00  1.579822003409326e-06  -9.979332644446224e-06  -6.144021843793094e-06
  3.300000000000002e+00  4.700953623084339e+01  1.347335171558540e+02  6.666066099936576e+01  -1.348716278105795e+01  3.557188915824495e+01  -5.221767806531194e+00  1.643927782576052e-06  -1.120144105089320e-05  -4.664344872327588e-06
  3.400000000000002e+00  -9.034015853385354e+00  2.638363000255486e+01  -8.054949285574777e+00  -5.554661307461616e-01  1.359298947319404e+01  3.122069484367803e-01  -3.035968600148670e-07  -2.483097389209448e-06  -2.891747274925869e-09
  3.500000000000002e+00  -7.298568386504020e+01  -1.099342907036126e+02  -7.723904013483410e+01  2.301602840172833e+01  9.341069353358701e+00  3.538404915623729e+00  -3.374776766603281e-06  8.339171831928168e-06  1.906109851950993e-06
  3.600000000000002e+00  -6.947081899595996e+01  -9.017394452287712e+01  -4.641385645444434e+01  3.472355683232772e+01  2.844182551664352e+01  2.289698399213948e+00  -4.722002684242865e-06  6.696092173059498e-06  -5.544748240801544e-07
  3.700000000000002e+00  -3.576929970530270e+00  8.096527326322143e+01  7.394041837573738e+01  3.191111854779818e+01  6.914621039122298e+01  -1.462074278471960e+00  -3.882150361496678e-06  -7.342474355937079e-06  -7.817172939257373e-06
  3.800000000000002e+00  3.730447925588236e+01  2.086101947548066e+02  1.685550933261096e+02  2.478053091490058e+01  1.202168118484566e+02  -6.455339723899639e+00  -2.677533297494612e-06  -1.819328341411762e-05  -1.678920387137185e-05
  3.900000000000002e+00  1.743951354829604e+02  6.022045679396117e+02  4.494641155591519e+02  1.868933040138758e+01  3.101506790812595e+02  -3.383974141337101e+01  -1.697633832560234e-06  -5.169384926528386e-05  -4.260917105156236e-05
  4.000000000000002e+00  4.915534979604155e+02  1.479773183252215e+03  1.053823498669529e+03  -7.606597126015555e+00  6.970191511642099e+02  -6.834479316014311e+01  3.265773185172912e-06  -1.259459901124093e-04  -9.343645917320748e-05
  4.100000000000001e+00  6.364404927530575e+02  2.250958176005197e+03  1.445767551015804e+03  6.665541085444984e+01  1.025876356900963e+03  -5.885229173354192e+01  -8.171660353637510e-06  -1.915619499266116e-04  -1.295346964122008e-04
  4.200000000000001e+00  -7.922514988226849e+02  -4.221628550980701e+02  1.658424377393177e+01  6.679810608694708e+02  6.155577771883802e+02  1.717602318255411e+02  -9.295819335626809e-05  2.881671923371465e-05  -5.013005705250446e-05
  4.300000000000001e+00  -4.471383753922562e+03  -8.272050196324704e+03  -3.996992009392306e+03  2.180671973701109e+03  -7.158847997794767e+02  6.971977954444842e+02  -2.953441497867154e-04  6.744508742171620e-04  1.754765144661642e-04
  4.400000000000000e+00  -1.098967570568832e+04  -2.324893490090430e+04  -1.090492316381547e+04  5.259268669689224e+03  -3.499269975987575e+03  1.666122332662785e+03  -6.960257291323282e-04  1.910684955916034e-03  6.005340582079112e-04
  4.500000000000000e+00  -2.172554485770846e+04  -4.935179876745106e+04  -2.195634353603428e+04  1.017300226226660e+04  -8.395576323714022e+03  3.286493162220808e+03  -1.304591133703140e-03  4.084257839711733e-03  1.272365318455231e-03
  4.600000000000000e+00  -3.521190878061988e+04  -8.308860139261956e+04  -3.576664782026379e+04  1.790224105414805e+04  -1.627482698323049e+04  5.432266162705056e+03  -2.258444968576122e-03  6.898487906002978e-03  2.288347597650698e-03
  4.699999999999999e+00  -5.131439566552145e+04  -1.274293762556348e+05  -5.032893581528914e+04  2.794641634209674e+04  -2.584031182560906e+04  8.453642414014843e+03  -3.419562523369218e-03  1.062414119219529e-02  3.356583711005855e-03
  4.799999999999999e+00  -5.925338863068178e+04  -1.561953551851750e+05  -4.650249283807552e+04  4.352713748999404e+04  -2.486092366478389e+04  1.200730224492635e+04  -5.193773001535799e-03  1.300977115248689e-02  2.714176561506978e-03
  4.899999999999999e+00  -5.270216947337816e+04  -1.456409411152099e+05  -2.262660092118179e+04  6.028381840482834e+04  -2.102270056151857e+04  1.468005419769998e+04  -6.952096673234951e-03  1.228728381690653e-02  1.447532112690334e-03
  4.999999999999998e+00  -4.293045711769479e+04  -1.251821128412213e+05  7.972358257980989e+03  7.703629105747759e+04  -1.328351127735039e+04  1.760150611789960e+04  -8.560703542151136e-03  1.070628666470078e-02  -1.817211735747684e-04
  5.099999999999998e+00  -3.409474674330464e+04  -1.051193861332269e+05  4.430566585988521e+04  9.245653683992939e+04  5.002715503737641e+03  1.963126098277967e+04  -9.840691935210102e-03  8.988203152017621e-03  -3.301092205554219e-03
  5.199999999999998e+00  -2.445083700829282e+04  -7.116808500171015e+04  7.717403559163498e+04  1.051467521461456e+05  2.555266343846021e+04  1.657850515108648e+04  -1.055160800682794e-02  6.100971721703550e-03  -5.950638073848562e-03
  5.299999999999997e+00  -2.847948311854193e+04  -6.137052551359196e+04  9.082076072407531e+04  1.212149250358063e+05  3.812338736133835e+04  1.490077364734141e+04  -1.164981973439709e-02  5.098838779853144e-03  -6.775421100334533e-03
  5.399999999999997e+00  -3.156794493412751e+04  -4.527068707513718e+04  1.027361984775512e+05  1.309795302125817e+05  5.072251788459738e+04  1.254217809393427e+04  -1.182322551269151e-02  3.366829215650131e-03  -8.012420250233141e-03
  5.499999999999996e+00  -4.051958783489747e+04  -2.821114519278201e+04  9.728350774161344e+04  1.455129980916367e+05  5.682552057633281e+04  4.844183037613808e+03  -1.236937069095397e-02  1.517155442785285e-03  -8.367845725058791e-03
  5.599999999999996e+00  -5.432871571006434e+04  -3.985043588027479e+04  1.108301575150711e+05  1.656407930800365e+05  6.214521079746059e+04  4.824647075135913e+03  -1.407203366576182e-02  2.248070199617832e-03  -9.700378827487548e-03
  5.699999999999996e+00  -6.501577435877617e+04  -6.573187066396899e+04  1.285599160638569e+05  1.603520494730934e+05  6.185651215632987e+04  1.661021573748716e+03  -1.173892950793973e-02  4.224674432401578e-03  -1.132396390175842e-02
  5.799999999999995e+00  -7.413621002070869e+04  -4.714986449217170e+04  1.097575154173816e+05  1.802500558492466e+05  4.693053263855350e+04  -1.057991071555178e+04  -1.253745882541174e-02  2.136097943943361e-03  -9.734680946108932e-03
  5.899999999999995e+00  -9.163169730311207e+04  -7.330814722719010e+04  1.644408979251470e+05  2.373407085408694e+05  3.597754813419690e+04  -3.857484588894968e+03  -1.953080205232596e-02  4.196216955104947e-03  -1.199501235512146e-02
  5.999999999999995e+00  -1.053742329853058e+05  -1.774235711490916e+05  2.519170577236380e+05  2.016258272518107e+05  3.521013438298346e+04  -1.245931108003032e+03  -1.242331542378191e-02  1.379217168826566e-02  -1.828342659656303e-02
  6.099999999999994e+00  -9.193085584265484e+04  -1.279224722008800e+05  1.229454023833238e+05  1.256709019860055e+05  -8.520489317980171e+03  -3.788976207568037e+04  1.865071922946114e-03  8.971683603219698e-03  -6.527310751736177e-03
  6.199999999999994e+00  -7.852124387405474e+04  1.598709682795767e+05  -1.320923525832364e+05  1.397323484595538e+05  -1.594377142801794e+05  -9.196047377784074e+04  2.124574725255880e-03  -1.555337625057505e-02  3.131249101121020e-02
  6.299999999999994e+00  -7.876778118767773e+04  3.705502136083279e+05  -2.077962841039536e+05  5.813442228363280e+04  -3.457209443270111e+05  -1.403487307511718e+05  1.509042524605451e-02  -2.967474241535602e-02  6.433363533446561e-02
  6.399999999999993e+00  -1.756836617716407e+04  2.881339410898816e+05  -1.371235719755054e+05  -2.471218294535899e+05  -3.894794106809424e+05  -1.619694612233401e+05  5.921588465244392e-02  -2.135839687008883e-02  6.239877108919779e-02
  6.499999999999993e+00  1.075889094480643e+05  1.102032282706307e+05  -1.023104868006858e+05  -4.724160423289930e+05  -2.611189374168734e+05  -1.303576736993522e+05  8.812606758427807e-02  -1.038405072657310e-02  3.429440669254261e-02
  6.599999999999993e+00  1.567686496525475e+05  2.816650755753392e+04  -7.269888864717535e+04  -3.491236506171884e+05  -1.382219961033716e+05  -7.958597991315367e+04  6.513236705731772e-02  -4.411245229535984e-03  1.242034479713420e-02
  6.699999999999992e+00  8.364414338429835e+04  -2.297632778785524e+03  2.377002630665577e+04  -3.566502019520644e+04  -1.403909759438158e+05  -6.746300063930880e+04  1.770584289301205e-02  2.132124562922610e-03  1.284714690792858e-02
  6.799999999999992e+00  3.000675836989357e+03  -6.205346352282819e+04  1.073549885627137e+05  1.733773077306370e+05  -1.865880850850729e+05  -7.121097236507654e+04  -1.250479304858027e-02  8.396818017359373e-03  2.240645778004088e-02
  6.899999999999991e+00  -3.095306820678966e+03  -1.290281283150657e+05  1.065365537307262e+05  1.949970883566673e+05  -1.735918193401308e+05  -3.769032745915087e+04  -1.662169218365303e-02  1.244329166793861e-02  2.459381003680107e-02
  6.999999999999991e+00  4.871870089348327e+04  -1.226780746758104e+05  8.448003897106343e+04  1.189029456938551e+05  -1.104504669302757e+05  1.044278815152753e+04  -7.342305364030386e-03  1.297758896663562e-02  1.843346552288180e-02
  7.099999999999991e+00  1.067357311744454e+05  -3.957392190599320e+04  8.368803136617877e+04  4.839845919168359e+04  -5.087529905455736e+04  2.179237768949159e+04  2.079411641324033e-03  8.908938075101215e-03  1.050686324714950e-02
  7.199999999999990e+00  1.403568924990002e+05  6.927231757223490e+04  6.421559067421302e+04  3.654064265464106e+04  -2.130004303464928e+04  1.247838877407827e+03  4.170266706256262e-03  9.831426775444544e-04  3.489869937756027e-03
  7.299999999999990e+00  1.529421620905543e+05  1.901293720187787e+05  1.298139175813650e+04  7.105844166631071e+04  -2.772743912326842e+04  -1.522540182992858e+04  -4.219399714834624e-04  -9.952705809490004e-03  -2.762194495713736e-03
  7.399999999999990e+00  1.487484564021752e+05  3.023868505472395e+05  -4.341049053645681e+04  1.056000523560541e+05  -5.643154650741683e+04  -1.570360432350331e+04  -6.159547735630537e-03  -2.011790954649208e-02  -6.658538321623107e-03
  7.499999999999989e+00  1.256765837420579e+05  3.660530831529039e+05  -7.870421295630133e+04  1.205127783118368e+05  -6.743152246765455e+04  -1.241771515742208e+04  -9.710833248474032e-03  -2.398007425983520e-02  -8.255672451394230e-03
  7.599999999999989e+00  9.058428069388420e+04  3.645433695006887e+05  -8.458924765064316e+04  1.287413618556742e+05  -4.546765785480241e+04  -1.211212150691431e+04  -1.085700464457005e-02  -2.076365435162095e-02  -9.588424168093938e-03
  7.699999999999989e+00  6.347725867921967e+04  3.160628217627417e+05  -7.227735954976897e+04  1.337822686370266e+05  -3.047684991233029e+04  -5.292850285856015e+03  -9.298302163657207e-03  -1.489377534609172e-02  -9.326840968572704e-03
  7.799999999999988e+00  4.858610948921603e+04  2.573063825996667e+05  -5.640766194782830e+04  1.241251880938342e+05  -5.144703583307486e+04  7.744235319669721e+03  -5.874869995972616e-03  -1.091374252724229e-02  -6.234429285082146e-03
  7.899999999999988e+00  3.402536377826907e+04  2.145405495593524e+05  -4.714348670354609e+04  1.105898914398624e+05  -8.049200617695900e+04  4.586259427073361e+03  -4.433780836322539e-03  -1.008181998043413e-02  -3.594331580341577e-03
  7.999999999999988e+00  1.713208581956599e+04  2.015799555356762e+05  -4.119969079355542e+04  1.334095697807231e+05  -9.005453284563358e+04  -2.555146122158460e+04  -9.911589721178223e-03  -1.121955648138628e-02  -2.216759428611965e-03
  8.099999999999987e+00  7.625562239583533e+03  2.143330175328531e+05  -7.692505632111508e+03  1.970454595148065e+05  -1.084455227275659e+05  -5.100358252592936e+04  -1.992978942429850e-02  -1.222192668700279e-02  3.723031444335709e-03
  8.199999999999987e+00  9.307943726770362e+03  2.208668237691180e+05  6.697385823963638e+04  2.381715723969021e+05  -1.722560488667201e+05  -3.307013385529453e+04  -2.306511023801012e-02  -1.142844125196101e-02  1.677449585152284e-02
  8.299999999999986e+00  3.639728866148595e+04  2.013670978529115e+05  1.493004270388521e+05  1.933032020614686e+05  -2.542544209310186e+05  1.819195859365834e+04  -1.103849652469514e-02  -8.981544564311763e-03  2.994457608437718e-02
  8.399999999999986e+00  1.212328821894568e+05  1.852915135387791e+05  1.957460367603917e+05  6.774023710578772e+04  -2.680444071494068e+05  5.092954050174417e+04  1.041155233051652e-02  -7.296426894624716e-03  3.161170155247281e-02
  8.499999999999986e+00  2.393468798509824e+05  2.170213684083881e+05  1.875713844523643e+05  -6.422707559680420e+04  -1.512761570616491e+05  3.492553845259360e+04  2.485362242401529e-02  -9.434986180888784e-03  1.513182512181928e-02
  8.599999999999985e+00  3.517214266365052e+05  2.625203793473258e+05  1.555546611302080e+05  -1.325026944521584e+05  5.541166987697336e+04  1.558383377808173e+04  2.773224413817279e-02  -1.260622332271788e-02  -1.251084290673386e-02
  8.699999999999985e+00  4.380164866545842e+05  2.608922100772349e+05  1.233454015141359e+05  -1.322840744294271e+05  2.514215368356594e+05  4.077982577247594e+04  2.970865909757438e-02  -1.239384579003553e-02  -3.917791463201832e-02
  8.799999999999985e+00  4.726483312753924e+05  2.219570169385859e+05  7.807336402879188e+04  -1.147790097722274e+05  3.472879666353473e+05  9.547436620142829e+04  3.920179171556589e-02  -9.467613202104954e-03  -5.284351094421857e-02
  8.899999999999984e+00  4.407647201244983e+05  1.943405385914661e+05  1.374065438483398e+04  -1.117037603329799e+05  3.130236162024345e+05  1.436568338997305e+05  5.037619875108761e-02  -6.360833352755242e-03  -4.468744434179845e-02
  8.999999999999984e+00  3.745722234353723e+05  1.873032995488344e+05  -3.360248458041322e+04  -1.047159226190666e+05  2.032326745473717e+05  1.657335329713737e+05  5.075443240035995e-02  -2.368902971421867e-03  -2.052946390942907e-02
  9.099999999999984e+00  3.272568776563081e+05  1.729568593654291e+05  -3.016422253504650e+04  -8.019345678753784e+04  1.046506743422180e+05  1.565541204067326e+05  3.807597224991951e-02  4.280202664837477e-03  1.040220579925660e-03
  9.199999999999983e+00  3.114721924830877e+05  1.397598964047120e+05  -2.674560430634931e+03  -5.740086789285581e+04  5.907969763077221e+04  1.309113977132876e+05  2.262070826876256e-02  1.128270090980141e-02  7.041727191348929e-03
  9.299999999999983e+00  2.946188766991198e+05  1.077472467347976e+05  4.867891838118893e+03  -5.121592306413307e+04  5.430727852244917e+04  1.200344538694947e+05  1.442175575569883e-02  1.333231209366800e-02  -5.118678893540575e-04
  9.399999999999983e+00  2.532907027377088e+05  1.055729771193360e+05  -2.876502432213373e+03  -5.718892411715564e+04  5.925172958343815e+04  1.415643522745328e+05  1.597574644779108e-02  7.665031719865188e-03  -1.134233068327061e-02
  9.499999999999982e+00  2.005880678228768e+05  1.291969530044076e+05  -2.578437309651328e+03  -6.570272355750117e+04  5.554628049272322e+04  1.815876217375866e+05  2.373759716123512e-02  -1.788654120191699e-03  -1.769456021372794e-02
  9.599999999999982e+00  1.685762017504038e+05  1.494442568245027e+05  8.488537620805304e+03  -6.198627842483219e+04  4.993957020816131e+04  2.117427218364093e+05  3.016544189608307e-02  -8.497208486769325e-03  -1.924154576934673e-02
  9.699999999999982e+00  1.647621751736692e+05  1.507764815636187e+05  1.496975533757504e+04  -2.604196652284781e+04  5.728733162981012e+04  2.074804076584732e+05  2.676767161986616e-02  -9.998114705415511e-03  -2.006373282933499e-02
  9.799999999999981e+00  1.711782772467256e+05  1.330859195205336e+05  3.092515906633174e+03  4.089117508994145e+04  7.070802271214665e+04  1.610736213439206e+05  1.231083239898445e-02  -7.910303780336568e-03  -2.105768152321847e-02
  9.899999999999981e+00  1.750160038244751e+05  1.009540812263259e+05  -2.310786052135941e+04  1.028339101540237e+05  7.113798002050784e+04  8.567774307773542e+04  -4.812898725133748e-03  -4.687646896218356e-03  -2.018926695080517e-02
  9.999999999999980e+00  1.779332612669049e+05  6.563927584967190e+04  -4.441579840932122e+04  1.253093629129851e+05  5.485518577231297e+04  8.226901153860150e+03  -1.538367473889614e-02  -1.683976177932562e-03  -1.754437010728719e-02
  1.009999999999998e+01  1.837863426006611e+05  4.138137012016081e+04  -4.940571740213648e+04  1.134350580632889e+05  3.138673646929524e+04  -4.209650143564500e+04  -1.716030365371185e-02  9.267922380826056e-04  -1.437934688891162e-02
  1.019999999999998e+01  1.867644365515953e+05  3.059299188704756e+04  -4.815509699352497e+04  9.892352855995852e+04  5.935648286435717e+03  -4.912877406352624e+04  -1.382800668727064e-02  3.185947326354627e-03  -1.015574593482607e-02
  1.029999999999998e+01  1.795157373480980e+05  2.117418301334584e+04  -5.455680875273440e+04  9.810258581855433e+04  -2.249549396663883e+04  -2.154852647343190e+04  -9.422490344463358e-03  4.788461394005732e-03  -4.281763049360423e-03
  1.039999999999998e+01  1.631544245630908e+05  1.766588668774805e+03  -6.223254624164261e+04  1.020538043913027e+05  -5.159916834880771e+04  1.360399791967622e+04  -5.808527874210105e-03  5.375527182652007e-03  1.231543047910503e-03
  1.049999999999998e+01  1.406128727153507e+05  -3.137965531361647e+04  -5.553460288525547e+04  9.955361615552746e+04  -7.593351558932220e+04  3.297508538317606e+04  -3.522288678927336e-03  5.420908191762596e-03  3.720548108520406e-03
  1.059999999999998e+01  1.152904225656234e+05  -7.464163634452759e+04  -3.570345060329301e+04  8.738450527747216e+04  -9.505314879550334e+04  3.124518897459017e+04  -2.087962467109881e-03  5.977367273153587e-03  3.767893488740925e-03
  1.069999999999998e+01  9.681207768625086e+04  -1.198652592636093e+05  -1.823279235637510e+04  6.624240737910614e+04  -1.109016836114997e+05  1.667197979782589e+04  -4.370702605920648e-04  7.737443832139865e-03  4.706740923180465e-03
  1.079999999999998e+01  9.245731931116145e+04  -1.645724316743235e+05  -1.158229721631254e+04  4.402105031552542e+04  -1.173016051606354e+05  -6.447655094722076e+02  1.101153505073317e-03  1.114292157699221e-02  7.847801983941773e-03
  1.089999999999998e+01  9.910441432261156e+04  -2.104885241525376e+05  -9.386157720217947e+03  3.407574304290301e+04  -1.034696860800482e+05  -1.496581117024471e+04  7.510147674967791e-04  1.591163202018863e-02  1.034304194686219e-02
  1.099999999999998e+01  1.108564113523669e+05  -2.514331326563189e+05  -2.503643746682289e+03  4.225518777684563e+04  -6.918931235176840e+04  -2.370662668835051e+04  -1.965170094779637e-03  2.019836449320851e-02  8.861698547918226e-03
  1.109999999999998e+01  1.238087810171251e+05  -2.767170038094083e+05  8.693826951487390e+03  6.331451299052549e+04  -2.800206191921170e+04  -2.405327868294040e+04  -5.266515562317513e-03  2.212691561096841e-02  3.862569316433012e-03
  1.119999999999998e+01  1.345075312184916e+05  -2.834698491839440e+05  2.001803416660169e+04  8.623717523252498e+04  3.877674978301735e+03  -1.441733527517414e+04  -6.705749506302055e-03  2.188298914275477e-02  -8.691253563920949e-04
  1.129999999999998e+01  1.415658188548230e+05  -2.778120588069144e+05  3.156795168585844e+04  9.667471650183749e+04  1.779130000080729e+04  9.507603135171856e+02  -4.741122433456033e-03  2.106862074622383e-02  -2.143984506538208e-03
  1.139999999999998e+01  1.447037105386693e+05  -2.657432948615637e+05  4.205358056211992e+04  8.724070398573493e+04  1.667818689153281e+04  1.414185929189072e+04  -2.992313927559973e-04  2.052467489524599e-02  4.733713231336461e-05
  1.149999999999998e+01  1.396504698560617e+05  -2.437339759841023e+05  4.271226882719540e+04  7.243528810653777e+04  1.370858041912376e+04  2.119540046338765e+04  2.717440412846881e-03  1.951034683136672e-02  3.182972034920604e-03
  1.159999999999997e+01  1.190354232603255e+05  -2.017222446979823e+05  2.471342289021083e+04  7.986608974793569e+04  2.264449843095071e+04  2.216727954791193e+04  3.185923974578557e-04  1.687123190699185e-02  4.551022643290579e-03
  1.169999999999997e+01  8.133602647280475e+04  -1.381170888695330e+05  -8.393195237503676e+03  1.211219854433124e+05  4.368884400118580e+04  1.460372793481115e+04  -7.925384624565683e-03  1.249000619772930e-02  3.374363110863596e-03
  1.179999999999997e+01  3.674036035829677e+04  -6.708524022195869e+04  -4.126283009236017e+04  1.801124006218547e+05  5.892134865282281e+04  -4.270740251189890e+03  -1.903025330171272e-02  7.380580221710525e-03  1.508271052266150e-03
  1.189999999999997e+01  -7.529212881824781e+02  -9.453080472121845e+03  -6.107212471622114e+04  2.303745128031838e+05  4.548624696677398e+04  -2.825103199024087e+04  -2.961100329802919e-02  2.704215403940883e-03  2.061340121969930e-03
  1.199999999999997e+01  -2.537467113946279e+04  2.390264321408312e+04  -6.521455319196370e+04  2.542103003999909e+05  -3.759204559078243e+03  -4.301631515323594e+04  -3.746567508715905e-02  -1.077265213958977e-03  6.867336671790955e-03
  1.209999999999997e+01  -4.010807014303308e+04  3.968568131329324e+04  -5.511704695526818e+04  2.467967889950307e+05  -7.237885570116616e+04  -3.787825826920588e+04  -4.110884227056791e-02  -4.096822188640491e-03  1.500589544518359e-02
  1.219999999999997e+01  -4.891836971525902e+04  5.082534449792992e+04  -3.230983828948663e+04  2.148905071387142e+05  -1.322950054217416e+05  -1.394984582770329e+04  -3.964315233142055e-02  -6.135240710874366e-03  2.331774588281157e-02
  1.229999999999997e+01  -5.000066226712068e+04  6.272367178979763e+04  -2.984761112350839e+03  1.731862703524930e+05  -1.612213252508631e+05  1.718900388250438e+04  -3.325018161080793e-02  -6.444134752165842e-03  2.807566333743238e-02
  1.239999999999997e+01  -3.805135101455927e+04  7.489486092511317e+04  2.027763303941835e+04  1.353537526349047e+05  -1.517905045165729e+05  4.024477747166422e+04  -2.349911549581300e-02  -5.071352831087957e-03  2.687694324687879e-02
  1.249999999999997e+01  -1.538664456123685e+04  8.705875673286327e+04  2.690906920325985e+04  1.082592605336101e+05  -1.130199098961669e+05  4.550090716164600e+04  -1.339630845395349e-02  -3.363143091179791e-03  2.026265295077473e-02
  1.259999999999997e+01  4.025135757755439e+03  9.766835013322740e+04  1.850089905517645e+04  9.255229655220282e+04  -6.674134000298743e+04  3.539458269987642e+04  -6.331002675542455e-03  -2.679841893037654e-03  1.197853357029523e-02
  1.269999999999997e+01  7.584884442624995e+03  1.028098626510794e+05  8.050158235458858e+03  8.279309514043761e+04  -3.574296929776711e+04  1.990643959052284e+04  -3.628764820185151e-03  -3.355322867592376e-03  6.568670214173217e-03
  1.279999999999997e+01  -1.304667689553063e+03  1.002079316957783e+05  7.561562532658608e+03  6.849548891342466e+04  -2.866323351681884e+04  5.630871885236778e+03  -3.332260345155002e-03  -4.869620280788479e-03  5.755578091853794e-03
  1.289999999999997e+01  -7.373176962009999e+03  9.229976077673449e+04  1.752658414011655e+04  4.286893683450527e+04  -3.680711946883515e+04  -7.719407532585741e+03  -2.456273640792153e-03  -6.359707859052076e-03  7.518109502672788e-03
  1.299999999999997e+01  -5.885586333949805e+02  8.430166446720474e+04  2.828856666765169e+04  1.246583843811508e+04  -4.590873878616248e+04  -2.149523822071330e+04  -2.445765109541908e-04  -6.962574985023048e-03  8.807001788877831e-03
  1.309999999999997e+01  1.710436203093305e+04  8.093663688727147e+04  3.069956090030553e+04  -7.007135163046150e+03  -4.886055656962340e+04  -3.333999917973309e+04  1.536567540649328e-03  -6.375793338726217e-03  8.406064903421630e-03
  1.319999999999997e+01  3.948221429802766e+04  8.388454321087252e+04  2.600637591165063e+04  -5.745449482362687e+03  -4.782222642871463e+04  -3.985271037934938e+04  1.153730329497063e-03  -5.168916446984831e-03  7.003778462576299e-03
  1.329999999999997e+01  6.190799073717475e+04  8.911583300503077e+04  2.460980090980313e+04  1.254783630153239e+04  -4.827210417397798e+04  -4.078514129539998e+04  -1.152620206446962e-03  -4.026221298057035e-03  5.529935899232489e-03
  1.339999999999997e+01  7.985645951762337e+04  8.941820202629054e+04  3.497393394077063e+04  3.666771178086250e+04  -5.391758310412310e+04  -3.826260852440347e+04  -3.803207734097383e-03  -2.979143067977144e-03  4.256679059425778e-03
  1.349999999999997e+01  8.898095893400417e+04  8.232870972725458e+04  5.496508627162797e+04  5.697369123933290e+04  -6.471136788730930e+04  -3.363825815494642e+04  -5.533701535347960e-03  -1.831196416882140e-03  3.095597881059598e-03
  1.359999999999997e+01  8.935683221022862e+04  7.230680084980067e+04  7.429542790030080e+04  6.852599166600844e+04  -7.564409617797886e+04  -2.728823734652491e+04  -5.919234592914266e-03  -8.684116945077560e-04  1.929622463024214e-03
  1.369999999999997e+01  8.584977280251143e+04  6.439373062329314e+04  8.384472521838009e+04  7.050241437730857e+04  -7.802627221118147e+04  -2.097653332911016e+04  -4.895643535549329e-03  -6.937498550434439e-04  5.596448009301832e-04
  1.379999999999997e+01  8.276896399229384e+04  6.036890826579196e+04  8.213173793018032e+04  6.597934118009043e+04  -6.580773258883032e+04  -1.806048517158434e+04  -2.546966661205521e-03  -1.568809237824373e-03  -1.247472149089019e-03
  1.389999999999997e+01  8.096302798951665e+04  6.064723929073291e+04  7.539179099378834e+04  6.012828481299260e+04  -4.214417801498358e+04  -2.063285267248216e+04  6.376607730822015e-04  -3.121903593422148e-03  -3.484426878804256e-03
  1.399999999999997e+01  7.990846539238306e+04  6.380372830388111e+04  7.292559043346351e+04  5.642770470986440e+04  -1.803565261707956e+04  -2.738244003528490e+04  3.752514702326967e-03  -4.400272565463650e-03  -5.636722912867153e-03
  1.409999999999997e+01  7.979996288704484e+04  6.454634862742772e+04  7.983485088460927e+04  5.436993697048056e+04  -3.281878578235383e+03  -3.456164642371357e+04  5.985320532057986e-03  -4.211072642613800e-03  -6.833585463187625e-03
  1.419999999999997e+01  8.113893268851016e+04  5.786843664692278e+04  9.209691440519087e+04  5.073849266573564e+04  5.552534441950515e+02  -3.897488511553819e+04  7.112782234424289e-03  -2.062850440311659e-03  -6.519804108456290e-03
  1.429999999999997e+01  8.387146597483766e+04  4.571750993215496e+04  1.000559644195181e+05  4.327603000377847e+04  -1.938193190083035e+03  -3.986180380321134e+04  7.370843614694825e-03  1.082835090529769e-03  -4.949565632093703e-03
  1.439999999999996e+01  8.779549166866796e+04  3.590437015884056e+04  9.766286335523931e+04  3.311108062060754e+04  -6.498925007916948e+03  -3.832736055977240e+04  6.890306542234327e-03  3.342792377404442e-03  -3.121391686874192e-03
  1.449999999999996e+01  9.269370584582334e+04  3.410738224898231e+04  8.744610140755125e+04  2.399561638164229e+04  -1.122439453261307e+04  -3.584551391172237e+04  5.418768215274745e-03  3.391601772478099e-03  -2.331986439841578e-03
  1.459999999999996e+01  9.694176915434022e+04  3.817404566690136e+04  7.661079793712120e+04  1.932518976224052e+04  -1.416270791407380e+04  -3.343692775699453e+04  2.701791161819282e-03  1.584704246582602e-03  -3.392671949040452e-03
  1.469999999999996e+01  9.653343963787274e+04  4.028966916953633e+04  6.962037149387444e+04  1.900547686113414e+04  -1.269619091078775e+04  -3.164187836323522e+04  -7.571177807680691e-04  -4.002583368992036e-04  -5.911781352151284e-03
  1.479999999999996e+01  8.849438522339269e+04  3.588512825868517e+04  6.643225071333331e+04  1.907391098517504e+04  -5.969590464099237e+03  -3.033049809281420e+04  -3.510756702942569e-03  -1.124093821048916e-03  -8.371756246755280e-03
  1.489999999999996e+01  7.596624345292733e+04  2.933374642114423e+04  6.556872603436481e+04  1.576822071544689e+04  3.909157693691062e+03  -2.823718787500954e+04  -4.159905080596606e-03  -5.454222524759821e-04  -9.263025668602452e-03
  1.499999999999996e+01  6.729387886011282e+04  2.875301657229220e+04  6.498210022330880e+04  1.034844113001847e+04  1.372146554787106e+04  -2.328332131063012e+04  -2.627289988543263e-03  2.774463219132962e-04  -8.360212621174264e-03
  1.509999999999996e+01  6.908739440120893e+04  3.645197714189884e+04  6.043753552261488e+04  8.274323714446471e+03  2.129971460486552e+04  -1.425133607227742e+04  -2.174190502093144e-04  3.490412972875494e-04  -6.792832733814894e-03
  1.519999999999996e+01  8.065145946564275e+04  4.662373258384353e+04  4.642290289436694e+04  1.281510431575519e+04  2.554771369416298e+04  -2.401343484048786e+03  1.703871289526538e-03  -4.796826816512838e-04  -5.883741978309359e-03
  1.529999999999996e+01  9.533085863369738e+04  5.148677114101120e+04  2.152835020865773e+04  2.094720555706394e+04  2.550851000065834e+04  8.720450583429765e+03  2.858174219597090e-03  -1.537725570713473e-03  -5.998125423093129e-03
  1.539999999999996e+01  1.063729068263451e+05  4.776803413185695e+04  -7.992139339708024e+03  2.705639641733882e+04  2.083468124942867e+04  1.525552640414364e+04  3.765038987493721e-03  -1.877103193844226e-03  -6.547230465111214e-03
  1.549999999999996e+01  1.112009553206726e+05  3.858285615050372e+04  -3.132392405031934e+04  2.964546152202336e+04  1.281219106886065e+04  1.540227047854051e+04  4.642965522844937e-03  -9.760259308041543e-04  -6.813554627787011e-03
  1.559999999999996e+01  1.108634066332708e+05  3.106978568841919e+04  -4.046396016771875e+04  3.232863270033668e+04  3.515663137651752e+03  1.062354838270966e+04  5.044639828897756e-03  8.439978786139265e-04  -6.448593065307124e-03
  1.569999999999996e+01  1.066053312613421e+05  3.193078266653100e+04  -3.571060251954609e+04  3.818933345535360e+04  -6.084274630847524e+03  4.826283589695247e+03  4.573358050583671e-03  2.677660330698717e-03  -5.385753561749650e-03
  1.579999999999996e+01  9.789987102337525e+04  4.296418731844949e+04  -2.507808185429826e+04  4.515705075086055e+04  -1.602609239388414e+04  1.913992482106436e+03  3.580101122968442e-03  3.717008774053313e-03  -3.740715181912882e-03
  1.589999999999996e+01  8.420962579552009e+04  5.920609147269464e+04  -1.852597094662498e+04  4.826565570033358e+04  -2.515006287678784e+04  3.563310858640625e+03  2.918361846245960e-03  3.692923529731278e-03  -1.964242125822217e-03
  1.599999999999996e+01  6.826961720579532e+04  7.174185042568628e+04  -2.121405107543343e+04  4.536346894527449e+04  -3.042116807673537e+04  8.800942674518818e+03  3.137445713551817e-03  2.824429305661824e-03  -8.005953385968015e-04
  1.609999999999996e+01  5.599234236355022e+04  7.315468120970986e+04  -3.089246479525633e+04  3.901573468288276e+04  -3.010339744796446e+04  1.509630261431393e+04  4.063253608555444e-03  1.484823271468557e-03  -7.246937937418804e-04
  1.619999999999996e+01  5.233462080713713e+04  6.207285361886762e+04  -4.081831868262626e+04  3.340518654402296e+04  -2.731299969201791e+04  2.006047802994811e+04  5.006935104878858e-03  -4.326590067016490e-05  -1.372961011763664e-03
  1.629999999999996e+01  5.703641286584950e+04  4.414605108550308e+04  -4.483002876396692e+04  3.116017434302894e+04  -2.857749633169396e+04  2.291630100300842e+04  5.203659425964778e-03  -1.564469235398230e-03  -1.714226849134718e-03
  1.639999999999996e+01  6.436303199614626e+04  2.852337959545428e+04  -4.062977148362612e+04  3.317352583385444e+04  -3.780224373331105e+04  2.494985697951366e+04  4.197709424739636e-03  -2.847921180325291e-03  -9.082061663957108e-04
  1.649999999999996e+01  6.756871688724720e+04  2.232701188491207e+04  -3.017956918758817e+04  3.931411531520425e+04  -5.204298529299237e+04  2.838222200873280e+04  2.181652536845414e-03  -3.580130394531636e-03  1.002982504403899e-03
  1.659999999999997e+01  6.367595812260209e+04  2.674973697694334e+04  -1.827633636111766e+04  4.777010739058819e+04  -6.393039661654088e+04  3.419060058372642e+04  8.712084095716243e-05  -3.538232920827394e-03  3.213155388822347e-03
  1.669999999999997e+01  5.459619095324067e+04  3.682456035325636e+04  -9.818992729442565e+03  5.471403091036449e+04  -6.803704296156511e+04  4.079407966789327e+04  -9.445503855580631e-04  -2.747219337934607e-03  4.861841489803301e-03
  1.679999999999997e+01  4.469034980795752e+04  4.468110851447385e+04  -6.776438174425905e+03  5.678010314737353e+04  -6.443665455908645e+04  4.498753154692372e+04  -4.820717203327426e-04  -1.407294013808274e-03  5.590413686991425e-03
  1.689999999999997e+01  3.786191952760316e+04  4.446576412687424e+04  -7.486271415874449e+03  5.456341216833045e+04  -5.678906118153588e+04  4.420826772690722e+04  7.138960108296012e-04  2.167277692333233e-04  5.512338889301138e-03
  1.699999999999997e+01  3.672745068473659e+04  3.608666314725970e+04  -9.192673235929195e+03  5.275804841171391e+04  -4.848643771826320e+04  3.803811436657541e+04  1.253556897111717e-03  1.787864421239240e-03  4.872602366383020e-03
  1.709999999999997e+01  4.258433339752689e+04  2.504846596064803e+04  -1.083107235273739e+04  5.601705971364171e+04  -4.152698468681453e+04  2.801825705281662e+04  3.144677938292841e-04  2.818606277143246e-03  3.882005337255809e-03
  1.719999999999997e+01  5.463412909878026e+04  1.847051846456754e+04  -1.335837573933016e+04  6.430777661156066e+04  -3.750444812571318e+04  1.664589065110189e+04  -1.635317991650491e-03  2.853616557603389e-03  2.787127812278113e-03
  1.729999999999998e+01  6.876082420098472e+04  2.005494559531195e+04  -1.742005543600205e+04  7.279780968403791e+04  -3.772943327592144e+04  6.551536542862117e+03  -3.239364270753724e-03  1.770223393466856e-03  1.918102633902986e-03
  1.739999999999998e+01  7.869930774084845e+04  2.774932353325994e+04  -2.135295654094671e+04  7.612379845696555e+04  -4.147995111917625e+04  -4.937109307306295e+01  -3.348527397335200e-03  -5.225048861671107e-05  1.492811373230627e-03
  1.749999999999998e+01  7.978428264252149e+04  3.548558756866879e+04  -2.171092475889028e+04  7.278564437883535e+04  -4.524205491168933e+04  -2.073327687915432e+03  -1.816440423098249e-03  -1.935266823921243e-03  1.421602967338180e-03
  1.759999999999998e+01  7.244311132358930e+04  3.770572623296337e+04  -1.603850788245223e+04  6.582260666276763e+04  -4.496460184076694e+04  -1.770512415785509e+02  5.215129316015730e-04  -3.272224105126705e-03  1.416665664842535e-03
  1.769999999999998e+01  6.205494581985718e+04  3.348104373168472e+04  -5.280118145822024e+03  5.976410618205190e+04  -3.938054537611632e+04  3.596736478176706e+03  2.516445608467846e-03  -3.801557955848328e-03  1.329375873592157e-03
  1.779999999999998e+01  5.489613813741730e+04  2.649353026845172e+04  6.653555077975029e+03  5.710080716578422e+04  -3.091280810529813e+04  7.061903814139409e+03  3.430913875029059e-03  -3.635396751618435e-03  1.284038123801582e-03
  1.789999999999998e+01  5.401283122616644e+04  2.136312305917711e+04  1.590602786199998e+04  5.691754891801496e+04  -2.332467472722559e+04  8.899549362946878e+03  3.265528908601234e-03  -3.065945722400948e-03  1.435679310469806e-03
  1.799999999999999e+01  5.795793279027638e+04  2.006579558734681e+04  2.147610240320688e+04  5.619935918804901e+04  -1.872904793460427e+04  8.807266992886751e+03  2.585121341745648e-03  -2.366705813109970e-03  1.720859409875460e-03
  1.809999999999999e+01  6.260523562862631e+04  2.138909773668656e+04  2.528474091757253e+04  5.257178650798646e+04  -1.659847144300985e+04  7.308750590203144e+03  1.989292534720093e-03  -1.668064100497226e-03  1.919600830347032e-03
  1.819999999999999e+01  6.420730395335081e+04  2.321931115146219e+04  2.963383842859189e+04  4.634644255134839e+04  -1.489978930228289e+04  5.587249600472192e+03  1.658781177609849e-03  -9.826049351731997e-04  1.859475035340347e-03
  1.829999999999999e+01  6.158669302329696e+04  2.477333283665971e+04  3.475902891921550e+04  4.019344038710149e+04  -1.177039795593799e+04  5.011567090894320e+03  1.346090488873748e-03  -3.213426859947191e-04  1.468014080673880e-03
  1.839999999999999e+01  5.652881026556128e+04  2.665841497674418e+04  3.858008051441678e+04  3.678153861367895e+04  -6.586644710222240e+03  6.289284889846802e+03  7.480892568924532e-04  2.536754410803306e-04  7.009417512082991e-04
  1.849999999999999e+01  5.238301039092100e+04  2.951578215457438e+04  3.861559017322773e+04  3.668113914116808e+04  -3.166311070856769e+02  8.854890616473882e+03  -1.464203772859813e-04  6.305290214637064e-04  -4.142127587721709e-04
  1.859999999999999e+01  5.195124416049110e+04  3.303075714470189e+04  3.444673202866846e+04  3.843681706730356e+04  4.811030661474232e+03  1.119028805059918e+04  -1.088847666936168e-03  7.035421841125488e-04  -1.630241865897408e-03
  1.870000000000000e+01  5.597235845232986e+04  3.595130990453302e+04  2.829444011108574e+04  4.048678420595797e+04  6.398187097401201e+03  1.184870162091204e+04  -1.868875472397686e-03  4.543065951373221e-04  -2.514377147606544e-03
  1.880000000000000e+01  6.308129583057607e+04  3.706601192740953e+04  2.340401913828821e+04  4.259711860464125e+04  3.287308379323993e+03  1.024374359275922e+04  -2.490773795805473e-03  -1.583315461371921e-05  -2.732456314675659e-03
  1.890000000000000e+01  7.118619013902507e+04  3.614588393840389e+04  2.182066485574176e+04  4.533344597958004e+04  -3.588621399873896e+03  6.774746278503222e+03  -3.050868879331045e-03  -4.932203583116812e-04  -2.323006016590545e-03
  1.900000000000000e+01  7.877772911844171e+04  3.380160502807955e+04  2.338857744000294e+04  4.867804685957231e+04  -1.162279745454325e+04  2.347746183969969e+03  -3.499182904137480e-03  -7.169325457323633e-04  -1.679756264430701e-03
  1.910000000000000e+01  8.525139395708311e+04  3.085313661241957e+04  2.675791872723839e+04  5.157844076992543e+04  -1.801063880173189e+04  -2.257647870374028e+03  -3.607791728796802e-03  -5.160353636207532e-04  -1.249925049785098e-03
  1.920000000000000e+01  9.038079150033146e+04  2.802164298417609e+04  3.075519857523105e+04  5.298433332765818e+04  -2.120751918220350e+04  -6.519058357368650e+03  -3.203081990235630e-03  7.073447482716487e-05  -1.230501675821796e-03
  1.930000000000000e+01  9.352922409349238e+04  2.612392197588996e+04  3.477381113748128e+04  5.315699480265108e+04  -2.155580065594508e+04  -9.817705024115343e+03  -2.421984954857117e-03  7.986158840394831e-04  -1.475513604896313e-03
  1.940000000000001e+01  9.368867112837212e+04  2.632208947661452e+04  3.843433535869137e+04  5.356007399540089e+04  -2.082362917757529e+04  -1.114296997730820e+04  -1.692871097707524e-03  1.357711691792158e-03  -1.646349301553761e-03
  1.950000000000001e+01  9.044218266421762e+04  2.975355595537886e+04  4.117065182529198e+04  5.529631424330804e+04  -2.100645347783686e+04  -9.476931480508512e+03  -1.395156469065107e-03  1.554331851567401e-03  -1.476990049165626e-03
  1.960000000000001e+01  8.497115048255173e+04  3.679792733606626e+04  4.239306385967487e+04  5.773119432268127e+04  -2.324043126787101e+04  -4.710221750718044e+03  -1.509123886204122e-03  1.396300617617750e-03  -9.464981696285592e-04
  1.970000000000001e+01  8.001703725165533e+04  4.659403803925577e+04  4.221906163117402e+04  5.893287647250253e+04  -2.742187027920528e+04  1.970811231513961e+03  -1.623239515000205e-03  1.058220954164081e-03  -2.424301430509533e-04
  1.980000000000001e+01  7.833773683280699e+04  5.705937875543762e+04  4.176512343442474e+04  5.762128504196108e+04  -3.256772018603433e+04  8.695803852762248e+03  -1.313219509009686e-03  7.845151436046139e-04  4.012110865998641e-04
  1.990000000000001e+01  8.087696681015835e+04  6.567734384859346e+04  4.262086759478814e+04  5.447180298483145e+04  -3.751806064945368e+04  1.389768531335897e+04  -5.196646418726698e-04  7.642233091726269e-04  8.616902285752343e-04
