TITLE = "Temporal Signal for receiver number 00403"
VARIABLES = "Time","xx","yy","zz","xy","yz","xz","u","v","w"
# x1       3.525946160000e+05
# x2       4.737184950000e+06
# x3       -3.000000000000e+03
  0.000000000000000e+00  0.000000000000000e+00  0.000000000000000e+00  0.000000000000000e+00  0.000000000000000e+00  0.000000000000000e+00  0.000000000000000e+00  0.000000000000000e+00  0.000000000000000e+00  0.000000000000000e+00
  1.000000000000000e-01  0.000000000000000e+00  0.000000000000000e+00  0.000000000000000e+00  0.000000000000000e+00  0.000000000000000e+00  0.000000000000000e+00  0.000000000000000e+00  0.000000000000000e+00  0.000000000000000e+00
  2.000000000000000e-01  0.000000000000000e+00  0.000000000000000e+00  0.000000000000000e+00  0.000000000000000e+00  0.000000000000000e+00  0.000000000000000e+00  0.000000000000000e+00  0.000000000000000e+00  0.000000000000000e+00
  3.000000000000000e-01  -1.635653363106536e-21  -3.205666038693093e-21  -2.911751860142044e-21  2.495834069016444e-22  -6.513689774308846e-23  4.907586498843185e-22  -5.267982395333377e-29  2.386997548003018e-28  1.089185034007637e-28
  4.000000000000000e-01  -5.240062727911233e-12  -1.513025336261667e-11  -4.417453850623909e-12  -1.211849781306212e-12  -2.921744233707712e-12  -1.875382798148067e-13  1.819382032101789e-19  1.320244614532392e-18  2.356835004738642e-19
  5.000000000000000e-01  3.303379117392682e-09  7.021867380185859e-09  2.979485710954892e-09  4.291199461625834e-11  1.800931615287224e-09  -3.676254167013889e-10  -4.493081130448996e-17  -6.070560279574647e-16  -2.191201656945491e-16
  6.000000000000000e-01  -7.451868342945151e-08  -2.056369540308845e-07  -4.030935772376484e-08  8.551992864600382e-08  -9.944329721392544e-09  2.314308138262010e-08  -1.002588115651193e-14  1.558912691888131e-14  1.254494284888332e-15
  7.000000000000000e-01  -1.145673858368453e-07  -5.036784423224314e-07  -3.391506120395507e-07  7.184936618877880e-07  2.901158322948530e-07  8.339977071106533e-08  -1.203736827532635e-13  4.075558885157301e-14  -5.243838785132004e-14
  7.999999999999999e-01  1.267430700167494e-05  5.392834813196020e-06  -2.637785814957323e-06  -1.290348704996165e-05  -8.931550223187170e-07  -6.785079482709040e-06  1.732545257223176e-12  -2.451006416752783e-13  4.657024585703768e-14
  8.999999999999999e-01  -2.017691944265193e-05  -1.040032047221575e-04  -9.518618940720436e-05  -2.505467673864913e-04  -1.964540088100435e-05  -7.482700939363379e-05  3.808333281785846e-11  1.113018063518857e-11  1.304514405690043e-12
  9.999999999999999e-01  2.929498013834166e-04  1.584232302900805e-03  3.833141373798804e-04  -1.248573277630802e-03  2.057697272047732e-04  -3.665566708903815e-04  2.120787807786498e-10  -1.300314423985905e-10  -3.464826744808248e-11
  1.100000000000000e+00  8.002676262012537e-03  2.071765108809865e-02  7.690449433321637e-03  3.704091542309741e-03  1.426738298081221e-03  -7.794481167762414e-04  -5.128374700645820e-10  -1.737467897306125e-09  -1.826510513668230e-10
  1.200000000000000e+00  -1.057857769937469e-02  -2.544798721590049e-02  -1.561093555706072e-02  1.308793549010612e-02  -9.939461165516068e-03  -3.199784621971910e-03  -2.299477203299854e-09  2.313876081012234e-09  1.444703588756052e-09
  1.300000000000000e+00  -1.330133425839894e-01  -2.335366395596819e-01  -6.779475747120418e-02  -8.071389068326551e-02  2.468614400120933e-02  8.412510335949535e-03  1.283900267176845e-08  1.886136488623496e-08  -3.691897085207024e-09
  1.400000000000000e+00  8.399672460971759e-01  1.824881420097060e+00  9.942677119883806e-01  2.733881701376715e-01  3.294205338705618e-01  9.698453105881814e-02  -4.532975926001654e-08  -1.541500500842680e-07  -5.077420371406428e-08
  1.500000000000000e+00  -1.549217224766161e+00  -3.345702102186371e+00  -1.940330584591064e+00  1.038179535517718e-04  -7.701280925278672e-01  -1.498992863555191e-01  1.208351792316185e-09  2.797619273734554e-07  1.168120412846335e-07
  1.600000000000000e+00  2.194919310275608e+00  4.623609002640777e+00  2.428261525015162e+00  -3.206818066193548e-01  8.967769770019852e-01  2.265223254520083e-01  4.511032391165206e-08  -3.644205482170485e-07  -1.416584417143019e-07
  1.700000000000000e+00  -6.942697792379339e+00  -1.685610142314908e+01  -8.633797180213136e+00  -9.487507427450846e-03  -3.364107262142733e+00  -1.478119899400663e-01  3.540043351461135e-08  1.340256655820038e-06  5.303380888586179e-07
  1.800000000000000e+00  6.448626947071872e+01  1.648552638760244e+02  9.490824005861030e+01  -4.387369760061558e+00  4.935943492396866e+01  -3.180996916876744e+00  5.739188979988644e-07  -1.370905259501466e-05  -7.116127346981803e-06
  1.900000000000001e+00  2.001631040946355e+01  5.784670999128529e+01  8.334339167570904e+01  2.185852044991062e+01  7.351725102729482e+01  5.008943740870370e+00  -2.861851172413703e-06  -5.364753001404556e-06  -1.045535217607765e-05
  2.000000000000000e+00  -1.765581704022453e+02  -4.050146283111883e+02  -8.980683078047531e+01  1.321390348522265e+02  2.292245777160565e-01  2.481625513922466e+01  -1.593272191565091e-05  3.275370909016410e-05  -2.244773690996462e-07
  2.100000000000001e+00  -2.531982505748949e+02  -5.673528189608803e+02  -1.148238448320856e+02  2.666420422446466e+02  -5.185200274421415e+00  4.127312161223472e+01  -3.067553049340383e-05  4.427221520806764e-05  2.960584951976958e-06
  2.200000000000001e+00  -2.671450440909515e+02  -5.336687930614144e+02  -1.005437381900894e+01  4.050260726774328e+02  3.077007590429419e+01  5.450843498994950e+01  -4.355979718534805e-05  3.941065404164946e-05  -1.528797498160832e-06
  2.300000000000001e+00  -3.418914899874029e+02  -6.322535137353153e+02  7.897254464019483e+01  5.179375325206335e+02  5.734801564963924e+00  4.533356831342147e+01  -4.988326032202411e-05  4.685119873870364e-05  -6.066591464909549e-07
  2.400000000000001e+00  -4.715861082145977e+02  -9.806393930911669e+02  1.982417282500280e+02  7.816767576893603e+02  8.197799891814849e+01  6.452913953684862e+01  -7.584604359068413e-05  7.437728289895183e-05  -1.994859518545593e-05
  2.500000000000001e+00  -7.533337581364743e+02  -1.598057442093597e+03  4.003998099866888e+02  1.226828279109744e+03  1.826927440391346e+02  8.539762254718460e+01  -1.182732202919221e-04  1.224753641971107e-04  -4.495120901130399e-05
  2.600000000000001e+00  -9.027348548691932e+02  -1.836262651246255e+03  8.497762953695452e+02  1.960317778541474e+03  3.146624198445454e+02  1.143268824826076e+02  -1.908013677302026e-04  1.345780539801751e-04  -6.243291304016489e-05
  2.700000000000001e+00  -3.566071808164733e+03  -8.791952548728190e+03  -7.280625782869222e+02  3.662312122070572e+03  6.684060871682689e+01  3.101051324542610e+02  -3.727451497687645e-04  6.943434332847598e-04  -4.782200059182061e-05
  2.800000000000001e+00  -9.827007490978864e+03  -2.643001142920631e+04  -4.663055663887435e+03  8.714226182047367e+03  -1.227166102590734e+03  1.201670112636047e+03  -9.476468590521853e-04  2.116709953834936e-03  5.501496403917516e-05
  2.900000000000001e+00  -2.403061596015858e+04  -6.657076386361409e+04  -1.726108680495928e+04  1.908728240764394e+04  -8.346459897194991e+03  2.725452848314277e+03  -2.096164442239081e-03  5.348240806924875e-03  9.284076060291798e-04
  3.000000000000001e+00  -4.690285128351439e+04  -1.351288470999056e+05  -3.796074092607138e+04  3.686273214327935e+04  -1.929473507776949e+04  4.085994363659737e+03  -3.932713556486645e-03  1.084773039171761e-02  2.278670823414654e-03
  3.100000000000001e+00  -7.041317428757150e+04  -2.289302742767718e+05  -5.792218770640400e+04  6.748815126763123e+04  -3.699185658163955e+04  7.412384327845851e+03  -7.141457011505838e-03  1.828383471633473e-02  3.981395970022238e-03
  3.200000000000002e+00  -1.113038205412013e+05  -3.797551956901440e+05  -9.297570035722625e+04  1.016869836793205e+05  -7.542561788918340e+04  5.171915148008780e+03  -9.812190977790977e-03  3.011496743789722e-02  7.959241917668844e-03
  3.300000000000002e+00  -1.470869188707021e+05  -5.845155736295816e+05  -1.249888575866936e+05  1.875255664593663e+05  -1.098630510403103e+05  1.418670198824806e+03  -1.869806351642911e-02  4.637864430236893e-02  1.016798266384015e-02
  3.400000000000002e+00  -2.053692301439179e+05  -9.873131631013855e+05  -1.825994630728102e+05  2.743417595186188e+05  -1.702847658831029e+05  -3.600472591946198e+03  -2.684471827693949e-02  7.796490260317013e-02  1.358419246297982e-02
  3.500000000000002e+00  -1.075739057805073e+05  -1.076220396866019e+06  -1.107524823991892e+05  3.283803623308890e+05  -3.264973794201493e+05  -4.690353309150789e+04  -2.736434845560577e-02  8.029313558019580e-02  2.926296104959764e-02
  3.600000000000002e+00  1.314691833998685e+04  -8.292251833072341e+05  8.463712172553572e+04  5.941237719077468e+05  -3.735061665202201e+05  -7.771280835470521e+04  -5.205497478533743e-02  6.058190784531148e-02  2.597907016492555e-02
  3.700000000000002e+00  1.723443835183460e+05  -1.141291560539046e+06  2.334741314518476e+05  1.184524594622435e+06  -2.231061288105632e+05  -2.530079012905874e+04  -1.219183940951358e-01  8.317465384890999e-02  -1.071145308654703e-02
  3.800000000000002e+00  2.568885789014981e+05  -1.324956659739502e+06  2.617055980461400e+05  6.948517317277931e+05  -7.841364123680149e+05  -1.479580226556509e+05  -3.191564997702156e-02  9.191829801465608e-02  5.726713172413681e-02
  3.900000000000002e+00  6.673022715099348e+04  -4.827913395244750e+05  -1.105010055549989e+05  -1.008846596995280e+06  -1.863431530336968e+06  -4.997393426817329e+05  2.272056192514338e-01  2.873057011233618e-02  2.144933534930292e-01
  4.000000000000002e+00  8.677334766321551e+04  2.694329162610140e+05  -5.156730601617189e+05  -1.412866697642581e+06  -1.725727460583286e+06  -5.184103897561758e+05  2.904221882628425e-01  -3.964845608866057e-02  2.098483537243352e-01
  4.100000000000001e+00  5.571734053011817e+05  -8.496659828812140e+04  -3.207625995679178e+05  -1.954645383935990e+05  -6.460000306512999e+05  -1.355354115342674e+05  1.023002419044814e-01  -1.426314804272073e-02  4.585585213339897e-02
  4.200000000000001e+00  9.253939888662938e+05  -6.400191103412635e+05  1.117577727187877e+05  6.825469277555911e+05  -8.216328835301471e+04  1.129271416369518e+05  -5.080057334650911e-02  3.381805728700787e-02  -6.725917167526275e-02
  4.300000000000001e+00  8.699865486191944e+05  -6.661501693566149e+05  1.906789745123881e+05  5.669023562963435e+05  -1.298878708672520e+05  1.070964197974752e+05  -3.981406146510173e-02  3.186507188550266e-02  -7.125235174381504e-02
  4.400000000000000e+00  6.966301861707849e+05  -5.457376404230424e+05  2.733392714455489e+04  2.002521594744527e+05  -2.484452103493144e+05  5.917040910013339e+04  2.928735462925577e-02  1.587631384446245e-02  -4.089219127023475e-02
  4.500000000000000e+00  6.210450005858287e+05  -5.389045537360114e+05  -7.894576476162352e+04  5.186804910759131e+04  -2.217248875729581e+05  4.350840859131853e+04  6.321142404597940e-02  1.321056792119488e-02  -2.823274736927693e-02
  4.600000000000000e+00  5.463585666729045e+05  -4.862907777764340e+05  -1.437212863551902e+05  1.393577608826209e+04  -9.768268554803611e+04  4.253597067861410e+03  7.287634195542252e-02  9.452398818792155e-03  -3.022274592516531e-02
  4.699999999999999e+00  4.737757082208791e+05  -3.842093816564523e+05  -2.366852019738563e+05  -4.348079241691975e+04  2.532575225051526e+04  -3.750131863482870e+03  7.980979100540282e-02  -1.983945916518467e-03  -3.291124619620357e-02
  4.799999999999999e+00  4.943495149120635e+05  -4.480966944439802e+05  -3.837424890325998e+05  -8.701426719166944e+04  8.470048164220151e+04  7.877237136977469e+04  7.340541346515461e-02  -2.750038998457466e-03  -2.980785802277985e-02
  4.899999999999999e+00  5.324610829880114e+05  -7.046922150966410e+05  -4.799634334749765e+05  -6.945444289354362e+04  1.337655513975059e+05  1.767745395853512e+05  5.840300645622790e-02  1.579883625077432e-02  -3.140220947498520e-02
  4.999999999999998e+00  5.047167404185950e+05  -9.627190169150021e+05  -3.885787668162464e+05  -4.364852063858234e+04  2.103322234106519e+05  2.243892708100289e+05  5.463585844281173e-02  3.884299880067786e-02  -4.394212505922365e-02
  5.099999999999998e+00  5.471666312913555e+05  -1.107306379450509e+06  -2.626118455377913e+05  -8.678660380768766e+03  2.496202679055198e+05  2.829340065945855e+05  4.464158306686084e-02  5.144618441104801e-02  -4.770873194289529e-02
  5.199999999999998e+00  7.616418788225962e+05  -1.087540453817832e+06  -3.355969934846421e+05  1.116154613006113e+05  2.157863161079103e+05  3.829963927234985e+05  8.589655227765650e-03  4.602144869578858e-02  -2.089542626326781e-02
  5.299999999999997e+00  9.778270553713824e+05  -9.474908181908933e+05  -5.217994909306997e+05  2.712465483169974e+05  1.889266655332775e+05  4.821946438057994e+05  -2.648047025747155e-02  2.737099317392211e-02  1.208918443014781e-02
  5.399999999999997e+00  1.020132853408973e+06  -8.645295902775003e+05  -6.186023849794108e+05  3.303351399928851e+05  1.977077708273546e+05  5.238347016649118e+05  -2.992103402957017e-02  1.323360793778445e-02  1.339163029164496e-02
  5.499999999999996e+00  9.670659242918486e+05  -8.182101633393228e+05  -5.826924460608466e+05  2.711160461692400e+05  2.032180643131203e+05  4.995480782283712e+05  -1.367109627117367e-02  4.709893820803474e-03  -1.000050644838291e-02
  5.599999999999996e+00  9.094742425998297e+05  -7.422756410497562e+05  -5.448166325560660e+05  1.662440304288914e+05  1.937884871670339e+05  4.631099184862026e+05  5.316176713052638e-04  -4.468695590406744e-03  -2.691145022504050e-02
  5.699999999999996e+00  8.857957389703903e+05  -6.399458605441587e+05  -4.681134954153820e+05  1.095172670456114e+05  1.529540977375564e+05  4.301341506319837e+05  2.945012493498818e-03  -1.917074535958605e-02  -2.567474287793132e-02
  5.799999999999995e+00  9.069035217222862e+05  -4.835112311131888e+05  -2.908126297145026e+05  1.569263094058229e+05  4.403142567792624e+04  3.788273550829522e+05  -6.206049678087976e-03  -4.040900171573830e-02  -1.103622049430497e-02
  5.899999999999995e+00  8.989981164324384e+05  -3.433961703998344e+05  -1.486248583283903e+05  2.548188032791365e+05  -8.231785861194918e+04  3.070548335644048e+05  -1.913703663471200e-02  -5.542560275197153e-02  3.649951198037570e-03
  5.999999999999995e+00  8.539312364611513e+05  -3.180442840009561e+05  -1.360518985737626e+05  3.014651494824031e+05  -1.103147273996710e+05  2.539239472785917e+05  -2.579038545382595e-02  -5.500901151668741e-02  5.464104029259876e-03
  6.099999999999994e+00  8.497409686749073e+05  -3.669288388748331e+05  -2.180796847452138e+05  2.338192449763365e+05  -2.948783347942359e+04  2.712447472354103e+05  -1.433493871760397e-02  -4.409071909363533e-02  -6.328883417920141e-03
  6.199999999999994e+00  8.913279601897058e+05  -3.922325776628453e+05  -3.366760216478335e+05  7.635247292672745e+04  5.663328193425326e+04  3.675532408010962e+05  1.822679003899256e-02  -3.433509813519356e-02  -1.988833104820359e-02
  6.299999999999994e+00  9.481424936890393e+05  -3.491816509094259e+05  -4.200178172070442e+05  -7.239445730542751e+04  8.288322891405530e+04  5.041028124767403e+05  5.433626344094570e-02  -3.562673707506360e-02  -2.524687600215931e-02
  6.399999999999993e+00  9.840155458198442e+05  -2.895532623029644e+05  -4.337073744373558e+05  -1.131292219132665e+05  5.699659158572899e+04  6.128339701358741e+05  6.861201012596030e-02  -4.351777875721279e-02  -2.389441888297239e-02
  6.499999999999993e+00  9.590910251141801e+05  -2.719882606163062e+05  -4.262355731308101e+05  -2.902739890388613e+04  -7.784455364730144e+02  6.071932512795086e+05  5.372257091505227e-02  -4.607674711802023e-02  -2.127040868973458e-02
  6.599999999999993e+00  9.152055373723753e+05  -2.783224526434419e+05  -4.825445929528766e+05  1.066261094351601e+05  -7.196223896117786e+04  4.657948646155475e+05  2.402491517420084e-02  -4.099237142384345e-02  -1.866004516710660e-02
  6.699999999999992e+00  8.960578420007970e+05  -2.793056547742657e+05  -6.166094439443065e+05  2.154609339622925e+05  -1.065040149627635e+05  2.921068104023073e+05  -4.181641874272974e-03  -3.595136939141542e-02  -1.935050677609134e-02
  6.799999999999992e+00  8.984943308641355e+05  -2.875531201127876e+05  -7.059506702165819e+05  2.826362741263125e+05  -5.977610198424838e+04  2.159176248861399e+05  -2.240921799089568e-02  -3.316230012242479e-02  -2.820496574302856e-02
  6.899999999999991e+00  9.141460118479716e+05  -3.173359600413802e+05  -6.663003355621450e+05  3.428410382346231e+05  4.090791855094257e+04  2.551478018111206e+05  -3.134138945065136e-02  -2.667037130445423e-02  -4.324279590527388e-02
  6.999999999999991e+00  9.096778713342670e+05  -3.365236560677774e+05  -5.691585539494480e+05  4.330150182905778e+05  1.265552561382640e+05  3.220698976137944e+05  -3.814737829224673e-02  -1.742288016936844e-02  -5.517192641985984e-02
  7.099999999999991e+00  8.508627312282266e+05  -3.066514368413421e+05  -4.814828536500601e+05  5.428392746080890e+05  1.605011505214118e+05  3.551099398925651e+05  -4.491929444072457e-02  -1.392711960138561e-02  -5.483581577863850e-02
  7.199999999999990e+00  7.642211086423539e+05  -2.609342658543546e+05  -4.051368728260141e+05  5.971664630204752e+05  1.458848084614060e+05  3.659670678520974e+05  -4.389754956900118e-02  -1.383674819308149e-02  -4.166609142101599e-02
  7.299999999999990e+00  7.046933897831964e+05  -2.337207131446253e+05  -3.556059568674496e+05  5.362522067270954e+05  9.264653899995703e+04  3.563973280841350e+05  -2.871952364106211e-02  -8.503335428764235e-03  -2.324573611884705e-02
  7.399999999999990e+00  6.944862928464868e+05  -2.105438866916217e+05  -3.456274340865199e+05  4.126590690904866e+05  3.564411113702063e+04  3.086423765333389e+05  -5.891867556389025e-03  -1.139808485002606e-03  -1.039545446021274e-02
  7.499999999999989e+00  7.092490164315357e+05  -2.130847043484582e+05  -3.609365060703527e+05  3.346290516850110e+05  1.753682544637337e+04  2.471557897183737e+05  1.009452247641613e-02  1.045569091546427e-03  -6.636725938290264e-03
  7.599999999999989e+00  7.207199452831040e+05  -2.540769754756700e+05  -3.560107244326025e+05  3.181171527666835e+05  1.569155324118163e+04  2.193478837060548e+05  1.544486790921328e-02  -5.608473044401018e-04  -2.449176045561568e-03
  7.699999999999989e+00  7.113729206745537e+05  -2.977377978828992e+05  -2.871989813249563e+05  2.914473756257079e+05  -2.162131186123821e+04  2.296609787774999e+05  2.035527034263360e-02  -3.064076512864283e-04  9.075352526134148e-03
  7.799999999999988e+00  6.700696175093357e+05  -3.326580846694382e+05  -1.676625667569938e+05  2.272018456843623e+05  -8.907515148955508e+04  2.483588823201638e+05  2.896921723890683e-02  3.350143498050641e-03  2.164286347231709e-02
  7.899999999999988e+00  6.206919645315483e+05  -3.825881538902230e+05  -6.498058999077214e+04  1.681213123734904e+05  -1.435316803152215e+05  2.542690813803790e+05  3.389121550907039e-02  8.645436954825272e-03  2.856041846588222e-02
  7.999999999999988e+00  6.034992516470292e+05  -4.600299011444355e+05  -3.450252910887486e+04  1.394804286156675e+05  -1.752810054224810e+05  2.417851024808072e+05  3.229989563317430e-02  1.361203239202143e-02  3.179852465002227e-02
  8.099999999999987e+00  6.231521145548366e+05  -5.492178394586344e+05  -7.053484608555051e+04  1.224547526232981e+05  -2.051651222666315e+05  2.151066844148544e+05  2.981814039609816e-02  1.720643681553258e-02  3.363423705004639e-02
  8.199999999999987e+00  6.503973738982568e+05  -6.110370769897327e+05  -1.160121295022591e+05  1.033635705038591e+05  -2.387363821052308e+05  1.902034635210781e+05  2.938052307122220e-02  1.830051789290056e-02  3.313495662131257e-02
  8.299999999999986e+00  6.627267680992496e+05  -6.264562328170114e+05  -1.335963541119460e+05  9.423701558572962e+04  -2.565217963682403e+05  1.814912830824898e+05  2.787438225530356e-02  1.603807952652184e-02  2.974339657085545e-02
  8.399999999999986e+00  6.689670660080925e+05  -6.168377929458106e+05  -1.527734475072758e+05  9.931892827252201e+04  -2.488282115909864e+05  1.790792511895584e+05  2.206212596838160e-02  1.186855991926510e-02  2.279181614591007e-02
  8.499999999999986e+00  6.908043979242042e+05  -6.129115771200410e+05  -2.070883232237335e+05  9.985866308293122e+04  -2.298854589649645e+05  1.586139689845465e+05  1.220001213114498e-02  8.333809165040812e-03  1.406587928601229e-02
  8.599999999999985e+00  7.282936770802010e+05  -6.276912604649264e+05  -2.643998039180588e+05  9.257827134480406e+04  -2.103947179626722e+05  1.107106644989093e+05  2.975486317266130e-04  7.096099227166819e-03  7.770621002782897e-03
  8.699999999999985e+00  7.548022465645514e+05  -6.612555846969425e+05  -2.745463854740879e+05  1.000257883739993e+05  -1.894920221812290e+05  5.543855653222130e+04  -1.132446201932147e-02  9.478296519678416e-03  5.309861774920149e-03
  8.799999999999985e+00  7.516069688193303e+05  -7.002684501956480e+05  -2.465038400203605e+05  1.261906750069287e+05  -1.715921724451504e+05  2.685204815441729e+04  -1.935576166889006e-02  1.450262210709468e-02  5.871700117659184e-03
  8.899999999999984e+00  7.245206843749938e+05  -7.157792120978003e+05  -2.275744254262032e+05  1.451662596435739e+05  -1.716329930054577e+05  3.874708659120704e+04  -2.178143039321019e-02  1.769034297138347e-02  9.770464055374491e-03
  8.999999999999984e+00  6.835801468470913e+05  -7.013464399570550e+05  -2.418178646450647e+05  1.476039604218817e+05  -1.952490554823355e+05  7.304002004757193e+04  -2.043251229918192e-02  1.624238034052970e-02  1.709258147646789e-02
  9.099999999999984e+00  6.298672497815040e+05  -6.747624505679932e+05  -2.724542331666031e+05  1.524805131286170e+05  -2.312801547380355e+05  1.069485023980317e+05  -1.941301834440013e-02  1.228274354319327e-02  2.541813018349854e-02
  9.199999999999983e+00  5.715044926166264e+05  -6.482953559350950e+05  -2.848108823054662e+05  1.765080090987992e+05  -2.701301758811571e+05  1.372792035832188e+05  -2.122041819536390e-02  9.386380927377659e-03  3.148768904634366e-02
  9.299999999999983e+00  5.281505440519394e+05  -6.341513229384247e+05  -2.683259121251078e+05  2.210736290967830e+05  -3.074826632314479e+05  1.682546588454559e+05  -2.541176048363495e-02  9.543675952037941e-03  3.416444570929936e-02
  9.399999999999983e+00  5.183946918595964e+05  -6.397666119778240e+05  -2.549578070788666e+05  2.770479451580874e+05  -3.343365860454031e+05  1.901341021791945e+05  -2.949866508290621e-02  1.237431249638338e-02  3.440226096020239e-02
  9.499999999999982e+00  5.416625094390600e+05  -6.449624102464799e+05  -2.711633942951989e+05  3.280121866082595e+05  -3.408082897634447e+05  1.857943676661683e+05  -3.115675671353377e-02  1.492904367247841e-02  3.313276643285098e-02
  9.599999999999982e+00  5.702496746594175e+05  -6.289727877153670e+05  -2.914563224409722e+05  3.594941170382760e+05  -3.306950009509572e+05  1.536180399956154e+05  -3.017217534254105e-02  1.369973851609889e-02  3.037231696392572e-02
  9.699999999999982e+00  5.735729377341501e+05  -6.026820458096525e+05  -2.722379533353751e+05  3.667123835143089e+05  -3.225076599375345e+05  1.128298056625236e+05  -2.755559125238798e-02  8.057019236653026e-03  2.754501043966182e-02
  9.799999999999981e+00  5.520301161328948e+05  -5.853307380391569e+05  -2.166266350198567e+05  3.519873364037902e+05  -3.303757002091677e+05  8.517113844557290e+04  -2.439930624191596e-02  1.455708494248057e-03  2.743752662607224e-02
  9.899999999999981e+00  5.361637679243227e+05  -5.762638600315948e+05  -1.656805428494275e+05  3.261121022128133e+05  -3.452822506506298e+05  7.965628956979165e+04  -2.177861180915259e-02  -2.042795848052960e-03  2.990928005455423e-02
  9.999999999999980e+00  5.535975646249373e+05  -5.631863095566952e+05  -1.359821708111502e+05  3.052662775154368e+05  -3.446774837163314e+05  9.178224163736003e+04  -2.001995711152044e-02  -1.989307472878896e-03  3.040720715703579e-02
  1.009999999999998e+01  5.973400475291045e+05  -5.451163746693294e+05  -1.156377627657151e+05  2.928419118294989e+05  -3.176477289730091e+05  1.075197138607450e+05  -1.843439399599399e-02  -6.995110250038986e-04  2.545587804605063e-02
  1.019999999999998e+01  6.372998549352096e+05  -5.341919919275352e+05  -1.050079096584724e+05  2.725069290358803e+05  -2.732353639254336e+05  1.141336530315262e+05  -1.631655021480897e-02  1.221988983596086e-04  1.760866517394936e-02
  1.029999999999998e+01  6.583201130606754e+05  -5.338336405466129e+05  -1.128369177337906e+05  2.327496015075693e+05  -2.287245902398930e+05  1.115590588349542e+05  -1.391246200517657e-02  6.832301013772012e-04  1.169250036606611e-02
  1.039999999999998e+01  6.690670029440996e+05  -5.360180471515106e+05  -1.288546024819268e+05  1.878141846907973e+05  -1.936147832505502e+05  1.084661053004293e+05  -1.172535968074155e-02  1.737242321500591e-03  8.780443193017261e-03
  1.049999999999998e+01  6.823706313093971e+05  -5.377429938245758e+05  -1.351170859578918e+05  1.582402615101495e+05  -1.653154994504509e+05  1.102874805207093e+05  -9.345249825186792e-03  3.093716200691518e-03  6.765605538217514e-03
  1.059999999999998e+01  6.995004369264316e+05  -5.410790079799313e+05  -1.313832901790240e+05  1.435543904436858e+05  -1.394608399876832e+05  1.148792487339471e+05  -6.261951614560286e-03  4.121206450510963e-03  4.149283609479073e-03
  1.069999999999998e+01  7.092484164793014e+05  -5.431013819427686e+05  -1.287915418394134e+05  1.296278403323140e+05  -1.174726279400237e+05  1.170532069422871e+05  -3.538650044142744e-03  4.856217966532204e-03  1.145738049512539e-03
  1.079999999999998e+01  7.014693892909092e+05  -5.384129969401710e+05  -1.296758640722638e+05  1.140019689488067e+05  -1.005356756656120e+05  1.150505930143974e+05  -2.783345961513168e-03  5.638314421608807e-03  -1.316335415018045e-03
  1.089999999999998e+01  6.815662942092764e+05  -5.262318754706780e+05  -1.301124310657087e+05  1.093198663084841e+05  -8.530989385143727e+04  1.134243724851520e+05  -3.645945640066380e-03  5.805578137587879e-03  -2.929229335806276e-03
  1.099999999999998e+01  6.653741314131952e+05  -5.112280113950645e+05  -1.341752478041484e+05  1.242820050130173e+05  -7.016254743820659e+04  1.198032397173444e+05  -4.109322917141759e-03  4.063554240445575e-03  -4.442240878414792e-03
  1.109999999999998e+01  6.614131157615896e+05  -4.988800716003134e+05  -1.485367864494174e+05  1.512951431222576e+05  -5.806311393061252e+04  1.366070574468315e+05  -3.024409870591792e-03  6.232541954590600e-04  -6.607168651120043e-03
  1.119999999999998e+01  6.645291968658092e+05  -4.884002750176389e+05  -1.686645935198891e+05  1.744489823636723e+05  -5.055144741256801e+04  1.560842374321269e+05  -1.000179388436155e-03  -2.264841276910504e-03  -9.133358044131998e-03
  1.129999999999998e+01  6.646561531958957e+05  -4.732563606699095e+05  -1.842502175316224e+05  1.859395793161504e+05  -4.577248930903374e+04  1.674849236339265e+05  7.155081016465447e-04  -2.753154464716085e-03  -1.112337963978853e-02
  1.139999999999998e+01  6.568620219713291e+05  -4.510349245769656e+05  -1.929683707028649e+05  1.921859989374639e+05  -4.454964886670095e+04  1.685057881447345e+05  1.315959970374679e-03  -1.522534556670077e-03  -1.223596909598908e-02
  1.149999999999998e+01  6.431936150698254e+05  -4.309381175174486e+05  -2.000944807039660e+05  2.030242220387788e+05  -4.951348872889979e+04  1.652127861234910e+05  7.898729589220847e-04  -6.401221922196242e-04  -1.284061134064408e-02
  1.159999999999997e+01  6.290973402755155e+05  -4.270292312348618e+05  -2.076920895102805e+05  2.180368358571938e+05  -5.648701766573416e+04  1.627057731088482e+05  -6.802877976627840e-05  -1.009939790050108e-03  -1.336247559735655e-02
  1.169999999999997e+01  6.181802682155672e+05  -4.429665460769979e+05  -2.145994504234642e+05  2.269833775308284e+05  -5.712105065912190e+04  1.611305904998963e+05  -5.433113965663913e-05  -1.799310838723938e-03  -1.393675742144354e-02
  1.179999999999997e+01  6.106711903704123e+05  -4.654549857967453e+05  -2.243039765559116e+05  2.219637246093603e+05  -5.268694869886650e+04  1.590828170297260e+05  1.531828870768151e-03  -1.952929305044121e-03  -1.451219877700303e-02
  1.189999999999997e+01  6.066472005189469e+05  -4.756642278450856e+05  -2.413250860815926e+05  2.054931240081161e+05  -5.499816206366909e+04  1.555652911603038e+05  4.325576810965468e-03  -1.525652736657911e-03  -1.492249818934825e-02
  1.199999999999997e+01  6.062578167819218e+05  -4.658592484318785e+05  -2.613611158240502e+05  1.864893567802648e+05  -7.088981992553313e+04  1.482470259820407e+05  7.169332790661022e-03  -1.572159620980516e-03  -1.477897569867925e-02
  1.209999999999997e+01  6.052933499867937e+05  -4.433060851190469e+05  -2.747699659145327e+05  1.709182171148988e+05  -9.346626541243069e+04  1.342332320993154e+05  8.855707814448319e-03  -3.069838903733120e-03  -1.369386631973899e-02
  1.219999999999997e+01  5.965384047328994e+05  -4.230767247690675e+05  -2.785806790606995e+05  1.584131318505207e+05  -1.099629702414472e+05  1.152029734844911e+05  8.873870273545434e-03  -5.834553300088442e-03  -1.185950980150272e-02
  1.229999999999997e+01  5.791799380260543e+05  -4.190223865249824e+05  -2.770032227786802e+05  1.479290366506903e+05  -1.137146084311384e+05  9.981224114710894e+04  7.552720222104203e-03  -8.384618566736491e-03  -1.003483753019015e-02
  1.239999999999997e+01  5.618449553868251e+05  -4.355340157066309e+05  -2.733182503569374e+05  1.428194322991130e+05  -1.078777629614770e+05  9.770741497275753e+04  5.463111509920043e-03  -9.266641304444517e-03  -8.884756426539409e-03
  1.249999999999997e+01  5.540055946437427e+05  -4.629050013714649e+05  -2.683914299863475e+05  1.451872144508605e+05  -1.003906422503593e+05  1.102317636908496e+05  2.814740620032269e-03  -8.559701209601912e-03  -8.602081325766101e-03
  1.259999999999997e+01  5.575286473856104e+05  -4.841571365620003e+05  -2.629167641715295e+05  1.483802707637909e+05  -9.702453182101995e+04  1.282897855170727e+05  -2.866309678166243e-04  -7.591006138891111e-03  -8.813682628184764e-03
  1.269999999999997e+01  5.677604311625146e+05  -4.905175061437084e+05  -2.569425457018920e+05  1.437369490444723e+05  -9.900754696495784e+04  1.401467873951971e+05  -3.080453508651739e-03  -7.206341545719067e-03  -8.579904876062751e-03
  1.279999999999997e+01  5.807452404288591e+05  -4.873720183538117e+05  -2.513326540840290e+05  1.339132470319865e+05  -1.056826992351594e+05  1.408690730549712e+05  -4.335877979953306e-03  -7.048131363197624e-03  -6.991957829134754e-03
  1.289999999999997e+01  5.960820749836422e+05  -4.844353994070899e+05  -2.509408999203290e+05  1.309555542825923e+05  -1.165391872066026e+05  1.345109861852476e+05  -3.638101200282371e-03  -6.542234140035926e-03  -4.176674634022165e-03
  1.299999999999997e+01  6.127634404768426e+05  -4.854349986921834e+05  -2.611649416500742e+05  1.398988269444547e+05  -1.293331163548587e+05  1.292183862410750e+05  -1.933907565273235e-03  -5.644165046797977e-03  -1.340443405243027e-03
  1.309999999999997e+01  6.262257676643957e+05  -4.891977358617803e+05  -2.791342498107173e+05  1.518646878788078e+05  -1.387195612109940e+05  1.312376210836760e+05  -3.620457254752090e-04  -4.455839091322709e-03  4.191746796940871e-04
  1.319999999999997e+01  6.312188746003159e+05  -4.954306782316880e+05  -2.926250298528838e+05  1.568022756933874e+05  -1.400306042650485e+05  1.414814304630384e+05  9.175497449410954e-04  -3.010055451944107e-03  9.567266410937580e-04
  1.329999999999997e+01  6.257145356764013e+05  -5.051025359366373e+05  -2.913226182653789e+05  1.560523526283064e+05  -1.347165634070224e+05  1.556117262322843e+05  2.287922100646447e-03  -1.641486760682365e-03  6.866471312614281e-04
  1.339999999999997e+01  6.123305190121321e+05  -5.171117106137151e+05  -2.764626130137430e+05  1.569220805278902e+05  -1.298714203337152e+05  1.683598558754138e+05  3.762902022632398e-03  -8.334231359357862e-04  -4.870785194659257e-05
  1.349999999999997e+01  5.978877913451323e+05  -5.276626621242138e+05  -2.582378948115508e+05  1.602428993145237e+05  -1.312124431779589e+05  1.783502629242601e+05  5.183516801251857e-03  -4.363053556426661e-04  -8.201129823064043e-04
  1.359999999999997e+01  5.905171178955615e+05  -5.329449703539303e+05  -2.468157514162766e+05  1.605773853900814e+05  -1.377488357669620e+05  1.866965590168378e+05  6.676799313280061e-03  3.661666218585303e-04  -8.245322261657678e-04
  1.369999999999997e+01  5.936642086389412e+05  -5.326595582162224e+05  -2.461024790229954e+05  1.569814796179207e+05  -1.440168486518197e+05  1.911685237799816e+05  8.098641502100068e-03  2.001882243578239e-03  5.099697772742851e-04
  1.379999999999997e+01  6.021850757798678e+05  -5.314741753563113e+05  -2.524960598326782e+05  1.562863163460437e+05  -1.461299258659334e+05  1.862627737198674e+05  8.541784848510918e-03  3.850857636833184e-03  2.723030630134435e-03
  1.389999999999997e+01  6.066414917552412e+05  -5.364920807858035e+05  -2.585766428198840e+05  1.634733414281097e+05  -1.446885040709047e+05  1.718550242641207e+05  7.276886461515164e-03  4.881970788129069e-03  4.595789063107663e-03
  1.399999999999997e+01  6.029112786975665e+05  -5.510389286398442e+05  -2.598555152358777e+05  1.736694702551915e+05  -1.431611439127553e+05  1.585850936414174e+05  4.978708520626043e-03  4.623139212708982e-03  5.292370754131877e-03
  1.409999999999997e+01  5.966609127386550e+05  -5.699040286889561e+05  -2.579726911752032e+05  1.775099616205043e+05  -1.445949050908074e+05  1.595574549735097e+05  3.254868591631221e-03  3.302386542024105e-03  4.959992523016868e-03
  1.419999999999997e+01  5.970291191129303e+05  -5.827134302401746e+05  -2.567375815167387e+05  1.720135334315906e+05  -1.491196476227788e+05  1.763461206012655e+05  2.985337885267131e-03  1.475830994797806e-03  4.228880518665916e-03
  1.429999999999997e+01  6.064968412905119e+05  -5.830538389827145e+05  -2.565568997911895e+05  1.625455072917102e+05  -1.538989215983926e+05  1.967630676388606e+05  3.660854490004333e-03  -6.437196735463229e-05  3.474667609098534e-03
  1.439999999999996e+01  6.185531468438111e+05  -5.735014675693009e+05  -2.542555264131489e+05  1.550911164311250e+05  -1.557767612095652e+05  2.072632040636285e+05  4.188507296011184e-03  -3.945584856587202e-04  2.716442452690714e-03
  1.449999999999996e+01  6.249136949335301e+05  -5.616361983431829e+05  -2.476889559226813e+05  1.502228905131715e+05  -1.542672911882800e+05  2.048817363416793e+05  3.831142943766605e-03  9.329164193823642e-04  2.042458974105076e-03
  1.459999999999996e+01  6.228438589832445e+05  -5.522274852548967e+05  -2.384408762464919e+05  1.456081196510643e+05  -1.520849836178103e+05  1.964995502103325e+05  2.488434590712001e-03  3.295311388391755e-03  1.751656753258282e-03
  1.469999999999996e+01  6.150642055104990e+05  -5.446355684466889e+05  -2.300221830192090e+05  1.418369140054907e+05  -1.523354107733296e+05  1.899367865205547e+05  6.179747122001489e-04  5.275217007938363e-03  1.873844218917760e-03
  1.479999999999996e+01  6.055162753809253e+05  -5.373404741233790e+05  -2.248201624767242e+05  1.430718817644885e+05  -1.547640968324431e+05  1.883460362365112e+05  -9.444293741200702e-04  5.720164062688047e-03  1.761282330669567e-03
  1.489999999999996e+01  5.979284844583395e+05  -5.321755077533723e+05  -2.225096458270167e+05  1.516939294284671e+05  -1.553670502974858e+05  1.908516599293300e+05  -1.487897495843177e-03  4.605469330675391e-03  5.571582523400746e-04
  1.499999999999996e+01  5.961969462493607e+05  -5.323468893074379e+05  -2.211563170207639e+05  1.641869974232960e+05  -1.502220376694998e+05  1.948240280293220e+05  -1.161618656967044e-03  2.927302963630393e-03  -1.712752649054781e-03
  1.509999999999996e+01  6.022002073855975e+05  -5.369554233757334e+05  -2.198375354978289e+05  1.740055850084330e+05  -1.395844687975757e+05  1.974565560965224e+05  -1.077429901034701e-03  1.784075191015397e-03  -3.794572840939834e-03
  1.519999999999996e+01  6.131751880105762e+05  -5.389811476808763e+05  -2.194282178785182e+05  1.779749403163760e+05  -1.283423135793147e+05  1.975041092743826e+05  -2.255474668248369e-03  1.523372309789987e-03  -4.252080540906898e-03
  1.529999999999996e+01  6.229770658449212e+05  -5.305994143622192e+05  -2.215147278988209e+05  1.783416637669838e+05  -1.222953363970094e+05  1.962693495075794e+05  -4.367699734030446e-03  1.706659236206180e-03  -2.838649621294949e-03
  1.539999999999996e+01  6.266408616468216e+05  -5.109655792567130e+05  -2.273448060413157e+05  1.786515640116049e+05  -1.233381394322350e+05  1.959138460645129e+05  -5.793733552322476e-03  1.798124859253022e-03  -7.788019383789782e-04
  1.549999999999996e+01  6.236681762882354e+05  -4.878216585418033e+05  -2.368095543904586e+05  1.792537772259054e+05  -1.280627284649411e+05  1.967405008593068e+05  -5.114087382404017e-03  1.711151980058269e-03  3.163985829275432e-04
  1.559999999999996e+01  6.171387290203279e+05  -4.714491983760628e+05  -2.469445683306366e+05  1.776685917150159e+05  -1.314558565143016e+05  1.969837675133212e+05  -2.525084283396112e-03  1.626521922987961e-03  -1.606587462760927e-04
  1.569999999999996e+01  6.104799865625153e+05  -4.677783196975922e+05  -2.522468638894086e+05  1.725631246611387e+05  -1.318126755947889e+05  1.950570588055518e+05  2.454596605036629e-04  1.528027396390900e-03  -1.424400142962838e-03
  1.579999999999996e+01  6.055439364354420e+05  -4.764796309055763e+05  -2.487452222526428e+05  1.664456219532262e+05  -1.312837585765425e+05  1.911581150301385e+05  1.355911326857058e-03  1.128253947005210e-03  -2.194651333869076e-03
  1.589999999999996e+01  6.034411057564740e+05  -4.925651129120711e+05  -2.384321727501513e+05  1.642682666907572e+05  -1.318231995920954e+05  1.866423717302109e+05  2.002248843853954e-04  2.480258402737818e-04  -1.943009137930955e-03
  1.599999999999996e+01  6.052041684272833e+05  -5.083552885595260e+05  -2.293513466690302e+05  1.694474889914592e+05  -1.322378885318866e+05  1.824491763414199e+05  -2.362181214433394e-03  -8.756586190452730e-04  -1.277023551092040e-03
  1.609999999999996e+01  6.099550532600642e+05  -5.160398001379885e+05  -2.304006685318917e+05  1.808552540174898e+05  -1.301649390867557e+05  1.784156968398149e+05  -4.794791648998729e-03  -1.778147011639487e-03  -1.209679159368249e-03
  1.619999999999996e+01  6.134792879087925e+05  -5.119474973460821e+05  -2.446513229159989e+05  1.930838830165948e+05  -1.261359224297518e+05  1.738894235237080e+05  -5.868399809578977e-03  -2.195212162806704e-03  -2.098824839284878e-03
  1.629999999999996e+01  6.110016242791526e+05  -4.998628070664641e+05  -2.665786287620111e+05  1.997933224371633e+05  -1.243935479727918e+05  1.689687141153553e+05  -5.167695373933540e-03  -2.227217043126681e-03  -3.279780626236534e-03
  1.639999999999996e+01  6.023600163606532e+05  -4.890498913242067e+05  -2.856218933322328e+05  1.977923446304405e+05  -1.291734965057868e+05  1.651720093416978e+05  -3.062537311614346e-03  -2.122968285152341e-03  -3.700151658181771e-03
  1.649999999999996e+01  5.932607653819970e+05  -4.874446957018877e+05  -2.938589239982449e+05  1.890664152986808e+05  -1.401825485788199e+05  1.643378572227630e+05  -4.123147470038315e-04  -2.047095462793181e-03  -2.927256949239529e-03
  1.659999999999997e+01  5.905255762304147e+05  -4.956154223790540e+05  -2.914862356551716e+05  1.793648631297795e+05  -1.518350296834231e+05  1.662707562034443e+05  1.784927153473152e-03  -2.112342174981981e-03  -1.595890049469173e-03
  1.669999999999997e+01  5.963386322451795e+05  -5.068663749989913e+05  -2.854476569064588e+05  1.745409490385411e+05  -1.572667007516785e+05  1.677218980519426e+05  2.739388413359011e-03  -2.474284729154742e-03  -8.639881076663307e-04
  1.679999999999997e+01  6.070457107295382e+05  -5.132792086974308e+05  -2.830493309692122e+05  1.772242784853125e+05  -1.536317741472028e+05  1.644993250000587e+05  2.169525371083941e-03  -3.216668992612442e-03  -1.339495564450006e-03
  1.689999999999997e+01  6.169142091953045e+05  -5.119897515014511e+05  -2.864731399354772e+05  1.856005978908861e+05  -1.439913598659212e+05  1.550712213052380e+05  3.990443951956343e-04  -4.135895715233742e-03  -2.481318519750090e-03
  1.699999999999997e+01  6.224375201060695e+05  -5.064581799189710e+05  -2.922039928138924e+05  1.945706219254070e+05  -1.345635372806453e+05  1.422043848810813e+05  -1.822459171381750e-03  -4.769200469410887e-03  -3.027736684205580e-03
  1.709999999999997e+01  6.232992879761967e+05  -5.026694926975355e+05  -2.946694707546469e+05  1.984207646264273e+05  -1.302291634540219e+05  1.312101267890513e+05  -3.647464940764708e-03  -4.727103176496431e-03  -2.065408842896987e-03
  1.719999999999997e+01  6.207420618130625e+05  -5.044346965615550e+05  -2.905249745920310e+05  1.939281869971716e+05  -1.319966626520194e+05  1.266274533476614e+05  -4.437826244126966e-03  -3.985218239779006e-03  2.003295256960769e-04
  1.729999999999998e+01  6.163134093541068e+05  -5.115760862401804e+05  -2.806246044233154e+05  1.825421359079072e+05  -1.373394259136516e+05  1.298956091233538e+05  -4.010826493162416e-03  -2.868528730310210e-03  2.594743495832378e-03
  1.739999999999998e+01  6.118028109186537e+05  -5.212130335944289e+05  -2.687243051929097e+05  1.701476778130833e+05  -1.421224064697803e+05  1.391366628815821e+05  -2.782158781088139e-03  -1.814626260581312e-03  3.854189301322065e-03
  1.749999999999998e+01  6.089365766506692e+05  -5.299158302593906e+05  -2.583807874652048e+05  1.639778989878667e+05  -1.427999817363828e+05  1.504334342700278e+05  -1.615682292453454e-03  -1.141453839241054e-03  3.480482350291800e-03
  1.759999999999998e+01  6.081979122774953e+05  -5.350014756252317e+05  -2.506424363127032e+05  1.681743238295355e+05  -1.381970472129774e+05  1.594694208461889e+05  -1.285221494705042e-03  -9.495071997777726e-04  1.967650555515253e-03
  1.769999999999998e+01  6.082122089169220e+05  -5.353597993209278e+05  -2.443261045266905e+05  1.809742425182599e+05  -1.302399066859451e+05  1.631016251810240e+05  -1.876594445419814e-03  -1.122759098449580e-03  3.697425669209400e-04
  1.779999999999998e+01  6.068930401784152e+05  -5.320377325906410e+05  -2.379785449156597e+05  1.956051839818305e+05  -1.230020118091843e+05  1.605104049930098e+05  -2.671234412419630e-03  -1.384149114459750e-03  -3.691833407900142e-04
  1.789999999999998e+01  6.030350524943542e+05  -5.278150602239143e+05  -2.312338009446342e+05  2.043786022549217e+05  -1.203452581528424e+05  1.533843979322660e+05  -2.694873287834861e-03  -1.433228514257203e-03  1.367450846248146e-04
  1.799999999999999e+01  5.968568180115770e+05  -5.253606824282639e+05  -2.244998845940625e+05  2.033241996355446e+05  -1.235656128529510e+05  1.449386366754754e+05  -1.499078615246983e-03  -1.095836101886957e-03  1.629012382601649e-03
  1.809999999999999e+01  5.897861414448720e+05  -5.252897473196645e+05  -2.181959375362064e+05  1.943152984365303e+05  -1.305474099451159e+05  1.381420674207910e+05  5.045728382197909e-04  -3.766657914476905e-04  3.387463644503275e-03
  1.819999999999999e+01  5.843387391283095e+05  -5.260402685964416e+05  -2.128881951781528e+05  1.834450324527558e+05  -1.372549825013400e+05  1.343814459695094e+05  2.406268932207062e-03  6.070134783979122e-04  4.582827549814044e-03
  1.829999999999999e+01  5.836863002348997e+05  -5.256086111701563e+05  -2.097963641235839e+05  1.768248329618443e+05  -1.406019354070477e+05  1.334447783863644e+05  3.506452467586531e-03  1.705094820395606e-03  4.688733658427360e-03
  1.839999999999999e+01  5.900743947546497e+05  -5.230363058917079e+05  -2.100979221063075e+05  1.764806434068734e+05  -1.403625912407812e+05  1.344813209543987e+05  3.764439300387012e-03  2.714714272499792e-03  3.753758090561030e-03
  1.849999999999999e+01  6.028730523951051e+05  -5.184931570872797e+05  -2.133137249092534e+05  1.791814371807316e+05  -1.384984944519824e+05  1.369196305584446e+05  3.622264966565097e-03  3.318396850982507e-03  2.306366962583131e-03
  1.859999999999999e+01  6.182878731539422e+05  -5.127358922868046e+05  -2.169057558428418e+05  1.792592681067690e+05  -1.367188247510901e+05  1.405058225117827e+05  3.461989433200918e-03  3.162348611211127e-03  9.552236874800722e-04
  1.870000000000000e+01  6.314584415031405e+05  -5.069022229874991e+05  -2.179496770345266e+05  1.733686692919354e+05  -1.350113203868373e+05  1.447396616897504e+05  3.255899005614407e-03  2.132221483475466e-03  7.392420526290810e-06
  1.880000000000000e+01  6.392963345739216e+05  -5.025659525818998e+05  -2.151798965313123e+05  1.633184112045048e+05  -1.325302547220010e+05  1.485876023794348e+05  2.694576557689983e-03  5.860691119974715e-04  -6.134041094579398e-04
  1.890000000000000e+01  6.416943104004060e+05  -5.012762383609253e+05  -2.094278557111349e+05  1.545555345043501e+05  -1.293157810444195e+05  1.508889183557002e+05  1.589814092392752e-03  -7.262179580530001e-04  -1.143496714789793e-03
  1.900000000000000e+01  6.403768872733060e+05  -5.035922781603665e+05  -2.025581525195937e+05  1.517136436905366e+05  -1.266276633524580e+05  1.512297197046759e+05  1.183132304540159e-04  -1.082753639356429e-03  -1.698978435540747e-03
  1.910000000000000e+01  6.368480131633900e+05  -5.083336362241130e+05  -1.963867556262133e+05  1.550117396467271e+05  -1.255185280371749e+05  1.504232723420172e+05  -1.272555703839171e-03  -2.545523156661875e-04  -2.150756122338480e-03
  1.920000000000000e+01  6.313677591023194e+05  -5.128291389242388e+05  -1.922637351534225e+05  1.602498688750163e+05  -1.255688257761961e+05  1.500037778040803e+05  -2.134661919807663e-03  1.363840481913215e-03  -2.219231382109719e-03
  1.930000000000000e+01  6.236041771462074e+05  -5.145360440386230e+05  -1.911029008866650e+05  1.621529827212490e+05  -1.253672628711767e+05  1.510974780936087e+05  -2.232045189505922e-03  3.026976460506388e-03  -1.705165124032863e-03
  1.940000000000001e+01  6.141587376610097e+05  -5.128207482247646e+05  -1.934368047028018e+05  1.583770332309552e+05  -1.240992110426196e+05  1.535810735178235e+05  -1.597989410011399e-03  4.086875551952667e-03  -6.744830309054034e-04
  1.950000000000001e+01  6.053673367093831e+05  -5.094269273466486e+05  -1.994680666168021e+05  1.512319425348108e+05  -1.223674311894629e+05  1.563177721742972e+05  -4.708978542534498e-04  4.301286303791765e-03  5.202759514433812e-04
  1.960000000000001e+01  6.003388855827288e+05  -5.073364726407180e+05  -2.090406945945378e+05  1.459579520133105e+05  -1.213272274849400e+05  1.583274615267684e+05  8.435653868415217e-04  3.829946632860102e-03  1.418151674686295e-03
  1.970000000000001e+01  6.009176501504027e+05  -5.088909282275341e+05  -2.213403265444314e+05  1.469392713470967e+05  -1.212423475431979e+05  1.598380127808668e+05  2.104395044731045e-03  3.025088152622299e-03  1.704711931405516e-03
  1.980000000000001e+01  6.063034022284811e+05  -5.145612458114410e+05  -2.346872329145317e+05  1.546195123397147e+05  -1.211625750933778e+05  1.622633597402339e+05  3.188467010497233e-03  2.206848541307373e-03  1.357590773860786e-03
  1.990000000000001e+01  6.134697632707825e+05  -5.228741844072731e+05  -2.470812517244262e+05  1.651824370775148e+05  -1.199485595681718e+05  1.670314080546040e+05  4.049590211137113e-03  1.556904289195239e-03  5.948497649087993e-04
