TITLE = "Temporal Signal for receiver number 01360"
VARIABLES = "Time","xx","yy","zz","xy","yz","xz","u","v","w"
# x1       3.610946160000e+05
# x2       4.726184950000e+06
# x3       -3.000000000000e+03
  0.000000000000000e+00  0.000000000000000e+00  0.000000000000000e+00  0.000000000000000e+00  0.000000000000000e+00  0.000000000000000e+00  0.000000000000000e+00  0.000000000000000e+00  0.000000000000000e+00  0.000000000000000e+00
  1.000000000000000e-01  0.000000000000000e+00  0.000000000000000e+00  0.000000000000000e+00  0.000000000000000e+00  0.000000000000000e+00  0.000000000000000e+00  0.000000000000000e+00  0.000000000000000e+00  0.000000000000000e+00
  2.000000000000000e-01  0.000000000000000e+00  0.000000000000000e+00  0.000000000000000e+00  0.000000000000000e+00  0.000000000000000e+00  0.000000000000000e+00  0.000000000000000e+00  0.000000000000000e+00  0.000000000000000e+00
  3.000000000000000e-01  1.281597594299401e-24  5.105533283416585e-25  7.248004183126335e-25  -6.554849809138189e-29  -3.336058294799564e-26  5.564788631088075e-25  -1.194785471456811e-31  4.687048634522140e-33  -6.018626065574946e-32
  4.000000000000000e-01  -2.227806139785194e-12  -8.284614013136341e-13  -1.152549771008326e-12  -6.393824699401196e-13  -4.839174809825350e-13  -1.381453531452905e-13  2.715046904986053e-19  1.268142446457120e-19  2.641313663713740e-20
  5.000000000000000e-01  -4.725085375641103e-09  -1.347616053933677e-09  -1.035917401542187e-09  -2.598587833590430e-10  1.254385897705000e-11  -1.236606116373602e-09  4.163374128853867e-16  1.822620672594552e-17  8.066733921619821e-17
  6.000000000000000e-01  2.404950156174569e-07  9.997180107075691e-08  1.321636981524013e-07  -1.941050437450215e-09  -5.856407684090474e-09  9.792311129635256e-08  -2.185507344883609e-14  1.003385560844366e-15  -9.947744126271768e-15
  7.000000000000000e-01  -9.993908709469202e-07  -5.071336596077334e-07  -8.768405186205035e-07  1.374919455420122e-07  9.901874229785653e-08  -5.199413847094562e-07  1.088975942829338e-13  -1.841968415360819e-14  8.857028914509055e-14
  7.999999999999999e-01  -1.796108105155257e-05  -6.264430100885856e-06  -6.354097617816371e-06  -2.601864773856002e-07  -6.194274969022053e-07  -5.261315903453443e-06  1.701627978934621e-12  1.353420306368484e-13  5.752598265540186e-13
  8.999999999999999e-01  -5.039493191166930e-05  -1.062641836631086e-06  2.136847478298540e-05  7.789174412363179e-07  -8.325929780101265e-06  -3.638419330955214e-06  4.278081407679974e-12  8.955815849688381e-13  -1.095322671135111e-12
  9.999999999999999e-01  4.658190699091741e-04  1.352559147783566e-04  1.570782422655744e-04  1.860887510846693e-04  5.186216494768467e-05  5.640036946735426e-05  -5.033809868578456e-11  -3.101982277713518e-11  -9.209997203470672e-12
  1.100000000000000e+00  6.005739233598427e-03  2.159245781396567e-03  2.256896330986029e-03  1.995192655198887e-04  1.487845211049708e-04  2.080291988729506e-03  -6.457682721980212e-10  -8.549754410964992e-11  -1.820024892497577e-10
  1.200000000000000e+00  -1.663400573103966e-02  -9.366077277398126e-04  4.482078098636304e-03  -1.789409703559442e-03  -1.767003114932215e-04  4.169653367669703e-03  1.150581518890464e-09  2.578099170412301e-10  -4.137753807897181e-10
  1.300000000000000e+00  -7.105485726024068e-02  -4.094503263054038e-02  -4.061307836287052e-02  1.101280033244611e-02  9.334426555441861e-03  -3.799672920610230e-02  8.038672567331600e-09  -1.953522973756366e-09  4.289224325796344e-09
  1.400000000000000e+00  3.452679563930910e-01  1.607505737040753e-01  1.147850842706745e-01  -4.753195393067890e-02  -3.717315855230957e-02  7.263201150258326e-02  -3.279430071888845e-08  8.543079202844229e-09  -8.618754137401615e-09
  1.500000000000000e+00  -7.371006824139454e-01  -4.175440607731669e-01  -2.213442300315028e-01  1.789507997924640e-01  7.994066472807353e-02  -5.321704009012050e-03  6.497076126120434e-08  -2.907543444783130e-08  3.072421335847416e-09
  1.600000000000000e+00  1.949923748584264e+00  1.255612308175035e+00  9.668515393002108e-01  -6.503256554973001e-01  -1.705749313956602e-01  1.618441321457621e-01  -1.911156057862443e-07  1.042763811837073e-07  -1.345689475664193e-08
  1.700000000000000e+00  -6.068338676920465e+00  -3.539065978501322e+00  -4.360713826834788e+00  1.007086327958901e+00  2.785227076188863e-01  -1.996845063022268e+00  6.122996472107793e-07  -1.222592407593343e-07  2.131196670583400e-07
  1.800000000000000e+00  8.115031780331519e+00  5.729806167881888e+00  1.027629615482252e+01  -1.767403739423508e+00  -1.322736996868916e+00  4.789100263624765e+00  -1.068516406600741e-06  1.273335390916306e-07  -7.885614827952433e-07
  1.900000000000001e+00  -2.010678289780592e+01  -2.497957445401390e+01  -2.236725833192435e+01  1.608584662244676e+01  4.952218127770771e+00  -6.342603203243455e+00  1.531975979194117e-06  -2.376351369143112e-06  1.611971484966150e-06
  2.000000000000000e+00  -1.141345337601760e+03  -5.768953349142074e+02  -5.243045374774950e+02  3.048096811824638e+02  9.297739888489208e+01  -1.943024047520515e+02  9.608387029176367e-05  -4.141965665966698e-05  2.784348644151425e-05
  2.100000000000001e+00  -2.043581890002354e+03  -1.034582926811717e+03  -8.431415651273097e+02  6.981507685475391e+02  1.722524090908143e+02  -2.976597317600903e+02  1.706790635196500e-04  -9.029599098645808e-05  4.324725189458605e-05
  2.200000000000001e+00  -1.634701473198014e+03  -8.811348169768468e+02  -4.585003963862433e+02  8.393771893467825e+02  1.703491794324800e+02  -2.112301788527385e+02  1.376435447487888e-04  -9.881493849323650e-05  2.663991268840779e-05
  2.300000000000001e+00  -1.419867118007689e+03  -7.798593959343019e+02  -5.998808384960510e+01  9.971522754738044e+02  1.879369221652881e+02  -1.955724014214808e+02  1.222078398325587e-04  -1.067868997054851e-04  1.107570295977850e-05
  2.400000000000001e+00  -2.215453087356247e+03  -1.158359721177670e+03  -1.535685274662219e+02  1.383653787645477e+03  2.347575340600706e+02  -3.132913968190378e+02  1.922125127272562e-04  -1.444413302384632e-04  1.699059417062947e-05
  2.500000000000001e+00  -3.988768089161608e+03  -2.042397480292807e+03  -5.625965401566860e+02  2.165240057044358e+03  3.100791434777508e+02  -4.032919764180463e+02  3.392405329805059e-04  -2.316951728974389e-04  2.254631827936361e-05
  2.600000000000001e+00  -7.296256430513319e+03  -3.818197280336932e+03  -1.541808958539260e+03  3.711947615660604e+03  5.078398745343401e+02  -6.484566575098467e+02  6.159811712646236e-04  -4.080018439573966e-04  6.005273545030978e-05
  2.700000000000001e+00  -1.559523788815823e+04  -7.985952660773953e+03  -4.510739794692400e+03  6.773186869521909e+03  1.015861758288189e+03  -1.810603693055697e+03  1.304356416988283e-03  -7.629601288273109e-04  2.237647351385834e-04
  2.800000000000001e+00  -3.564071445402921e+04  -1.797964358477163e+04  -1.183703811244648e+04  1.385725028045657e+04  2.134911904981213e+03  -4.237328996389091e+03  2.972010128909093e-03  -1.621409317959688e-03  5.514145997132491e-04
  2.900000000000001e+00  -9.236235160906930e+04  -4.491272305909972e+04  -3.209951739454097e+04  3.226253768894808e+04  5.060915072896348e+03  -1.060074027585565e+04  7.736389218389611e-03  -3.859811668413342e-03  1.339640372406510e-03
  3.000000000000001e+00  -1.862986991727694e+05  -8.661366540134857e+04  -6.094208945223686e+04  6.458155185212487e+04  8.347092935644934e+03  -1.790133544290524e+04  1.548961546354962e-02  -7.626209309425305e-03  2.269091415111286e-03
  3.100000000000001e+00  -2.998123616802100e+05  -1.327844940219551e+05  -9.013080402895775e+04  1.070912486448774e+05  1.000162084873246e+04  -2.612229130200703e+04  2.492884639580361e-02  -1.212233079459535e-02  3.163671329033089e-03
  3.200000000000002e+00  -4.496789641559110e+05  -1.834619610822027e+05  -1.157244038068897e+05  1.616220609692778e+05  9.406493726255318e+03  -3.040327993249295e+04  3.716432211607670e-02  -1.738253227903224e-02  3.394628729765445e-03
  3.300000000000002e+00  -6.289605823137033e+05  -2.340151870109982e+05  -1.349674645357825e+05  2.248668371971643e+05  5.403998166185688e+03  -3.273243561503970e+04  5.172478187558796e-02  -2.286075345969071e-02  3.247194735465260e-03
  3.400000000000002e+00  -8.593576236315342e+05  -2.910845635601094e+05  -1.491702800028982e+05  3.080592253279692e+05  -2.060831459621698e+03  -2.851836021751991e+04  7.013240696904656e-02  -3.028707362104014e-02  1.950402476087741e-03
  3.500000000000002e+00  -1.115621306711953e+06  -3.336049216082935e+05  -1.457283368555194e+05  4.042528068148366e+05  -1.196214363140311e+04  -1.728774657908909e+04  9.017602603718362e-02  -3.754268163358807e-02  4.428175498122774e-05
  3.600000000000002e+00  -1.433688905766409e+06  -3.682772624112355e+05  -1.506083487468002e+05  4.814907462733140e+05  -1.886695661542927e+04  -2.882749191378625e+04  1.143232112810812e-01  -4.116782619377597e-02  1.749273482310827e-03
  3.700000000000002e+00  -1.767539783861257e+06  -3.992828445244655e+05  -1.470972919405998e+05  5.711676899158005e+05  -2.475511601167397e+04  -4.468235345133395e+04  1.387871683934025e-01  -4.733742682144871e-02  2.804823848824272e-03
  3.800000000000002e+00  -2.069545290938785e+06  -4.043488071129882e+05  -9.850723140988679e+04  7.089879950194666e+05  -4.722736996171230e+04  -3.561106766295925e+04  1.603340144941727e-01  -5.821966441058989e-02  -1.763093233235970e-03
  3.900000000000002e+00  -2.200544818535172e+06  -2.371528828556736e+05  3.872447088463774e+04  8.312982307426016e+05  -6.858180507005857e+04  -5.074056839293974e+04  1.665323995096928e-01  -6.140088854588589e-02  -3.103417958699920e-03
  4.000000000000002e+00  -2.256810786153582e+06  1.022523718170866e+05  1.753530203049641e+05  7.765426112892476e+05  -3.567354881134115e+04  -1.941196233016462e+05  1.639550838669223e-01  -3.704820452407763e-02  1.612706037422719e-02
  4.100000000000001e+00  -2.514670587689014e+06  3.446791400514541e+05  1.184054474395482e+05  5.060357156960812e+05  3.237776790325486e+04  -5.587044623827956e+05  1.769652663991624e-01  1.158320171989639e-02  6.778174274682981e-02
  4.200000000000001e+00  -2.560299055933167e+06  4.697057269783536e+05  5.390426220757502e+04  2.680526790833891e+05  6.487917793003338e+04  -9.664870985722587e+05  1.717865801931042e-01  4.693822754930710e-02  1.226066481798209e-01
  4.300000000000001e+00  -2.210032132609109e+06  5.370440631159189e+05  1.855191083160526e+05  2.131349968379529e+05  1.827167530932195e+04  -1.201883152476185e+06  1.354080216051181e-01  5.279170027612695e-02  1.440599922239115e-01
  4.400000000000000e+00  -1.824306884375002e+06  5.207322517427641e+05  3.666418436407525e+05  2.969735472722077e+05  -5.365435951466420e+04  -1.254200237307537e+06  9.848485176985790e-02  3.920489348049404e-02  1.345470737606913e-01
  4.500000000000000e+00  -1.551315713508873e+06  4.708602761167270e+05  5.004411534154608e+05  4.374142045457142e+05  -7.707905719758636e+04  -1.128039647532896e+06  7.031020710373981e-02  2.211425238639454e-02  1.048943536621837e-01
  4.600000000000000e+00  -1.350221500770555e+06  4.165562757251752e+05  5.185816526378055e+05  5.884145016981881e+05  -4.594485785473844e+04  -8.496750236047914e+05  4.906494720720060e-02  1.068134699791424e-02  6.620353458953053e-02
  4.699999999999999e+00  -1.280895606018103e+06  3.632846769726208e+05  4.880270156861747e+05  7.194644716700220e+05  1.642658663838624e+04  -4.551389189152542e+05  4.158086751845510e-02  2.337354851722054e-03  2.254702085289840e-02
  4.799999999999999e+00  -1.466348952343309e+06  3.166973841350055e+05  5.263992771240626e+05  7.672583958619788e+05  7.051106446274130e+04  -1.049485291411915e+05  5.345801666225791e-02  -1.658157804179340e-03  -1.412167355087297e-02
  4.899999999999999e+00  -1.708585512342621e+06  3.098604449585655e+05  6.031437337590350e+05  7.169939470026256e+05  8.421322866263459e+04  1.438599095258529e+04  6.470620091448169e-02  2.777601873960981e-03  -2.347113822247451e-02
  4.999999999999998e+00  -1.728184210887919e+06  3.293901694342456e+05  5.745176752919974e+05  6.322716626123830e+05  5.053361627168283e+04  -7.976742964757037e+04  5.820658444200716e-02  1.398873676795716e-02  -5.043827210377549e-03
  5.099999999999998e+00  -1.546251050107937e+06  3.258457350037764e+05  4.231772046012393e+05  5.564982259623879e+05  -1.296149992377677e+04  -2.114084413328487e+05  4.084385179922368e-02  2.783947249665364e-02  1.821010687795121e-02
  5.199999999999998e+00  -1.307057360520833e+06  3.326207468827617e+05  3.326459997431905e+05  4.728435428819644e+05  -6.391320343639975e+04  -2.271844579879399e+05  2.067114246137530e-02  4.268665876935853e-02  2.312498080444244e-02
  5.299999999999997e+00  -1.158929259665183e+06  3.461686088471267e+05  3.675911291732725e+05  3.936954338408721e+05  -7.111411316903353e+04  -1.152172056132170e+05  4.502699661452659e-03  5.331564732917774e-02  1.021925001278274e-02
  5.399999999999997e+00  -1.166512149433296e+06  3.338460438105423e+05  5.058270724307362e+05  3.975750513415076e+05  -5.373755867163862e+04  4.324686093901070e+04  -2.370813893018066e-03  4.955794630725762e-02  -5.779229872182610e-03
  5.499999999999996e+00  -1.294293588017412e+06  3.168863266879216e+05  7.184096195284590e+05  5.036675178392052e+05  -4.378345508000306e+04  1.709994566349502e+05  2.144350375986647e-03  3.246482929437413e-02  -1.643303716272172e-02
  5.599999999999996e+00  -1.419183445601176e+06  3.416979078121833e+05  8.890299155621588e+05  6.336280435205960e+05  -2.847325703516639e+04  2.637532208925606e+05  1.191936734196068e-02  1.466205949186956e-02  -2.072970771043243e-02
  5.699999999999996e+00  -1.437296913931877e+06  4.153389601873652e+05  8.530843690419002e+05  6.936173074577806e+05  3.508564279223907e+04  3.528965699208917e+05  1.793272771754540e-02  8.763292508470062e-03  -1.966821349782398e-02
  5.799999999999995e+00  -1.339935612780707e+06  5.099715299847696e+05  5.975828213236209e+05  6.568338689506811e+05  1.523906622103702e+05  4.499980314850709e+05  1.444080250388026e-02  1.666036226491169e-02  -1.751217887476583e-02
  5.899999999999995e+00  -1.176514350200575e+06  5.929957907733509e+05  2.665699054084527e+05  5.688753549611986e+05  2.767366407507071e+05  5.304124893972521e+05  1.482546715650996e-03  3.111266448047642e-02  -2.033531682832904e-02
  5.999999999999995e+00  -1.016599644377538e+06  6.325508631376366e+05  -1.106637809755845e+03  4.885567193798840e+05  3.440798798251140e+05  5.713807670587305e+05  -1.322876643338229e-02  4.317596572061372e-02  -2.880258951872468e-02
  6.099999999999994e+00  -9.130168580145489e+05  6.213107080029787e+05  -1.259312925852882e+05  4.480540805969228e+05  3.308212317827383e+05  5.584068584688443e+05  -2.147263332693039e-02  4.758944083557688e-02  -3.589837838377823e-02
  6.199999999999994e+00  -8.794204388484546e+05  5.765817342401794e+05  -1.248708712016550e+05  4.506015973291155e+05  2.672999946911390e+05  4.977027341840885e+05  -2.196417419981691e-02  4.553846558580536e-02  -3.718195939908012e-02
  6.299999999999994e+00  -8.916167216105645e+05  5.316171708056713e+05  -7.703481323711340e+04  4.858928596657410e+05  2.006969954819618e+05  4.186505690852111e+05  -1.833545215593389e-02  3.922816535184687e-02  -3.297818772252405e-02
  6.399999999999993e+00  -9.040015084657930e+05  5.089753737334849e+05  -6.625624394640238e+04  5.309144223681546e+05  1.648376760880978e+05  3.490804218733173e+05  -1.545506027725936e-02  3.134199618228667e-02  -2.614107236321829e-02
  6.499999999999993e+00  -8.945239090116827e+05  4.979718051305208e+05  -1.429753600183999e+05  5.564492423986027e+05  1.564897986301673e+05  3.252373385589239e+05  -1.478793512765420e-02  2.622274206140108e-02  -2.228269798509381e-02
  6.599999999999993e+00  -8.783603197859379e+05  4.888432915324672e+05  -2.702146319727627e+05  5.607225114882019e+05  1.536757461897299e+05  3.648341587004661e+05  -1.315787879088210e-02  2.371704765254462e-02  -2.419087922274799e-02
  6.699999999999992e+00  -8.833887997249300e+05  4.779895165055717e+05  -3.565316209359011e+05  5.652864439889959e+05  1.548112090077169e+05  4.477600155388119e+05  -7.978891212622484e-03  2.049529718744828e-02  -3.146197168202939e-02
  6.799999999999992e+00  -9.063997621199941e+05  4.312540289838715e+05  -3.464749646128889e+05  5.889891684990370e+05  1.631314620728742e+05  5.497019245254429e+05  -2.506381249106493e-03  1.350130264186736e-02  -4.285978023446709e-02
  6.899999999999991e+00  -8.916277878706622e+05  3.118312017344716e+05  -2.542212576409203e+05  6.381853251936838e+05  1.705580301368833e+05  6.589474682510826e+05  -3.470355428974365e-03  9.088458572487209e-04  -5.611885536884646e-02
  6.999999999999991e+00  -8.064020277152880e+05  1.468892844726401e+05  -1.453573693146673e+05  7.082386484340929e+05  1.760575981461536e+05  7.439310969721468e+05  -1.101803835392814e-02  -1.616859049338794e-02  -6.518531798591984e-02
  7.099999999999991e+00  -6.851266945281236e+05  2.619492466718139e+04  -7.048879621194741e+04  7.740229396701554e+05  1.867581005691790e+05  7.530413802478894e+05  -1.913354687119646e-02  -3.131302279975078e-02  -6.214366394027841e-02
  7.199999999999990e+00  -6.124794589325646e+05  5.760409945438496e+03  -4.469006179759428e+04  7.926719634835680e+05  2.006361356077640e+05  6.782760569451693e+05  -2.170918273516708e-02  -3.380492564689647e-02  -4.731235083413925e-02
  7.299999999999990e+00  -6.495269383726148e+05  6.345694733469062e+04  -6.441010280538373e+04  7.376242443067265e+05  2.002194050999279e+05  5.901322553277832e+05  -1.647490009684828e-02  -1.868145491538998e-02  -3.299394756436089e-02
  7.399999999999990e+00  -7.637619597405057e+05  1.501035921787045e+05  -9.969440293861662e+04  6.267329501294411e+05  1.799225529810648e+05  5.486724144561423e+05  -7.533702873897149e-03  5.919605400649618e-03  -2.803916803549348e-02
  7.499999999999989e+00  -8.419353264891098e+05  2.365965180949069e+05  -9.978983669974355e+04  5.165958842492767e+05  1.626649405840134e+05  5.210678156081190e+05  -4.613018595737435e-03  2.485978459638181e-02  -2.739699808358475e-02
  7.599999999999989e+00  -7.832510905878545e+05  3.207542675304154e+05  -2.668607276608634e+04  4.553365553308011e+05  1.676796896605952e+05  4.351670338186308e+05  -1.530822904891010e-02  3.046427512268506e-02  -2.131750160663239e-02
  7.699999999999989e+00  -6.252566010519768e+05  3.905037361928074e+05  9.780812666984649e+04  4.412955949917918e+05  1.844601864146079e+05  2.840554263607034e+05  -3.413786869212512e-02  2.817058906038648e-02  -8.310589169934995e-03
  7.799999999999988e+00  -5.357637253160641e+05  4.041829144055633e+05  2.018435733466813e+05  4.442072145695267e+05  1.936711804123760e+05  1.435427748111708e+05  -4.517224026304822e-02  2.594876042063359e-02  4.954803230343419e-03
  7.899999999999988e+00  -6.288347264878835e+05  3.449070474884461e+05  2.439250766063295e+05  4.471555512571097e+05  1.927398911240446e+05  7.826607646979006e+04  -3.912401567010473e-02  2.503276449962074e-02  1.376874828258379e-02
  7.999999999999988e+00  -8.456121797282102e+05  2.583354679633981e+05  2.452263818449693e+05  4.493152669596279e+05  1.884589665704959e+05  7.292885177532806e+04  -2.242449619091742e-02  2.324509296633164e-02  1.818419526928008e-02
  8.099999999999987e+00  -1.036758884654099e+06  2.082845494470594e+05  2.452035842296738e+05  4.494663804664337e+05  1.834685962275109e+05  7.125159304148032e+04  -8.154057221511576e-03  2.021357210116798e-02  1.957773490132196e-02
  8.199999999999987e+00  -1.115527374610154e+06  2.140668667708823e+05  2.531983088141060e+05  4.473908260829793e+05  1.794439767106089e+05  4.461317788716634e+04  -2.532717362026937e-03  1.673932014541125e-02  1.864190838326804e-02
  8.299999999999986e+00  -1.104042532302621e+06  2.423990232047029e+05  2.451891456215812e+05  4.468338807163034e+05  1.771186315593671e+05  4.526147103868529e+03  -2.846092155824976e-03  1.333526202201130e-02  1.527354681711175e-02
  8.399999999999986e+00  -1.065842900358066e+06  2.514102097280234e+05  2.077378817565999e+05  4.541975056859673e+05  1.647597529429384e+05  -2.926311382271631e+04  -4.041720739740291e-03  9.326506109532680e-03  1.053365471193747e-02
  8.499999999999986e+00  -1.032868250590345e+06  2.298757664702916e+05  1.588884898327176e+05  4.790507099292327e+05  1.278633347314523e+05  -5.192103004644562e+04  -4.766692095123625e-03  2.481338856703148e-03  6.581988271990295e-03
  8.599999999999985e+00  -1.002471444810802e+06  1.966835370648829e+05  1.299212207564959e+05  5.224027558279089e+05  7.612236810179894e+04  -7.114164540546258e+04  -6.501967733183824e-03  -8.547477675727021e-03  5.349655668152523e-03
  8.699999999999985e+00  -9.761350738805404e+05  1.700983913144928e+05  1.389022968463502e+05  5.669464885397237e+05  3.957349220947753e+04  -9.340609146798725e+04  -8.724301032504251e-03  -2.149241764550888e-02  7.536156124145524e-03
  8.799999999999985e+00  -9.622902588692330e+05  1.431221751021885e+05  1.685228812421301e+05  5.940602324647213e+05  3.361360257981021e+04  -1.213757238904700e+05  -9.718457470450461e-03  -3.214352671230240e-02  1.149420256496026e-02
  8.899999999999984e+00  -9.622161699228515e+05  9.719993617066876e+04  1.795781017591451e+05  6.038315803481173e+05  4.269105632433884e+04  -1.568935675946931e+05  -9.188311877871174e-03  -3.823916413899975e-02  1.520038201569508e-02
  8.999999999999984e+00  -9.717066819551779e+05  3.680324786512552e+04  1.544456810953314e+05  6.081696369920953e+05  4.199031772215797e+04  -1.976461751974136e+05  -7.989296653741996e-03  -4.047202125714620e-02  1.811941149628787e-02
  9.099999999999984e+00  -9.941073767703809e+05  -1.311299949037496e+04  1.140029987232412e+05  6.137388532888020e+05  2.785133011755904e+04  -2.346015879557682e+05  -6.551323407924249e-03  -4.058870594624590e-02  1.987338059057558e-02
  9.199999999999983e+00  -1.044027528727732e+06  -4.220949495433282e+04  8.708910689350880e+04  6.194708945540738e+05  1.373850986347389e+04  -2.583023202097133e+05  -3.975890548775931e-03  -3.974664177912576e-02  2.005418306551948e-02
  9.299999999999983e+00  -1.112001133640081e+06  -5.899211791896552e+04  7.781574643337107e+04  6.223604793103344e+05  2.732564834833595e+03  -2.709541713701150e+05  -9.984228744267321e-04  -3.822597583378145e-02  1.955347976257817e-02
  9.399999999999983e+00  -1.151444617006727e+06  -6.740260148185758e+04  7.484891987642489e+04  6.217970200435986e+05  -1.330538927458859e+04  -2.831300676375272e+05  -1.075459424233109e-03  -3.586272757942936e-02  1.965821268549459e-02
  9.499999999999982e+00  -1.135702325290551e+06  -6.487168940414217e+04  7.684046169240247e+04  6.213134951244621e+05  -3.525933562896332e+04  -2.979893851062544e+05  -5.314587766038083e-03  -3.323364201376056e-02  1.997108048436619e-02
  9.599999999999982e+00  -1.098138158217759e+06  -5.463393236645249e+04  8.666991155611858e+04  6.218240982143477e+05  -5.418854324549981e+04  -3.068390393528732e+05  -1.020534995899923e-02  -3.119254769880426e-02  1.837998275139228e-02
  9.699999999999982e+00  -1.088117315116739e+06  -4.268133130154930e+04  9.540241777138435e+04  6.168142572327571e+05  -6.453538438014915e+04  -3.000514209847698e+05  -1.203200706347200e-02  -2.943204969336645e-02  1.413181686484173e-02
  9.799999999999981e+00  -1.107539428085088e+06  -2.946615775958438e+04  8.901452062583198e+04  6.004159721587673e+05  -6.785907683267127e+04  -2.794541047367129e+05  -1.117822022250672e-02  -2.713168381640652e-02  9.837385228985168e-03
  9.899999999999981e+00  -1.119029443294561e+06  -1.216015346449195e+04  6.739860429362643e+04  5.759864170341978e+05  -6.563297527663542e+04  -2.536619014987278e+05  -1.061973881114695e-02  -2.418144728454538e-02  8.359620994922923e-03
  9.999999999999980e+00  -1.104852386845064e+06  1.074248993862061e+04  4.741533498048193e+04  5.537090861791614e+05  -5.941488940837920e+04  -2.274411900940032e+05  -1.163915094995213e-02  -2.102822530281491e-02  9.383686824655672e-03
  1.009999999999998e+01  -1.086746018071575e+06  3.958332056096206e+04  4.417732890961722e+04  5.395784126786412e+05  -5.353498684457167e+04  -2.014799150581553e+05  -1.276908039179746e-02  -1.757135965942228e-02  1.047656830264099e-02
  1.019999999999998e+01  -1.092473119317938e+06  7.197233966976746e+04  5.430703528954306e+04  5.293966261088068e+05  -5.162707566549395e+04  -1.750077186171679e+05  -1.182584806549660e-02  -1.308941495637349e-02  1.000113452060640e-02
  1.029999999999998e+01  -1.123206892500957e+06  1.030757150016172e+05  6.516151754072522e+04  5.156071561681655e+05  -5.266710360778111e+04  -1.480514663560798e+05  -8.242711295195720e-03  -7.530955973622447e-03  8.590069980735127e-03
  1.039999999999998e+01  -1.157654725457447e+06  1.291720052976913e+05  7.133836255355646e+04  4.969787989607558e+05  -5.071518408390613e+04  -1.210235497397386e+05  -3.503402805947163e-03  -1.904765064732163e-03  8.063862145142561e-03
  1.049999999999998e+01  -1.179184954253369e+06  1.495003678010295e+05  7.762445929930185e+04  4.806714242973200e+05  -4.054657231664904e+04  -9.323449302354785e+04  3.907911170179278e-04  2.426726104311677e-03  9.140648387179475e-03
  1.059999999999998e+01  -1.188809639534952e+06  1.667747463973887e+05  9.045190789939219e+04  4.763115418643602e+05  -2.311488937209683e+04  -6.593510776196665e+04  2.329588825524377e-03  4.490848444005920e-03  1.075727114285562e-02
  1.069999999999998e+01  -1.194932129886934e+06  1.870720246011526e+05  1.108786366277637e+05  4.869408949772442e+05  -4.631883785941387e+03  -4.506469247568865e+04  2.401903872399574e-03  4.346189886746425e-03  1.187548713373199e-02
  1.079999999999998e+01  -1.201125817075239e+06  2.157667489692224e+05  1.368765627349390e+05  5.050209798801864e+05  8.295944297423699e+03  -3.662809521954399e+04  1.428651646202022e-03  3.054612307572926e-03  1.283246039230296e-02
  1.089999999999998e+01  -1.206115836028392e+06  2.508961085379957e+05  1.647277414740781e+05  5.178367560162783e+05  1.494166294480723e+04  -3.848977998183497e+04  2.452936031437620e-04  2.092135056571383e-03  1.415650812071413e-02
  1.099999999999998e+01  -1.208502843534946e+06  2.846626717127618e+05  1.907928873500348e+05  5.164380186809943e+05  2.131288583471125e+04  -4.055599019146861e+04  -7.925964178927642e-04  2.664448930109423e-03  1.520604623158968e-02
  1.109999999999998e+01  -1.207900407414397e+06  3.117189034999651e+05  2.132840366506166e+05  5.010562898081630e+05  3.209546425442313e+04  -3.446866875895952e+04  -1.828418011300926e-03  4.975033343797315e-03  1.442945541738199e-02
  1.119999999999998e+01  -1.205041205917889e+06  3.322694072030025e+05  2.304911648427899e+05  4.808607205828031e+05  4.501157006099372e+04  -2.022668139830949e+04  -3.109937091502514e-03  7.800177349143523e-03  1.135050620771700e-02
  1.129999999999998e+01  -1.202250641059221e+06  3.474317261938886e+05  2.361900517593266e+05  4.666674536325355e+05  5.567647623450273e+04  -3.574379361576818e+03  -4.635879858207040e-03  9.476064496851648e-03  7.613586874014431e-03
  1.139999999999998e+01  -1.200898622094067e+06  3.577620576478889e+05  2.283509419543919e+05  4.614413985893674e+05  6.356994709141709e+04  9.739600221840685e+03  -6.324719567423873e-03  9.672122030678541e-03  5.368354163832616e-03
  1.149999999999998e+01  -1.201515745149502e+06  3.629761630913120e+05  2.182826718459783e+05  4.606131431014274e+05  7.147386986945901e+04  1.720471481105575e+04  -8.005847550558201e-03  9.257513139103783e-03  5.424068653433851e-03
  1.159999999999997e+01  -1.205446172103255e+06  3.599097631428058e+05  2.173090311114848e+05  4.610708979755893e+05  8.104539904575277e+04  2.036424037325853e+04  -9.327759839867366e-03  8.568605180686676e-03  6.686817622325951e-03
  1.169999999999997e+01  -1.209538070677852e+06  3.489833992856080e+05  2.268100628668486e+05  4.649384434317884e+05  9.084339793837284e+04  2.501998623428356e+04  -1.004927504961757e-02  7.031105898252995e-03  7.320890383848006e-03
  1.179999999999997e+01  -1.204947895969302e+06  3.388482684498816e+05  2.401298858805505e+05  4.740991572405712e+05  9.902212579336327e+04  3.729687616079897e+04  -1.011710428625442e-02  4.568724588802290e-03  6.272910567422582e-03
  1.189999999999997e+01  -1.189825376307514e+06  3.371142894090280e+05  2.475863204195970e+05  4.853455287664994e+05  1.057498377750705e+05  5.758912013453495e+04  -9.238439917674458e-03  2.271599600643216e-03  3.512909459919011e-03
  1.199999999999997e+01  -1.174994427504156e+06  3.400206911617486e+05  2.432096257337252e+05  4.936565892040192e+05  1.114932815283739e+05  8.090251833958901e+04  -6.849274223327557e-03  1.212584698118130e-03  -2.931459778840262e-04
  1.209999999999997e+01  -1.171727757234483e+06  3.356100387705357e+05  2.257461571414688e+05  4.974851499692062e+05  1.145071155672781e+05  1.008558064651394e+05  -3.137649900691798e-03  1.322685364174349e-03  -4.442762723722602e-03
  1.219999999999997e+01  -1.178522068666890e+06  3.185513064320810e+05  2.008464114093696e+05  4.989150684714263e+05  1.129745476338283e+05  1.115744694863872e+05  5.953968780066534e-04  1.768816076651006e-03  -8.227190898669908e-03
  1.229999999999997e+01  -1.183421416016730e+06  2.965343918095994e+05  1.782397766455330e+05  4.998843961359566e+05  1.083912869194239e+05  1.089460523668241e+05  2.995581606601864e-03  2.045085811494491e-03  -1.046826576128450e-02
  1.239999999999997e+01  -1.178620317753065e+06  2.796818325348310e+05  1.617575331160536e+05  4.997872766386343e+05  1.036755804225088e+05  9.452346752081093e+04  3.672302581757931e-03  2.259234038660648e-03  -1.044532063205787e-02
  1.249999999999997e+01  -1.166852965161479e+06  2.701466706066438e+05  1.492516754881374e+05  4.966039350599755e+05  9.940582646934300e+04  7.667237970595433e+04  3.053220823627659e-03  2.624848715578414e-03  -8.817314521485670e-03
  1.259999999999997e+01  -1.155611598959644e+06  2.624647013754741e+05  1.372100421609262e+05  4.898924309717650e+05  9.372845812243216e+04  6.499825243296133e+04  1.718094972778663e-03  3.033153664848377e-03  -7.128165787627611e-03
  1.269999999999997e+01  -1.149490917360585e+06  2.503479715981180e+05  1.246260947177731e+05  4.825822896491513e+05  8.555000605252557e+04  6.381453333551453e+04  2.863917262605894e-04  3.098855491997701e-03  -6.562208572982956e-03
  1.279999999999997e+01  -1.146974072953984e+06  2.318118739290042e+05  1.132445326342390e+05  4.791437549750954e+05  7.680677392921083e+04  7.023607957138988e+04  -6.380458689964979e-04  2.637350916252091e-03  -7.129794207468897e-03
  1.289999999999997e+01  -1.144292568219329e+06  2.092918194295116e+05  1.057794234175765e+05  4.826595822787213e+05  7.096917022705902e+04  7.735888931379330e+04  -6.969524170498562e-04  1.821266596544715e-03  -8.091591766918083e-03
  1.299999999999997e+01  -1.139856085551782e+06  1.869980170783488e+05  1.045189527355142e+05  4.926843023313351e+05  7.028795159508467e+04  7.804403272185588e+04  7.508874706641576e-06  1.000084206387121e-03  -8.694236644948826e-03
  1.309999999999997e+01  -1.134283111499549e+06  1.685349853344049e+05  1.087188323880375e+05  5.055701510646207e+05  7.419882660613947e+04  6.820706770263483e+04  1.021228681535132e-03  3.949757299902333e-04  -8.452478197389986e-03
  1.319999999999997e+01  -1.128377929291126e+06  1.559754960994784e+05  1.158247065522390e+05  5.174662363901939e+05  8.055677124294372e+04  4.942613689787340e+04  1.887942130922204e-03  -5.673723842438180e-06  -7.401520616923628e-03
  1.329999999999997e+01  -1.122532304019758e+06  1.495562946555650e+05  1.243277890505102e+05  5.265064482742852e+05  8.768783637065826e+04  2.887871313856044e+04  2.316669300408156e-03  -2.127041784401760e-04  -6.042742184952363e-03
  1.339999999999997e+01  -1.118727609217706e+06  1.478911279749408e+05  1.339599207154060e+05  5.328389877809306e+05  9.405070314184435e+04  1.551604024772286e+04  2.323802951306769e-03  -2.407943415276106e-04  -4.822098583028723e-03
  1.349999999999997e+01  -1.120372069284642e+06  1.488545847590419e+05  1.447456961740906e+05  5.371618976886407e+05  9.778514753944110e+04  1.361958811197062e+04  2.275292393467921e-03  -2.151678232034928e-04  -3.767970898917271e-03
  1.359999999999997e+01  -1.127936986567530e+06  1.510680693303070e+05  1.565552643039535e+05  5.402144877193709e+05  9.731350230425985e+04  1.982814879041146e+04  2.615709574872181e-03  -4.166125369931614e-04  -2.562382013803554e-03
  1.369999999999997e+01  -1.137320326361843e+06  1.535618949927138e+05  1.679273737659407e+05  5.434405280924460e+05  9.229294960129101e+04  2.638184825697608e+04  3.502954957329304e-03  -1.178324233780607e-03  -1.012487858620958e-03
  1.379999999999997e+01  -1.144628843032020e+06  1.546116097448182e+05  1.759643644293569e+05  5.484189069052129e+05  8.409143854047109e+04  2.640764401299377e+04  4.733359596006828e-03  -2.523429590492385e-03  6.717559426755163e-04
  1.389999999999997e+01  -1.149766489169637e+06  1.537318055762774e+05  1.786489558741553e+05  5.553060249682685e+05  7.461971938702212e+04  1.756054103506424e+04  5.986391788620694e-03  -3.956090268535726e-03  2.101820232990072e-03
  1.399999999999997e+01  -1.153578259741306e+06  1.541842231719435e+05  1.778528807782214e+05  5.621675912557866e+05  6.536781585558179e+04  2.474007527372941e+03  7.027572301053667e-03  -4.714757304471556e-03  2.938073060744240e-03
  1.409999999999997e+01  -1.153692655452498e+06  1.602710878757172e+05  1.778967335377073e+05  5.663028111672025e+05  5.727679809529531e+04  -1.398288505100265e+04  7.610809746831631e-03  -4.454656109084577e-03  2.900189704632589e-03
  1.419999999999997e+01  -1.146346675522407e+06  1.719126749303198e+05  1.801680176737843e+05  5.664443777453958e+05  5.110293186505094e+04  -2.728267418602159e+04  7.502410972015712e-03  -3.633802659574515e-03  1.849150900183487e-03
  1.429999999999997e+01  -1.132302459803572e+06  1.837908915875551e+05  1.808698373846879e+05  5.633552658321735e+05  4.717787793902864e+04  -3.428291149788567e+04  6.769058214636155e-03  -2.989622913543973e-03  -7.751769177380019e-05
  1.439999999999996e+01  -1.117744834671601e+06  1.905049379630764e+05  1.748407390307027e+05  5.587542615089910e+05  4.391731506999584e+04  -3.361583729948067e+04  5.865575130169976e-03  -2.829144945380237e-03  -2.459580950805163e-03
  1.449999999999996e+01  -1.109000389906302e+06  1.914040330739983e+05  1.608949925394495e+05  5.541612309578811e+05  3.842013918747535e+04  -2.571675721113754e+04  5.300342513276797e-03  -2.902589338431612e-03  -4.774084426574880e-03
  1.459999999999996e+01  -1.106554584881124e+06  1.901663528764734e+05  1.432398931948947e+05  5.502783843889745e+05  2.858781625756668e+04  -1.302552961187264e+04  5.064389683601065e-03  -2.837669261031637e-03  -6.646929511742435e-03
  1.469999999999996e+01  -1.104771894174954e+06  1.911501611162185e+05  1.279249214931589e+05  5.466533892762125e+05  1.544602836160803e+04  8.885602852946096e+02  4.508023790458260e-03  -2.486410170264108e-03  -7.936459702202310e-03
  1.479999999999996e+01  -1.099150859274012e+06  1.961517724666959e+05  1.179442470613823e+05  5.417368732571985e+05  4.045070306321540e+03  1.297136696078147e+04  3.056173247962552e-03  -1.785178037399790e-03  -8.648841117982307e-03
  1.489999999999996e+01  -1.092892044427135e+06  2.035643807995203e+05  1.121553933295460e+05  5.341022150755149e+05  4.796827020411911e+02  2.155358403624704e+04  1.063078058522421e-03  -6.198775170812350e-04  -8.831419693503468e-03
  1.499999999999996e+01  -1.093899290182509e+06  2.103987247031502e+05  1.072626770256629e+05  5.238195325030995e+05  7.165791155179257e+03  2.650432208953408e+04  -3.883582207711942e-04  1.090914541644546e-03  -8.588442477366807e-03
  1.509999999999996e+01  -1.105161490625473e+06  2.149772895557820e+05  1.004918122410322e+05  5.127564776985677e+05  1.995354410071155e+04  2.889747019042805e+04  -5.963258235320393e-04  3.202693953363042e-03  -8.147999446869730e-03
  1.519999999999996e+01  -1.120022632202404e+06  2.171212823941968e+05  9.080969118671668e+04  5.037375910567183e+05  3.027006496969805e+04  3.058540067906162e+04  5.059158871400225e-05  5.156949534222934e-03  -7.767593934040105e-03
  1.529999999999996e+01  -1.127950255804698e+06  2.162648856340862e+05  7.866418284301244e+04  4.988101985491224e+05  3.211185639664350e+04  3.313482911619573e+04  4.757629589026086e-04  6.141277842643953e-03  -7.443819954071870e-03
  1.539999999999996e+01  -1.124528710716033e+06  2.109818154117086e+05  6.588241178531975e+04  4.979344660012242e+05  2.700680566647726e+04  3.635998267567502e+04  -1.179858546010137e-05  5.604831129447423e-03  -6.817706947662599e-03
  1.549999999999996e+01  -1.114480565715726e+06  2.019689807160243e+05  5.558916956288961e+04  4.988478711950483e+05  2.162754669832909e+04  3.822177371643780e+04  -1.207758411079604e-03  3.776126886903301e-03  -5.614324875284508e-03
  1.559999999999996e+01  -1.106101397731416e+06  1.939622540858257e+05  5.088029990874594e+04  4.980758976115846e+05  2.218049028522727e+04  3.703068783655185e+04  -2.383093287717191e-03  1.758141006587955e-03  -4.033493921333953e-03
  1.569999999999996e+01  -1.104936797536711e+06  1.921388398342907e+05  5.253571858721360e+04  4.933738656348875e+05  3.017476552932875e+04  3.343155991165373e+04  -2.917325822106648e-03  7.847443437606855e-04  -2.572634458765515e-03
  1.579999999999996e+01  -1.111557643026499e+06  1.964701399429021e+05  5.783240374154750e+04  4.857611385150618e+05  4.231124494616103e+04  3.007108829776977e+04  -2.714030508170284e-03  1.182176852284474e-03  -1.546879911995058e-03
  1.589999999999996e+01  -1.122745801090650e+06  2.012441369194172e+05  6.342872503223737e+04  4.785482262584580e+05  5.432535061604423e+04  2.974433460004393e+04  -2.110590477251643e-03  2.274776069767577e-03  -7.103701839327126e-04
  1.599999999999996e+01  -1.134060738843531e+06  2.008770691348002e+05  6.879178736214430e+04  4.746873450615168e+05  6.334771011588336e+04  3.324929100531625e+04  -1.485229799743907e-03  3.101730716652310e-03  4.230185564283030e-04
  1.609999999999996e+01  -1.142458296470032e+06  1.951656977121583e+05  7.492641149380148e+04  4.748954617774697e+05  6.850172090902785e+04  3.863426326911716e+04  -9.674124885129711e-04  3.132047106433157e-03  1.920499366942663e-03
  1.619999999999996e+01  -1.147748741975575e+06  1.886301067986785e+05  8.096283947996046e+04  4.779031999854363e+05  7.088951851146671e+04  4.232127528142264e+04  -4.583348189022789e-04  2.448412706693541e-03  3.331931225605392e-03
  1.629999999999996e+01  -1.151662924774694e+06  1.862968116599281e+05  8.316349884779265e+04  4.822624546346024e+05  7.210039334650144e+04  4.112653548565385e+04  6.628514646317199e-05  1.389236493458794e-03  4.092744807254506e-03
  1.639999999999996e+01  -1.155307460184883e+06  1.904035257930679e+05  7.805628069888087e+04  4.871119041148422e+05  7.355254014595828e+04  3.402806558768344e+04  3.711047813258697e-04  3.577921456021169e-04  4.040697295969771e-03
  1.649999999999996e+01  -1.157863026872249e+06  1.996051072498527e+05  6.791609070563116e+04  4.918782318653754e+05  7.602417984612382e+04  2.293338077504567e+04  1.650145361757655e-04  -2.870535519811800e-04  3.620437625174096e-03
  1.659999999999997e+01  -1.158412700932292e+06  2.101817792135493e+05  6.115745350547481e+04  4.960307556846843e+05  7.923569373804693e+04  1.158858056008650e+04  -5.473229843584544e-04  -3.954661591814640e-04  3.488015591740087e-03
  1.669999999999997e+01  -1.158173001550707e+06  2.178763933679426e+05  6.650038235004981e+04  4.991297735291709e+05  8.243669394922230e+04  3.612072115994513e+03  -1.296923922265287e-03  -9.535181307461313e-05  4.033978001981580e-03
  1.679999999999997e+01  -1.159329172669398e+06  2.198547815106911e+05  8.619734173662662e+04  5.011211537045058e+05  8.467118405556839e+04  6.819730860294899e+02  -1.492011890845904e-03  2.195698819657146e-04  5.191117147823249e-03
  1.689999999999997e+01  -1.161440800702500e+06  2.166615718529365e+05  1.135733025708159e+05  5.020903529550125e+05  8.538374395997365e+04  1.736588283718178e+03  -9.781628631253289e-04  1.819306524913486e-04  6.591018534402016e-03
  1.699999999999997e+01  -1.159866299074184e+06  2.121137949088679e+05  1.376847456895668e+05  5.019023700078419e+05  8.459237068121722e+04  3.681077355582610e+03  -2.250688206559100e-04  -3.164711468188112e-04  7.938762614410821e-03
  1.709999999999997e+01  -1.150001750092437e+06  2.112300233728670e+05  1.508610197018711e+05  5.006160683836034e+05  8.265572653145215e+04  3.082925375337731e+03  9.831007718965141e-05  -1.068784100176955e-03  9.063598338110048e-03
  1.719999999999997e+01  -1.132658887926454e+06  2.168051210961932e+05  1.530476837483543e+05  4.992542462580405e+05  8.000434504561558e+04  -1.736869373172838e+03  -3.141946426790820e-04  -1.747027515302639e-03  9.793332977691990e-03
  1.729999999999998e+01  -1.115798764525275e+06  2.275978662177310e+05  1.506997304367086e+05  4.996750918651797e+05  7.728310536272674e+04  -9.429934208072378e+03  -1.138269713516439e-03  -2.083721079635984e-03  9.898315937904696e-03
  1.739999999999998e+01  -1.109437596496078e+06  2.390382414603843e+05  1.512855556972395e+05  5.030945490969344e+05  7.523872526966313e+04  -1.639749087369888e+04  -1.781728950859142e-03  -1.967743485578734e-03  9.288278046263698e-03
  1.749999999999998e+01  -1.118262085016705e+06  2.462197818230026e+05  1.576980611545945e+05  5.087892631014323e+05  7.409645240742112e+04  -1.899344653103382e+04  -1.953492027439011e-03  -1.454066649813103e-03  8.022246809890089e-03
  1.759999999999998e+01  -1.139141408515200e+06  2.467974162747148e+05  1.679654105917328e+05  5.143114976925795e+05  7.331921062480773e+04  -1.539397325404753e+04  -1.744677703583266e-03  -6.927525607693412e-04  6.301525766618774e-03
  1.769999999999998e+01  -1.163328085980019e+06  2.415067661008435e+05  1.776970783478994e+05  5.172974898488147e+05  7.179964612682158e+04  -6.386485384319846e+03  -1.513922878716832e-03  5.009163107454346e-05  4.265690457799389e-03
  1.779999999999998e+01  -1.181581104154365e+06  2.329111886094321e+05  1.831606939883742e+05  5.173006745964537e+05  6.891570102540099e+04  5.464306283948394e+03  -1.532100639876719e-03  4.013526645975329e-04  1.980813524906450e-03
  1.789999999999998e+01  -1.188343680329273e+06  2.239104835610414e+05  1.834086242959558e+05  5.158042997887068e+05  6.534115159482609e+04  1.732275652516213e+04  -1.771907929327967e-03  6.990671634806754e-05  -3.128548690403525e-04
  1.799999999999999e+01  -1.182648040702156e+06  2.170417021696728e+05  1.793847021360287e+05  5.149670519291082e+05  6.254058914303534e+04  2.705763195075529e+04  -2.033903138136378e-03  -9.245676150375275e-04  -2.241387545082002e-03
  1.809999999999999e+01  -1.168129019287288e+06  2.140413290786389e+05  1.726153957245248e+05  5.162449484736905e+05  6.168084213553334e+04  3.410069955962217e+04  -1.956009339591076e-03  -2.171865393118175e-03  -3.438755486639901e-03
  1.819999999999999e+01  -1.151110845281303e+06  2.152714689492404e+05  1.645308543676902e+05  5.196052226696940e+05  6.270669896312924e+04  3.908352429856930e+04  -1.233998021966195e-03  -3.067718003872101e-03  -3.750419938904052e-03
  1.829999999999999e+01  -1.137437813536345e+06  2.193314875898555e+05  1.557125332465521e+05  5.237816789768853e+05  6.445250624943816e+04  4.269049673265991e+04  1.393927806125883e-04  -3.193223892265421e-03  -3.345311225270038e-03
  1.839999999999999e+01  -1.129986520770482e+06  2.236708088232960e+05  1.466931067712787e+05  5.268402188776599e+05  6.546275246980695e+04  4.509386082402370e+04  1.793367668424384e-03  -2.533176881423647e-03  -2.571885311482905e-03
  1.849999999999999e+01  -1.127629982473641e+06  2.259952107563166e+05  1.383946778509100e+05  5.269994455851818e+05  6.475493156031210e+04  4.562200170339739e+04  3.022227577480691e-03  -1.409487786942783e-03  -1.830074224223168e-03
  1.859999999999999e+01  -1.126971064496117e+06  2.251008186576817e+05  1.318826876056950e+05  5.236019996520631e+05  6.207859029224584e+04  4.342679056196933e+04  3.192435682191362e-03  -2.852636064988180e-04  -1.409253172590087e-03
  1.870000000000000e+01  -1.125017842259593e+06  2.208019173406780e+05  1.281080945841361e+05  5.174996894056976e+05  5.790299532081830e+04  3.844030103425094e+04  2.126581879104231e-03  4.508784954012593e-04  -1.380059049457578e-03
  1.880000000000000e+01  -1.121131405709523e+06  2.135842815502071e+05  1.271797366416389e+05  5.108287836578499e+05  5.344577051505503e+04  3.152513011534878e+04  2.607264782987726e-04  6.037324267420511e-04  -1.617495182518930e-03
  1.890000000000000e+01  -1.117139053053479e+06  2.046353473523593e+05  1.284584367893250e+05  5.058788213481372e+05  5.041494463803724e+04  2.441441042224747e+04  -1.558825086269041e-03  2.340809629528674e-04  -1.932764489099353e-03
  1.900000000000000e+01  -1.115902464513714e+06  1.960567025567601e+05  1.315433499320873e+05  5.038250226659576e+05  5.039547664100966e+04  1.906253491222737e+04  -2.530954576568144e-03  -3.462065961996900e-04  -2.186675177123893e-03
  1.910000000000000e+01  -1.119244795072602e+06  1.902803356476406e+05  1.365026483434182e+05  5.043816150155364e+05  5.385960557364205e+04  1.692193973162431e+04  -2.326462641550688e-03  -7.532561048662570e-04  -2.343664568981677e-03
  1.920000000000000e+01  -1.126527355123102e+06  1.887334739895058e+05  1.434303234889747e+05  5.063494700131828e+05  5.941708960336683e+04  1.844525895513914e+04  -1.214006195810831e-03  -7.515165917447722e-04  -2.403126134456086e-03
  1.930000000000000e+01  -1.135125382691388e+06  1.908719449412237e+05  1.516297155755220e+05  5.086241849883758e+05  6.415672887647180e+04  2.256257363953857e+04  2.072103586859255e-04  -3.668215104715843e-04  -2.297700583017455e-03
  1.940000000000001e+01  -1.141979193073687e+06  1.943994012050193e+05  1.591230181873461e+05  5.107561714729429e+05  6.500726433665713e+04  2.699227132599691e+04  1.399353418110723e-03  1.923840428165480e-04  -1.916609141890815e-03
  1.950000000000001e+01  -1.145341032892071e+06  1.967326624548295e+05  1.634549002923909e+05  5.127918114771877e+05  6.060904159059457e+04  2.903477466469694e+04  2.148752283964712e-03  7.448133323027261e-04  -1.138034835784247e-03
  1.960000000000001e+01  -1.145094263468999e+06  1.964956221604969e+05  1.628669026486297e+05  5.148121426146238e+05  5.217432944692035e+04  2.686925549051881e+04  2.458787963270998e-03  1.199466812358280e-03  1.151386326786307e-05
  1.970000000000001e+01  -1.142053846340693e+06  1.939334495769374e+05  1.572653519822368e+05  5.165984373374152e+05  4.275150766743698e+04  2.054677855164174e+04  2.371148247577589e-03  1.497673939133493e-03  1.292016378310435e-03
  1.980000000000001e+01  -1.137545939464421e+06  1.903012126338088e+05  1.483535958279911e+05  5.175498474276618e+05  3.572723999730385e+04  1.197287010074297e+04  1.901533761544927e-03  1.566047433764085e-03  2.331369632482943e-03
  1.990000000000001e+01  -1.133103681275049e+06  1.869477748919249e+05  1.391723093739867e+05  5.169261753233706e+05  3.313111569057135e+04  4.313196763296930e+03  1.119304227850812e-03  1.319057585009075e-03  2.782145930421668e-03
