TITLE = "Temporal Signal for receiver number 02177"
VARIABLES = "Time","xx","yy","zz","xy","yz","xz","u","v","w"
# x1       3.685946160000e+05
# x2       4.730184950000e+06
# x3       -3.000000000000e+03
  0.000000000000000e+00  0.000000000000000e+00  0.000000000000000e+00  0.000000000000000e+00  0.000000000000000e+00  0.000000000000000e+00  0.000000000000000e+00  0.000000000000000e+00  0.000000000000000e+00  0.000000000000000e+00
  1.000000000000000e-01  0.000000000000000e+00  0.000000000000000e+00  0.000000000000000e+00  0.000000000000000e+00  0.000000000000000e+00  0.000000000000000e+00  0.000000000000000e+00  0.000000000000000e+00  0.000000000000000e+00
  2.000000000000000e-01  0.000000000000000e+00  0.000000000000000e+00  0.000000000000000e+00  0.000000000000000e+00  0.000000000000000e+00  0.000000000000000e+00  0.000000000000000e+00  0.000000000000000e+00  0.000000000000000e+00
  3.000000000000000e-01  0.000000000000000e+00  0.000000000000000e+00  0.000000000000000e+00  0.000000000000000e+00  0.000000000000000e+00  0.000000000000000e+00  0.000000000000000e+00  0.000000000000000e+00  0.000000000000000e+00
  4.000000000000000e-01  -1.504984844307914e-24  -8.136105531839515e-25  -8.565023686926732e-25  5.385454266780761e-25  1.884849959405353e-25  -7.642229334052366e-25  1.631959200931807e-31  -5.226727942222367e-32  6.849356047834063e-32
  5.000000000000000e-01  -8.208486543609025e-20  6.449666385742128e-19  6.640671938476459e-19  -1.851460769945403e-19  -4.130277489660911e-19  6.639765312744791e-21  1.815825100832467e-26  9.391083734978293e-26  -5.055413479667885e-26
  6.000000000000000e-01  4.117737990901378e-15  2.250883475351875e-15  1.894452459622643e-15  -1.708574746416971e-15  -4.633656351263195e-16  1.928703883570521e-15  -4.455283389976049e-22  1.537602433377534e-22  -1.400592506078452e-22
  7.000000000000000e-01  -1.875663166474477e-13  -2.663902040700475e-13  -2.321726834833884e-13  1.297741044822646e-13  1.165226385183586e-13  -1.012481593859163e-13  1.801977908507076e-20  -3.023060601836381e-20  1.840205836396757e-20
  7.999999999999999e-01  -7.074844099051701e-12  -3.402071729681345e-12  -4.390168716325597e-12  2.817335461043813e-12  6.902406975434510e-13  -3.668987245004195e-12  7.516589771206840e-19  -1.946201056160538e-19  3.701011800099962e-19
  8.999999999999999e-01  8.536095297876766e-11  1.056017027945700e-10  9.194729003869799e-11  -4.331369733900289e-11  -4.356046652796896e-11  3.740722169981026e-11  -7.609453582596826e-18  1.008608287344856e-17  -7.368312144593998e-18
  9.999999999999999e-01  1.253451957471929e-09  1.069559581565041e-09  8.928687610279142e-10  -5.543516238403299e-10  -3.425278093587557e-10  5.300083455580903e-10  -1.239757925697879e-16  8.577797049520139e-17  -7.165454026120808e-17
  1.100000000000000e+00  8.180560148839019e-09  5.887324403231036e-09  3.613335414955384e-09  -3.790279365051167e-09  -1.428060460330541e-09  3.259445044152958e-09  -8.633702988858166e-16  4.412646889189645e-16  -2.964882394865530e-16
  1.200000000000000e+00  3.247933364631323e-08  2.808042340651806e-08  1.336880130867243e-08  -1.790447273924408e-08  -6.382894502876407e-09  1.221896208811775e-08  -3.238691321726931e-15  2.708742940818254e-15  -1.169411545356940e-15
  1.300000000000000e+00  -8.210728997559203e-08  -3.069087203645499e-08  -6.820798079211944e-08  1.960431276460944e-08  1.622007879505163e-08  -3.212737449225083e-08  1.054078283322431e-14  3.766766929542403e-15  4.716931574494199e-15
  1.400000000000000e+00  -1.214756865992724e-06  -9.748839233643569e-07  -1.066007302499271e-06  4.151218439681190e-07  3.250522886453154e-07  -4.549247003063413e-07  1.120376607668996e-13  -6.137460949577142e-14  8.647058287411507e-14
  1.500000000000000e+00  4.910196575604507e-08  -1.064214543331920e-06  -1.063500727549773e-06  -3.737692163267095e-07  5.402269068464399e-07  -3.618356014248183e-08  -1.207283061654775e-13  -1.487845302081524e-13  1.200641922008845e-13
  1.600000000000000e+00  1.381366975696285e-05  8.071294761796351e-06  7.406529304585115e-06  -3.759912092901531e-06  -1.833741151164872e-06  4.989894290553920e-06  -1.348535236106611e-12  3.360525555461576e-13  -6.072055108566308e-13
  1.700000000000000e+00  1.269547605798006e-05  2.545125657120466e-05  3.092755195761895e-05  -1.376051824524484e-06  -1.178795880444788e-05  6.899599038405875e-06  1.730556693501379e-14  2.594583694121231e-12  -2.698695912272477e-12
  1.800000000000000e+00  -8.730717828708926e-05  -9.398721201282673e-05  -5.418015511035594e-05  3.367066516051115e-05  2.856756268020744e-05  -4.614892308230811e-05  9.335846140948290e-12  -4.783564899815062e-12  5.035689363139609e-12
  1.900000000000001e+00  -3.511804262238711e-04  -2.223115354815892e-04  -5.555801957483195e-04  4.869162337528981e-06  1.030478547040880e-04  -9.371257337535590e-05  1.358080339241732e-11  -2.652669709489461e-11  4.483346291782804e-11
  2.000000000000000e+00  2.672420385082639e-03  1.930757264350881e-03  3.067519188545398e-03  -4.170958297174703e-04  -6.477876298514587e-04  9.996303825499269e-04  -1.927642279687360e-10  1.508434120395315e-10  -2.466495884317223e-10
  2.100000000000001e+00  -9.138729147448597e-03  -6.320370223957235e-03  -8.759046163786782e-03  1.550199829418636e-03  1.594663059736833e-03  -3.229698091084005e-03  7.457211200854767e-10  -4.243711358717725e-10  6.587090560425519e-10
  2.200000000000001e+00  2.301566257249830e-02  1.381277520559406e-02  1.839278718736562e-02  -3.729256615529496e-03  -2.519675980263429e-03  6.819020812763568e-03  -2.030357062068673e-09  7.612879918959595e-10  -1.270989398319449e-09
  2.300000000000001e+00  -4.703395220328521e-02  -2.268266900075999e-02  -3.215013999437189e-02  3.904514207097367e-03  2.976455818716440e-03  -1.169772429084387e-02  4.109371912721265e-09  -8.335474235632635e-10  2.216177616237530e-09
  2.400000000000001e+00  8.854129954523854e-02  2.745953194228775e-02  5.256861477643272e-02  5.826152902100023e-03  -1.737019571646501e-03  2.328798311722164e-02  -7.116412397109081e-09  -3.191558658626242e-10  -4.255324844960726e-09
  2.500000000000001e+00  -1.647539782521276e-01  1.227299109104253e-04  -6.533552933665861e-02  -4.659239886815812e-02  -1.745154825921620e-02  -5.029130963993729e-02  1.151339549416657e-08  5.823105676320711e-09  7.138670121466862e-09
  2.600000000000001e+00  1.801042055135998e-01  -1.132151082231038e-01  -2.314292317553159e-02  1.506040017858799e-01  6.438684579265219e-02  6.393389060071586e-02  -1.076421602864904e-08  -2.399702452687355e-08  -4.777206551486545e-09
  2.700000000000001e+00  6.491786796680759e-01  6.040708656239276e-01  7.284208419680458e-01  -3.205362199977138e-01  -2.295528648627277e-01  1.326044481345944e-01  -5.158988916924712e-08  6.944567014793439e-08  -4.113120106201028e-08
  2.800000000000001e+00  -3.703312467972321e+00  -1.472551255314811e+00  -2.591758223792135e+00  1.321912574564806e-01  2.821322665982264e-01  -8.804145106595508e-01  2.493731720298598e-07  -1.078459139571365e-07  1.743685347992265e-07
  2.900000000000001e+00  4.847507947012652e+00  2.404135042908074e+00  1.819883260077279e+00  6.694319828622003e-01  4.196424563464681e-01  7.258383004486191e-02  -3.734035031831558e-07  -2.370277107723542e-08  -1.778427858230254e-08
  3.000000000000001e+00  -5.784494808443578e+00  1.082073846815312e+00  2.368819105744016e+00  -1.254031822077502e+00  -8.310191660259163e-01  1.234767082687222e+00  4.635718093362698e-07  7.712236007161984e-08  -4.664104154381931e-07
  3.100000000000001e+00  -5.417196943680567e+01  -2.325380444372994e+01  -3.493516907583166e+01  8.020151014124270e-01  -5.115458181242525e-01  -1.710961532137063e+01  4.619282331074457e-06  -5.688562279922044e-08  2.627661358618977e-06
  3.200000000000002e+00  -2.088072513641342e+02  -9.225448629331999e+01  -1.481344154040266e+02  -7.167824410809054e+00  -2.773871943164508e+00  -9.016384230618439e+01  1.780552969458249e-05  1.559478313174576e-06  1.348690149668285e-05
  3.300000000000002e+00  -7.244074602531302e+02  -2.707772885823158e+02  -3.775149060431678e+02  -2.333696514571487e+01  -7.632212090221694e+00  -1.902187289222949e+02  6.021549385506721e-05  2.850213673188985e-06  2.621099953125661e-05
  3.400000000000002e+00  -1.319352950658765e+03  -4.284072547026429e+02  -5.428765614118565e+02  -2.598876562498663e+01  -4.700196848008293e+00  -2.400537118045752e+02  1.084828089289791e-04  1.916802071722972e-06  2.954705165068494e-05
  3.500000000000002e+00  -1.358939514652379e+03  -3.594062539288886e+02  -4.158431395356731e+02  -1.354642872245039e+01  2.943416780992818e+00  -2.341448807411123e+02  1.116714848523624e-04  8.058358559318119e-07  2.314842606226031e-05
  3.600000000000002e+00  -1.067050754177421e+03  -1.776808995917814e+02  -1.538910843454475e+02  -7.999760417247185e+00  4.442999764173018e+00  -2.270927666853202e+02  8.734814433787469e-05  5.066044436569781e-07  1.634491172207016e-05
  3.700000000000002e+00  -1.485715163872530e+03  -2.642705893308838e+02  -2.562969139481335e+02  -3.820465814788514e+00  7.326594714014955e+00  -3.216639387765495e+02  1.220387432562041e-04  -8.041401573646211e-07  2.740346229944356e-05
  3.800000000000002e+00  -3.009310023689216e+03  -7.269600308378915e+02  -8.700516978322304e+02  -2.331077678408927e+01  3.795232845606496e+00  -5.741935273092735e+02  2.480366573092324e-04  5.972908520827853e-07  6.293447553482471e-05
  3.900000000000002e+00  -5.769010632462868e+03  -1.602595974441379e+03  -2.071579310195556e+03  -8.223783035555863e+01  -1.504260544763497e+01  -1.141782286790680e+03  4.746745341220631e-04  8.269592881673018e-06  1.404089256431758e-04
  4.000000000000002e+00  -1.152458267616433e+04  -3.569277124667550e+03  -4.822581300086232e+03  -2.360724577361777e+02  -6.750557565938786e+01  -2.592995855774278e+03  9.484225711458208e-04  3.027921293871653e-05  3.369912330061658e-04
  4.100000000000001e+00  -2.363735306152263e+04  -7.740444278608455e+03  -1.047231744361322e+04  -6.153240659181714e+02  -1.911040159326627e+02  -5.577654347244301e+03  1.952141417622055e-03  8.445219986605183e-05  7.328052689306047e-04
  4.200000000000001e+00  -4.800289211075110e+04  -1.576709666942075e+04  -2.069561398307855e+04  -1.484966321016460e+03  -4.763012255952813e+02  -1.051944982953702e+04  3.963015627417877e-03  1.946659834816155e-04  1.364519888216724e-03
  4.300000000000001e+00  -8.829270539569267e+04  -2.817052389395672e+04  -3.563685792234862e+04  -2.883434130786147e+03  -8.448821968065970e+02  -1.748110050666065e+04  7.270410539623899e-03  3.455289759349837e-04  2.206497652926792e-03
  4.400000000000000e+00  -1.368541908637512e+05  -4.131547345046722e+04  -5.000797497027575e+04  -4.777572400540241e+03  -1.277343555421952e+03  -2.504641368474515e+04  1.124007113492270e-02  5.530352402153964e-04  3.003265252895092e-03
  4.500000000000000e+00  -1.859029987288881e+05  -5.206717056609610e+04  -5.965392980906367e+04  -7.177866057740594e+03  -1.814114532025801e+03  -3.231892959464364e+04  1.524103120373878e-02  8.341155984075314e-04  3.631554854355739e-03
  4.600000000000000e+00  -2.426997963457150e+05  -6.330819897226150e+04  -6.820966322903354e+04  -1.051056860669496e+04  -2.534747120861557e+03  -4.032845057855648e+04  1.987084293343995e-02  1.198855899581378e-03  4.297635681013064e-03
  4.699999999999999e+00  -3.153869780265166e+05  -7.748916933257012e+04  -7.893008551139027e+04  -1.493817831563386e+04  -3.462712291812427e+03  -4.923288428182505e+04  2.576893097728245e-02  1.670834046260227e-03  5.052517469520171e-03
  4.799999999999999e+00  -4.030856240863746e+05  -9.428086909552109e+04  -9.250577543911879e+04  -2.009757471676086e+04  -4.280383997260885e+03  -5.976392088892680e+04  3.282930124724416e-02  2.164424724738876e-03  6.030197310512388e-03
  4.899999999999999e+00  -4.927501746769034e+05  -1.080868418202369e+05  -1.003386818822760e+05  -2.691025390583733e+04  -5.659141319522693e+03  -6.895830017297943e+04  3.997631143377193e-02  2.894194335496104e-03  6.598163462732114e-03
  4.999999999999998e+00  -5.819435602307826e+05  -1.185556893964816e+05  -1.027868514760838e+05  -3.523609457217334e+04  -6.786557998061103e+03  -7.672643101019612e+04  4.693674869046549e-02  3.723092278935050e-03  6.809312733236948e-03
  5.099999999999998e+00  -6.757159727998264e+05  -1.269092756629219e+05  -1.008125368171352e+05  -4.440706549976467e+04  -8.135907743113053e+03  -8.245001417372428e+04  5.421041980525474e-02  4.636960252723181e-03  6.503880552215794e-03
  5.199999999999998e+00  -7.808846393275966e+05  -1.372406934429717e+05  -1.027495741141926e+05  -5.465945827331834e+04  -9.797580335547000e+03  -8.993943052668600e+04  6.229248665302090e-02  5.560095024787571e-03  6.523918377843932e-03
  5.299999999999997e+00  -9.044573048433936e+05  -1.526435913181820e+05  -1.104079269386824e+05  -6.876899408556162e+04  -1.109314192671712e+04  -1.013824384546755e+05  7.169735814353839e-02  6.768016563790609e-03  6.956871724186140e-03
  5.399999999999997e+00  -9.640083839533956e+05  -1.323532156905544e+05  -6.791189171463902e+04  -7.710593951620474e+04  -8.125613305473339e+03  -9.076603613665311e+04  7.549473816710139e-02  7.271637177904713e-03  3.518753962487223e-03
  5.499999999999996e+00  -9.138796416657453e+05  -5.671019056103248e+04  4.223682598279849e+04  -6.548830245217688e+04  1.796151929310614e+03  -5.240245981961696e+04  7.004413511312647e-02  4.936919100675311e-03  -4.151765312952810e-03
  5.599999999999996e+00  -8.627550311323599e+05  1.721730485424982e+04  1.493407290160526e+05  -4.732944087550656e+04  1.260977566743540e+04  -1.095238716947655e+04  6.426276252828599e-02  1.542458685607111e-03  -1.161548935491162e-02
  5.699999999999996e+00  -8.776262758609800e+05  5.515347078678368e+04  2.100742918926257e+05  -4.011367127075326e+04  2.126648519340593e+04  2.338099717149374e+04  6.334261519279152e-02  4.181730299917945e-05  -1.689145635740734e-02
  5.799999999999995e+00  -9.048973781942256e+05  8.670193586581378e+04  2.538299506145111e+05  -3.738474984170000e+04  2.924288409198354e+04  5.805803118539191e+04  6.294892853818039e-02  -5.545434421697482e-04  -2.126788396229523e-02
  5.899999999999995e+00  -9.170186130469489e+05  1.292378273390382e+05  3.044603497908737e+05  -2.806008216044141e+04  3.717268397495047e+04  9.942649558198015e+04  6.100875925351724e-02  -2.190957832858541e-03  -2.648188924799874e-02
  5.999999999999995e+00  -9.575166189638168e+05  1.637745576640545e+05  3.439592800087587e+05  -1.318230684154116e+04  4.327807422762044e+04  1.429636319683426e+05  6.092230632104377e-02  -4.746430299378095e-03  -3.255303718700754e-02
  6.099999999999994e+00  -1.050595663380912e+06  1.717471745251630e+05  3.452062814352434e+05  1.402021862177111e+03  4.297930612307126e+04  1.764130219009718e+05  6.483145661973319e-02  -7.003844637725315e-03  -3.691510166477090e-02
  6.199999999999994e+00  -1.112388880947169e+06  1.790336471252990e+05  3.273192015525696e+05  2.537257768732794e+02  3.241454440466139e+04  1.953814975023729e+05  6.643111649642110e-02  -6.358026656373412e-03  -3.751126468591121e-02
  6.299999999999994e+00  -1.100714955193305e+06  1.971097623710862e+05  3.062071190162869e+05  -2.047755224905255e+04  1.458862873725783e+04  1.999239771333103e+05  6.257357625387387e-02  -2.568751049640174e-03  -3.417704285264481e-02
  6.399999999999993e+00  -1.074853886152560e+06  2.084706260850495e+05  2.650295964236542e+05  -4.301987800546023e+04  -4.538864929589988e+03  1.897342559821181e+05  5.816685255236784e-02  1.754529870345837e-03  -2.784892049654820e-02
  6.499999999999993e+00  -1.040332513799298e+06  2.141265684839256e+05  2.050070975542171e+05  -5.911885055216853e+04  -2.305070868076752e+04  1.680150146932091e+05  5.349873396003131e-02  5.401503123671250e-03  -1.958884674572846e-02
  6.599999999999993e+00  -9.902006772389984e+05  2.140388337599827e+05  1.435582257242511e+05  -6.711051753401292e+04  -4.071700194864430e+04  1.423114633665590e+05  4.811476823534535e-02  7.802757290890174e-03  -1.012609767853139e-02
  6.699999999999992e+00  -9.659869308251198e+05  2.048667278910186e+05  1.036000276428175e+05  -6.333704344532697e+04  -5.627389826676745e+04  1.220666680869390e+05  4.588084323199074e-02  8.676080513403682e-03  -1.149758746946776e-03
  6.799999999999992e+00  -9.666658455707460e+05  1.981567670464587e+05  9.292285645304745e+04  -5.131265110374045e+04  -6.773174461200844e+04  1.039924822862791e+05  4.654771543866374e-02  8.865057977823994e-03  6.920687896805370e-03
  6.899999999999991e+00  -9.403151328361575e+05  2.040599266307357e+05  6.749308831853516e+04  -3.274363503303552e+04  -8.015122958255328e+04  6.998061887639397e+04  4.504514061898252e-02  8.476254349742475e-03  1.768939896951948e-02
  6.999999999999991e+00  -8.768325008571568e+05  2.124812763152877e+05  -2.481239645968327e+04  -2.342404954129181e+03  -1.059143424257248e+05  1.487614656204483e+04  4.042150326944453e-02  6.669764799842682e-03  3.403469701068830e-02
  7.099999999999991e+00  -8.134886509501040e+05  2.081642000799020e+05  -1.670310409879327e+05  3.794776474961763e+04  -1.440702833688582e+05  -4.374977551650057e+04  3.653227394597709e-02  4.069153666332824e-03  5.272851892067257e-02
  7.199999999999990e+00  -7.797029386097816e+05  1.866476235330428e+05  -2.929607500209256e+05  7.227916869197653e+04  -1.745532857014268e+05  -7.692778320358924e+04  3.594027476910656e-02  2.934403481290197e-03  6.605446056645684e-02
  7.299999999999990e+00  -7.840267658219949e+05  1.516696825249972e+05  -3.576622601206808e+05  8.511638454752168e+04  -1.814012503981855e+05  -5.045915416369954e+04  3.883690107050406e-02  4.761519938432466e-03  6.686698747872534e-02
  7.399999999999990e+00  -8.184697142031349e+05  1.124308188838735e+05  -3.602557994581870e+05  7.500811246646155e+04  -1.689128964937600e+05  4.526288725925465e+04  4.460643233806381e-02  9.001242203096336e-03  5.480925840862831e-02
  7.499999999999989e+00  -8.590739155691908e+05  8.067566162977145e+04  -3.246172734847225e+05  5.098439477951347e+04  -1.522198169230350e+05  1.639341307366019e+05  5.153836865275291e-02  1.408466240540369e-02  3.957334130790036e-02
  7.599999999999989e+00  -8.625823411338259e+05  7.355464445989422e+04  -2.682201351519215e+05  2.616981719563810e+04  -1.427440777467779e+05  2.340471532088135e+05  5.564876718748547e-02  1.827507636821889e-02  3.328089906328818e-02
  7.699999999999989e+00  -7.982059842701855e+05  1.033568449591730e+05  -1.988298824248310e+05  1.655961602496280e+04  -1.418167283513120e+05  2.211879623059854e+05  5.326888508965425e-02  1.948490034820695e-02  3.954069800360466e-02
  7.799999999999988e+00  -6.825894142719081e+05  1.625341197014607e+05  -1.282647960265539e+05  2.573341655314194e+04  -1.410087791781052e+05  1.496623716817226e+05  4.446289882071122e-02  1.738005061773194e-02  5.195196025454606e-02
  7.899999999999988e+00  -5.505363715478262e+05  2.341858988765802e+05  -7.015123826798076e+04  3.425616343060486e+04  -1.301081072282674e+05  7.245257257605446e+04  3.150952191279769e-02  1.497074875394777e-02  6.070393467163814e-02
  7.999999999999988e+00  -4.170713381023544e+05  3.053028757644459e+05  -3.476579158087164e+04  2.089606921732402e+04  -1.084045239834021e+05  2.936245145528724e+04  1.640381628034681e-02  1.516161048820283e-02  5.970987579554358e-02
  8.099999999999987e+00  -2.768504200839573e+05  3.705940676053008e+05  -2.317693019310912e+04  -1.502955853873239e+04  -8.457372466881371e+04  2.884104614568202e+04  2.673779423987258e-04  1.751515568691339e-02  4.963546176521941e-02
  8.199999999999987e+00  -1.220945015369147e+05  4.312620993063656e+05  -2.542154988191784e+04  -5.951591009283649e+04  -6.551445246177567e+04  5.419202868229130e+04  -1.630213960861418e-02  1.994003395298051e-02  3.568636132632554e-02
  8.299999999999986e+00  3.238493293811171e+04  4.832498612927301e+05  -3.065248927177090e+04  -1.027454904061042e+05  -4.915274200946753e+04  8.268969974538844e+04  -3.192228365306607e-02  2.164142809911395e-02  2.269640556654998e-02
  8.399999999999986e+00  1.494461443844468e+05  5.164788231833772e+05  -3.135176625615649e+04  -1.414250600649942e+05  -2.722938264390192e+04  1.060329234721292e+05  -4.408355451373867e-02  2.312377093773445e-02  1.123084006887770e-02
  8.499999999999986e+00  2.082784593810917e+05  5.256760684438725e+05  -1.923707089391176e+04  -1.672997010413287e+05  5.652043269650590e+03  1.347799897511849e+05  -5.160070559528403e-02  2.353744568628801e-02  -1.820292933475099e-03
  8.599999999999985e+00  2.217000340902257e+05  5.128778923770047e+05  1.136643852007816e+04  -1.639767038363392e+05  4.609550745602011e+04  1.804948212981288e+05  -5.569540869161212e-02  2.005401138717234e-02  -1.838971682173840e-02
  8.699999999999985e+00  2.096056934825145e+05  4.827764102430440e+05  5.267225736063205e+04  -1.229884182657635e+05  8.331356170102274e+04  2.375292306750062e+05  -5.781151483922223e-02  1.135935217022348e-02  -3.581748342755497e-02
  8.799999999999985e+00  1.752572915160433e+05  4.382354764671481e+05  8.391073492324486e+04  -6.065133901635860e+04  1.061974825318067e+05  2.869751882305940e+05  -5.780343961983890e-02  1.457234890464958e-04  -4.869153754351431e-02
  8.899999999999984e+00  1.246780476326025e+05  3.893918502754541e+05  9.678009892343212e+04  -9.623272187956871e+03  1.112277947613158e+05  3.162333730143519e+05  -5.577062158270244e-02  -8.637217492079408e-03  -5.371651595772026e-02
  8.999999999999984e+00  9.067418817476746e+04  3.578146945582537e+05  1.157362412226736e+05  7.103549116097398e+03  1.053196533319786e+05  3.326419317022937e+05  -5.428175260584998e-02  -1.178000565307957e-02  -5.233890435680966e-02
  9.099999999999984e+00  1.011173665292626e+05  3.532911223918672e+05  1.709723664638342e+05  -8.336388743768352e+03  1.003484707774429e+05  3.548847187968824e+05  -5.567982188300384e-02  -9.775613233275988e-03  -4.888624255010072e-02
  9.199999999999983e+00  1.335525831186632e+05  3.548915182730341e+05  2.541183087093532e+05  -3.797198707201956e+04  1.027921718941042e+05  3.913913035938372e+05  -5.821678965151675e-02  -5.093259826960034e-03  -4.655853917304941e-02
  9.299999999999983e+00  1.344222378522100e+05  3.305915935529352e+05  3.226301407290152e+05  -6.739508874957846e+04  1.105670303917322e+05  4.311025269084151e+05  -5.753396724196806e-02  3.748811469768856e-04  -4.500689681704467e-02
  9.399999999999983e+00  8.253666893652125e+04  2.718424741857023e+05  3.453324141466752e+05  -9.531716473146236e+04  1.192722575036228e+05  4.521765589387780e+05  -5.195899460135793e-02  6.353429179066374e-03  -4.172530862409867e-02
  9.499999999999982e+00  5.891078177998173e+03  1.970022555875971e+05  3.273359366513178e+05  -1.260297952480106e+05  1.296168310078005e+05  4.375159985573523e+05  -4.409573756806581e-02  1.317195223731100e-02  -3.506820981070321e-02
  9.599999999999982e+00  -5.535148828958532e+04  1.270778331855603e+05  2.930438221048073e+05  -1.572366897081104e+05  1.458460377361871e+05  3.875708905773190e+05  -3.782186974473480e-02  2.015380627336199e-02  -2.618641067682060e-02
  9.699999999999982e+00  -8.526815728958385e+04  6.950929820434609e+04  2.574548075635254e+05  -1.790593763711105e+05  1.686281705844101e+05  3.195530139642907e+05  -3.489480635517622e-02  2.550097365716274e-02  -1.836378275953298e-02
  9.799999999999981e+00  -9.803388977120447e+04  2.225532385935920e+04  2.191970953641580e+05  -1.839624495245084e+05  1.931892333150573e+05  2.532814412165562e+05  -3.406251455809169e-02  2.774687997091775e-02  -1.410569038939695e-02
  9.899999999999981e+00  -1.142046569784343e+05  -1.531102504188378e+04  1.761557589590211e+05  -1.750970345180525e+05  2.120257117173215e+05  1.983444544428511e+05  -3.319203994466414e-02  2.690505823991071e-02  -1.340698136662116e-02
  9.999999999999980e+00  -1.404389340328241e+05  -4.025670909361669e+04  1.353481674701718e+05  -1.617922390535150e+05  2.204544319827029e+05  1.553547298093477e+05  -3.138601790451805e-02  2.416631838057410e-02  -1.465410970925334e-02
  1.009999999999998e+01  -1.717337382999513e+05  -5.484192340437911e+04  1.017042838188092e+05  -1.506204770364303e+05  2.187399556640176e+05  1.242310656123605e+05  -2.925567362521149e-02  2.072111875366747e-02  -1.674244686640311e-02
  1.019999999999998e+01  -1.978415968877387e+05  -6.795913912520237e+04  6.841373161466634e+04  -1.420208717456650e+05  2.105608481449052e+05  1.059475978816014e+05  -2.797522940575061e-02  1.704445903695243e-02  -1.967725301450232e-02
  1.029999999999998e+01  -2.035315019092950e+05  -8.680311561530833e+04  2.516529544333561e+04  -1.305922388846853e+05  2.013180368755723e+05  9.754712174978442e+04  -2.868457701283000e-02  1.311803934062419e-02  -2.322579865840509e-02
  1.039999999999998e+01  -1.790650113885006e+05  -1.136557648451528e+05  -3.007698809273081e+04  -1.077420000201810e+05  1.949823896235916e+05  8.900567023915001e+04  -3.172099673003796e-02  8.545264245364554e-03  -2.600371298019300e-02
  1.049999999999998e+01  -1.350129358820818e+05  -1.474985233804775e+05  -8.953237646580368e+04  -6.568984798777656e+04  1.913132474286066e+05  6.843161384407629e+04  -3.569685463486252e-02  2.610843335479132e-03  -2.635963813081039e-02
  1.059999999999998e+01  -9.567119118095936e+04  -1.872384065508613e+05  -1.432391056968724e+05  -2.017782615628847e+03  1.841967775007545e+05  3.310477843490055e+04  -3.839452652974831e-02  -5.394923030171648e-03  -2.413773483207038e-02
  1.069999999999998e+01  -7.288499486532679e+04  -2.270517074224438e+05  -1.871487494443106e+05  7.541745541199856e+04  1.628881907853855e+05  -5.184767497350586e+03  -3.893864537339252e-02  -1.541278280758832e-02  -2.132561705937510e-02
  1.079999999999998e+01  -5.966029624398945e+04  -2.555779770177722e+05  -2.272375426978479e+05  1.511054164098945e+05  1.184254632332878e+05  -3.025021099039464e+04  -3.823328366711191e-02  -2.635140348663694e-02  -2.037823399902553e-02
  1.089999999999998e+01  -5.135314454972043e+04  -2.662123587357518e+05  -2.729904697102853e+05  2.118241980544695e+05  5.106068345839431e+04  -3.940207203973409e+04  -3.725345579955980e-02  -3.690633585044911e-02  -2.142209241143077e-02
  1.099999999999998e+01  -5.809923257603178e+04  -2.591791133564674e+05  -3.232159127901045e+05  2.518806687314071e+05  -2.760593371686567e+04  -4.925400303212857e+04  -3.597360148460657e-02  -4.586153137041671e-02  -2.153970593417567e-02
  1.109999999999998e+01  -9.458488067877862e+04  -2.402262972042207e+05  -3.622139503693351e+05  2.715539008471744e+05  -1.006063567557405e+05  -8.171659391060466e+04  -3.385897319468315e-02  -5.199674627756157e-02  -1.728610230321488e-02
  1.119999999999998e+01  -1.645676912323617e+05  -2.148899121705025e+05  -3.690388448149581e+05  2.724314249434641e+05  -1.530994800858261e+05  -1.438000850582799e+05  -3.036971439489347e-02  -5.400038297484631e-02  -7.537176908887646e-03
  1.129999999999998e+01  -2.569088450575825e+05  -1.854356378632588e+05  -3.351821858230362e+05  2.553372520221778e+05  -1.784566781729406e+05  -2.196953243568059e+05  -2.512397026244459e-02  -5.103947147291377e-02  5.393889179477280e-03
  1.139999999999998e+01  -3.540714496340958e+05  -1.535131303699944e+05  -2.720115044303488e+05  2.227383435640435e+05  -1.803095182004483e+05  -2.821048511885755e+05  -1.797431000898008e-02  -4.357578335257078e-02  1.731689598329037e-02
  1.149999999999998e+01  -4.401058442914092e+05  -1.180610266645612e+05  -2.002323777840770e+05  1.800090939503855e+05  -1.684763428325409e+05  -3.102318895443809e+05  -9.252061020616643e-03  -3.328954275314434e-02  2.515070287237667e-02
  1.159999999999997e+01  -5.068900792531245e+05  -7.920113046102016e+04  -1.386995463150072e+05  1.343244873915872e+05  -1.543256013971142e+05  -3.003517151742777e+05  1.331833300082944e-04  -2.266880543577816e-02  2.832041710736014e-02
  1.169999999999997e+01  -5.578324538811352e+05  -3.914559663549275e+04  -9.566969771202430e+04  9.294296596219449e+04  -1.450584169733816e+05  -2.650964384205056e+05  9.369349103913932e-03  -1.407510779475752e-02  2.851880727844371e-02
  1.179999999999997e+01  -6.027042692480390e+05  -1.629913632268353e+03  -6.934847564693350e+04  6.058601390018540e+04  -1.423585450880498e+05  -2.235603743923161e+05  1.780522394767166e-02  -8.820551116454340e-03  2.790381723086363e-02
  1.189999999999997e+01  -6.472837925509181e+05  2.925770213237199e+04  -5.306274707019705e+04  3.755358068781509e+04  -1.445229994096433e+05  -1.900728941449990e+05  2.467498283135803e-02  -6.604876807187465e-03  2.748487743163578e-02
  1.199999999999997e+01  -6.864658668945302e+05  5.226901491269490e+04  -3.948583852752380e+04  2.133763085680112e+04  -1.482852987958003e+05  -1.692036491453881e+05  2.913985699711742e-02  -5.923017529092938e-03  2.708768444199287e-02
  1.209999999999997e+01  -7.103524530257101e+05  6.685811860998902e+04  -2.478952929486970e+04  9.531491196589252e+03  -1.503954628846269e+05  -1.573063870256474e+05  3.082411236117641e-02  -5.340799491942672e-03  2.621048964448820e-02
  1.219999999999997e+01  -7.150870352092235e+05  7.370010640890359e+04  -7.480260943073911e+03  8.969886631079039e+02  -1.476189534035898e+05  -1.475914623239936e+05  3.042262222037239e-02  -4.145884536142453e-03  2.488392807550753e-02
  1.229999999999997e+01  -7.049372340731226e+05  7.425051232173848e+04  1.363394173860789e+04  -5.354601054036978e+03  -1.374106042800319e+05  -1.344147935329461e+05  2.914228504471065e-02  -2.376709173349199e-03  2.350302043538652e-02
  1.239999999999997e+01  -6.864517560344621e+05  7.035455038990885e+04  3.952212949547639e+04  -9.687779386821052e+03  -1.186844062829691e+05  -1.149188170674106e+05  2.778811679658634e-02  -4.014001759021318e-04  2.227046886349753e-02
  1.249999999999997e+01  -6.631611655883831e+05  6.459798205092477e+04  6.836667711536872e+04  -1.130112829329566e+04  -9.268649020658172e+04  -8.919257625667346e+04  2.648466677214599e-02  1.415352600465902e-03  2.108290596404508e-02
  1.259999999999997e+01  -6.365375854338366e+05  5.879320713275693e+04  9.366469708098334e+04  -8.654851394848381e+03  -6.328900946489975e+04  -5.922663903775810e+04  2.507238914027140e-02  2.842030602335305e-03  1.970472566120231e-02
  1.269999999999997e+01  -6.079134420529628e+05  5.456353166215837e+04  1.085809809078180e+05  -1.584115587098156e+03  -3.548129705820059e+04  -2.758921377133998e+04  2.348858032445687e-02  3.962807006934897e-03  1.800670867127318e-02
  1.279999999999997e+01  -5.778606612555778e+05  5.337354437375796e+04  1.115506734712774e+05  7.622441141234907e+03  -1.327671171377855e+04  3.720214611014775e+03  2.165732276291096e-02  5.027768049538750e-03  1.600196255995300e-02
  1.289999999999997e+01  -5.467314553635496e+05  5.511782986633835e+04  1.068442409312163e+05  1.604372665941511e+04  1.835189281241645e+03  3.320292452003099e+04  1.949792704441296e-02  6.071009853553033e-03  1.388139446467608e-02
  1.299999999999997e+01  -5.152604699518514e+05  5.812679176288252e+04  1.005576572107147e+05  2.189492082128465e+04  1.087713367492799e+04  5.989688685022989e+04  1.707353000253691e-02  6.838903630924544e-03  1.193601600064527e-02
  1.309999999999997e+01  -4.843918806624201e+05  6.096987572092350e+04  9.710652731021123e+04  2.405345580555257e+04  1.610275568295160e+04  8.378923773821582e+04  1.459100555392385e-02  7.097554913327721e-03  1.027841831141707e-02
  1.319999999999997e+01  -4.532960533899290e+05  6.478408766248607e+04  9.952706861960885e+04  2.172600304411471e+04  1.966936436008143e+04  1.053876054788324e+05  1.219837952275770e-02  6.894333788954131e-03  8.762549949920009e-03
  1.329999999999997e+01  -4.207606348201275e+05  7.230914846147888e+04  1.085112345612890e+05  1.564466290471103e+04  2.272106301774639e+04  1.244435596784765e+05  9.874678931544966e-03  6.464150450118202e-03  7.062129207597640e-03
  1.339999999999997e+01  -3.889099905693733e+05  8.435227153377938e+04  1.204458723505844e+05  8.712512693908629e+03  2.529990562854020e+04  1.398739827052259e+05  7.669521445274051e-03  5.948235023478536e-03  4.969875762892088e-03
  1.349999999999997e+01  -3.623669015847147e+05  9.847873051566101e+04  1.278894758600492e+05  3.793716902834958e+03  2.677129865883501e+04  1.511527625243166e+05  5.713247313129766e-03  5.400088368626130e-03  2.506738601179898e-03
  1.359999999999997e+01  -3.438585867204724e+05  1.110871302918189e+05  1.245693962865209e+05  7.228582502110737e+02  2.664640292793230e+04  1.591241719118716e+05  4.000411944947583e-03  4.954166632874545e-03  -8.532977032337472e-05
  1.369999999999997e+01  -3.324199775484859e+05  1.198807528061121e+05  1.105307944858655e+05  -3.469529963602913e+03  2.499624808482988e+04  1.653000782214129e+05  2.380620225350528e-03  4.778232451853932e-03  -2.396821106824079e-03
  1.379999999999997e+01  -3.259099897752366e+05  1.249071038957375e+05  9.202763477128555e+04  -1.075326600898156e+04  2.246318642283480e+04  1.700838515029114e+05  8.216075250651567e-04  4.869231334123555e-03  -4.026072081756939e-03
  1.389999999999997e+01  -3.223609856180885e+05  1.282688537245698e+05  7.695543783378115e+04  -1.996713169864152e+04  1.981323604152972e+04  1.728536785553080e+05  -5.278965181132938e-04  4.966756129503092e-03  -4.724767847207676e-03
  1.399999999999997e+01  -3.195354690142417e+05  1.329222560699295e+05  6.932792774501041e+04  -2.821362797922732e+04  1.762607279760938e+04  1.727991522053329e+05  -1.560937945920378e-03  4.798246868594413e-03  -4.491677291693663e-03
  1.409999999999997e+01  -3.158040803125430e+05  1.400201617065490e+05  6.668819743174700e+04  -3.317346356582853e+04  1.637776725410738e+04  1.688289669486170e+05  -2.359849832449721e-03  4.315645622621887e-03  -3.519602875352067e-03
  1.419999999999997e+01  -3.123215653748306e+05  1.472549436472502e+05  6.230904754974219e+04  -3.473034384821924e+04  1.625396383289830e+04  1.593941687694047e+05  -3.124617569058435e-03  3.697171499478097e-03  -2.119004852771223e-03
  1.429999999999997e+01  -3.123861774404731e+05  1.506992488137437e+05  5.119636068387143e+04  -3.437439413328625e+04  1.692883896045973e+04  1.430545890780183e+05  -3.971597057645691e-03  3.155432439701167e-03  -7.087860668026284e-04
  1.439999999999996e+01  -3.172252969035880e+05  1.483274580907469e+05  3.481072979133492e+04  -3.416468713703590e+04  1.742698076740468e+04  1.207538444474634e+05  -4.980533165769979e-03  2.697504567291849e-03  1.577737424908171e-04
  1.449999999999996e+01  -3.240038613702335e+05  1.423393730156817e+05  2.033759513746056e+04  -3.578438484329171e+04  1.658865365380689e+04  9.709168951729288e+04  -6.176679671154102e-03  2.117883587422441e-03  -5.686916737823417e-05
  1.459999999999996e+01  -3.299136042185156e+05  1.365571560858801e+05  1.434362556574628e+04  -3.909242457293267e+04  1.376833699191304e+04  7.808396354868026e+04  -7.329309297756340e-03  1.099343924721614e-03  -1.497042724490667e-03
  1.469999999999996e+01  -3.351152370546061e+05  1.335924604275563e+05  1.787952936116154e+04  -4.281044628915458e+04  9.244625112458689e+03  6.768049177945399e+04  -8.041108640217350e-03  -4.573777215824999e-04  -3.665846216381624e-03
  1.479999999999996e+01  -3.410808124645063e+05  1.339400320886725e+05  2.705979721265925e+04  -4.616685731155112e+04  4.171150069013976e+03  6.591347749864790e+04  -8.017875532984853e-03  -2.200557545281654e-03  -5.619254842247486e-03
  1.489999999999996e+01  -3.472225629032843e+05  1.359004991471275e+05  3.643225231225785e+04  -4.942727616700526e+04  -7.737724593834690e+01  6.998232673734026e+04  -7.341157365048288e-03  -3.505349057110500e-03  -6.560466592540181e-03
  1.499999999999996e+01  -3.512487410672657e+05  1.364959642994392e+05  4.161053754814648e+04  -5.303629426624408e+04  -2.744128190649111e+03  7.643838068347525e+04  -6.317440823349853e-03  -3.871869298448755e-03  -6.307420392063195e-03
  1.509999999999996e+01  -3.526153104282303e+05  1.325759828037493e+05  4.019786167492878e+04  -5.623028475455027e+04  -4.165806891070091e+03  8.232609056770896e+04  -5.143818388668481e-03  -3.261425988969978e-03  -5.253848832360898e-03
  1.519999999999996e+01  -3.528968916334702e+05  1.231427289886135e+05  3.243531637268214e+04  -5.744460820918328e+04  -5.528000818788498e+03  8.566337274985114e+04  -3.958148139995930e-03  -2.002610611315350e-03  -4.035260127954408e-03
  1.529999999999996e+01  -3.541585110405168e+05  1.101304674166565e+05  2.112508073925365e+04  -5.543383186123791e+04  -7.797509384150567e+03  8.566209601480915e+04  -2.916135345359702e-03  -5.792496439221620e-04  -3.138821734929069e-03
  1.539999999999996e+01  -3.570467729068657e+05  9.692865006128707e+04  1.008495011893503e+04  -4.977431729549284e+04  -1.084418353483607e+04  8.307770894703796e+04  -2.192108426490190e-03  5.358361299941535e-04  -2.736555901033637e-03
  1.549999999999996e+01  -3.607372940818482e+05  8.657595683092355e+04  2.130828298450625e+03  -4.109940507600009e+04  -1.363340322610724e+04  7.997095352094712e+04  -1.838460878967414e-03  1.042852195190970e-03  -2.706755894231156e-03
  1.559999999999996e+01  -3.641855208768628e+05  8.033239994976716e+04  -1.858374233466910e+03  -3.108574008305572e+04  -1.514185707754998e+04  7.810151680814843e+04  -1.679751121002409e-03  8.934152243620702e-04  -2.719357520669537e-03
  1.569999999999996e+01  -3.668010335956350e+05  7.739893368779059e+04  -2.446992200916995e+03  -2.214024660316564e+04  -1.507976618941635e+04  7.782954391111803e+04  -1.442794260108766e-03  3.090368956181563e-04  -2.456332295650869e-03
  1.579999999999996e+01  -3.692477248918284e+05  7.541967716128385e+04  -7.382712966518613e+02  -1.622682573999187e+04  -1.383181754302387e+04  7.833707149498182e+04  -8.687458147951127e-04  -3.916856239214061e-04  -1.832594654242560e-03
  1.589999999999996e+01  -3.727125947434119e+05  7.199442024636875e+04  2.262719834830978e+03  -1.375831588543590e+04  -1.189116273182516e+04  7.865623890075677e+04  1.712214949895329e-04  -1.012961563346141e-03  -1.070524430992019e-03
  1.599999999999996e+01  -3.772081685800613e+05  6.726372883054415e+04  5.962480896751934e+03  -1.385399721347774e+04  -9.586677834723690e+03  7.871578190277360e+04  1.558083576536252e-03  -1.477308406532917e-03  -5.429331353033432e-04
  1.609999999999996e+01  -3.816142307503898e+05  6.363305579682600e+04  9.448782729483712e+03  -1.489672111217203e+04  -7.396084389001309e+03  7.886699981734787e+04  2.995353338265273e-03  -1.805953748260541e-03  -4.859343712084464e-04
  1.619999999999996e+01  -3.846350742829641e+05  6.330366679161174e+04  1.092698802160269e+04  -1.528631968354390e+04  -6.213949835985127e+03  7.909585502113562e+04  4.161904363587913e-03  -2.074408433069371e-03  -8.318264968334531e-04
  1.629999999999996e+01  -3.857864380697592e+05  6.670566960929007e+04  8.303766152883862e+03  -1.410529167844310e+04  -6.942128550467160e+03  7.876787604992358e+04  4.846000760857581e-03  -2.307952874676959e-03  -1.305475844114259e-03
  1.639999999999996e+01  -3.846303911754069e+05  7.239823487326864e+04  8.394808789724756e+02  -1.150301587940911e+04  -9.640680138419139e+03  7.701778763562314e+04  4.953200145266934e-03  -2.456139956318329e-03  -1.652646039928631e-03
  1.649999999999996e+01  -3.797185409402552e+05  7.862534352904354e+04  -9.680262298773798e+03  -8.693211784907586e+03  -1.300671896832205e+04  7.340958674042604e+04  4.434302651859730e-03  -2.384534993789838e-03  -1.785350414983722e-03
  1.659999999999997e+01  -3.702374441180224e+05  8.356652194073652e+04  -2.014640640941638e+04  -6.668934051959065e+03  -1.482780092276378e+04  6.784800344009603e+04  3.343994164600573e-03  -2.031682687774092e-03  -1.762662100897453e-03
  1.669999999999997e+01  -3.577531308169800e+05  8.486989455520266e+04  -2.825363822771361e+04  -5.293631914057494e+03  -1.348044480949234e+04  6.044239771142657e+04  1.893739677078985e-03  -1.558269126726443e-03  -1.677543446333038e-03
  1.679999999999997e+01  -3.460427485843951e+05  8.076106238766367e+04  -3.366688000002506e+04  -3.676669408148982e+03  -9.023059382347779e+03  5.138587130908538e+04  3.973262095472997e-04  -1.227214908581266e-03  -1.571702858290808e-03
  1.689999999999997e+01  -3.387754124952147e+05  7.175461692071767e+04  -3.759862226811719e+04  -1.474239511004871e+03  -3.147072417301003e+03  4.096127358176759e+04  -8.825432177514265e-04  -1.169707923257464e-03  -1.415040890620646e-03
  1.699999999999997e+01  -3.371830810649912e+05  6.139387861822014e+04  -4.145177329356549e+04  2.559461519884229e+02  2.081800993680814e+03  2.963618904096763e+04  -1.819940821154217e-03  -1.222591042051560e-03  -1.102419343883174e-03
  1.709999999999997e+01  -3.404412158983627e+05  5.441499165540989e+04  -4.580992597355582e+04  -4.585521653779485e+01  5.534317621658120e+03  1.783755405665255e+04  -2.370422954491160e-03  -1.087108503105866e-03  -4.650858374688146e-04
  1.719999999999997e+01  -3.472618617061762e+05  5.383102662178229e+04  -4.987735592123902e+04  -3.114478809772481e+03  7.310553364720322e+03  5.930133430912325e+03  -2.499966215207562e-03  -5.799641421637670e-04  6.577280614098877e-04
  1.729999999999998e+01  -3.572463495971287e+05  5.938728644427926e+04  -5.170094031058928e+04  -8.067356041435512e+03  7.950115206264370e+03  -5.700344102022097e+03  -2.190398574276674e-03  2.058390003156880e-04  2.299655658526809e-03
  1.739999999999998e+01  -3.706317102140145e+05  6.811566496436030e+04  -4.908265827533132e+04  -1.296876688066627e+04  7.649913813822336e+03  -1.635052838981223e+04  -1.502991526131227e-03  1.005681771412253e-03  4.252998876779645e-03
  1.749999999999998e+01  -3.869817525757256e+05  7.638549841329832e+04  -4.069740862090064e+04  -1.588771368112872e+04  6.156808269505483e+03  -2.487290659899424e+04  -6.428192398089018e-04  1.544106787993748e-03  6.078929376476990e-03
  1.759999999999998e+01  -4.039551820408336e+05  8.211034024093568e+04  -2.670376724622339e+04  -1.573338076351209e+04  3.528698420806258e+03  -2.958767514769069e+04  6.202116621872040e-05  1.677090691786132e-03  7.254445899965859e-03
  1.769999999999998e+01  -4.177784729755564e+05  8.545555703153885e+04  -8.785516473217647e+03  -1.271085315856072e+04  6.087689661876175e+02  -2.872504104779553e+04  2.893864270412162e-04  1.446116651147655e-03  7.370830909422244e-03
  1.779999999999998e+01  -4.252635800598724e+05  8.828417267498215e+04  1.043280598024109e+04  -8.017302892586812e+03  -1.165611652496283e+03  -2.114086152913400e+04  -8.885993476823600e-05  1.039003673866996e-03  6.332626203143744e-03
  1.789999999999998e+01  -4.258467934312883e+05  9.238031832459844e+04  2.800124118239582e+04  -3.432887766136281e+03  -8.191685799934272e+02  -7.236950430465269e+03  -8.887201473420665e-04  7.177359308477574e-04  4.412370829961259e-03
  1.799999999999999e+01  -4.215355372346957e+05  9.811168024905333e+04  4.145863664061356e+04  -7.175537882213840e+02  1.212776363182209e+03  1.072968839422169e+04  -1.728776827474196e-03  6.835975732009173e-04  2.155237512009196e-03
  1.809999999999999e+01  -4.151041108477155e+05  1.043063589974607e+05  4.955408705946989e+04  -8.083025492512618e+02  3.134754844897077e+03  2.933920823146907e+04  -2.281532038469164e-03  9.598694767046451e-04  1.270912302225590e-04
  1.819999999999999e+01  -4.082439538076886e+05  1.092574243032659e+05  5.240733328061131e+04  -3.642229935516428e+03  2.823206829276890e+03  4.547398455398230e+04  -2.464889277023694e-03  1.386515902045263e-03  -1.358501476753597e-03
  1.829999999999999e+01  -4.012836255341812e+05  1.121274829199097e+05  5.121920392241078e+04  -8.314545954926045e+03  -5.955555288382573e+02  5.779378689616542e+04  -2.418614580194211e-03  1.719709902538575e-03  -2.337749902665393e-03
  1.839999999999999e+01  -3.945913834745008e+05  1.130505594080312e+05  4.750148015993615e+04  -1.351181344090863e+04  -6.094288111464606e+03  6.687119897403423e+04  -2.284936555525462e-03  1.746609110033393e-03  -3.058972547458046e-03
  1.849999999999999e+01  -3.893665479436683e+05  1.126662019034788e+05  4.279277972049871e+04  -1.808342553860424e+04  -1.130875776920166e+04  7.426180721695657e+04  -2.049747119993036e-03  1.370176194339837e-03  -3.694037391071209e-03
  1.859999999999999e+01  -3.870175892748978e+05  1.114562113144071e+05  3.846058276700764e+04  -2.131035018223713e+04  -1.420452906174458e+04  8.106971762697712e+04  -1.594598760502250e-03  6.520092230840533e-04  -4.203000531366999e-03
  1.870000000000000e+01  -3.880589826138398e+05  1.093588420951026e+05  3.548585459719686e+04  -2.291684888743619e+04  -1.435663748183744e+04  8.725158477828267e+04  -8.324589806140107e-04  -2.020502384125622e-04  -4.399127262013203e-03
  1.880000000000000e+01  -3.916558569307424e+05  1.061651621039921e+05  3.403330424754824e+04  -2.304377818618095e+04  -1.292534654932460e+04  9.207004902696861e+04  2.085849730403826e-04  -8.865294096895935e-04  -4.165799542771789e-03
  1.890000000000000e+01  -3.962682868539203e+05  1.017349344197461e+05  3.316203338294998e+04  -2.192597096956462e+04  -1.162721907825739e+04  9.487932861112581e+04  1.402800142658258e-03  -1.145083268794138e-03  -3.575461139267579e-03
  1.900000000000000e+01  -4.004776698059881e+05  9.623445188931639e+04  3.152741166868024e+04  -1.971000841802318e+04  -1.133594369415880e+04  9.566530843098111e+04  2.616191850252914e-03  -9.297528639836888e-04  -2.791974207287205e-03
  1.910000000000000e+01  -4.029650112258554e+05  9.035083012149537e+04  2.831057337988393e+04  -1.658968929580889e+04  -1.174826580279262e+04  9.491185584017129e+04  3.686350015594227e-03  -4.258658805024707e-04  -1.942213711131196e-03
  1.920000000000000e+01  -4.025478304526426e+05  8.492311840417996e+04  2.398657569518156e+04  -1.279235580264343e+04  -1.194180909938813e+04  9.320023317990761e+04  4.404228618920613e-03  5.677123307054747e-05  -1.039310684468268e-03
  1.930000000000000e+01  -3.983174123675276e+05  8.068105007484565e+04  2.016200360497903e+04  -8.915968548303759e+03  -1.123470827655489e+04  9.113039927258949e+04  4.545713236976828e-03  3.099068489596161e-04  -8.409846645586365e-05
  1.940000000000001e+01  -3.902943425297569e+05  7.780941203643481e+04  1.838169585988271e+04  -5.825998710586706e+03  -9.706441536917213e+03  8.928155851078738e+04  3.953755453251165e-03  3.576567280813003e-04  8.048250962281884e-04
  1.950000000000001e+01  -3.798091631840089e+05  7.569159172073643e+04  1.914557118692038e+04  -4.305748573566438e+03  -7.934545042688060e+03  8.819428076448286e+04  2.675499907754531e-03  3.808851603935403e-04  1.398620328739220e-03
  1.960000000000001e+01  -3.688202617048305e+05  7.328327949160690e+04  2.143724872800494e+04  -4.754173010141372e+03  -6.560481699178316e+03  8.815693017895054e+04  9.598111470151704e-04  5.376231714988608e-04  1.462813791440046e-03
  1.970000000000001e+01  -3.590794929481330e+05  6.958182818538605e+04  2.330507179046900e+04  -6.690134383893398e+03  -5.907359923878900e+03  8.898283899176646e+04  -8.236913297862018e-04  8.022232322395698e-04  9.161828436049959e-04
  1.980000000000001e+01  -3.513304312535859e+05  6.438965934844268e+04  2.309443616610163e+04  -9.043642551808716e+03  -5.895091062746887e+03  9.021233658888204e+04  -2.325517553914474e-03  9.784634065146507e-04  -1.252737274604218e-04
  1.990000000000001e+01  -3.457685977241769e+05  5.849205938320197e+04  2.017075703503587e+04  -1.062543659670439e+04  -6.177504197313091e+03  9.120989400691149e+04  -3.319111886081525e-03  8.609897987883089e-04  -1.413707516560968e-03
