TITLE = "Temporal Signal for receiver number 00313"
VARIABLES = "Time","xx","yy","zz","xy","yz","xz","u","v","w"
# x1       3.515946160000e+05
# x2       4.727184950000e+06
# x3       -3.000000000000e+03
  0.000000000000000e+00  0.000000000000000e+00  0.000000000000000e+00  0.000000000000000e+00  0.000000000000000e+00  0.000000000000000e+00  0.000000000000000e+00  0.000000000000000e+00  0.000000000000000e+00  0.000000000000000e+00
  1.000000000000000e-01  0.000000000000000e+00  0.000000000000000e+00  0.000000000000000e+00  0.000000000000000e+00  0.000000000000000e+00  0.000000000000000e+00  0.000000000000000e+00  0.000000000000000e+00  0.000000000000000e+00
  2.000000000000000e-01  0.000000000000000e+00  0.000000000000000e+00  0.000000000000000e+00  0.000000000000000e+00  0.000000000000000e+00  0.000000000000000e+00  0.000000000000000e+00  0.000000000000000e+00  0.000000000000000e+00
  3.000000000000000e-01  5.333399539827117e-02  4.057557719176536e-02  8.829864988038902e-02  2.480685060116422e-02  7.555988392173760e-03  9.688596883454631e-03  4.596113356911146e-09  4.976037138145362e-09  4.814393153003846e-09
  4.000000000000000e-01  -3.106087734863839e-01  -3.575736892864445e-01  6.847935370339461e-01  -4.061459593951136e-01  -5.497269115821199e-01  3.022082565528897e-02  -4.853441343038953e-08  -1.710075943460650e-08  -1.098606641782713e-07
  5.000000000000000e-01  -4.397307905464385e+00  -6.235284650349569e+00  -1.211024521925510e+01  -3.930942245637448e-01  7.124901346811193e+00  5.022879181688152e+00  -1.297846994885628e-07  -6.123243498084098e-07  1.426230761531938e-06
  6.000000000000000e-01  1.548021676398498e+01  1.286505837121634e+01  4.170339180348363e+01  5.836061961760637e-02  -2.828080183301331e+01  -1.635112052163542e+01  7.476712808307366e-07  1.253063910225293e-06  -5.167355274723446e-06
  7.000000000000000e-01  -2.301528485479225e+01  2.567278849511686e+01  -3.431196400558945e+01  2.028607244973821e+01  -6.646275982886626e-01  1.348170162726251e+01  -1.132938701045864e-06  2.965500593466870e-06  2.395293693931373e-06
  7.999999999999999e-01  3.340500752811118e+01  -7.818492216060100e+01  -3.623747451620735e+02  8.236087856891466e+01  2.318472915532570e+02  1.355922521167578e+02  9.146789111838205e-06  -1.055249939037540e-05  4.101010014822436e-05
  8.999999999999999e-01  3.331901378599443e+02  -5.132950246745944e+02  -1.643629211378726e+03  2.937741383711194e+02  1.134647885159239e+03  5.591702241962223e+02  2.777584530192344e-05  -5.836457175181771e-05  1.687270753372279e-04
  9.999999999999999e-01  3.758531574276975e+03  1.038636582482189e+03  -5.820736996177576e+03  2.868020017166642e+03  4.206235278421692e+03  1.685036228161237e+03  3.375654213948585e-04  6.210969458507957e-05  6.468930661446470e-04
  1.100000000000000e+00  9.636954776956043e+03  3.408983011437178e+03  -1.216008592931929e+04  7.299366318478721e+03  9.821801777573648e+03  3.750404175571546e+03  7.989894694667004e-04  2.051148533844254e-04  1.303047558458619e-03
  1.200000000000000e+00  8.734292449597357e+03  2.164827467477738e+03  -1.131028354401595e+04  6.683490806802547e+03  1.194033441173127e+04  4.859464861049087e+03  3.008590566464382e-04  -6.835731810890991e-05  6.852725119856774e-04
  1.300000000000000e+00  8.273250487974277e+02  -8.073214801694271e+02  -2.266609379063259e+03  7.587251041076642e+02  7.276986957337502e+03  3.975324367271180e+03  -1.116854095546871e-03  -4.862802870007428e-04  -1.257669489359599e-03
  1.400000000000000e+00  -3.051251187408583e+03  -2.874094060174735e+03  -7.345676417671925e+02  -2.506860668921453e+03  3.389088391335704e+03  3.608419559919847e+03  -1.858495222986215e-03  -6.648720857746520e-04  -2.152757896910378e-03
  1.500000000000000e+00  3.971685774878082e+03  -2.659107091696835e+03  -1.446745737320295e+04  1.872864203953550e+03  8.305894166357686e+03  6.116038837338642e+03  -1.076245842563588e-03  -5.443166903907389e-04  -8.131981152430372e-04
  1.600000000000000e+00  1.364420605466245e+04  -3.880712901311866e+03  -3.314469020852295e+04  7.941292880966967e+03  1.997009420218394e+04  1.147652975448723e+04  -1.672740186495069e-04  -6.745609036432278e-04  1.128327170126076e-03
  1.700000000000000e+00  2.900312805330688e+04  -3.194938980157380e+03  -5.875866892174324e+04  1.761879768663678e+04  4.001892698668365e+04  2.061628077427621e+04  9.341946787565795e-04  -8.349859172119376e-04  3.752911239873201e-03
  1.800000000000000e+00  5.715233654893734e+04  8.882955207931343e+03  -9.051549157608423e+04  3.484866221319301e+04  5.713213466011798e+04  2.594745279564767e+04  2.444116784305958e-03  -7.929191430758591e-05  5.263167509982131e-03
  1.900000000000001e+00  1.328152795796964e+05  6.914661431320349e+04  -1.087329001331723e+05  8.011774498791956e+04  5.626406378486802e+04  1.380898227459734e+04  7.507502696692478e-03  4.755634895119397e-03  3.894113738638369e-03
  2.000000000000000e+00  2.268355442680586e+05  1.532247208823987e+05  -9.213977052997306e+04  1.403856630808554e+05  2.683070394839044e+04  -2.194340471467257e+04  1.364728910770729e-02  1.182292970617118e-02  -3.398674569868192e-03
  2.100000000000001e+00  2.271208554493927e+05  2.085835639102700e+05  1.194957395480284e+05  1.296427242902625e+05  -1.155379921142026e+05  -1.167337205016758e+05  7.067387939383599e-03  1.565576837130675e-02  -3.696876599680653e-02
  2.200000000000001e+00  7.374900112732302e+04  2.051549846806546e+05  5.488611393509436e+05  2.779049205480758e+04  -3.499338208028957e+05  -2.487286164311742e+05  -1.591901378732006e-02  1.430045510292141e-02  -9.261224723940692e-02
  2.300000000000001e+00  -1.397375666178891e+05  1.664476437604613e+05  1.108284312686282e+06  -1.061100667805203e+05  -5.852592190458167e+05  -3.926685092062585e+05  -4.215587025615000e-02  9.284822025935365e-03  -1.530756819578124e-01
  2.400000000000001e+00  -3.245798641505071e+05  1.154047445221582e+05  1.697258570675598e+06  -2.401861009513363e+05  -7.663101616836984e+05  -5.225986159428495e+05  -6.317832802528196e-02  2.352942961743104e-03  -2.078435734675455e-01
  2.500000000000001e+00  -4.967267070257239e+05  7.481912918587970e+04  2.238474398296580e+06  -3.497760248959059e+05  -8.846182938291988e+05  -6.026335079151292e+05  -8.155452912140544e-02  -3.746641523636450e-03  -2.508475646409191e-01
  2.600000000000001e+00  -6.288260438559403e+05  6.702495590709886e+04  2.700073878829284e+06  -4.201313509098736e+05  -9.746387374576839e+05  -6.719483267784199e+05  -9.231636585599827e-02  -5.899362045352853e-03  -2.837389174801760e-01
  2.700000000000001e+00  -7.454926579732216e+05  3.270858810563522e+04  3.074165779582571e+06  -4.915496501195861e+05  -1.049468257487980e+06  -7.369159281317423e+05  -1.006021130170642e-01  -1.036629113280165e-02  -3.128975583615217e-01
  2.800000000000001e+00  -8.642558137756180e+05  1.943395644253103e+04  3.506289476570351e+06  -5.586883584009854e+05  -1.093282537995038e+06  -7.779941586350106e+05  -1.138833898767822e-01  -1.653744340810734e-02  -3.471829273610575e-01
  2.900000000000001e+00  -9.437098609397330e+05  2.524203774694688e+04  3.909474162801455e+06  -6.092288007142693e+05  -1.135196601588677e+06  -8.141316703233791e+05  -1.210419845822204e-01  -1.837566528809170e-02  -3.795579701427644e-01
  3.000000000000001e+00  -9.991420184069254e+05  4.719130457551999e+04  4.192488935787589e+06  -6.370098938495229e+05  -1.158250550886478e+06  -8.172388345714749e+05  -1.242694676530744e-01  -1.581952269819958e-02  -4.030581872840761e-01
  3.100000000000001e+00  -1.057283561055433e+06  5.773070142567850e+04  4.397385373234410e+06  -6.577615694380119e+05  -1.145491275962486e+06  -8.432545824491240e+05  -1.229664506526608e-01  -1.541753877795702e-02  -4.230044913955145e-01
  3.200000000000002e+00  -1.399450223718905e+06  -2.314155281424785e+05  3.750009238337465e+06  -6.422445867452696e+05  -1.113290014667844e+06  -9.325318596963203e+05  -1.108695005691598e-01  -1.724430689171496e-02  -3.737092321204983e-01
  3.300000000000002e+00  -1.490861158689414e+06  -3.093351370998578e+05  3.476219827529798e+06  -6.261592880196251e+05  -1.081782423158855e+06  -9.385442264781402e+05  -1.104029107852127e-01  -1.882816538153630e-02  -3.547220585679015e-01
  3.400000000000002e+00  -1.518841772088637e+06  -3.004936179553483e+05  3.208781508756649e+06  -5.953638871332473e+05  -1.005775098756391e+06  -9.761359220761964e+05  -1.063206736308438e-01  -2.090473674179650e-02  -3.379059180846571e-01
  3.500000000000002e+00  -1.541661333316249e+06  -3.113927429821811e+05  2.836786466660236e+06  -5.681357159149074e+05  -8.595541321412576e+05  -1.007096743396412e+06  -1.025980775637488e-01  -3.364200854292734e-02  -3.147561026625422e-01
  3.600000000000002e+00  -1.523665804098937e+06  -3.149374917977033e+05  2.384820049522687e+06  -5.527726073817563e+05  -7.820365851372938e+05  -1.086305958339503e+06  -9.709228510580142e-02  -4.078128478826135e-02  -2.947357611144432e-01
  3.700000000000002e+00  -1.465371721182782e+06  -2.898297352747450e+05  1.657852531160258e+06  -4.140642071472458e+05  -8.546706150567041e+05  -1.328070115306208e+06  -7.148195210765355e-02  -2.099063241046182e-02  -2.544243258978177e-01
  3.800000000000002e+00  -1.322952965910938e+06  -2.569709964361785e+05  1.120602028439767e+06  -2.469435359179841e+05  -8.701846178712503e+05  -1.414285906841193e+06  -7.642331753509354e-02  -8.689935975455244e-03  -2.144747317829165e-01
  3.900000000000002e+00  -1.278266795208343e+06  -3.526180370187938e+05  7.360672216398419e+05  -1.702444345229612e+05  -8.090338495707179e+05  -1.262022739619224e+06  -1.181805387355390e-01  -1.557021130369075e-02  -1.934874297296362e-01
  4.000000000000002e+00  -1.413663249949909e+06  -5.440001401680459e+05  3.711806196563311e+05  -1.073195755219488e+05  -7.813011599893457e+05  -1.180131819243832e+06  -1.448594188466361e-01  -2.559792071030722e-02  -1.780135880785952e-01
  4.100000000000001e+00  -1.639414420721263e+06  -7.465247857024793e+05  2.203112864109838e+05  3.147863544480648e+04  -7.764952115492773e+05  -1.186312241882483e+06  -1.638093591105482e-01  -3.047668299348030e-02  -1.846186958682026e-01
  4.200000000000001e+00  -1.604963140295866e+06  -9.487305987012946e+05  1.948287673796519e+03  1.061703283251593e+05  -8.490073058967558e+05  -1.267502306560291e+06  -1.512825929421444e-01  -3.509745129790312e-02  -1.796930281367821e-01
  4.300000000000001e+00  -1.220114179736139e+06  -1.091926949915462e+06  -5.244288184884714e+05  -3.223081318845061e+04  -1.142627204588510e+06  -1.366862250953885e+06  -1.024237811008563e-01  -3.596943018083149e-02  -1.386929085239069e-01
  4.400000000000000e+00  -8.524155699112803e+05  -1.181951097946201e+06  -1.111353525119151e+06  -2.340307434776161e+05  -1.451088848374355e+06  -1.380125837193717e+06  -5.724284448969227e-02  -3.983174680760600e-02  -8.615443593865575e-02
  4.500000000000000e+00  -6.801150041011474e+05  -1.249956699114223e+06  -1.440921904084813e+06  -3.304121206377765e+05  -1.540414431965482e+06  -1.364994024528741e+06  -3.545061148912300e-02  -5.656725253492761e-02  -5.694694954534314e-02
  4.600000000000000e+00  -6.400930447166080e+05  -1.332973983943817e+06  -1.573915961831975e+06  -3.681756748777347e+05  -1.515398809879828e+06  -1.420187474816555e+06  -2.768288074107502e-02  -8.050577357295396e-02  -6.940965745379710e-02
  4.699999999999999e+00  -6.802019958869292e+05  -1.441905203025042e+06  -1.709721697528582e+06  -3.768378000143890e+05  -1.483455926846907e+06  -1.508554946909012e+06  -2.330429455689985e-02  -9.567534377529770e-02  -1.089213734282423e-01
  4.799999999999999e+00  -7.913075431652319e+05  -1.375351778222311e+06  -2.008041818545557e+06  -3.332388252774189e+05  -1.391737215120852e+06  -1.631520428294683e+06  -1.491501564656325e-02  -8.414059382725121e-02  -1.226722372276286e-01
  4.899999999999999e+00  -9.670150439759871e+05  -1.032000360613174e+06  -2.466338108233375e+06  -2.593726774621632e+05  -1.268207666764923e+06  -1.718275577534400e+06  -1.559835162783338e-02  -3.698790795277457e-02  -1.003499524028363e-01
  4.999999999999998e+00  -1.122532006794257e+06  -7.071082225323911e+05  -2.755384059070727e+06  -1.945678707026530e+05  -1.177251585702405e+06  -1.702657681749640e+06  -2.577648988740846e-02  1.637892667311107e-02  -7.133270928607302e-02
  5.099999999999998e+00  -1.221132845145630e+06  -7.047105846251793e+05  -2.975060200678507e+06  -1.348541793369767e+05  -1.177473469735252e+06  -1.682676048686518e+06  -1.330592477072831e-02  4.852129643735906e-02  -8.254559932000276e-02
  5.199999999999998e+00  -1.184040555999015e+06  -7.967035950228717e+05  -3.007247224854308e+06  -8.345108426205089e+04  -1.276439091211826e+06  -1.612255604492063e+06  1.518752515292285e-02  5.589417609191114e-02  -1.144892245925225e-01
  5.299999999999997e+00  -9.899963843995112e+05  -7.380176463074973e+05  -2.583358555949064e+06  -1.814701362821318e+04  -1.367409226287362e+06  -1.471711462345450e+06  3.924401345677684e-02  5.290725738153530e-02  -1.229456506655837e-01
  5.399999999999997e+00  -8.875568008247957e+05  -7.551024406580704e+05  -2.284035908008689e+06  4.579731695232064e+04  -1.387926574930460e+06  -1.381113634577169e+06  6.070658098750237e-02  4.609716545173832e-02  -1.231291855091574e-01
  5.499999999999996e+00  -8.733818424800780e+05  -9.120791389018458e+05  -2.218420599492165e+06  6.569025955011633e+04  -1.327648088214216e+06  -1.337491669369370e+06  8.199607202997175e-02  3.316256604083047e-02  -1.099591809679730e-01
  5.599999999999996e+00  -8.439004083495578e+05  -1.048004807285073e+06  -2.029063349960283e+06  5.967305897040717e+04  -1.198548547182776e+06  -1.261934386578603e+06  9.305913037147143e-02  2.217214960743224e-02  -8.348557850475048e-02
  5.699999999999996e+00  -7.839122124134889e+05  -1.068121597717561e+06  -1.774398166834068e+06  4.140925324123143e+04  -1.091203691888496e+06  -1.174937033236104e+06  9.612074283806483e-02  1.853621041221892e-02  -6.215728675492690e-02
  5.799999999999995e+00  -6.806547635870161e+05  -9.881866458698325e+05  -1.614384895973338e+06  -4.527596364155075e+03  -1.070504086828340e+06  -1.123473832626993e+06  1.000246773357853e-01  1.737933057542601e-02  -5.181938300778797e-02
  5.899999999999995e+00  -5.756974790437629e+05  -8.910131770954520e+05  -1.512162697390077e+06  -6.737822671571048e+04  -1.089819204235078e+06  -1.098303997621665e+06  1.021806845273988e-01  1.854561646252435e-02  -4.232716815471351e-02
  5.999999999999995e+00  -5.151727839553142e+05  -8.174763968909736e+05  -1.265402348281066e+06  -1.281823395244390e+05  -1.076301288712405e+06  -1.067038468734323e+06  9.720989283824401e-02  2.450174462290210e-02  -2.072607414184175e-02
  6.099999999999994e+00  -5.691699693606349e+05  -7.966530139747941e+05  -8.868402131147224e+05  -1.577002698753709e+05  -1.037015079816682e+06  -1.002468728790820e+06  8.813017019542005e-02  3.405695390659236e-02  3.036252341363660e-03
  6.199999999999994e+00  -7.448456400754524e+05  -8.437466528379677e+05  -6.470154893849556e+05  -1.400692505009302e+05  -1.025677475828656e+06  -8.950525533562931e+05  8.067945683377710e-02  4.566756352711320e-02  1.439346614799904e-02
  6.299999999999994e+00  -9.120993829552286e+05  -8.898804035206037e+05  -5.188445419247944e+05  -1.328558762143912e+05  -1.034198697438292e+06  -7.726631771681395e+05  7.428675763131473e-02  5.602460635907525e-02  2.534920433746761e-02
  6.399999999999993e+00  -1.024154902601814e+06  -8.758088324486725e+05  -2.812902316833640e+05  -1.808291158176407e+05  -1.022393570256741e+06  -6.811836555616225e+05  6.768402615961150e-02  6.272041192667578e-02  5.008560411381621e-02
  6.499999999999993e+00  -1.126778521994247e+06  -8.000062122492604e+05  1.011334735457536e+05  -2.379980324537320e+05  -9.939309711549749e+05  -6.223704975785689e+05  6.207387591495354e-02  6.849443183106607e-02  8.647192996670244e-02
  6.599999999999993e+00  -1.225249734097576e+06  -7.078260640689720e+05  5.537474067240381e+05  -2.573736509144932e+05  -9.597203642878650e+05  -5.627612510698871e+05  5.258089997850406e-02  7.310572569685206e-02  1.264492388782189e-01
  6.699999999999992e+00  -1.327617131767194e+06  -6.862440450461807e+05  1.032880424122810e+06  -2.604429521834674e+05  -9.057823115606484e+05  -4.942434922654204e+05  3.470988848564809e-02  7.074814676691871e-02  1.637924812163573e-01
  6.799999999999992e+00  -1.471981340430592e+06  -7.760527361670207e+05  1.474460840325981e+06  -2.894779947711895e+05  -8.392715836884342e+05  -4.388602591909233e+05  1.479437062984790e-02  6.107004039978732e-02  1.978766194935223e-01
  6.899999999999991e+00  -1.634866896252332e+06  -9.123783774016049e+05  1.814890717213165e+06  -3.407476808806934e+05  -8.013938670023842e+05  -4.151651516800196e+05  2.010867762349257e-03  5.016241581441414e-02  2.275409463876998e-01
  6.999999999999991e+00  -1.723889457606125e+06  -1.003789027069498e+06  2.066837108450972e+06  -3.885464719508888e+05  -8.026569770227579e+05  -4.545383917834308e+05  -3.846507593550852e-03  3.800701098795441e-02  2.443127131585722e-01
  7.099999999999991e+00  -1.717500613381306e+06  -1.033996588944784e+06  2.236165668858190e+06  -4.322518307769471e+05  -8.092233515020817e+05  -5.766391238642787e+05  -1.309929628652519e-02  1.994823643422788e-02  2.401950320484516e-01
  7.199999999999990e+00  -1.673752210322151e+06  -1.037024128050891e+06  2.294019795506147e+06  -4.811509342545774e+05  -8.021268799355885e+05  -7.240712820340012e+05  -3.150335296134230e-02  -3.002067020441779e-04  2.180506482049295e-01
  7.299999999999990e+00  -1.608769316223021e+06  -1.028966525117208e+06  2.254129125410348e+06  -5.225597876417722e+05  -7.889640523760795e+05  -8.342271850520109e+05  -4.665662355493353e-02  -1.319214668887946e-02  1.914734579794089e-01
  7.399999999999990e+00  -1.513736962797924e+06  -1.032866197166431e+06  2.193287780252488e+06  -5.307044088691755e+05  -7.747441207600856e+05  -9.294834978427119e+05  -4.333336194099345e-02  -1.720860438325086e-02  1.700977347768947e-01
  7.499999999999989e+00  -1.432616336427620e+06  -1.078280305879924e+06  2.187726542391646e+06  -4.971387688386420e+05  -7.685864309777394e+05  -1.045698807771373e+06  -2.973929148532492e-02  -2.140037823250874e-02  1.531834193311335e-01
  7.599999999999989e+00  -1.407716908128616e+06  -1.141112310920133e+06  2.248535521167719e+06  -4.455284675777783e+05  -7.887954461661414e+05  -1.165220592573461e+06  -2.743017282780117e-02  -3.396081562229660e-02  1.376248717571403e-01
  7.699999999999989e+00  -1.410163029219873e+06  -1.168237022894959e+06  2.307773665727681e+06  -4.066023333586665e+05  -8.398725814495349e+05  -1.262601517948881e+06  -3.954168217058058e-02  -5.114193299466834e-02  1.207890410706960e-01
  7.799999999999988e+00  -1.387130052165703e+06  -1.132100511263273e+06  2.286089869368554e+06  -3.874166302490080e+05  -9.117339127893969e+05  -1.350371756720042e+06  -5.008757876702092e-02  -6.197843434216152e-02  1.003654401063798e-01
  7.899999999999988e+00  -1.352140688329918e+06  -1.037510390009197e+06  2.149902941241884e+06  -3.781272665355786e+05  -9.944711885758413e+05  -1.444935668531085e+06  -5.124024035410941e-02  -6.233948549198531e-02  7.525747548341312e-02
  7.999999999999988e+00  -1.356429500008503e+06  -9.120101042353789e+05  1.917292617205597e+06  -3.699257944793562e+05  -1.074166774789026e+06  -1.532876036288883e+06  -5.039807877988878e-02  -5.748998822001016e-02  4.643455062463747e-02
  8.099999999999987e+00  -1.382574516177417e+06  -7.938120401958487e+05  1.663511412539060e+06  -3.586873732610276e+05  -1.136098354289970e+06  -1.592456108061715e+06  -5.274292000728383e-02  -5.263998746161724e-02  1.875880498302897e-02
  8.199999999999987e+00  -1.367475112344953e+06  -7.115978854950105e+05  1.454861891715039e+06  -3.376920805333480e+05  -1.172606758797427e+06  -1.617335887023740e+06  -5.495831572164286e-02  -4.781776413519909e-02  -3.603700612280137e-03
  8.299999999999986e+00  -1.302065724616564e+06  -6.610975900688574e+05  1.276737962574342e+06  -3.021789929042667e+05  -1.179230489078138e+06  -1.613995526348015e+06  -5.447706442922206e-02  -4.255696025091509e-02  -2.030339308527052e-02
  8.399999999999986e+00  -1.226968183720999e+06  -6.152390429080240e+05  1.101352583213811e+06  -2.659354389566187e+05  -1.157149007906927e+06  -1.596792834222636e+06  -5.170914141010662e-02  -3.856037257553667e-02  -3.026305566503043e-02
  8.499999999999986e+00  -1.174230181793617e+06  -5.761262669834461e+05  9.588063890359800e+05  -2.548705848059812e+05  -1.129783786060195e+06  -1.578326419808521e+06  -4.567725965605070e-02  -3.573864722397793e-02  -3.254242325905666e-02
  8.599999999999985e+00  -1.156056646478802e+06  -5.845087807602232e+05  8.653769707664070e+05  -2.740662863179449e+05  -1.127101685336233e+06  -1.558410293214486e+06  -3.538040536667383e-02  -3.113761427746113e-02  -2.966229232384934e-02
  8.699999999999985e+00  -1.158397274858546e+06  -6.427270124877078e+05  7.850742742831184e+05  -2.998658737934740e+05  -1.150882152214497e+06  -1.529673048213618e+06  -2.250325473117819e-02  -2.208494824554877e-02  -2.647247706468764e-02
  8.799999999999985e+00  -1.151806730668045e+06  -6.921635086636000e+05  6.953795050359583e+05  -3.184565674608556e+05  -1.177466893147702e+06  -1.491193209980920e+06  -1.060951489682735e-02  -1.053367770995275e-02  -2.630479314920217e-02
  8.899999999999984e+00  -1.128737795085548e+06  -6.879437993643886e+05  6.142183432306730e+05  -3.446805175245149e+05  -1.189578479374492e+06  -1.451901888505090e+06  -2.390895010909935e-03  -3.206800126727095e-03  -2.805228424992683e-02
  8.999999999999984e+00  -1.107014127123100e+06  -6.428645631187115e+05  5.507934111105291e+05  -3.892747420851139e+05  -1.195685168416409e+06  -1.420588461306358e+06  2.747282304264670e-03  -3.796154296579081e-03  -2.806679351539695e-02
  9.099999999999984e+00  -1.104392560863715e+06  -6.055223373820840e+05  4.896967994234728e+05  -4.345843738148464e+05  -1.218241319466774e+06  -1.394601619337397e+06  6.804853139466827e-03  -7.825096039263372e-03  -2.443096356807103e-02
  9.199999999999983e+00  -1.122566637438448e+06  -6.083621149692999e+05  4.248448871919965e+05  -4.530580856238396e+05  -1.262862969430069e+06  -1.369603851487223e+06  9.896395586546298e-03  -8.208963879151761e-03  -2.019991615235616e-02
  9.299999999999983e+00  -1.148681637509695e+06  -6.361618588432687e+05  3.595979950423217e+05  -4.385074130662672e+05  -1.303308094544889e+06  -1.354526284007363e+06  1.139058350728380e-02  -3.955676856024164e-03  -2.011461974180310e-02
  9.399999999999983e+00  -1.159547670209911e+06  -6.472078587725726e+05  2.975267253254445e+05  -4.114087637005053e+05  -1.311303675191553e+06  -1.357270265005325e+06  1.257099860504284e-02  -1.029757481568797e-05  -2.341442057262157e-02
  9.499999999999982e+00  -1.141275212069019e+06  -6.291427739781603e+05  2.439089584698839e+05  -3.947836464713689e+05  -1.290426088994887e+06  -1.361755746704554e+06  1.503548277218329e-02  -6.488270987643461e-04  -2.514746109311576e-02
  9.599999999999982e+00  -1.110268197084586e+06  -6.105058627698158e+05  2.018771279896346e+05  -3.895791069820264e+05  -1.263293622448207e+06  -1.342247737649485e+06  1.746404400838277e-02  -4.911484146831527e-03  -2.407796731778776e-02
  9.699999999999982e+00  -1.096406239708557e+06  -6.139014644187251e+05  1.702806888107030e+05  -3.784752045318070e+05  -1.241843168961941e+06  -1.297880861429847e+06  1.687609021408436e-02  -7.097002073461062e-03  -2.410039300174914e-02
  9.799999999999981e+00  -1.103629858249889e+06  -6.340846956795297e+05  1.479443182119105e+05  -3.521297893044771e+05  -1.224882781029671e+06  -1.255259695390511e+06  1.331195383816200e-02  -2.468028003293024e-03  -2.771286297233165e-02
  9.899999999999981e+00  -1.107217225485525e+06  -6.580142654910290e+05  1.366414408180396e+05  -3.238170081213133e+05  -1.212383918616083e+06  -1.237987372261185e+06  1.064448238698358e-02  7.452460604975017e-03  -3.258720313767964e-02
  9.999999999999980e+00  -1.094216070449435e+06  -6.801238102656906e+05  1.364067154539462e+05  -3.149376652593993e+05  -1.207189189351807e+06  -1.242803444536595e+06  1.183639452445386e-02  1.640495694426612e-02  -3.507795323593362e-02
  1.009999999999998e+01  -1.080254025175529e+06  -6.992432728776019e+05  1.429192368731372e+05  -3.309861843811186e+05  -1.208179708015047e+06  -1.245801933483327e+06  1.595184629117689e-02  1.951527055392416e-02  -3.359905482404854e-02
  1.019999999999998e+01  -1.078741087960273e+06  -7.100391529143194e+05  1.552770333425082e+05  -3.568263516594311e+05  -1.208848734025150e+06  -1.228544143842392e+06  2.025485215111062e-02  1.734964271071235e-02  -2.867448721097983e-02
  1.029999999999998e+01  -1.082970745958326e+06  -7.076474256350896e+05  1.769242408138521e+05  -3.723668484263780e+05  -1.200951824109859e+06  -1.196305193263133e+06  2.289548474110914e-02  1.441633322224592e-02  -2.233096986845053e-02
  1.039999999999998e+01  -1.085899014138081e+06  -6.986531913161343e+05  2.097386878533684e+05  -3.694694933959683e+05  -1.180060895319558e+06  -1.167449843276656e+06  2.326868863299619e-02  1.404851254256987e-02  -1.723750270672407e-02
  1.049999999999998e+01  -1.096308888209339e+06  -6.974287878137815e+05  2.528438596160823e+05  -3.563760971272755e+05  -1.150282214532155e+06  -1.149423796319586e+06  2.115821777976977e-02  1.496898846662673e-02  -1.512215365131450e-02
  1.059999999999998e+01  -1.126686129371928e+06  -7.068358802996740e+05  3.053594095224715e+05  -3.481587161882041e+05  -1.124034149995239e+06  -1.135126642970275e+06  1.661961146633812e-02  1.358354953163290e-02  -1.505509161999641e-02
  1.069999999999998e+01  -1.173824217403905e+06  -7.119883586022588e+05  3.683263670259587e+05  -3.532223369529070e+05  -1.113256907816119e+06  -1.119912257865487e+06  1.081872604866848e-02  8.924271222798191e-03  -1.360534245659302e-02
  1.079999999999998e+01  -1.220431480847414e+06  -7.002395264703806e+05  4.405682596352815e+05  -3.666959296985512e+05  -1.118632262857085e+06  -1.109424303342032e+06  5.908274334635895e-03  3.964709205687460e-03  -8.383181791538618e-03
  1.089999999999998e+01  -1.254980658834358e+06  -6.819954504409643e+05  5.152336583769713e+05  -3.770995248225777e+05  -1.129708025546897e+06  -1.110208602154618e+06  3.107561336305579e-03  1.812014700708831e-03  -5.833658587088659e-04
  1.099999999999998e+01  -1.282208907366567e+06  -6.800037967849637e+05  5.827924138350249e+05  -3.805946488943818e+05  -1.135782232752411e+06  -1.122686448549019e+06  1.622177626148086e-03  2.173471172869207e-03  6.755091409792142e-03
  1.109999999999998e+01  -1.312054829133614e+06  -6.990446993935237e+05  6.372022184819983e+05  -3.847479066502185e+05  -1.132445495043089e+06  -1.141668471772335e+06  1.421574847038594e-04  2.673400084620107e-03  1.173670928552889e-02
  1.119999999999998e+01  -1.345652939941785e+06  -7.228566642348042e+05  6.799254025733828e+05  -3.956446376642685e+05  -1.119014585857054e+06  -1.157263002047178e+06  -1.305557217154280e-03  1.974628856755247e-03  1.464243309365388e-02
  1.129999999999998e+01  -1.373923672955988e+06  -7.354479202677318e+05  7.167595975451866e+05  -4.089648155395072e+05  -1.099175827883034e+06  -1.159803973976834e+06  -1.564744714109815e-03  7.914362835507335e-04  1.651121122746511e-02
  1.139999999999998e+01  -1.387484692238876e+06  -7.338299997328850e+05  7.496759825944930e+05  -4.195241474650883e+05  -1.083557164464078e+06  -1.149368685932898e+06  -2.112873062994411e-04  7.283548794975122e-04  1.739155602128023e-02
  1.149999999999998e+01  -1.386802164588998e+06  -7.262459822687239e+05  7.761918681291898e+05  -4.291110735255789e+05  -1.080298651716391e+06  -1.137829414831965e+06  1.659909203468093e-03  2.412903376381278e-03  1.678943792138617e-02
  1.159999999999997e+01  -1.381333507680833e+06  -7.234757791823919e+05  7.969797303493026e+05  -4.390766404793892e+05  -1.083688411416057e+06  -1.138701512586641e+06  2.783694586260277e-03  4.794546459435443e-03  1.499115562220513e-02
  1.169999999999997e+01  -1.379446848295108e+06  -7.285990072501852e+05  8.167900376735016e+05  -4.459535934888408e+05  -1.081455869430783e+06  -1.156213235405811e+06  2.787733340665083e-03  6.352903868081851e-03  1.288307471288901e-02
  1.179999999999997e+01  -1.381095956761021e+06  -7.362678737897279e+05  8.346054644250805e+05  -4.475900930616169e+05  -1.071078352287443e+06  -1.184104081623166e+06  1.783468112669097e-03  6.344840318470184e-03  1.087998243486025e-02
  1.189999999999997e+01  -1.379400369715987e+06  -7.443788619057061e+05  8.402338950464285e+05  -4.449578721257514e+05  -1.061366633663271e+06  -1.211541484532085e+06  1.519723649399778e-04  4.554232506517943e-03  8.579104552344887e-03
  1.199999999999997e+01  -1.367199016353646e+06  -7.572921016426588e+05  8.271565749541225e+05  -4.382510327080404e+05  -1.060753206809263e+06  -1.229669043840945e+06  -1.405752201460510e-03  1.129030592729541e-03  5.504988250834813e-03
  1.209999999999997e+01  -1.343577841141903e+06  -7.727100960656455e+05  8.019052657190454e+05  -4.281315868115830e+05  -1.069395614999465e+06  -1.236534468257881e+06  -2.418063492221432e-03  -2.564603861102998e-03  1.999298821181904e-03
  1.219999999999997e+01  -1.315418948297003e+06  -7.775430786042846e+05  7.766782163220224e+05  -4.190585959857130e+05  -1.080454152357933e+06  -1.238151545078822e+06  -2.996828039674328e-03  -4.242715373075630e-03  -9.126171332888219e-04
  1.229999999999997e+01  -1.291638706604632e+06  -7.649933509871392e+05  7.589795823431528e+05  -4.151573758479717e+05  -1.085831539773197e+06  -1.242594171529758e+06  -3.459329704624045e-03  -2.807671077435594e-03  -2.467195035404611e-03
  1.239999999999997e+01  -1.276077726717897e+06  -7.473157828724752e+05  7.482012607033848e+05  -4.136764067138272e+05  -1.081485691085554e+06  -1.251982619161973e+06  -3.938440819327690e-03  3.951276629634195e-04  -2.811445166026536e-03
  1.249999999999997e+01  -1.266803782726951e+06  -7.424934855381688e+05  7.363956824127523e+05  -4.070552259362682e+05  -1.069307019235932e+06  -1.261777417456853e+06  -4.498758836323378e-03  2.824687310267976e-03  -2.820166598155032e-03
  1.259999999999997e+01  -1.261472573159787e+06  -7.536771993808631e+05  7.149842830451181e+05  -3.918430467996863e+05  -1.055802009338903e+06  -1.266814991790165e+06  -5.347541361203835e-03  2.911531141539328e-03  -3.405181165044616e-03
  1.269999999999997e+01  -1.260830525772154e+06  -7.686656183233453e+05  6.844887639979508e+05  -3.728160224560433e+05  -1.048473293682692e+06  -1.266322134080514e+06  -6.576312656572048e-03  8.788636752698106e-04  -4.934519866043139e-03
  1.279999999999997e+01  -1.266741299370742e+06  -7.750387764295765e+05  6.535551897077679e+05  -3.574615964806186e+05  -1.051011591023320e+06  -1.264673609893083e+06  -7.829106333879130e-03  -1.947924366710231e-03  -7.058425352468672e-03
  1.289999999999997e+01  -1.278526504986779e+06  -7.701073950627485e+05  6.283531316745824e+05  -3.491462249922050e+05  -1.061163517302823e+06  -1.267684308576252e+06  -8.469151728879316e-03  -4.148314753492783e-03  -8.771655304602943e-03
  1.299999999999997e+01  -1.291836755801936e+06  -7.598100932863747e+05  6.081389150053055e+05  -3.470877298755139e+05  -1.073641612048766e+06  -1.276167931484907e+06  -7.971936352895280e-03  -4.945977756161328e-03  -8.904487267965125e-03
  1.309999999999997e+01  -1.301375481886754e+06  -7.529066953216721e+05  5.915624029106473e+05  -3.498641504317129e+05  -1.084307161517515e+06  -1.284085256301480e+06  -6.201872068109375e-03  -4.448514552964339e-03  -7.130337569929355e-03
  1.319999999999997e+01  -1.305235933452235e+06  -7.538388169788473e+05  5.815414535297147e+05  -3.561181335701502e+05  -1.091295665761437e+06  -1.285142319370379e+06  -3.600122240577389e-03  -3.145364810413624e-03  -4.446859421278704e-03
  1.329999999999997e+01  -1.305597222933481e+06  -7.579939294191549e+05  5.805781796608956e+05  -3.629093306733614e+05  -1.094298387313020e+06  -1.279379987343616e+06  -1.084787786401285e-03  -1.299263553318264e-03  -2.258044612858807e-03
  1.339999999999997e+01  -1.305582052812458e+06  -7.568405671885813e+05  5.852888181251877e+05  -3.660407634949185e+05  -1.094561569760203e+06  -1.271229302968256e+06  4.759645232067591e-04  9.348548380066734e-04  -1.139215206766401e-03
  1.349999999999997e+01  -1.307483153438547e+06  -7.507855612984729e+05  5.898870884950967e+05  -3.637142097974536e+05  -1.095044102273912e+06  -1.262903275371188e+06  7.166407884875122e-04  2.978310440081528e-03  -8.851660664691034e-04
  1.359999999999997e+01  -1.313395754126689e+06  -7.523158726187560e+05  5.931882192451818e+05  -3.595763167485442e+05  -1.098984849692302e+06  -1.252846220918736e+06  -2.347909756254825e-04  3.853718130626480e-03  -1.356599262326992e-03
  1.369999999999997e+01  -1.324517323313827e+06  -7.700930073442771e+05  5.969943190065731e+05  -3.597948066963542e+05  -1.106975650508917e+06  -1.240584486131995e+06  -1.899649560991647e-03  3.166318396399586e-03  -2.557472035783960e-03
  1.379999999999997e+01  -1.338133028679893e+06  -7.930312247062559e+05  5.981483356131243e+05  -3.661091830671058e+05  -1.115677685613175e+06  -1.229590230759125e+06  -3.425759850095170e-03  1.906241173226761e-03  -3.986604820755769e-03
  1.389999999999997e+01  -1.347054804253516e+06  -7.985947074742782e+05  5.893970420105517e+05  -3.737534403878049e+05  -1.120593395360209e+06  -1.223373035584471e+06  -3.803472960315215e-03  1.640486299896771e-03  -4.572695055144494e-03
  1.399999999999997e+01  -1.345321556495509e+06  -7.785914026447943e+05  5.693004560200934e+05  -3.770876630156999e+05  -1.120361255716336e+06  -1.220732490656649e+06  -2.655196059788476e-03  2.739574067660165e-03  -3.604397934584877e-03
  1.409999999999997e+01  -1.334243658396125e+06  -7.502558961154975e+05  5.463488426310784e+05  -3.754688728239877e+05  -1.118144092635128e+06  -1.217010819534192e+06  -7.353706709126277e-04  3.767436788421446e-03  -1.578225765759494e-03
  1.419999999999997e+01  -1.320842171708879e+06  -7.380370791689962e+05  5.313566453608460e+05  -3.725643684096921e+05  -1.119090016334522e+06  -1.209914209659560e+06  7.037632326122870e-04  2.955797924561076e-03  2.116310256728494e-05
  1.429999999999997e+01  -1.311303463708308e+06  -7.488017014014407e+05  5.276207658937835e+05  -3.714736917447969e+05  -1.126020351747659e+06  -1.202671502309218e+06  1.040671202127804e-03  2.015034336282225e-04  -2.404908787362217e-04
  1.439999999999996e+01  -1.307519363019096e+06  -7.687224333441011e+05  5.303489801813875e+05  -3.721776471868979e+05  -1.136424425681503e+06  -1.200456612535700e+06  6.378238636260109e-04  -2.745684965869119e-03  -2.718377060429769e-03
  1.449999999999996e+01  -1.308265533605360e+06  -7.807022568602728e+05  5.345335549986407e+05  -3.734540153299930e+05  -1.143479020068432e+06  -1.204136257056072e+06  1.491511402185137e-04  -4.022308923005397e-03  -6.315843592010257e-03
  1.459999999999996e+01  -1.311042181148259e+06  -7.794360543894209e+05  5.397932586444044e+05  -3.757849770128531e+05  -1.141474336903329e+06  -1.208790264550719e+06  -2.313144863612437e-04  -3.288798681967861e-03  -9.210133597542013e-03
  1.469999999999996e+01  -1.312266668524835e+06  -7.708138207720186e+05  5.473764720000300e+05  -3.809127250906693e+05  -1.131462530470421e+06  -1.208826772841231e+06  -6.905440338431559e-04  -1.770948720251225e-03  -1.016152832524735e-02
  1.479999999999996e+01  -1.308200412091088e+06  -7.628317799090381e+05  5.559472678890873e+05  -3.888211215123458e+05  -1.120882526783367e+06  -1.203721847879458e+06  -1.186896837777735e-03  -9.986462217194596e-04  -9.212330651670221e-03
  1.489999999999996e+01  -1.297951946593298e+06  -7.592658679122931e+05  5.626340768620335e+05  -3.963998692749139e+05  -1.116903344236208e+06  -1.198146148824946e+06  -1.314849168457047e-03  -1.615196076647724e-03  -7.327183676623186e-03
  1.499999999999996e+01  -1.285377679459930e+06  -7.595264793431405e+05  5.669326052211241e+05  -3.995121381472872e+05  -1.120896188589653e+06  -1.197127840405865e+06  -8.634556231663462e-04  -3.188254379768499e-03  -5.534263187899958e-03
  1.509999999999996e+01  -1.276383616790696e+06  -7.614582380402568e+05  5.713175481507974e+05  -3.965228600665952e+05  -1.128844946421480e+06  -1.201683240134178e+06  -1.822246706998796e-04  -4.820553542902313e-03  -4.408787869192028e-03
  1.519999999999996e+01  -1.273892011464190e+06  -7.635271890554301e+05  5.774905888294838e+05  -3.895843595172355e+05  -1.135165985537841e+06  -1.208728567332773e+06  2.240637383276318e-04  -5.825460644342130e-03  -4.037137455779874e-03
  1.529999999999996e+01  -1.276026504260368e+06  -7.651531647914288e+05  5.842235131316702e+05  -3.827518778109112e+05  -1.136126905594334e+06  -1.214378258673368e+06  3.032381603561786e-04  -5.919171480686426e-03  -4.055475844797466e-03
  1.539999999999996e+01  -1.278921845179394e+06  -7.655210263469607e+05  5.893010177087921e+05  -3.793890935812460e+05  -1.131395216380199e+06  -1.216888679762969e+06  4.117467116690141e-04  -5.067260305859544e-03  -3.866999743084476e-03
  1.549999999999996e+01  -1.280340782642495e+06  -7.633552637852202e+05  5.916909632983581e+05  -3.808269320668089e+05  -1.123754190794017e+06  -1.217029884521860e+06  7.198094113724217e-04  -3.427224672821415e-03  -3.159645869902783e-03
  1.559999999999996e+01  -1.280148531958295e+06  -7.587395771633618e+05  5.909175407065513e+05  -3.864175129883887e+05  -1.116888449951146e+06  -1.216886187042024e+06  9.256015096672882e-04  -1.461131309232652e-03  -2.201207126477552e-03
  1.569999999999996e+01  -1.278072482780486e+06  -7.536290965796789e+05  5.856290665348589e+05  -3.937660591230914e+05  -1.112396810597232e+06  -1.218767453919176e+06  6.173465934552231e-04  1.310969964788722e-04  -1.497598338634354e-03
  1.579999999999996e+01  -1.272702436879305e+06  -7.498283986480052e+05  5.753782469396074e+05  -3.993518673736149e+05  -1.109260847502853e+06  -1.224433866456433e+06  -2.433920827973641e-04  7.902191840757901e-04  -1.189705809831703e-03
  1.589999999999996e+01  -1.263638235341149e+06  -7.477211345718175e+05  5.634657547463645e+05  -4.005373819284117e+05  -1.106448746044726e+06  -1.233840324412169e+06  -1.245227976061119e-03  3.759539795067703e-04  -9.306642874360114e-04
  1.599999999999996e+01  -1.253931841459625e+06  -7.473234975863302e+05  5.557997200175340e+05  -3.973753257336356e+05  -1.105310479467608e+06  -1.244198504839883e+06  -1.834319680570191e-03  -8.298410047445138e-04  -3.258664023795918e-04
  1.609999999999996e+01  -1.248908571601609e+06  -7.489762292241693e+05  5.563021712388364e+05  -3.919532115790505e+05  -1.108589702079868e+06  -1.251127380600471e+06  -1.605625378351258e-03  -2.178866976063149e-03  6.725098542423634e-04
  1.619999999999996e+01  -1.252064797718181e+06  -7.523027364128222e+05  5.635049435283449e+05  -3.858557324079592e+05  -1.117117845954177e+06  -1.251895038239178e+06  -4.546461946607222e-04  -2.822976917174661e-03  1.770402464438399e-03
  1.629999999999996e+01  -1.262347297859335e+06  -7.556894520329736e+05  5.723344232539582e+05  -3.791345886393095e+05  -1.128148676084626e+06  -1.247931526393791e+06  1.285787563422620e-03  -2.149819677943714e-03  2.655294562841489e-03
  1.639999999999996e+01  -1.275344175899855e+06  -7.576105580804661e+05  5.785516676470285e+05  -3.720043196842759e+05  -1.136850354328919e+06  -1.243805044812084e+06  2.883563740732239e-03  -2.477961179995690e-04  3.261817919691380e-03
  1.649999999999996e+01  -1.286414927935153e+06  -7.581250085940751e+05  5.809745620215728e+05  -3.660102444945643e+05  -1.139166585927694e+06  -1.243510608018053e+06  3.645360268173583e-03  2.059469187381393e-03  3.705930310644956e-03
  1.659999999999997e+01  -1.292968833974575e+06  -7.586156868795793e+05  5.806888795117460e+05  -3.627381442329007e+05  -1.133914478718849e+06  -1.247604747509600e+06  3.496358099347137e-03  3.709357318625369e-03  4.028214258315157e-03
  1.669999999999997e+01  -1.294916004101175e+06  -7.601302886969717e+05  5.791503670219494e+05  -3.620680260417798e+05  -1.123143213501829e+06  -1.253481693382022e+06  3.041930967635072e-03  4.054747384794478e-03  4.066667602804129e-03
  1.679999999999997e+01  -1.293896982905373e+06  -7.624523551536672e+05  5.773576848880708e+05  -3.623927860608767e+05  -1.110877868357577e+06  -1.257897672268689e+06  2.913403431988342e-03  3.197883952598490e-03  3.697274075373612e-03
  1.689999999999997e+01  -1.291986439818366e+06  -7.645826162131332e+05  5.762291377884176e+05  -3.624812324872968e+05  -1.101025582844635e+06  -1.259064388699405e+06  3.141405363517465e-03  1.828028174819834e-03  3.163748446327482e-03
  1.699999999999997e+01  -1.290298181291810e+06  -7.657143367177186e+05  5.767581571950840e+05  -3.624263469613107e+05  -1.095807627301357e+06  -1.257027787955041e+06  3.285725448483242e-03  7.772548289309500e-04  2.963528182121979e-03
  1.709999999999997e+01  -1.288781190903513e+06  -7.656632646266208e+05  5.794430005155584e+05  -3.627826344787601e+05  -1.095494997444876e+06  -1.252868020747780e+06  3.082022863440289e-03  6.015284978786833e-04  3.360753346101288e-03
  1.719999999999997e+01  -1.287416745574014e+06  -7.649495371233403e+05  5.834332654634805e+05  -3.634324844467901e+05  -1.099018013058522e+06  -1.247944514104317e+06  2.756597652561179e-03  1.343180207012798e-03  4.067186580388238e-03
  1.729999999999998e+01  -1.287121681113739e+06  -7.647175153567172e+05  5.869833039843029e+05  -3.637652893622878e+05  -1.104415302589487e+06  -1.243145247252508e+06  2.727186946002377e-03  2.527844327149810e-03  4.505466188062534e-03
  1.739999999999998e+01  -1.288925747835017e+06  -7.663656609731803e+05  5.892288647779463e+05  -3.638518952965228e+05  -1.109086512732203e+06  -1.238344888514649e+06  3.112158335187690e-03  3.407648465637638e-03  4.390211182614580e-03
  1.749999999999998e+01  -1.292694324766139e+06  -7.705245806443696e+05  5.913192979136105e+05  -3.648623139806257e+05  -1.110544421835551e+06  -1.232524297102287e+06  3.596067626778686e-03  3.393096183189816e-03  3.969172052668157e-03
  1.759999999999998e+01  -1.297331536787034e+06  -7.762722873155577e+05  5.951677208707758e+05  -3.680594457103748e+05  -1.107867221795175e+06  -1.224962359430372e+06  3.694609541327024e-03  2.412309837518271e-03  3.669194854549662e-03
  1.769999999999998e+01  -1.301910600405570e+06  -7.813776380005474e+05  6.014650084483122e+05  -3.733497756425946e+05  -1.102603532792898e+06  -1.216542637236066e+06  3.114626396599387e-03  9.550085863458075e-04  3.601744829834128e-03
  1.779999999999998e+01  -1.306070613301450e+06  -7.833891666020988e+05  6.090832077315435e+05  -3.791125055763946e+05  -1.097679106751476e+06  -1.209529743961977e+06  1.922635018568578e-03  -2.373318979134844e-04  3.490688149603420e-03
  1.789999999999998e+01  -1.309360491886575e+06  -7.808470688725243e+05  6.161734696454568e+05  -3.836139181760345e+05  -1.095157587916292e+06  -1.206006685162806e+06  4.160192662319700e-04  -6.039604622430319e-04  3.033980891372829e-03
  1.799999999999999e+01  -1.311152211240720e+06  -7.741481758577492e+05  6.216718665710635e+05  -3.862824011380828e+05  -1.095074464191466e+06  -1.206427414187470e+06  -1.101846998334407e-03  -3.214320805416663e-05  2.211407485076096e-03
  1.809999999999999e+01  -1.311351192562542e+06  -7.659039539781304e+05  6.259643187001580e+05  -3.873917308309665e+05  -1.096302911971830e+06  -1.209345977304420e+06  -2.359101577196610e-03  1.132569882127157e-03  1.243015783677982e-03
  1.819999999999999e+01  -1.310283884451115e+06  -7.601491668056706e+05  6.305716864006240e+05  -3.869121495553085e+05  -1.098239687512143e+06  -1.212297959758766e+06  -2.987182756023081e-03  2.307815121788038e-03  3.610321375409843e-04
  1.829999999999999e+01  -1.307693179207555e+06  -7.599993125247649e+05  6.370256640403335e+05  -3.846328497761748e+05  -1.101198475075680e+06  -1.212960754430427e+06  -2.569868538758789e-03  2.994325917621111e-03  -2.917721643712463e-04
  1.839999999999999e+01  -1.302518477114571e+06  -7.649061261400537e+05  6.456330668046451e+05  -3.818643193124132e+05  -1.105178560291807e+06  -1.210485608036273e+06  -1.070281645394714e-03  3.049192913031747e-03  -6.107719071154522e-04
  1.849999999999999e+01  -1.294314317517086e+06  -7.702928805881260e+05  6.552491661279892e+05  -3.820606454145896e+05  -1.108643838710655e+06  -1.206328713633733e+06  8.495534301482610e-04  2.753200805638038e-03  -4.991977405238065e-04
  1.859999999999999e+01  -1.284735397836335e+06  -7.709748646621365e+05  6.641674167027788e+05  -3.881631399847213e+05  -1.109106405725701e+06  -1.203491037865885e+06  2.203293562873639e-03  2.552108326288216e-03  7.253292772845503e-05
  1.870000000000000e+01  -1.276983826471390e+06  -7.655763530845618e+05  6.710953723726899e+05  -3.987640054948828e+05  -1.105481345897340e+06  -1.204354636135564e+06  2.496697846644002e-03  2.664992831886041e-03  9.872647449786411e-04
  1.880000000000000e+01  -1.273823175715009e+06  -7.576780137432122e+05  6.750094985023383e+05  -4.077623873423930e+05  -1.099854218426930e+06  -1.208581779340937e+06  2.132036408896602e-03  2.878113973397874e-03  1.932924945233697e-03
  1.890000000000000e+01  -1.275990039133721e+06  -7.524385281540720e+05  6.749950977031583e+05  -4.089157447346785e+05  -1.096607318912325e+06  -1.213358667096199e+06  1.865350653223780e-03  2.719995974573733e-03  2.474024585995708e-03
  1.900000000000000e+01  -1.282189452544787e+06  -7.520947540952588e+05  6.709991756181994e+05  -4.013267481311396e+05  -1.099314377281565e+06  -1.216046603321400e+06  1.884350962357392e-03  1.907815400465452e-03  2.244859908820371e-03
  1.910000000000000e+01  -1.290096339125972e+06  -7.546673564875382e+05  6.645133055111419e+05  -3.905026995077496e+05  -1.107921404835398e+06  -1.216565466835858e+06  1.597895104357896e-03  6.497670506900921e-04  1.139191496031781e-03
  1.920000000000000e+01  -1.297047440670985e+06  -7.563587672200141e+05  6.581817517916969e+05  -3.838428164169174e+05  -1.118728646057176e+06  -1.217296568870421e+06  3.438877080473356e-04  -4.749200097847688e-04  -5.845127357867797e-04
  1.930000000000000e+01  -1.300521557861330e+06  -7.546268052726643e+05  6.542074393960668e+05  -3.849736594712656e+05  -1.126964627797060e+06  -1.220519038964558e+06  -1.786221895627560e-03  -9.594633411328319e-04  -2.387011118514960e-03
  1.940000000000001e+01  -1.298979284349476e+06  -7.495080027201768e+05  6.529166850671194e+05  -3.918813316173403e+05  -1.129869784093724e+06  -1.225943134598011e+06  -3.889986433737946e-03  -7.797606325022680e-04  -3.703847478350369e-03
  1.950000000000001e+01  -1.292813480989301e+06  -7.430186731762137e+05  6.526967861857684e+05  -3.996806388746580e+05  -1.128172414610788e+06  -1.230687389408374e+06  -4.984947689619600e-03  -4.121085132181067e-04  -4.188654187622412e-03
  1.960000000000001e+01  -1.284527883414373e+06  -7.376605591204612e+05  6.509024266635819e+05  -4.047159846777932e+05  -1.124943576588386e+06  -1.231574058404424e+06  -4.737588265422412e-03  -4.374231181059856e-04  -3.861890100702225e-03
  1.970000000000001e+01  -1.277454369082988e+06  -7.352309327682013e+05  6.452114162837828e+05  -4.061415862097357e+05  -1.123082935564700e+06  -1.227596232067863e+06  -3.552012359979299e-03  -1.085332524306757e-03  -3.070173981561722e-03
  1.980000000000001e+01  -1.273894600397814e+06  -7.363962126349634e+05  6.347288912127045e+05  -4.045817076556990e+05  -1.123429433977638e+06  -1.220494870605951e+06  -2.103734145629667e-03  -2.103664480621098e-03  -2.291815719622366e-03
  1.990000000000001e+01  -1.274063803296539e+06  -7.407955535066765e+05  6.202408529836826e+05  -4.004220786545206e+05  -1.124628361072645e+06  -1.213365880612039e+06  -8.684950043978980e-04  -3.012048829227201e-03  -1.950397547609963e-03
