TITLE = "Temporal Signal for receiver number 00547"
VARIABLES = "Time","xx","yy","zz","xy","yz","xz","u","v","w"
# x1       3.535946160000e+05
# x2       4.720184950000e+06
# x3       -3.000000000000e+03
  0.000000000000000e+00  0.000000000000000e+00  0.000000000000000e+00  0.000000000000000e+00  0.000000000000000e+00  0.000000000000000e+00  0.000000000000000e+00  0.000000000000000e+00  0.000000000000000e+00  0.000000000000000e+00
  1.000000000000000e-01  0.000000000000000e+00  0.000000000000000e+00  0.000000000000000e+00  0.000000000000000e+00  0.000000000000000e+00  0.000000000000000e+00  0.000000000000000e+00  0.000000000000000e+00  0.000000000000000e+00
  2.000000000000000e-01  0.000000000000000e+00  0.000000000000000e+00  0.000000000000000e+00  0.000000000000000e+00  0.000000000000000e+00  0.000000000000000e+00  0.000000000000000e+00  0.000000000000000e+00  0.000000000000000e+00
  3.000000000000000e-01  -4.798906638286760e-24  -1.449298989324763e-23  -5.581257966414452e-24  1.943104783697379e-24  2.770050672146975e-24  3.503322803629871e-26  2.895718258156635e-31  -1.181005086923856e-30  3.896116077459700e-31
  4.000000000000000e-01  3.593369207556925e-13  1.179125927947485e-12  4.030816111486908e-13  -3.511568929114362e-13  6.463038691891846e-14  8.364552321872324e-15  -4.104042244461069e-20  7.734905164122221e-20  -7.036625961071503e-21
  5.000000000000000e-01  -2.206073415328648e-10  -5.259229083137398e-10  -1.613679009515254e-10  6.601566060016566e-11  -1.283879373529025e-10  -8.115344360716418e-12  7.357568416459910e-18  -3.616189922464433e-17  -1.301703487160820e-17
  6.000000000000000e-01  -1.155376914630613e-08  -3.218626864711770e-08  -1.108085678924316e-08  1.115694913515882e-08  -9.666104256316562e-10  3.737450771312744e-10  1.272646564425314e-15  -2.194183029274718e-15  5.018084119725292e-16
  7.000000000000000e-01  1.517554461015446e-07  4.253761396657606e-07  1.751940796787732e-07  7.967793028465674e-08  -6.303907311880034e-09  2.161215653666437e-08  7.161525221597681e-15  3.679727229624810e-14  4.769327047881814e-15
  7.999999999999999e-01  2.885710479259916e-07  1.994926050046872e-06  6.119847828911717e-07  -6.631442653099366e-08  -5.775835567837914e-07  7.502864659066707e-07  -5.109410889199021e-14  1.952952487299550e-13  -1.886750867321922e-15
  8.999999999999999e-01  1.822811743571004e-05  6.646960717293444e-05  1.846226069118666e-05  -5.799948716783760e-06  -8.239553049852941e-07  9.226388034997955e-06  -9.778538095841907e-13  5.364798177090741e-12  2.135909128240960e-13
  9.999999999999999e-01  3.521425158793030e-04  9.557944104495902e-04  3.334562359160408e-04  -8.229422687224112e-05  7.023735818020182e-06  4.553686255481118e-05  -1.136296159424543e-11  7.796043500434081e-11  3.488861305781268e-12
  1.100000000000000e+00  1.967627447930613e-03  4.609809607097527e-03  1.868519124142690e-03  -5.511254914708240e-05  1.224953777975671e-04  2.372333791376871e-05  -6.649010631640098e-12  3.737875468912692e-10  4.045825577527899e-11
  1.200000000000000e+00  -1.253241504273307e-03  -5.300668177667080e-03  -2.311754809829550e-04  2.284485886685990e-03  3.770875257960982e-04  -6.545113105493091e-04  3.125887163879698e-10  -4.617968716777151e-10  6.789404730356471e-11
  1.300000000000000e+00  -1.643060985394664e-02  -4.507802395179372e-02  -1.062160895721201e-02  -3.447933577231488e-04  -5.190567267546142e-03  -5.041143439046755e-05  -3.273166811042411e-11  -3.626297667450149e-09  -1.197017245693399e-09
  1.400000000000000e+00  3.138287909023726e-02  8.641884617191165e-02  3.681797116695926e-02  -8.920657812420230e-03  -7.230495297429796e-03  3.209392765076140e-03  -1.142931584053383e-09  6.675139306477421e-09  -2.117570553112801e-09
  1.500000000000000e+00  -3.197822882384805e-02  -8.245624212283699e-02  -6.054675324673393e-02  3.121065882632155e-02  3.996971771615452e-02  -5.130298208500864e-03  3.315067904458172e-09  -6.878068387766125e-09  6.949415427884726e-09
  1.600000000000000e+00  -2.101774583553087e-02  5.754868726196727e-03  -9.774460151531628e-02  -9.498920287876018e-02  -7.413038297683948e-03  9.865860977257331e-03  -1.082195107942250e-08  6.954620577819040e-09  8.424507705238376e-09
  1.700000000000000e+00  4.741779644592647e-01  1.063447492711866e+00  7.358804320144198e-01  1.551534282487436e-01  -2.131155584902630e-01  -1.513098088178744e-02  1.900099048222698e-08  6.743477550272755e-08  -4.677420868766491e-08
  1.800000000000000e+00  -2.200414305577987e+00  -5.852236685571003e+00  -2.727636404287645e+00  -2.529432401201135e-01  7.832917648838605e-01  8.387275875602361e-02  -4.071300972284691e-08  -4.248103750821329e-07  1.153481060705589e-07
  1.900000000000001e+00  6.862624687630452e+00  1.921911306158761e+01  9.803095359578039e+00  5.345697516387105e-01  -2.757170009075383e+00  -2.533471614285982e-02  8.753182145265713e-08  1.406728744289401e-06  -5.234871587029811e-07
  2.000000000000000e+00  -4.453120616636307e+01  -1.070733844451189e+02  -6.168386816850830e+01  1.145010632625198e+01  3.096092306837039e+01  -8.030484721636050e+00  1.739173246766204e-06  -8.767105792841805e-06  4.483157059098694e-06
  2.100000000000001e+00  -1.392464820023842e+02  -3.391375972045423e+02  -1.960069438853192e+02  7.695917821893940e+01  1.184881269488452e+02  -3.641963956024946e+01  1.019291407517420e-05  -2.846079921908588e-05  1.670208003853087e-05
  2.200000000000001e+00  -8.304169588965733e+01  -1.257515050546038e+02  -1.334296376983415e+02  1.595350897450012e+02  1.711337295267882e+02  -7.432569908462068e+01  2.026569370961956e-05  -1.174208250816098e-05  2.207134748271523e-05
  2.300000000000001e+00  -2.000801312752673e+01  1.486622008978372e+02  -3.147852671740714e+01  2.043026205661501e+02  2.165705718958761e+02  -1.046516765271275e+02  2.440508491271960e-05  8.824829587955765e-06  2.302360150742515e-05
  2.400000000000001e+00  -1.051287754580087e+02  6.379511562342767e+01  -8.220450547592279e+01  2.664828428802780e+02  3.244828305590461e+02  -1.435735217643881e+02  3.092374156308190e-05  -1.524255475281717e-06  2.883255103493085e-05
  2.500000000000001e+00  -2.196940067493108e+02  -5.459707454425099e+01  -1.846359396733783e+02  3.570555867887328e+02  4.938414548944002e+02  -1.998348735446210e+02  4.011240348972119e-05  -1.554637823621800e-05  4.269793382908402e-05
  2.600000000000001e+00  -2.928170600257289e+02  4.841820763904128e+00  -2.326541481135581e+02  4.934706204861780e+02  6.841354660541189e+02  -2.805447412036301e+02  5.414621734591225e-05  -1.489703139903848e-05  5.950913724553913e-05
  2.700000000000001e+00  -9.174158896004499e+02  -1.248413245018262e+03  -9.104908348836440e+02  8.644428524440978e+02  1.174011958289530e+03  -4.659909981033896e+02  1.010772046590319e-04  -1.223451055149947e-04  1.154728313070940e-04
  2.800000000000001e+00  -1.665067448414258e+03  -2.524033131471323e+03  -1.856724168247895e+03  1.596311989462571e+03  2.380556512768063e+03  -8.302602875763105e+02  1.918984444326171e-04  -2.570453337902228e-04  2.485212539666807e-04
  2.900000000000001e+00  -5.932914643022925e+03  -1.229172542559299e+04  -7.860263182716074e+03  3.516986135366465e+03  6.425586111853228e+03  -1.856519607352620e+03  4.341539122839386e-04  -1.084289767604729e-03  7.974103218615244e-04
  3.000000000000001e+00  -1.264745400986526e+04  -2.685078732496002e+04  -1.709679975926994e+04  8.215421269124452e+03  1.309236409172037e+04  -4.340859328710790e+03  1.039745216492875e-03  -2.319907043429334e-03  1.676832805822347e-03
  3.100000000000001e+00  -1.198326450587403e+04  -1.760801627727612e+04  -1.850490816571696e+04  1.689019680643407e+04  2.270230398007046e+04  -9.140765808438482e+03  2.155768337364716e-03  -1.782215725522412e-03  2.734656889569399e-03
  3.200000000000002e+00  -8.110986645179904e+03  1.219817415049541e+04  -1.553873426639855e+04  2.508094286926619e+04  3.175678228433371e+04  -1.461615791924453e+04  3.068091936375556e-03  4.724080679877091e-04  3.729106244382703e-03
  3.300000000000002e+00  6.705593865341374e+03  9.805932891839050e+04  -3.244768012711418e+03  3.946241271513449e+04  4.396615138463512e+04  -2.537125373030453e+04  4.941835502354789e-03  6.684568994141382e-03  4.809667546514425e-03
  3.400000000000002e+00  3.723833125481994e+04  2.470734595230870e+05  3.585321447887889e+04  5.220293225944754e+04  4.719597565110530e+04  -3.540683450715479e+04  6.312410161538172e-03  1.796010926596648e-02  4.334202845877602e-03
  3.500000000000002e+00  6.891766184506143e+04  4.676531998976514e+05  7.410486248905858e+04  6.877061487998752e+04  2.213132301586858e+04  -4.921879173944797e+04  8.005727089951700e-03  3.473018115869058e-02  1.354590166969443e-03
  3.600000000000002e+00  1.119412623839477e+05  8.189469929325084e+05  1.113827333860287e+05  1.285085845624921e+05  3.535891602894299e+04  -7.974840884675538e+04  1.557889199203305e-02  5.950286295108028e-02  2.980903642648241e-03
  3.700000000000002e+00  1.076625225064203e+05  1.084153401729050e+06  1.678317002480186e+05  1.058312924902893e+05  -2.123209847555928e+04  -8.534002052612296e+04  1.174714453217997e-02  8.023824258323975e-02  -1.891120058819981e-03
  3.800000000000002e+00  -9.600841319993993e+04  1.018135267556380e+06  4.248292001247090e+04  3.864550226497225e+04  -7.014745357902086e+04  -6.154611722925147e+04  -4.901732094125926e-04  6.948782928924827e-02  -7.687148164277135e-03
  3.900000000000002e+00  -2.669133166452807e+05  1.238869401173451e+06  -4.184690774964731e+05  2.010288798549590e+05  7.346815681709195e+04  -1.850626071750362e+05  2.829339433226426e-02  7.962362500651966e-02  3.499170893678076e-02
  4.000000000000002e+00  -3.703253253628515e+05  1.506967896652237e+06  -6.450222267920692e+05  1.760849852792719e+05  2.420199987374485e+05  -1.996455112696529e+05  2.638737984628648e-02  9.968751008614748e-02  7.792670303645403e-02
  4.100000000000001e+00  -5.301999029743123e+05  9.264079092042667e+05  2.058069895074302e+05  -5.199218297273437e+05  -5.231366414457103e+04  2.306355711592709e+05  -9.181962750706073e-02  4.535573013733519e-02  -2.078025831953348e-02
  4.200000000000001e+00  -5.217179834395623e+05  -1.371880893295873e+05  1.243962534333309e+06  -1.163107993362369e+06  -6.359654164886242e+05  5.916528142101782e+05  -1.884628046713415e-01  -5.479377180090898e-02  -1.829337779310306e-01
  4.300000000000001e+00  -2.413716878703660e+05  -5.890435537297530e+05  1.371196784948710e+06  -1.030150167605557e+06  -8.787503053944298e+05  4.844047274576955e+05  -1.506033785760771e-01  -9.553735348481178e-02  -2.324319184430737e-01
  4.400000000000000e+00  1.595171107607360e+04  -4.584990863723510e+05  8.925503294597176e+05  -4.613800846493223e+05  -5.941359733172439e+05  2.199500931750368e+05  -5.650423860497922e-02  -7.511853359078439e-02  -1.538182185852266e-01
  4.500000000000000e+00  1.487028734576711e+05  -4.227111603737577e+05  5.284601067873912e+05  3.544366646101813e+04  -5.796115566385053e+04  4.053836785016579e+04  1.405276188033852e-02  -6.901469003957314e-02  -4.626737668454779e-02
  4.600000000000000e+00  2.637815408352973e+05  -5.298775387207259e+05  3.505837171500336e+05  3.198936614051547e+05  2.961768866639924e+05  -3.490307152175187e+04  4.700515248108404e-02  -8.826779900275575e-02  3.305362857484919e-03
  4.699999999999999e+00  3.578104512824445e+05  -3.985816867352096e+05  -4.385360944043891e+04  3.921531804259159e+05  2.144628494893777e+05  6.690911244132910e+03  4.292764007588199e-02  -7.527860644571617e-02  -8.898542586947790e-03
  4.799999999999999e+00  4.045048475213566e+05  2.097440463729487e+04  -6.674683623289199e+05  2.958721651254976e+05  -1.374920024438337e+05  1.030853063099435e+05  1.461251005992084e-02  -1.776621766527504e-02  -3.494106794519106e-02
  4.899999999999999e+00  4.079293113523956e+05  3.762805403099052e+05  -1.095507072000669e+06  1.296746232240847e+05  -4.206536505979588e+05  1.403662955403799e+05  -1.417235277174169e-02  2.760005193805661e-02  -4.675381189183221e-02
  4.999999999999998e+00  3.497629876793912e+05  3.835834188619647e+05  -1.120543905874131e+06  -2.779729817468664e+03  -5.015094723137601e+05  1.036053224598934e+05  -2.735996353198869e-02  2.521631155805860e-02  -4.411708215024929e-02
  5.099999999999998e+00  2.809963099583749e+05  1.384197264913226e+05  -8.678016714203060e+05  -5.985460072874121e+04  -4.353743219080616e+05  9.349193240697675e+04  -2.497993931155536e-02  -1.798437675194328e-03  -3.096765834634862e-02
  5.199999999999998e+00  2.552862186511809e+05  -1.090383920729249e+05  -6.326944869302324e+05  -6.239017246098079e+04  -3.147754898202120e+05  1.428753260408756e+05  -1.911505739694806e-02  -2.163900191578399e-02  -1.464796521519029e-02
  5.299999999999997e+00  2.574236478150114e+05  -2.433817841933835e+05  -6.111055088965410e+05  -3.771105829229209e+04  -2.355339263072005e+05  1.939265783534712e+05  -1.560538785693816e-02  -2.939087047222896e-02  -8.299266796638411e-03
  5.399999999999997e+00  2.967950498715693e+05  -2.647790238084343e+05  -6.819003165725187e+05  1.114919718901426e+03  -2.215233384553981e+05  2.056050166065353e+05  -8.247370854672403e-03  -3.134622749729055e-02  -1.165388205945479e-02
  5.499999999999996e+00  3.748479164628852e+05  -2.204110405649376e+05  -6.546881306988848e+05  4.053019394435069e+04  -2.293176420996932e+05  1.859481136775601e+05  3.591263621383262e-03  -2.579749585873808e-02  -1.345799118067799e-02
  5.599999999999996e+00  4.287862427193913e+05  -1.542965679698149e+05  -5.668651659614434e+05  7.038958186290920e+04  -2.610614666658710e+05  1.663092886521790e+05  1.248988389435102e-02  -1.015338559087723e-02  -1.814625880881607e-02
  5.699999999999996e+00  4.448021836583194e+05  -6.269121127267346e+04  -5.719709228227313e+05  1.141870013903844e+05  -3.089853300333261e+05  1.447084098616275e+05  1.672240912483341e-02  7.451350946420058e-03  -3.129758018301861e-02
  5.799999999999995e+00  4.896097565604473e+05  7.757647450462426e+04  -6.612009816438872e+05  1.860113271708776e+05  -3.311563778139181e+05  1.154928826631892e+05  1.764267225941270e-02  2.096369168100683e-02  -4.559653199799268e-02
  5.899999999999995e+00  5.670316620744236e+05  2.361679229057978e+05  -7.213791818633578e+05  2.531455368299892e+05  -3.203638646309018e+05  1.115626405632957e+05  1.455793138454236e-02  3.581849862119670e-02  -5.442694013571005e-02
  5.999999999999995e+00  6.059855822542850e+05  3.380069151027916e+05  -7.072837092198519e+05  2.877596639440524e+05  -2.829750855595085e+05  1.428900338162937e+05  1.051705005549288e-02  5.071619081088761e-02  -5.575900255748917e-02
  6.099999999999994e+00  5.719247233979692e+05  3.471235196278971e+05  -6.236087507436727e+05  2.886941594903121e+05  -2.306458514262646e+05  1.747234305486981e+05  8.388579236581102e-03  5.552527436636548e-02  -4.986216526421045e-02
  6.199999999999994e+00  4.798985419902861e+05  3.013449916610325e+05  -5.341520624165032e+05  2.569303400053846e+05  -2.153374687219054e+05  1.821212201649334e+05  3.568751213130484e-03  5.062307302987834e-02  -4.243039654142416e-02
  6.299999999999994e+00  3.686850820870626e+05  2.986141723897276e+05  -5.424427973089229e+05  2.064087835179563e+05  -2.832225757591594e+05  1.655713673201407e+05  -8.138717550124264e-03  4.912970244759919e-02  -4.257466736253011e-02
  6.399999999999993e+00  2.800847759162126e+05  4.076828186209342e+05  -6.929196250199992e+05  1.630144174010731e+05  -3.939660985982858e+05  1.253032524652073e+05  -2.193889506268011e-02  5.789410458130850e-02  -5.281185689315954e-02
  6.499999999999993e+00  2.353141251669234e+05  6.098933784898283e+05  -9.123958441015189e+05  1.362515563439156e+05  -4.548100937086185e+05  7.309013027801765e+04  -3.027495148083749e-02  7.258092120858058e-02  -6.545242615518081e-02
  6.599999999999993e+00  2.221958784594145e+05  7.669594531648129e+05  -1.046698961028371e+06  1.308228555960703e+05  -4.043490234417912e+05  5.505815372547042e+04  -3.077645583508180e-02  8.228945202238455e-02  -6.922651796356734e-02
  6.699999999999992e+00  2.139477757510088e+05  7.606711836323334e+05  -9.877526046298195e+05  1.547966939917948e+05  -2.626525239710632e+05  1.106981640113620e+05  -2.415931026607577e-02  8.029295169492794e-02  -5.883299753162301e-02
  6.799999999999992e+00  1.961248394857219e+05  6.514231642120404e+05  -8.055996011934758e+05  1.864139336566377e+05  -8.726619275314627e+04  2.168123251245239e+05  -1.113957848280906e-02  7.159537641228504e-02  -3.291712460221369e-02
  6.899999999999991e+00  1.840575056620819e+05  5.726689630418847e+05  -6.480897537059932e+05  1.858304908089770e+05  9.083125078462507e+04  3.081321928524578e+05  5.224063100634213e-03  6.374445300569473e-02  7.423662807764378e-03
  6.999999999999991e+00  1.886506147831331e+05  5.643219876994634e+05  -5.455825605396819e+05  1.519721034052428e+05  2.401771624214265e+05  3.467057000040806e+05  1.954807744133335e-02  5.908316418132694e-02  4.886130008589450e-02
  7.099999999999991e+00  1.807571208318970e+05  5.725422575664218e+05  -4.273863969450819e+05  1.197003280823383e+05  3.186859118593067e+05  3.444411953750539e+05  2.862580881285213e-02  5.543099860578326e-02  7.391076184207805e-02
  7.199999999999990e+00  1.229107285233377e+05  5.381163332295651e+05  -2.776047737833883e+05  1.041789303765178e+05  3.093463613019846e+05  3.301991428231611e+05  3.326393208243635e-02  4.778581522580068e-02  7.762307783900460e-02
  7.299999999999990e+00  3.354239742109095e+04  4.674614130924820e+05  -1.534035115221039e+05  9.211483237100953e+04  2.265123996895354e+05  3.165062231773880e+05  3.635427538953020e-02  3.422637274349620e-02  6.669400075628935e-02
  7.399999999999990e+00  -2.089501282192201e+04  4.073007601294111e+05  -7.495911341306093e+04  8.070816147479290e+04  1.120797171324027e+05  3.062706355332851e+05  3.907391520824694e-02  1.835074506311050e-02  5.225967447105279e-02
  7.499999999999989e+00  -9.996520461647822e+03  3.570791632715353e+05  -1.720038323801604e+04  8.660116915133572e+04  2.099789481238924e+04  3.081812255685157e+05  3.898720080235461e-02  2.859584115436336e-03  4.366444399431038e-02
  7.599999999999989e+00  4.231061652030067e+04  2.777130707053819e+05  2.566257255845305e+04  1.178656938124779e+05  -1.749367887669382e+04  3.202425096732139e+05  3.372955414868726e-02  -1.343393701008274e-02  4.184385024196504e-02
  7.699999999999989e+00  1.164771638266626e+05  1.825421541036415e+05  4.601388616414210e+04  1.607112928169682e+05  -2.214694160211703e+04  3.134875815112455e+05  2.430387934691434e-02  -2.934938403473996e-02  3.968795721936099e-02
  7.799999999999988e+00  2.104942617666443e+05  1.410721758345916e+05  3.711765857716238e+04  1.906106511109527e+05  -2.953423826043196e+04  2.585751102540830e+05  1.200456785614146e-02  -3.885179367077429e-02  3.183974244720533e-02
  7.899999999999988e+00  3.111543890524251e+05  1.884004432744049e+05  -1.126165862762419e+04  1.894268979077611e+05  -4.957003704693772e+04  1.655563593216938e+05  -3.420438393036698e-03  -3.937633574788924e-02  2.108187613877033e-02
  7.999999999999988e+00  3.899414776837909e+05  2.824514737972534e+05  -9.152971077683473e+04  1.623464338846927e+05  -6.521426213984847e+04  7.929614188453316e+04  -1.918972854425093e-02  -3.593042037562410e-02  1.273105401323057e-02
  8.099999999999987e+00  4.279935865528921e+05  3.540999522562115e+05  -1.589435991371399e+05  1.337246422745787e+05  -6.367269933103040e+04  3.803851873086034e+04  -2.873668236480386e-02  -3.396292258547459e-02  7.978898116085709e-03
  8.199999999999987e+00  4.279804399079298e+05  3.717314455916990e+05  -1.685971279860412e+05  1.164913247630481e+05  -5.825559945898016e+04  4.497360135429569e+04  -2.854945738205040e-02  -3.324014356868949e-02  5.493851838638872e-03
  8.299999999999986e+00  4.009122920801095e+05  3.474618045097085e+05  -1.218812622997113e+05  9.889314083138524e+04  -6.950605713581487e+04  7.535303690136374e+04  -2.142757255951044e-02  -3.029412150966000e-02  6.450080987162372e-03
  8.399999999999986e+00  3.577799326736193e+05  2.995873490531520e+05  -4.947636814510233e+04  6.640011811679396e+04  -9.078449388412551e+04  1.019178625222575e+05  -1.191129617584844e-02  -2.368356550193647e-02  1.365240076132206e-02
  8.499999999999986e+00  3.063890202555962e+05  2.244966892054027e+05  1.891445911358071e+04  2.428539770904256e+04  -9.813011247244981e+04  1.137762641335576e+05  -2.056305678277582e-03  -1.635077112049511e-02  2.550719596265337e-02
  8.599999999999985e+00  2.539743250071137e+05  1.197001924558377e+05  5.853198391319266e+04  -9.017087762212241e+03  -8.601573497160822e+04  1.165458080282935e+05  6.681613731946343e-03  -1.293358133278512e-02  3.574591429911704e-02
  8.699999999999985e+00  2.148932750391196e+05  1.168220604456562e+04  5.523186322688124e+04  -2.093968852334745e+04  -6.857640345242993e+04  1.147814867991214e+05  1.154494799903555e-02  -1.524019438484671e-02  4.005578331430149e-02
  8.799999999999985e+00  2.082786366928022e+05  -6.164216551822356e+04  1.357716943288918e+04  -1.059179560143340e+04  -5.994307033634745e+04  1.014865387808329e+05  1.085350225486405e-02  -2.113277795640689e-02  3.840084196389079e-02
  8.899999999999984e+00  2.400340491043312e+05  -8.729334116271156e+04  -5.483813629574762e+04  1.410660520645347e+04  -6.820409732800252e+04  6.938815192690327e+04  5.844649044510632e-03  -2.725446360661431e-02  3.178131895142986e-02
  8.999999999999984e+00  2.940026434372296e+05  -8.105125252189748e+04  -1.439206485680015e+05  4.150835990190543e+04  -9.724058305973787e+04  2.358530310204599e+04  -8.818068584555390e-04  -3.156780676748246e-02  2.117830824819718e-02
  9.099999999999984e+00  3.482389587952234e+05  -5.966207935214659e+04  -2.441327364930772e+05  6.417837218985122e+04  -1.411768209709745e+05  -1.966932252904046e+04  -7.429005553169759e-03  -3.325163416035198e-02  9.208418327330416e-03
  9.199999999999983e+00  3.897995185948960e+05  -2.975365840289572e+04  -3.270520990287170e+05  8.129172690351085e+04  -1.821178810061611e+05  -4.389417160504158e+04  -1.258902423071417e-02  -3.200373429092730e-02  -1.909606056586494e-04
  9.299999999999983e+00  4.102176188395401e+05  -7.021601003002656e+03  -3.579874310699920e+05  9.382669151635069e+04  -2.004519174824117e+05  -4.388552481422880e+04  -1.538086782883375e-02  -2.941909157469699e-02  -3.785014162291140e-03
  9.399999999999983e+00  4.044641608449508e+05  -2.002354212812880e+04  -3.260792078350542e+05  1.004505336650406e+05  -1.885205682185828e+05  -2.808396019119601e+04  -1.559013052284838e-02  -2.906040451374844e-02  -5.040055740050129e-04
  9.499999999999982e+00  3.815778301030676e+05  -7.651383792702644e+04  -2.544568246585617e+05  9.931451686004309e+04  -1.573072149335898e+05  -1.115980946550367e+04  -1.393633236276686e-02  -3.252497218157675e-02  7.990940488723739e-03
  9.599999999999982e+00  3.601788589960377e+05  -1.398730541788097e+05  -1.886012253828967e+05  9.398953723482648e+04  -1.256155584856443e+05  -3.518248555870749e+03  -1.127332070097064e-02  -3.657093355592941e-02  1.810332185880894e-02
  9.699999999999982e+00  3.468078207196869e+05  -1.606404124568178e+05  -1.700684175324572e+05  9.499970955323658e+04  -9.927407200322040e+04  -3.647906125863269e+03  -7.846922075080144e-03  -3.652720375896511e-02  2.641733602418991e-02
  9.799999999999981e+00  3.305504678460709e+05  -1.250181553500091e+05  -2.031497554399540e+05  1.094697459270675e+05  -7.092132103275425e+04  4.106157954611401e+02  -3.819949015391450e-03  -3.169652801009195e-02  3.111027297736757e-02
  9.899999999999981e+00  3.015278004190917e+05  -5.425705332458143e+04  -2.495228403228497e+05  1.291918527012047e+05  -3.872026993418372e+04  1.894593677662657e+04  1.969124275595021e-04  -2.464212782372724e-02  3.204612088565024e-02
  9.999999999999980e+00  2.634237473630325e+05  2.913858364052215e+04  -2.674463473008359e+05  1.364321369952715e+05  -1.084246816798565e+04  4.935564265643824e+04  4.143419826390867e-03  -1.667473682753057e-02  3.053064121699590e-02
  1.009999999999998e+01  2.270406388257723e+05  1.107224794365266e+05  -2.464266140978927e+05  1.227654697976519e+05  7.935567226463737e+03  7.980993239694645e+04  9.085700167895925e-03  -7.400492432665344e-03  2.829942384755938e-02
  1.019999999999998e+01  2.013235932384671e+05  1.749675864725550e+05  -1.993478594816419e+05  9.620910103155144e+04  1.836500051630833e+04  1.018559594974512e+05  1.561104182319263e-02  2.489012659931734e-03  2.586358396498769e-02
  1.029999999999998e+01  1.896826888780576e+05  2.091288153907901e+05  -1.471798862725295e+05  7.086013984151087e+04  1.723085197568873e+04  1.144853587047540e+05  2.201313679465646e-02  1.058379107631616e-02  2.260723175216183e-02
  1.039999999999998e+01  1.909909488816245e+05  2.161297628488786e+05  -1.138712646232267e+05  5.635163669871747e+04  -5.638428360917801e+02  1.192444169043344e+05  2.492557398127771e-02  1.477803039238605e-02  1.842774115925325e-02
  1.049999999999998e+01  2.025394343078673e+05  2.144223802204593e+05  -1.120663639209637e+05  5.674298481270832e+04  -3.244664756429448e+04  1.176778711638673e+05  2.222387046196777e-02  1.494574490963867e-02  1.436689531175180e-02
  1.059999999999998e+01  2.196542537717113e+05  2.207943075873964e+05  -1.331873323135800e+05  7.297528954466301e+04  -6.707864381544244e+04  1.126270818551329e+05  1.523520335066753e-02  1.233524394376977e-02  1.197666805774734e-02
  1.069999999999998e+01  2.364513513001352e+05  2.371615440576314e+05  -1.557449075224184e+05  1.005424731421236e+05  -9.352085049646714e+04  1.082885312621132e+05  7.885143586146332e-03  8.027670951765256e-03  1.177055686838502e-02
  1.079999999999998e+01  2.503700057570701e+05  2.561657759784538e+05  -1.610111576998458e+05  1.264366773314315e+05  -1.092594027500181e+05  1.081992796088072e+05  3.694789491770626e-03  2.801959776837837e-03  1.231740062527651e-02
  1.089999999999998e+01  2.638321898946946e+05  2.746728120494086e+05  -1.471058746159443e+05  1.364932115559872e+05  -1.180944238737110e+05  1.123966814301350e+05  3.513219444635248e-03  -2.032438119245655e-03  1.185920588421079e-02
  1.099999999999998e+01  2.785733320190993e+05  2.932398173814674e+05  -1.285941370825630e+05  1.279304876651954e+05  -1.235794265861584e+05  1.165551165764939e+05  5.872146571721159e-03  -4.874708837158982e-03  1.019388732925140e-02
  1.109999999999998e+01  2.911481526425740e+05  3.046056065646115e+05  -1.170383914778425e+05  1.119058437281017e+05  -1.263237047925183e+05  1.169067043867285e+05  8.574476394695996e-03  -5.473975133269656e-03  8.180646405640648e-03
  1.119999999999998e+01  2.971315122077920e+05  2.955272652860865e+05  -1.080655072368443e+05  1.023202740892277e+05  -1.265084402072131e+05  1.160054759362385e+05  9.576965885929547e-03  -5.283705821233988e-03  6.100676047103501e-03
  1.129999999999998e+01  2.981066827020695e+05  2.655960509307024e+05  -9.258781231742365e+04  1.033435793698118e+05  -1.275769545657245e+05  1.208729314710443e+05  7.643913198464605e-03  -5.377551627303346e-03  3.437874748467133e-03
  1.139999999999998e+01  3.015054455896348e+05  2.335209432909021e+05  -7.407955855001039e+04  1.089843253471445e+05  -1.344539569681300e+05  1.354723016038599e+05  3.119599366185261e-03  -5.276348117400440e-03  6.669620288805624e-05
  1.149999999999998e+01  3.110732212906700e+05  2.170434063039515e+05  -6.766363415911156e+04  1.111689560881566e+05  -1.470191134416661e+05  1.559015552522106e+05  -2.070102536446474e-03  -4.367470591677964e-03  -3.231454730524343e-03
  1.159999999999997e+01  3.218547559937153e+05  2.195822104498293e+05  -8.073519698430787e+04  1.055285888556985e+05  -1.591463176546436e+05  1.733606705554821e+05  -5.628862598654534e-03  -2.860761102949552e-03  -5.562289413958811e-03
  1.169999999999997e+01  3.264997960157613e+05  2.383078918448864e+05  -1.019328888477163e+05  9.194498111846096e+04  -1.661243556181358e+05  1.812006918067889e+05  -6.452324506539048e-03  -8.975685223923382e-04  -6.837800550775746e-03
  1.179999999999997e+01  3.214028813010004e+05  2.681116423968727e+05  -1.151210854820752e+05  7.315258030814638e+04  -1.693799429571935e+05  1.783722285752431e+05  -5.059890687630768e-03  1.639258123015738e-03  -7.658766854067463e-03
  1.189999999999997e+01  3.076417625176816e+05  2.974823344322004e+05  -1.158317479595090e+05  5.360086452564962e+04  -1.729027904579486e+05  1.675716462774112e+05  -2.777725562832714e-03  4.144737650134571e-03  -8.582916417958938e-03
  1.199999999999997e+01  2.894482606305909e+05  3.134606904856287e+05  -1.092916072530908e+05  3.726924382702447e+04  -1.789048751265093e+05  1.521991781220406e+05  -7.632149727402200e-04  5.500984186479525e-03  -9.966477371438338e-03
  1.209999999999997e+01  2.713289988168002e+05  3.124188974685960e+05  -1.018657843072114e+05  2.524945839962140e+04  -1.871273481782863e+05  1.361893389847018e+05  4.870892479990296e-04  5.483613126459224e-03  -1.204368404884276e-02
  1.219999999999997e+01  2.559585466173975e+05  3.020529510726655e+05  -9.972302979286823e+04  1.634837583398394e+04  -1.956643116483629e+05  1.247154689364660e+05  1.106113644106131e-03  5.163991476565748e-03  -1.447570737536394e-02
  1.229999999999997e+01  2.441525942177580e+05  2.925032895676874e+05  -1.103323813809898e+05  1.033457509955173e+04  -2.018235976290096e+05  1.218558212224252e+05  1.549039155513529e-03  5.751055309920049e-03  -1.616022187469600e-02
  1.239999999999997e+01  2.368449603982452e+05  2.891000984057566e+05  -1.367448698370606e+05  9.310869597581364e+03  -2.037563634687683e+05  1.270920684355337e+05  2.161381553301283e-03  7.432923396859074e-03  -1.619859162487234e-02
  1.249999999999997e+01  2.359837007520337e+05  2.920710520052085e+05  -1.702517409753950e+05  1.466547476938879e+04  -2.028832605151054e+05  1.349080998609178e+05  2.859656856478467e-03  9.300876308902875e-03  -1.507207324557083e-02
  1.259999999999997e+01  2.424542637279883e+05  2.990038504265705e+05  -1.963933006473942e+05  2.356781485948319e+04  -2.030628055195716e+05  1.383184075318566e+05  3.202511359570121e-03  1.024487739718368e-02  -1.431206772080948e-02
  1.269999999999997e+01  2.539099290108596e+05  3.077782331399290e+05  -2.093196557823113e+05  2.942266454699676e+04  -2.057474571570604e+05  1.332791914748462e+05  2.640221234289503e-03  9.971303643738274e-03  -1.484392016538171e-02
  1.279999999999997e+01  2.644393394468016e+05  3.157895747623884e+05  -2.155465590870091e+05  2.598762707200286e+04  -2.085990936827243e+05  1.203008994582650e+05  7.290549542335857e-04  8.971582891690399e-03  -1.622191433671202e-02
  1.289999999999997e+01  2.666402250746893e+05  3.167767977836682e+05  -2.256590259495643e+05  1.265412567917379e+04  -2.095350819401338e+05  1.031213340764713e+05  -2.440015365046191e-03  7.715853177735575e-03  -1.758756406635874e-02
  1.299999999999997e+01  2.567786304740084e+05  3.052369425711426e+05  -2.452916090152494e+05  -3.723841387915362e+03  -2.085371373071853e+05  8.675457886923572e+04  -5.857156022522593e-03  6.478453105700992e-03  -1.847851212099374e-02
  1.309999999999997e+01  2.390648847375971e+05  2.847795201157721e+05  -2.712124257198016e+05  -1.330506744294469e+04  -2.047056840018831e+05  7.591883977381063e+04  -8.094805437891555e-03  5.706537491029708e-03  -1.849297955233080e-02
  1.319999999999997e+01  2.223819290172597e+05  2.655311607468194e+05  -2.938018484769888e+05  -1.037106711849076e+04  -1.951740805868101e+05  7.351560095305862e+04  -8.383445609634079e-03  5.798025726990698e-03  -1.709867417157776e-02
  1.329999999999997e+01  2.125507309882053e+05  2.529638864886498e+05  -3.042019211449472e+05  3.038454466494989e+03  -1.788698040053212e+05  7.895185203725101e+04  -7.129198297594571e-03  6.416811931888869e-03  -1.422877399970734e-02
  1.339999999999997e+01  2.094650898431645e+05  2.448485706757352e+05  -3.012982724631901e+05  1.962137789129233e+04  -1.590822588861207e+05  8.760291134123437e+04  -5.401645064742899e-03  6.632341786896710e-03  -1.064340690368787e-02
  1.349999999999997e+01  2.095768412324302e+05  2.383809507909360e+05  -2.930635208670740e+05  3.235239592390269e+04  -1.405077021397572e+05  9.299358705727661e+04  -4.013939246818170e-03  5.927021737678050e-03  -7.360279787720670e-03
  1.359999999999997e+01  2.084108409259840e+05  2.344789442250360e+05  -2.906330305999521e+05  3.844024763535422e+04  -1.249265031897506e+05  9.080505297040119e+04  -3.176675273687371e-03  4.652110263357537e-03  -4.901332542288548e-03
  1.369999999999997e+01  2.015637178777723e+05  2.341492775056887e+05  -2.996885912606659e+05  3.994407548900376e+04  -1.108617203282881e+05  8.182538759882937e+04  -2.721859104801022e-03  3.453942901644715e-03  -3.129811101983377e-03
  1.379999999999997e+01  1.867257614990237e+05  2.348886866771420e+05  -3.162877776728052e+05  4.131289488993095e+04  -9.696638651808564e+04  7.141869848648546e+04  -2.444864457190809e-03  2.579632095015051e-03  -1.652619350611154e-03
  1.389999999999997e+01  1.662022424845751e+05  2.321396862258242e+05  -3.297055583801294e+05  4.575947254555701e+04  -8.467742405644276e+04  6.565614949480239e+04  -2.367853955823014e-03  1.748492287642983e-03  -2.837542885142104e-04
  1.399999999999997e+01  1.456831691714720e+05  2.222594827829867e+05  -3.307646323309211e+05  5.320899460971285e+04  -7.679260860860908e+04  6.686078378841573e+04  -2.681005398357171e-03  5.048164631403121e-04  9.328199032930759e-04
  1.409999999999997e+01  1.304354017183283e+05  2.058095320903720e+05  -3.194031793161256e+05  6.126188792665481e+04  -7.378242784316790e+04  7.217464784553747e+04  -3.360103101446334e-03  -1.229160112830599e-03  2.053890193978791e-03
  1.419999999999997e+01  1.234739822613989e+05  1.902418706048569e+05  -3.026826385244665e+05  6.766553112539173e+04  -7.293203098468667e+04  7.675695788255861e+04  -3.966240405538553e-03  -2.818752800002770e-03  3.217019330727806e-03
  1.429999999999997e+01  1.248855932294108e+05  1.854841806339844e+05  -2.861424904176012e+05  7.154140006852451e+04  -7.142478895777209e+04  7.848983822733549e+04  -3.979768553764683e-03  -3.402672610327923e-03  4.183053428541230e-03
  1.439999999999996e+01  1.307508920372453e+05  1.937701315657175e+05  -2.698539342616268e+05  7.267868214812026e+04  -6.866686097990352e+04  7.934599568216257e+04  -3.349411416424186e-03  -2.903751279053869e-03  4.358723664381131e-03
  1.449999999999996e+01  1.346843959505701e+05  2.064011109606000e+05  -2.517353155700236e+05  7.066684010996830e+04  -6.526108764082049e+04  8.259000026070033e+04  -2.603250719422791e-03  -2.293411294506818e-03  3.585134222035069e-03
  1.459999999999996e+01  1.331439336316331e+05  2.129248063077672e+05  -2.317966420390626e+05  6.561806258438327e+04  -6.182483834870609e+04  8.938302343671693e+04  -2.330340522544965e-03  -2.616131982103073e-03  2.611850867434541e-03
  1.469999999999996e+01  1.290796028622864e+05  2.109149528545713e+05  -2.128447234113983e+05  5.960816521658384e+04  -5.970258796631227e+04  9.818186698621590e+04  -2.559316764970348e-03  -3.893261276966614e-03  2.395112373827012e-03
  1.479999999999996e+01  1.289837013320961e+05  2.050202104201605e+05  -1.978250167135984e+05  5.644379660671172e+04  -6.089998980208521e+04  1.066520561285745e+05  -2.732838107314114e-03  -5.175708756766656e-03  3.159256741246354e-03
  1.489999999999996e+01  1.365436613180332e+05  2.002624730108731e+05  -1.876388087430543e+05  5.934787700938194e+04  -6.578270549955971e+04  1.137805746706460e+05  -2.286855871454225e-03  -5.443893193610007e-03  4.352766062775374e-03
  1.499999999999996e+01  1.499907834648197e+05  1.986733614132031e+05  -1.812158014985308e+05  6.854157016695915e+04  -7.195183502151188e+04  1.201084340031077e+05  -1.188056909875694e-03  -4.326890084529932e-03  5.244252166449133e-03
  1.509999999999996e+01  1.648406249961703e+05  1.992334725786826e+05  -1.767383864728926e+05  8.057826181094443e+04  -7.683734903398041e+04  1.260906698915647e+05  3.184683579461518e-05  -2.377325861287974e-03  5.431837762487207e-03
  1.519999999999996e+01  1.780060358461901e+05  1.987534498708805e+05  -1.736504602908801e+05  8.997016335099176e+04  -8.062552729019975e+04  1.308467444806503e+05  7.400236177417209e-04  -8.211956379551259e-04  4.986603183997392e-03
  1.529999999999996e+01  1.896440786765555e+05  1.951101892860350e+05  -1.733781487683109e+05  9.221030274584598e+04  -8.546860992669605e+04  1.328985704297912e+05  6.769707810466843e-04  -6.769094051592705e-04  4.332985299855489e-03
  1.539999999999996e+01  2.016516728139304e+05  1.904197925521337e+05  -1.773234821672659e+05  8.638130785516075e+04  -9.223299302371329e+04  1.319059160045480e+05  4.204562835097462e-05  -1.885010545288829e-03  3.876809300312674e-03
  1.549999999999996e+01  2.147688931302096e+05  1.889873698005776e+05  -1.843706124200025e+05  7.567301306010976e+04  -9.908767573616660e+04  1.291792621273509e+05  -7.119093350596370e-04  -3.350338705139373e-03  3.567085720653449e-03
  1.559999999999996e+01  2.275721318975081e+05  1.921610451245821e+05  -1.907156757452951e+05  6.507547453352861e+04  -1.033697811596323e+05  1.265495184009437e+05  -1.139004648959407e-03  -3.891433504375480e-03  2.979584448074810e-03
  1.569999999999996e+01  2.380343299134194e+05  1.969936741057360e+05  -1.926267469677046e+05  5.785373305694314e+04  -1.040637794518469e+05  1.253804604194178e+05  -9.630689123555918e-04  -3.082654423874947e-03  1.921445690936875e-03
  1.579999999999996e+01  2.456438382450551e+05  2.000344492678773e+05  -1.892307854002451e+05  5.407203926748162e+04  -1.024754965764978e+05  1.264381812872796e+05  -1.342371664906137e-04  -1.310677964206160e-03  7.466490285003126e-04
  1.589999999999996e+01  2.514789825868649e+05  2.002521600202399e+05  -1.825060292213515e+05  5.202488069025133e+04  -1.011611844506653e+05  1.297589751343486e+05  1.109288707779913e-03  6.266848199660841e-04  -5.452007483977401e-05
  1.599999999999996e+01  2.564122945277014e+05  1.979823900831596e+05  -1.753852322854529e+05  5.035798676466506e+04  -1.022033476701269e+05  1.341585404126346e+05  2.222539380660853e-03  1.907931250950843e-03  -4.023456551827050e-04
  1.609999999999996e+01  2.604358136402830e+05  1.939462702948655e+05  -1.701313034366857e+05  4.899800506634171e+04  -1.058662333313809e+05  1.370684589542175e+05  2.613812960655786e-03  2.084323792455680e-03  -6.152958621968987e-04
  1.619999999999996e+01  2.635152524647924e+05  1.901927949537531e+05  -1.682570982833364e+05  4.902041217766028e+04  -1.107403718556308e+05  1.356979290948158e+05  2.105727208460179e-03  1.387563008362476e-03  -9.853474993356914e-04
  1.629999999999996e+01  2.660927730742554e+05  1.897640902832742e+05  -1.711063010079016e+05  5.178494323374883e+04  -1.153329400841833e+05  1.289054046605865e+05  1.132293972098047e-03  5.657415981397488e-04  -1.499307081365923e-03
  1.639999999999996e+01  2.684485438740249e+05  1.938728906919131e+05  -1.799169371854537e+05  5.743005200164282e+04  -1.191713252524789e+05  1.181511078501595e+05  3.727774743345060e-04  3.114150397013824e-04  -1.918127439628531e-03
  1.649999999999996e+01  2.700987609329560e+05  2.004003189857593e+05  -1.949990805000120e+05  6.397280152328814e+04  -1.224387262633091e+05  1.067241088566587e+05  1.810565149356480e-04  8.230081529453936e-04  -2.020848330607394e-03
  1.659999999999997e+01  2.703648955235380e+05  2.061742668287701e+05  -2.148147554048578e+05  6.839113700174791e+04  -1.252811934676716e+05  9.781411223761704e+04  4.804656175598082e-04  1.893850975904678e-03  -1.850347646047297e-03
  1.669999999999997e+01  2.692823046556600e+05  2.101555327198637e+05  -2.357683301148836e+05  6.916631234778540e+04  -1.278423424236684e+05  9.289997929784578e+04  1.109835253841586e-03  3.238392517925753e-03  -1.733300497898859e-03
  1.679999999999997e+01  2.676886294936154e+05  2.135411465374574e+05  -2.532615714177483e+05  6.738337823198299e+04  -1.305357813645161e+05  9.151286089838676e+04  2.017933447810773e-03  4.601230119337173e-03  -1.988572957972639e-03
  1.689999999999997e+01  2.663630161433316e+05  2.163516685001292e+05  -2.641813179291530e+05  6.509744686999118e+04  -1.337294790633919e+05  9.202015419708274e+04  3.089651686553499e-03  5.637390154129244e-03  -2.600015481841507e-03
  1.699999999999997e+01  2.653949042285096e+05  2.151688091191133e+05  -2.684876995341489e+05  6.338822299958052e+04  -1.376278209824882e+05  9.251552199360478e+04  3.958015743131157e-03  5.861810103431724e-03  -3.221280353995376e-03
  1.709999999999997e+01  2.645820775603505e+05  2.061718179483883e+05  -2.680481433908505e+05  6.227131065018203e+04  -1.426826229954167e+05  9.147673686594851e+04  4.193649984473588e-03  4.990765514598367e-03  -3.534267316617223e-03
  1.719999999999997e+01  2.640065673519913e+05  1.907415748740773e+05  -2.640014615925506e+05  6.200185264065666e+04  -1.492832480431144e+05  8.826946163162320e+04  3.638838801574497e-03  3.330143234723987e-03  -3.417288979535850e-03
  1.729999999999998e+01  2.633304788568299e+05  1.764787918154956e+05  -2.564955273355558e+05  6.330368387157029e+04  -1.565211767628200e+05  8.352178691777213e+04  2.513860529470204e-03  1.724896608789773e-03  -2.848514180176646e-03
  1.739999999999998e+01  2.607287745404815e+05  1.714228788947888e+05  -2.467907631445721e+05  6.632843601613832e+04  -1.618542745414699e+05  7.900896708310540e+04  1.226677756647661e-03  9.131738024542893e-04  -1.796045081305308e-03
  1.749999999999998e+01  2.535229853828694e+05  1.776083709846238e+05  -2.380973344557316e+05  7.013221570606223e+04  -1.628626398722914e+05  7.699889808894518e+04  2.139839257202800e-04  9.558121471568611e-04  -3.641116835279529e-04
  1.759999999999998e+01  2.406922915658168e+05  1.903816892649975e+05  -2.332449545045506e+05  7.358998871815467e+04  -1.593958259175542e+05  7.916016830782438e+04  -1.474586804865419e-04  1.302566954359054e-03  1.049788125250708e-03
  1.769999999999998e+01  2.244946281272827e+05  2.032677788145820e+05  -2.319835683370643e+05  7.630054383254946e+04  -1.537010965971135e+05  8.552645001423876e+04  3.287245557084834e-04  1.344644652429725e-03  1.897004020429813e-03
  1.779999999999998e+01  2.090581019347569e+05  2.124647483107939e+05  -2.315297296274946e+05  7.810584987266739e+04  -1.482591178777453e+05  9.400774840039363e+04  1.463670576439792e-03  8.869839556058072e-04  1.865152605760918e-03
  1.789999999999998e+01  1.975529224086393e+05  2.174531532498183e+05  -2.295305396422762e+05  7.799540348088904e+04  -1.439049310206202e+05  1.010773917027003e+05  2.671294573948680e-03  1.467149696748790e-04  1.144108780896814e-03
  1.799999999999999e+01  1.906283004366207e+05  2.195259333852983e+05  -2.259687647510686e+05  7.433727044904798e+04  -1.400857523852232e+05  1.037551851845895e+05  3.280893593660455e-03  -5.277504252839880e-04  2.864572432953126e-04
  1.809999999999999e+01  1.872144998699496e+05  2.203948333723184e+05  -2.222551282910706e+05  6.664769992635284e+04  -1.362141472564098e+05  1.015505073045633e+05  3.006474019965155e-03  -8.975753989790504e-04  -1.732301015425074e-04
  1.819999999999999e+01  1.861813967320193e+05  2.214385811956713e+05  -2.192404976215773e+05  5.695581756421994e+04  -1.324444680953058e+05  9.669175884858402e+04  2.162206061192702e-03  -9.293546234375658e-04  -6.451324206114310e-05
  1.829999999999999e+01  1.871943740274943e+05  2.232002527342982e+05  -2.164918743570487e+05  4.896481723363389e+04  -1.291352781642777e+05  9.252249132737005e+04  1.420874195569983e-03  -7.449173727149024e-04  3.680181470202870e-04
  1.839999999999999e+01  1.905296627455766e+05  2.253281943191245e+05  -2.130732703354718e+05  4.552486332681389e+04  -1.261455312497618e+05  9.146702247950052e+04  1.263488580037199e-03  -5.031538319286440e-04  7.104678987908436e-04
  1.849999999999999e+01  1.961532462611696e+05  2.272219693103887e+05  -2.086511047342455e+05  4.703110332959324e+04  -1.231098596695585e+05  9.401912484626091e+04  1.656505047280013e-03  -2.988113089752989e-04  6.706359749674038e-04
  1.859999999999999e+01  2.028716461318865e+05  2.285740305536994e+05  -2.039674754697143e+05  5.190380855502456e+04  -1.199604775043174e+05  9.898125286668274e+04  2.194907867036338e-03  -1.620502128365842e-04  2.584014327515061e-04
  1.870000000000000e+01  2.081413221746687e+05  2.294431018530136e+05  -2.005367690077411e+05  5.801030556269350e+04  -1.169609331677157e+05  1.043596715600584e+05  2.477995355449026e-03  -1.410455272495273e-04  -2.657811678086711e-04
  1.880000000000000e+01  2.089697310955713e+05  2.298545609368116e+05  -1.996659062883941e+05  6.359280091336482e+04  -1.142834817763296e+05  1.085027488789451e+05  2.385644063215308e-03  -3.298389600658935e-04  -6.003032530553695e-04
  1.890000000000000e+01  2.037241921617513e+05  2.297530030629261e+05  -2.010531657135933e+05  6.742192085836566e+04  -1.118555738870858e+05  1.109842614059719e+05  2.060471363250858e-03  -7.977550319362451e-04  -5.669998035696682e-04
  1.900000000000000e+01  1.934973617690214e+05  2.292908497627046e+05  -2.021250879982579e+05  6.901447152851934e+04  -1.097661322247489e+05  1.126574561478548e+05  1.742271206037906e-03  -1.485305877888337e-03  -1.748195632951443e-04
  1.910000000000000e+01  1.818571635850070e+05  2.287713968764747e+05  -1.992630244780282e+05  6.886077909642387e+04  -1.084858709438337e+05  1.148166523338010e+05  1.622783231605444e-03  -2.192296776101845e-03  4.391086739719677e-04
  1.920000000000000e+01  1.729945550639109e+05  2.285814553902400e+05  -1.904813939014779e+05  6.790805129688061e+04  -1.084581254993531e+05  1.181828887356807e+05  1.719467617853224e-03  -2.691331745488785e-03  1.106091375450418e-03
  1.930000000000000e+01  1.697055589029143e+05  2.290224993015952e+05  -1.773841081013556e+05  6.653687491105552e+04  -1.094885883299934e+05  1.225849519772007e+05  1.825594624128216e-03  -2.845719402436259e-03  1.672670086150538e-03
  1.940000000000001e+01  1.726027916235672e+05  2.301735088056669e+05  -1.645701164788627e+05  6.422713464801522e+04  -1.106708326914007e+05  1.273639166318438e+05  1.617633072726181e-03  -2.672524357831439e-03  2.033062832960843e-03
  1.950000000000001e+01  1.806593882158334e+05  2.317327101705369e+05  -1.568685710440606e+05  6.052589211431325e+04  -1.109787482439225e+05  1.319121235456686e+05  9.027493370534440e-04  -2.315915717133869e-03  2.128267535368056e-03
  1.960000000000001e+01  1.921627373867485e+05  2.328085094725878e+05  -1.565049670106102e+05  5.625215309370935e+04  -1.100343107987630e+05  1.357853764501581e+05  -1.717355952245804e-04  -1.952394696689347e-03  1.947130604363927e-03
  1.970000000000001e+01  2.051499281638335e+05  2.323985996603990e+05  -1.623389437166448e+05  5.326800160705513e+04  -1.082995316602888e+05  1.386156322095789e+05  -1.197101611981232e-03  -1.701456208476489e-03  1.529909724362117e-03
  1.980000000000001e+01  2.174332591225379e+05  2.302772358406052e+05  -1.713321776291433e+05  5.270124723559630e+04  -1.066083701879147e+05  1.402528783976158e+05  -1.843223561549353e-03  -1.561767019030497e-03  9.408070590816187e-04
  1.990000000000001e+01  2.268182277820900e+05  2.275619644465064e+05  -1.805886206302748e+05  5.357041567768573e+04  -1.056439571246431e+05  1.409408199905247e+05  -2.120912296775240e-03  -1.416900461537720e-03  2.591855592844747e-04
