TITLE = "Temporal Signal for receiver number 01836"
VARIABLES = "Time","xx","yy","zz","xy","yz","xz","u","v","w"
# x1       3.655946160000e+05
# x2       4.735684950000e+06
# x3       -3.000000000000e+03
  0.000000000000000e+00  0.000000000000000e+00  0.000000000000000e+00  0.000000000000000e+00  0.000000000000000e+00  0.000000000000000e+00  0.000000000000000e+00  0.000000000000000e+00  0.000000000000000e+00  0.000000000000000e+00
  1.000000000000000e-01  0.000000000000000e+00  0.000000000000000e+00  0.000000000000000e+00  0.000000000000000e+00  0.000000000000000e+00  0.000000000000000e+00  0.000000000000000e+00  0.000000000000000e+00  0.000000000000000e+00
  2.000000000000000e-01  0.000000000000000e+00  0.000000000000000e+00  0.000000000000000e+00  0.000000000000000e+00  0.000000000000000e+00  0.000000000000000e+00  0.000000000000000e+00  0.000000000000000e+00  0.000000000000000e+00
  3.000000000000000e-01  0.000000000000000e+00  0.000000000000000e+00  0.000000000000000e+00  0.000000000000000e+00  0.000000000000000e+00  0.000000000000000e+00  0.000000000000000e+00  0.000000000000000e+00  0.000000000000000e+00
  4.000000000000000e-01  1.137278520757197e-23  7.366377514775707e-23  -1.819257555123260e-23  2.198993680314506e-22  2.764950142708044e-23  -1.050139583164999e-22  -1.862020353733431e-29  -1.187051177208818e-29  -6.656066858793687e-30
  5.000000000000000e-01  -1.902814074273266e-17  1.541285431467905e-17  -8.967868576344599e-18  1.104035697036878e-17  -8.240759739408868e-18  -1.841735024333498e-17  2.433636920226456e-24  -5.193609329848585e-25  1.624586959802015e-24
  6.000000000000000e-01  1.030502409279156e-15  -2.341164745467073e-14  3.125939505872882e-15  -9.319925779038602e-15  4.544011732252368e-15  1.029426421864207e-14  2.260455339871907e-22  1.551847113658060e-21  -3.815509001198709e-22
  7.000000000000000e-01  -1.385498424062484e-12  2.978750853093773e-12  -1.608737307362310e-14  1.176611689572630e-12  -9.182128587393064e-13  -1.192265768428276e-12  2.117476272569891e-19  -3.075075369471790e-19  1.377391359223550e-19
  7.999999999999999e-01  -1.968466302300299e-11  2.632314799583191e-11  -3.066735005847449e-11  3.720887690160211e-11  8.668849049968681e-12  -2.597197957063261e-11  -1.221715590463721e-18  1.297483080612735e-19  -1.640807571513524e-18
  8.999999999999999e-01  -1.253851998755767e-10  2.091156159643329e-11  8.840420365146153e-11  1.117904274191918e-10  -4.630591872477765e-11  -3.207690762754353e-11  2.137428109502328e-17  -1.222868053378232e-17  1.541455878715865e-17
  9.999999999999999e-01  -1.150384438546927e-09  -4.804171388376703e-09  3.278533574914718e-09  -1.015669122810982e-09  1.982960649277878e-10  2.003894610025784e-09  3.689973902945351e-16  6.706608554914033e-17  1.976331766928083e-16
  1.100000000000000e+00  3.225572012054730e-09  -1.052449476423374e-07  4.444853383840540e-08  -3.851719458688701e-08  6.466560582249636e-09  4.007445092624233e-08  1.887722941908684e-15  4.217249547582233e-15  7.849003861739501e-16
  1.200000000000000e+00  1.001571075077769e-07  -9.215912041232042e-07  2.523487144696765e-08  -1.817037661388722e-07  1.512523525502527e-07  1.880318832587303e-07  -2.678000026804086e-14  6.230830106607060e-14  -2.040116253285680e-14
  1.300000000000000e+00  8.274586266758301e-07  2.741414908474661e-07  -1.793115502561105e-06  1.075693022868043e-06  7.115550674745367e-07  -8.332535642921669e-07  -2.696997309138634e-13  9.296635411398685e-14  -1.237471247126471e-13
  1.400000000000000e+00  2.349883402762312e-06  2.453972503300093e-05  3.932847147644683e-06  6.866561960528396e-07  -3.544597153561602e-06  -1.038579795334643e-06  5.596035183958190e-13  -2.014084390496071e-12  5.380924599999422e-13
  1.500000000000000e+00  1.956891534541124e-05  -3.325718298750652e-05  6.206522471905183e-05  -2.003773003966498e-05  -4.397449971134591e-06  2.990396492466973e-05  2.770867447133984e-13  2.692232622341310e-12  -6.390937522993712e-13
  1.600000000000000e+00  -2.017577387310330e-05  -1.409900362817005e-04  -1.326224649528280e-04  8.096983589646151e-05  3.216155662576082e-05  -7.560540752577934e-05  -1.358478916029989e-11  1.972182172817922e-11  -3.704746863205367e-12
  1.700000000000000e+00  -4.457876645053853e-04  4.175126834648736e-04  -1.213599528505093e-04  -2.628364964345382e-04  -2.129558600016533e-04  -2.990976485132488e-05  8.607886740129533e-11  -3.633286904924962e-11  3.243750820129394e-11
  1.800000000000000e+00  1.741428674081186e-03  -1.686815301429298e-03  3.622551977090470e-04  1.238005501539537e-03  8.025574442628874e-04  5.654015868885374e-05  -3.256630957006187e-10  1.320053566559924e-10  -1.152004651904829e-10
  1.900000000000001e+00  -7.688200088739117e-03  3.952206175499287e-03  -3.592493283449846e-03  -3.360071340848148e-03  -1.931151277602328e-03  -1.036055382943675e-03  1.078822178175153e-09  -4.882000813836780e-10  3.742249159687325e-10
  2.000000000000000e+00  2.946242123500143e-02  -6.522161274447169e-05  1.824462102275131e-02  8.554541248214585e-03  4.996877953288262e-03  6.405425672253323e-03  -3.155156183874919e-09  5.068754008346630e-10  -1.349507013216099e-09
  2.100000000000001e+00  -9.341209016029144e-02  -3.033903478326990e-02  -5.946891521504186e-02  -2.411109620870831e-02  -1.613398580693098e-02  -2.242580441834362e-02  8.887212218127237e-09  5.503829727964190e-10  4.616591173210637e-09
  2.200000000000001e+00  2.629146449786602e-01  1.220092566019908e-01  1.500116633647441e-01  6.738176291335338e-02  4.247262334849993e-02  5.939789307385890e-02  -2.505053083380269e-08  -4.341201069004033e-09  -1.319301970335490e-08
  2.300000000000001e+00  -6.694696843585320e-01  -3.512534941413714e-01  -3.558636084657706e-01  -1.902201436829851e-01  -9.066250975588233e-02  -1.277234198851487e-01  6.355279762256685e-08  1.702664328195080e-08  2.927480572871862e-08
  2.400000000000001e+00  1.594188165286781e+00  9.303750572097169e-01  7.680882983629792e-01  5.287636928559216e-01  1.767450440580457e-01  2.498631521330607e-01  -1.537134894289545e-07  -5.528728079363258e-08  -6.013879821756006e-08
  2.500000000000001e+00  -3.079161134392312e+00  -2.102323587971434e+00  -1.356460654124551e+00  -1.215326375406591e+00  -2.688171051935072e-01  -3.758565796031369e-01  2.938148642379076e-07  1.515808288087007e-07  1.003101502398061e-07
  2.600000000000001e+00  3.440017548909331e+00  3.444335331740665e+00  1.116339433158433e+00  2.226727111153866e+00  9.323455974505672e-02  -1.605481486474457e-01  -3.208364990338523e-07  -3.247127500026602e-07  -8.112397008234263e-08
  2.700000000000001e+00  -1.131733816343253e+00  -4.932170433723456e+00  -2.125223025905159e-02  -1.817173470397660e+00  -2.301966182183919e-02  -1.147839484761245e+00  7.272426232823793e-08  6.123681209809880e-07  -4.744530862342678e-08
  2.800000000000001e+00  -2.491387254512507e+01  -1.216743685764381e+01  -4.036081070908947e+00  -8.846135670514824e+00  -2.747506473421188e+00  -7.828043769835765e-01  2.241826745348873e-06  7.130248519271456e-07  2.556373325765986e-07
  2.900000000000001e+00  -8.803769114879842e+01  -5.020033386815564e+01  -8.118120200183668e+01  -1.989468464266523e+01  -2.589873427976307e+01  -4.650225268762893e+01  7.410521819893565e-06  3.149212597433333e-06  7.931770285484292e-06
  3.000000000000001e+00  -5.070570715829507e+02  -3.158206288067436e+02  -3.510660272495909e+02  -1.532293360363009e+02  -8.402439292372028e+01  -1.606792836896570e+02  4.291917235375660e-05  2.484737187703047e-05  2.584668823776715e-05
  3.100000000000001e+00  -1.299488300823081e+03  -7.574445089859698e+02  -6.756607036084936e+02  -4.249752829046729e+02  -1.339225196696137e+02  -2.483492291858558e+02  1.109546847465875e-04  6.065102107742511e-05  3.784382747299633e-05
  3.200000000000002e+00  -1.621175046550694e+03  -8.731362815318087e+02  -6.431554093619523e+02  -5.738590383151343e+02  -1.401531433369310e+02  -2.449673583085967e+02  1.396641502846406e-04  7.382006596430891e-05  3.234326297912014e-05
  3.300000000000002e+00  -1.131602126044452e+03  -5.293087466437170e+02  -2.343084591546564e+02  -4.773655003499961e+02  -1.295542857412144e+02  -2.160027573705059e+02  9.841666357078263e-05  5.646847102445885e-05  1.761638555371699e-05
  3.400000000000002e+00  -1.153092729011859e+03  -4.960669926441222e+02  -1.158752973611229e+02  -5.351911666610835e+02  -1.537012195082112e+02  -2.599033927506195e+02  1.022808402158623e-04  5.867625653698156e-05  1.784859014807951e-05
  3.500000000000002e+00  -2.388308672605959e+03  -1.177986326514927e+03  -6.403471848162910e+02  -9.764799865872881e+02  -2.383667549647559e+02  -4.233778879923749e+02  2.078296721675660e-04  1.179748217253219e-04  4.256110386244497e-05
  3.600000000000002e+00  -4.906495663654793e+03  -2.580053062470176e+03  -1.754628529681303e+03  -1.834846045682502e+03  -4.460189912269311e+02  -7.942423476792989e+02  4.243718706994696e-04  2.295633911165014e-04  1.089283417543728e-04
  3.700000000000002e+00  -8.743599102311033e+03  -4.692194178261145e+03  -3.669744166612258e+03  -3.156346549522300e+03  -9.487365030220742e+02  -1.652225118851898e+03  7.487456678958022e-04  4.069970196062961e-04  2.432528870510144e-04
  3.800000000000002e+00  -1.795902270939995e+04  -9.860302423452327e+03  -8.543053913834501e+03  -6.165187029063536e+03  -2.060788606683761e+03  -3.771994114032785e+03  1.529417647048084e-03  8.262534036970601e-04  5.586313872672138e-04
  3.900000000000002e+00  -3.864488591473069e+04  -2.135257503747289e+04  -1.856361436017630e+04  -1.306665345706449e+04  -4.190892835465640e+03  -7.706475622823690e+03  3.289599418014589e-03  1.768628070756328e-03  1.141905371892654e-03
  4.000000000000002e+00  -7.299642592622183e+04  -4.007846424496313e+04  -3.316955601889058e+04  -2.498410425406489e+04  -7.049190719471621e+03  -1.297892382949036e+04  6.213997018978189e-03  3.356819878353734e-03  1.882718023796043e-03
  4.100000000000001e+00  -1.185501192496941e+05  -6.364215963787964e+04  -4.913398955119834e+04  -4.151286358549941e+04  -1.032176897001376e+04  -1.904736040071300e+04  1.012292797990580e-02  5.428131652094342e-03  2.656437213623979e-03
  4.200000000000001e+00  -1.637282168262010e+05  -8.532082024205121e+04  -6.003345631187795e+04  -5.957579056064577e+04  -1.370438708778298e+04  -2.507954417708977e+04  1.400441829106319e-02  7.547288617838319e-03  3.284909136877906e-03
  4.300000000000001e+00  -2.092172743931439e+05  -1.055493920119392e+05  -6.565770603849023e+04  -7.958482954663702e+04  -1.660543977550940e+04  -2.998416722942467e+04  1.792061933873060e-02  9.785485619784798e-03  3.615893552099713e-03
  4.400000000000000e+00  -2.723497175192928e+05  -1.333585119763218e+05  -7.484743272209376e+04  -1.060418998705263e+05  -1.964412720232356e+04  -3.556046933085234e+04  2.338082633320042e-02  1.266239767373048e-02  4.080024407037013e-03
  4.500000000000000e+00  -3.491069533335163e+05  -1.670206257259069e+05  -8.678031735824251e+04  -1.384706023231453e+05  -2.353375532168925e+04  -4.259065293174625e+04  2.999998720332142e-02  1.615628984237569e-02  4.831743076417799e-03
  4.600000000000000e+00  -4.225689147547134e+05  -1.971110313973711e+05  -9.236358027298797e+04  -1.726001668425287e+05  -2.681081532603792e+04  -4.814927799837054e+04  3.625685980118496e-02  1.967115795985271e-02  5.239753175761563e-03
  4.699999999999999e+00  -5.025959183548540e+05  -2.282033401030816e+05  -9.669536189684864e+04  -2.093476014031121e+05  -2.941199075487061e+04  -5.343906167932004e+04  4.301703398994627e-02  2.328170042354632e-02  5.397527777650603e-03
  4.799999999999999e+00  -5.834194992473701e+05  -2.550345531355186e+05  -9.623587279234019e+04  -2.476459802588846e+05  -3.210726477329091e+04  -5.806990261299838e+04  4.977613735829988e-02  2.671619811017581e-02  5.244591041348590e-03
  4.899999999999999e+00  -6.630482191844282e+05  -2.830434420783218e+05  -9.226306118676074e+04  -2.895031237176872e+05  -3.536210554842721e+04  -6.361467237187274e+04  5.639206084775656e-02  3.053943400650755e-02  5.068707325257755e-03
  4.999999999999998e+00  -7.484087479620983e+05  -3.094195280221787e+05  -8.289631722125420e+04  -3.333654868316826e+05  -3.754022186579988e+04  -6.847521657645433e+04  6.339837006726909e-02  3.416118697336300e-02  4.621532513976848e-03
  5.099999999999998e+00  -8.427955405078512e+05  -3.409659186958646e+05  -7.929172239749959e+04  -3.823709307288018e+05  -4.090065035484822e+04  -7.837632032668243e+04  7.108216427429268e-02  3.849281502978719e-02  4.667556029870356e-03
  5.199999999999998e+00  -9.276239158693287e+05  -3.609569132581558e+05  -4.858132668923322e+04  -4.302119212563073e+05  -3.951567435132447e+04  -7.558700437933186e+04  7.780091987946643e-02  4.203797385208374e-02  2.206836391447390e-03
  5.299999999999997e+00  -9.667848804974626e+05  -3.471820668345396e+05  3.230619123476047e+04  -4.691395794783944e+05  -2.788916981780651e+04  -4.863125057228727e+04  8.055193109457130e-02  4.353437426572888e-02  -4.508436539019666e-03
  5.399999999999997e+00  -9.947005899366501e+05  -3.276063595590448e+05  1.248902982109281e+05  -5.067179673829466e+05  -1.287715581628316e+04  -1.248611934273262e+04  8.236036182898315e-02  4.462055445790538e-02  -1.230421644968595e-02
  5.499999999999996e+00  -1.033145076236828e+06  -3.179732475168760e+05  2.053795368197281e+05  -5.481569559825989e+05  2.256873701149165e+03  2.636275569805579e+04  8.452239045082820e-02  4.576445259330200e-02  -1.948543973536103e-02
  5.599999999999996e+00  -9.789322939933026e+05  -2.584534902529362e+05  3.122131394629699e+05  -5.762599344618607e+05  2.559938507572551e+04  8.363680315860323e+04  7.847131191902108e-02  4.468209441469463e-02  -2.842478108149888e-02
  5.699999999999996e+00  -9.041728011999105e+05  -1.812106408525278e+05  4.092340225552101e+05  -5.907829892649293e+05  5.678571483223684e+04  1.530821994259502e+05  7.050649110258125e-02  4.146501654195728e-02  -3.755935372754755e-02
  5.799999999999995e+00  -9.673337324028857e+05  -1.730626537849621e+05  4.102935283776015e+05  -6.232482584915357e+05  7.930491866593376e+04  1.991126232893481e+05  7.410264433780428e-02  4.103994190823321e-02  -4.071134477475822e-02
  5.899999999999995e+00  -1.038851526446053e+06  -1.805768085607791e+05  3.518975298538376e+05  -6.515984559700806e+05  8.934767085142268e+04  2.184101281277095e+05  7.757193362972331e-02  4.136679627811376e-02  -3.800867597705398e-02
  5.999999999999995e+00  -1.012645938338354e+06  -1.421810599314984e+05  2.965647703288896e+05  -6.449842605489015e+05  9.698801883062723e+04  2.199907944642943e+05  7.277572135738682e-02  3.742888641601170e-02  -3.160882215968700e-02
  6.099999999999994e+00  -9.619375730480175e+05  -8.380497261703380e+04  2.628621402973299e+05  -6.244890284505731e+05  1.047850573435948e+05  2.110539360321023e+05  6.640546917892333e-02  3.183287011946364e-02  -2.344260640217736e-02
  6.199999999999994e+00  -9.300296902336396e+05  -4.260151565668639e+04  2.578820172381501e+05  -6.176460478446181e+05  1.081845103496519e+05  1.971661891850229e+05  6.193250311110957e-02  2.884481024891052e-02  -1.524000139144608e-02
  6.299999999999994e+00  -9.277891137557043e+05  -2.882817704764947e+04  2.520704276780826e+05  -6.252386715785259e+05  1.024437706363901e+05  1.737741064975166e+05  6.040115188600122e-02  2.809569960440439e-02  -6.849213001414616e-03
  6.399999999999993e+00  -9.374013579795423e+05  -2.447483671109569e+04  2.168739490336099e+05  -6.338032842599237e+05  8.556619429013466e+04  1.376337138928407e+05  6.008743482483869e-02  2.726896192346187e-02  2.884472002758712e-03
  6.499999999999993e+00  -9.043866752836714e+05  -8.349555094749539e+03  1.690573542100144e+05  -6.297033409051143e+05  6.469121706729084e+04  9.470519755690334e+04  5.614811367722437e-02  2.525503858023461e-02  1.328080890805776e-02
  6.599999999999993e+00  -8.744936464385646e+05  1.925717446816580e+01  9.554458882519022e+04  -6.107660146574616e+05  4.816116757596916e+04  7.514046217213297e+04  5.308908591120555e-02  2.246012936708296e-02  1.962659776765736e-02
  6.699999999999992e+00  -9.115378425132788e+05  -1.311380161507388e+04  -1.750674168119743e+04  -5.962949447931657e+05  3.838035073680137e+04  9.123967714627758e+04  5.712566014765946e-02  2.065722048752778e-02  2.308376893691241e-02
  6.799999999999992e+00  -9.673718557337926e+05  -2.741547286538259e+04  -1.378626928021229e+05  -5.980663759592278e+05  3.898592975764149e+04  1.022881189800986e+05  6.327135603127548e-02  2.128299372343031e-02  3.048890662458956e-02
  6.899999999999991e+00  -9.964840981745333e+05  -2.831741863402247e+04  -2.403734258723406e+05  -6.018365458122115e+05  4.809026370676929e+04  9.212097105637581e+04  6.673591212779942e-02  2.311242244860895e-02  3.969352481394268e-02
  6.999999999999991e+00  -9.981037559003483e+05  -1.581716179231734e+04  -3.308594966101923e+05  -5.910519261677600e+05  5.678452228868011e+04  9.176879919468539e+04  6.816127926981395e-02  2.336563234861458e-02  4.480916582908245e-02
  7.099999999999991e+00  -9.333647008448872e+05  1.424755784392619e+04  -4.290207065717184e+05  -5.610069344638940e+05  6.082113175564876e+04  8.796454878421221e+04  6.452287162471901e-02  2.115658860734830e-02  5.314518505268407e-02
  7.199999999999990e+00  -7.831211152435209e+05  6.892260094250750e+04  -5.351287997825042e+05  -5.176411301995326e+05  5.643844301785676e+04  2.190402105449159e+04  5.349116833950344e-02  1.762975302603292e-02  7.658359999645098e-02
  7.299999999999990e+00  -5.847854934449018e+05  1.606920089131344e+05  -5.926796283969209e+05  -4.683421563748714e+05  3.798829989854108e+04  -1.060734669406735e+05  3.790919351884525e-02  1.278792592507179e-02  1.089931870354788e-01
  7.399999999999990e+00  -3.937747219877079e+05  2.713208918416102e+05  -5.573167924052555e+05  -4.150125668706379e+05  1.133329563624896e+04  -2.121578386574163e+05  2.189718685474337e-02  5.919297460401914e-03  1.283855932198852e-01
  7.499999999999989e+00  -2.431119196002613e+05  3.549516888080119e+05  -4.456088260130535e+05  -3.542614874387476e+05  -4.519560579057428e+03  -2.086793903404921e+05  7.099883058727966e-03  -3.084876258060251e-03  1.189967070843488e-01
  7.599999999999989e+00  -1.173335994964715e+05  3.863811120206029e+05  -2.898424473272916e+05  -2.846205779738962e+05  4.142006635200579e+03  -1.026861600169275e+05  -7.528842784953026e-03  -1.312056106430877e-02  8.706289149225413e-02
  7.699999999999989e+00  7.377797933453796e+03  3.655711346440179e+05  -1.224040572416843e+05  -2.219764730624476e+05  2.778526734790812e+04  1.341274527046388e+04  -2.240066428942436e-02  -2.065137641399746e-02  5.310316334193488e-02
  7.799999999999988e+00  1.268278692565308e+05  3.139456431699587e+05  2.422404338157930e+04  -1.876818307094715e+05  4.333789789425839e+04  7.275897774449867e+04  -3.657275301804706e-02  -2.294107353865932e-02  3.055750962248419e-02
  7.899999999999988e+00  2.215399624034585e+05  2.691049043187403e+05  1.298367033412692e+05  -1.807638799792558e+05  4.176087973483554e+04  8.998653275036809e+04  -4.816405834066612e-02  -2.209114173986593e-02  1.777331769492091e-02
  7.999999999999988e+00  2.781558791585505e+05  2.612449220026213e+05  1.920668487456459e+05  -1.803229974238006e+05  3.636029610793681e+04  1.178143175744014e+05  -5.533784575325200e-02  -2.265081987397203e-02  6.243452875393699e-03
  8.099999999999987e+00  2.929727706438222e+05  2.890433524376300e+05  2.216792840683098e+05  -1.687477183525607e+05  4.955704826161698e+04  1.856156304111927e+05  -5.783971469352972e-02  -2.644902104520958e-02  -1.006567089636309e-02
  8.199999999999987e+00  2.758753870465411e+05  3.240375011834864e+05  2.394265215382129e+05  -1.477691249872120e+05  9.135003583446084e+04  2.801845431743626e+05  -5.737441729339603e-02  -3.106664998939877e-02  -3.043624284460633e-02
  8.299999999999986e+00  2.412688752313266e+05  3.315724180533997e+05  2.636324454926563e+05  -1.371444531258451e+05  1.468607277468893e+05  3.638222968695724e+05  -5.579683008940885e-02  -3.236901490779485e-02  -4.792793482383479e-02
  8.399999999999986e+00  1.944180600265421e+05  2.981250112889555e+05  3.001745054969305e+05  -1.529909223301501e+05  1.902353025700176e+05  4.091547573777081e+05  -5.317283543472469e-02  -2.870442532836814e-02  -5.554443095835107e-02
  8.499999999999986e+00  1.390297078427715e+05  2.459592448755987e+05  3.505909981293047e+05  -1.899625991297528e+05  2.086001619334214e+05  4.173137832879210e+05  -4.892281043330543e-02  -2.223690623464273e-02  -5.257613480340648e-02
  8.599999999999985e+00  7.998447844820021e+04  2.056018508210228e+05  4.102135715216477e+05  -2.275856500008470e+05  2.080048114511358e+05  4.030490181068470e+05  -4.334492876055556e-02  -1.666855603499115e-02  -4.391394652622430e-02
  8.699999999999985e+00  1.587592379960729e+04  1.845126018302844e+05  4.586085981073368e+05  -2.469610364022164e+05  2.002731045783357e+05  3.793159689877146e+05  -3.749940288270070e-02  -1.480268079761022e-02  -3.562967038782890e-02
  8.799999999999985e+00  -3.780525122104820e+04  1.790035221091900e+05  4.849434920433127e+05  -2.407669063612254e+05  1.908841901198075e+05  3.583211340442754e+05  -3.384272740400294e-02  -1.719644541681941e-02  -3.138653711853712e-02
  8.899999999999984e+00  -4.740935192476007e+04  1.877197116417389e+05  5.019971114746863e+05  -2.131269324873633e+05  1.784820299509075e+05  3.467328997148054e+05  -3.475260743471015e-02  -2.243846484032011e-02  -3.067023468192980e-02
  8.999999999999984e+00  -1.618457601083862e+04  1.991753241854846e+05  5.168929333442261e+05  -1.766000746529089e+05  1.605177899543722e+05  3.416413057506313e+05  -3.829792644774823e-02  -2.792700291792744e-02  -3.078295347444741e-02
  9.099999999999984e+00  7.776192965578606e+03  1.922297801232947e+05  5.197022280467886e+05  -1.454174624859910e+05  1.381353695077361e+05  3.396078181507320e+05  -3.961403922385154e-02  -3.068662475841854e-02  -3.050849521772821e-02
  9.199999999999983e+00  -9.851529190559802e+03  1.545299433870567e+05  5.004252605781320e+05  -1.243198543421109e+05  1.169457860104273e+05  3.407434566289369e+05  -3.683942807466214e-02  -2.933997690722482e-02  -3.060824205649230e-02
  9.299999999999983e+00  -5.602883272801172e+04  9.648920352867211e+04  4.653363735780505e+05  -1.049434713652855e+05  1.020349474749273e+05  3.470397770545681e+05  -3.244322699458657e-02  -2.592503445163925e-02  -3.214539089622771e-02
  9.399999999999983e+00  -9.487317823932887e+04  4.282886838102395e+04  4.316567562944588e+05  -7.896731790050484e+04  9.194996564394949e+04  3.623226292957288e+05  -2.944746434814533e-02  -2.411469062063656e-02  -3.582579555494587e-02
  9.499999999999982e+00  -1.087051478357745e+05  5.803172481680765e+03  4.005776764356464e+05  -5.426787252475269e+04  8.147886405636699e+04  3.887411595360985e+05  -2.827678344337566e-02  -2.465658920382727e-02  -4.178915816775225e-02
  9.599999999999982e+00  -1.059761054916221e+05  -2.534348474277989e+04  3.392392669497518e+05  -4.629911678177222e+04  7.398489334363872e+04  4.200048401825770e+05  -2.773672553165412e-02  -2.436745015506050e-02  -4.962645612878027e-02
  9.699999999999982e+00  -9.684819647820698e+04  -6.468115230469355e+04  2.052351598486913e+05  -5.436314443584675e+04  8.256161951614131e+04  4.368533570902452e+05  -2.810087043185943e-02  -2.036616454141439e-02  -5.840866878530734e-02
  9.799999999999981e+00  -8.108892749843569e+04  -1.133378523672129e+05  -6.145139892489951e+03  -6.211585860949976e+04  1.126969154711885e+05  4.156016008170666e+05  -3.099132994573394e-02  -1.311506710904991e-02  -6.626991198714458e-02
  9.899999999999981e+00  -6.086311507297027e+04  -1.656673402114284e+05  -2.446529445980295e+05  -6.020819183111755e+04  1.507955660711610e+05  3.463676212292426e+05  -3.625746326403378e-02  -4.946837446332910e-03  -7.029419510563580e-02
  9.999999999999980e+00  -4.747800260546618e+04  -2.145071460309564e+05  -4.347221476773761e+05  -5.448839816289175e+04  1.750563206614445e+05  2.414422307143857e+05  -4.121916160847585e-02  2.127054896328689e-03  -6.772286891770014e-02
  1.009999999999998e+01  -5.646790358549013e+04  -2.496137456306353e+05  -5.298255172657385e+05  -5.328124174851169e+04  1.741475811029295e+05  1.271615028850700e+05  -4.290842311259686e-02  6.747262930863175e-03  -5.845659157519262e-02
  1.019999999999998e+01  -9.695925540459738e+04  -2.622478054474469e+05  -5.447415468430871e+05  -5.608205345496011e+04  1.513779811451035e+05  2.816045052458280e+04  -4.055652442736288e-02  8.106316433569020e-03  -4.626408952344212e-02
  1.029999999999998e+01  -1.598558385228060e+05  -2.531275059825261e+05  -5.312843716185301e+05  -5.601972848887921e+04  1.146696997373210e+05  -4.561270680963577e+04  -3.605119347994051e-02  6.017943979512814e-03  -3.568084779942426e-02
  1.039999999999998e+01  -2.254626430663299e+05  -2.343643708816848e+05  -5.308055476644748e+05  -4.844552262156505e+04  7.183246587474986e+04  -1.010325838691193e+05  -3.176042817676011e-02  1.120986535573899e-03  -2.771038677177798e-02
  1.049999999999998e+01  -2.817314802112160e+05  -2.193556244700257e+05  -5.483483239506703e+05  -3.581216682443583e+04  3.130240384101872e+04  -1.514613987872851e+05  -2.851330046997998e-02  -4.842655327380943e-03  -1.976888144713100e-02
  1.059999999999998e+01  -3.279381454887689e+05  -2.119958467793366e+05  -5.581324143947770e+05  -2.695712930902297e+04  -2.652121357616381e+03  -2.032662485146409e+05  -2.581651739429613e-02  -9.671960279806787e-03  -9.355086059913583e-03
  1.069999999999998e+01  -3.708190850279127e+05  -2.109217588169881e+05  -5.366103593896810e+05  -3.106792737809722e+04  -3.117900614634102e+04  -2.517460602808660e+05  -2.265003215470966e-02  -1.193040219766166e-02  3.008065688564883e-03
  1.079999999999998e+01  -4.194087386717449e+05  -2.145623830701633e+05  -4.847180797691769e+05  -5.121320229220819e+04  -5.608941787611761e+04  -2.888252756272202e+05  -1.793216981916521e-02  -1.172427054546289e-02  1.464665302904571e-02
  1.089999999999998e+01  -4.775405253104977e+05  -2.196954967929031e+05  -4.171722334722136e+05  -8.409434154184043e+04  -7.692390010021825e+04  -3.120122987016390e+05  -1.121236473684893e-02  -1.013413203595987e-02  2.367407041979222e-02
  1.099999999999998e+01  -5.406057122385259e+05  -2.224574989528662e+05  -3.432518743003967e+05  -1.254505699237974e+05  -9.326584791645546e+04  -3.235256272246525e+05  -3.275815433246905e-03  -8.004371819535245e-03  3.012696322454892e-02
  1.109999999999998e+01  -5.991435796386383e+05  -2.221286467559660e+05  -2.643272296614695e+05  -1.724241179971492e+05  -1.070831209289805e+05  -3.237676923111625e+05  4.208921073302895e-03  -5.473451819912589e-03  3.493357287339209e-02
  1.119999999999998e+01  -6.452213527083406e+05  -2.227256993279889e+05  -1.852241371285937e+05  -2.204855101980143e+05  -1.203897912789683e+05  -3.102715629252089e+05  1.006551240177586e-02  -2.326958600107851e-03  3.877790935757025e-02
  1.129999999999998e+01  -6.733154026407419e+05  -2.272878348841125e+05  -1.147057058810798e+05  -2.624693774336268e+05  -1.329377944836553e+05  -2.827628086474182e+05  1.430228237704217e-02  1.329673505835493e-03  4.181678682841133e-02
  1.139999999999998e+01  -6.798363957165438e+05  -2.322912724319826e+05  -5.402065698791199e+04  -2.938675916849990e+05  -1.420181825322789e+05  -2.453964168962286e+05  1.744502149484813e-02  4.901818559437008e-03  4.381791801860282e-02
  1.149999999999998e+01  -6.684966941348821e+05  -2.314641442410174e+05  4.659897569884874e+03  -3.177103653827328e+05  -1.441124354772636e+05  -2.029134275221273e+05  1.992438079345204e-02  7.725862372708964e-03  4.446600735937351e-02
  1.159999999999997e+01  -6.508676133154972e+05  -2.221171090468221e+05  6.769072288246316e+04  -3.393067428626380e+05  -1.379892725867679e+05  -1.581623840383716e+05  2.176582682590475e-02  9.200829140552166e-03  4.377001125761040e-02
  1.169999999999997e+01  -6.358415341199335e+05  -2.059723812108276e+05  1.322205685235322e+05  -3.569246429377954e+05  -1.263056359845127e+05  -1.144583159923480e+05  2.250119008759668e-02  8.783392084729663e-03  4.216988819968494e-02
  1.179999999999997e+01  -6.222137757070240e+05  -1.865351702006309e+05  1.869521124848435e+05  -3.632925357090810e+05  -1.141413773103993e+05  -7.668269679193289e+04  2.162267020179529e-02  6.517451391090445e-03  4.000945075597086e-02
  1.189999999999997e+01  -6.030108473191083e+05  -1.660341864908685e+05  2.197431946221992e+05  -3.562115427347664e+05  -1.051168511403426e+05  -4.689482200570763e+04  1.924877036192471e-02  3.556876625752366e-03  3.713631225617411e-02
  1.199999999999997e+01  -5.743976433762180e+05  -1.437234569992516e+05  2.257999385697902e+05  -3.428942145918220e+05  -9.856671143756669e+04  -2.102001730301622e+04  1.619503297255985e-02  1.569771489132013e-03  3.322815656434194e-02
  1.209999999999997e+01  -5.383284793824829e+05  -1.174422582927019e+05  2.099916017651806e+05  -3.324554055058574e+05  -9.082617642318178e+04  7.756926522172025e+03  1.337860541411471e-02  1.294476375312317e-03  2.830927631275753e-02
  1.219999999999997e+01  -4.985418139984283e+05  -8.738113000299080e+04  1.836933815156159e+05  -3.267640246625227e+05  -7.896340105411512e+04  4.178220948974080e+04  1.110668831550812e-02  1.904757707324452e-03  2.283921582058796e-02
  1.229999999999997e+01  -4.583876057303871e+05  -5.841624866326451e+04  1.588248533970774e+05  -3.207274802342223e+05  -6.215324313384981e+04  7.621761458737108e+04  8.995069517131539e-03  2.073727773295727e-03  1.731276570199751e-02
  1.239999999999997e+01  -4.218544737697131e+05  -3.751216674949515e+04  1.410813382389178e+05  -3.103736792657301e+05  -4.012174789884432e+04  1.039193779344442e+05  6.661420970297692e-03  1.523009028021480e-03  1.195722565464644e-02
  1.249999999999997e+01  -3.930159027460804e+05  -2.744140980163370e+04  1.282131082970559e+05  -2.985275649874261e+05  -1.364292604606436e+04  1.207007302614114e+05  4.134204576676530e-03  1.187339256890150e-03  7.121768148551760e-03
  1.259999999999997e+01  -3.718551506555630e+05  -2.335698783743601e+04  1.155693362372433e+05  -2.919731349088444e+05  1.310726058579673e+04  1.262317885125158e+05  1.674870820159718e-03  2.046673460276369e-03  3.745910796321824e-03
  1.269999999999997e+01  -3.537581395445165e+05  -1.710629757488557e+04  1.020668870293385e+05  -2.940800040183713e+05  3.315592211229035e+04  1.231540179692619e+05  -5.069747631766701e-04  3.979640392271809e-03  2.736971700977810e-03
  1.279999999999997e+01  -3.349766815099018e+05  -4.735367931190555e+03  9.228716761814312e+04  -3.009657801757705e+05  4.229420109380542e+04  1.172171183841565e+05  -2.328551299993179e-03  5.791338095045198e-03  3.723934566913206e-03
  1.289999999999997e+01  -3.163790185903614e+05  1.027812204206747e+04  9.194203433366565e+04  -3.049487851386731e+05  4.414338938653954e+04  1.164118608982756e+05  -3.670682445021800e-03  6.268821804187249e-03  4.826878920557547e-03
  1.299999999999997e+01  -3.017622188113607e+05  2.071875758034272e+04  1.004100862150458e+05  -3.015347780603028e+05  4.763681649595540e+04  1.252762650496370e+05  -4.334815435774730e-03  5.159358037823102e-03  4.301382219540647e-03
  1.309999999999997e+01  -2.932232002563017e+05  2.342776227935409e+04  1.095868217983920e+05  -2.928076472002104e+05  5.849243085170092e+04  1.389583634752575e+05  -4.228314686628432e-03  3.191096971599618e-03  2.429832442488425e-03
  1.319999999999997e+01  -2.887125554539983e+05  2.289191332266840e+04  1.111721230466389e+05  -2.844556503651580e+05  7.377965572709135e+04  1.460941223957517e+05  -3.503008030998237e-03  1.280002568039767e-03  1.214509090007677e-03
  1.329999999999997e+01  -2.845226334610604e+05  2.533339513828718e+04  1.044752290245118e+05  -2.802112225195749e+05  8.531910720655278e+04  1.390753938671588e+05  -2.526903618084996e-03  -4.958545220418682e-05  2.102580815277665e-03
  1.339999999999997e+01  -2.786592988334897e+05  3.053342394799974e+04  9.702202017306878e+04  -2.794122663569270e+05  8.745748308930336e+04  1.222211980440449e+05  -1.604156700625091e-03  -6.409247770542716e-04  4.356763592803076e-03
  1.349999999999997e+01  -2.721446573589790e+05  3.155946480876546e+04  9.627485246937555e+04  -2.788503463216976e+05  8.198766910010937e+04  1.089805154232968e+05  -7.832092076644710e-04  -4.496194611671311e-04  5.625252800323363e-03
  1.359999999999997e+01  -2.681757481555932e+05  2.296266207414556e+04  1.022448142226007e+05  -2.762503819812532e+05  7.649798901277772e+04  1.099450199354261e+05  -2.761269117148592e-05  5.335483733617120e-04  4.062190754426779e-03
  1.369999999999997e+01  -2.695789339894063e+05  7.613195227337061e+03  1.091663246553860e+05  -2.721605638554755e+05  7.785680649051516e+04  1.238412119179190e+05  6.056820186854203e-04  2.100386513434639e-03  -9.729616484457398e-05
  1.379999999999997e+01  -2.773990557886305e+05  -5.914174405152298e+03  1.107901936457668e+05  -2.686068156539698e+05  8.692203521180863e+04  1.391926371546048e+05  9.085785992969254e-04  3.737661174195207e-03  -5.050578928451100e-03
  1.389999999999997e+01  -2.907240454031309e+05  -1.035283325752718e+04  1.047251229979004e+05  -2.661429017613090e+05  9.852010523525336e+04  1.440566275229020e+05  6.644580823471646e-04  4.810827469446822e-03  -8.962974003508456e-03
  1.399999999999997e+01  -3.067496607172402e+05  -3.869744742022041e+03  9.248303896355587e+04  -2.625002979116902e+05  1.060033051930073e+05  1.349745267663555e+05  -6.029113793415148e-05  4.842807901100029e-03  -1.094023370339489e-02
  1.409999999999997e+01  -3.218612903874101e+05  9.453144870152488e+03  7.592532450564904e+04  -2.544256995419356e+05  1.062393110071867e+05  1.174472173268615e+05  -9.378325980379120e-04  3.751945708646859e-03  -1.103909495634122e-02
  1.419999999999997e+01  -3.327898127608089e+05  2.174295856265372e+04  5.582090771223413e+04  -2.413714928972610e+05  1.007379210937730e+05  9.999736708460447e+04  -1.616329062875864e-03  1.983009091029283e-03  -9.818547157434654e-03
  1.429999999999997e+01  -3.379300169163836e+05  2.554462136786895e+04  3.349061986026874e+04  -2.271456848550775e+05  9.280750847141127e+04  8.817081088867689e+04  -1.895965344431835e-03  3.843758214200905e-04  -8.085915659079193e-03
  1.439999999999996e+01  -3.389511146002410e+05  1.828914941546943e+04  1.234851291180425e+04  -2.171477715446935e+05  8.438651049319805e+04  8.194940769117189e+04  -1.803755449035738e-03  -3.312638204797322e-04  -6.683358088567200e-03
  1.449999999999996e+01  -3.399286670119707e+05  3.690810711993751e+03  -3.899827178294550e+03  -2.138209259050870e+05  7.575617243512449e+04  7.783155428311913e+04  -1.460641866611696e-03  -1.298397659838655e-04  -6.115292728664581e-03
  1.459999999999996e+01  -3.440286140201048e+05  -1.155508809831072e+04  -1.445494287648151e+04  -2.152629525154904e+05  6.723785382875978e+04  7.252159769940720e+04  -9.443853060278183e-04  4.354358001017190e-04  -6.262679355014875e-03
  1.469999999999996e+01  -3.515390922394585e+05  -2.309373628866137e+04  -2.084106737161637e+04  -2.183600701180902e+05  5.977720787187692e+04  6.485138743410335e+04  -3.115941079842526e-04  8.541043768953791e-04  -6.508279801007242e-03
  1.479999999999996e+01  -3.609941640232311e+05  -3.162037747651815e+04  -2.362085855419878e+04  -2.223761274233433e+05  5.451527699111497e+04  5.586605052609405e+04  3.671642893269739e-04  1.210978446947975e-03  -6.296059885599085e-03
  1.489999999999996e+01  -3.707387924942030e+05  -4.021584973374132e+04  -2.064471725826790e+04  -2.291881719403326e+05  5.194203936098957e+04  4.790741093402227e+04  1.007887565888937e-03  1.968107252397742e-03  -5.513945985390182e-03
  1.499999999999996e+01  -3.793090899651751e+05  -5.023284456045071e+04  -1.013131498492372e+04  -2.403608107028960e+05  5.148556429992260e+04  4.302144753826575e+04  1.501452966803786e-03  3.266949409337337e-03  -4.455801620543463e-03
  1.509999999999996e+01  -3.850584595161838e+05  -6.019982201924598e+04  5.919031451177926e+03  -2.544351345338137e+05  5.194861768655377e+04  4.173109568544177e+04  1.787778936574518e-03  4.642236128894668e-03  -3.450068325120979e-03
  1.519999999999996e+01  -3.867175238250240e+05  -6.754184141764959e+04  2.271382330316156e+04  -2.673743720512144e+05  5.167325809312513e+04  4.280318987872197e+04  1.929559260022820e-03  5.320634312762505e-03  -2.526948215773842e-03
  1.529999999999996e+01  -3.853404865001140e+05  -7.090605830045024e+04  3.481349561487019e+04  -2.751510837210565e+05  4.969934108286846e+04  4.419049614475307e+04  2.006946153637124e-03  4.867234596287417e-03  -1.642652976609108e-03
  1.539999999999996e+01  -3.839348351921052e+05  -6.998268866090092e+04  3.875817265139247e+04  -2.762154905995054e+05  4.655633358523141e+04  4.522944525419680e+04  2.015284580330918e-03  3.481109353870170e-03  -1.023013260189489e-03
  1.549999999999996e+01  -3.849355535459796e+05  -6.476679096472769e+04  3.431428476768312e+04  -2.721038254825133e+05  4.354960789123005e+04  4.746659849202341e+04  1.869675983444788e-03  1.736614192973158e-03  -1.143376410229827e-03
  1.559999999999996e+01  -3.886008825306852e+05  -5.613241061121992e+04  2.408268297611746e+04  -2.659783850883312e+05  4.191645312715594e+04  5.249678756935766e+04  1.484471598469767e-03  2.180065943721222e-04  -2.239310935339316e-03
  1.569999999999996e+01  -3.935262955198474e+05  -4.590438681450189e+04  1.261099531266282e+04  -2.608707827561023e+05  4.199939416269413e+04  5.930850012466373e+04  8.920886516207719e-04  -7.720324385145879e-04  -3.806645005042404e-03
  1.579999999999996e+01  -3.986764678403115e+05  -3.609864692120236e+04  4.140456705025041e+03  -2.584581775483806e+05  4.357947591673984e+04  6.456610345311541e+04  2.912824789718983e-04  -1.257680593791042e-03  -4.847306408797142e-03
  1.589999999999996e+01  -4.044637745169065e+05  -2.815633939918323e+04  8.236780775314098e+02  -2.586275320764579e+05  4.666845972659395e+04  6.587019858951974e+04  3.872741365653122e-06  -1.446740365226971e-03  -4.634858173363628e-03
  1.599999999999996e+01  -4.114479615274669e+05  -2.288394667207159e+04  2.577216378213380e+03  -2.600937158756977e+05  5.100412745435690e+04  6.433229003143038e+04  3.300304244373744e-04  -1.595058014551221e-03  -3.210899786523717e-03
  1.609999999999996e+01  -4.180271205638145e+05  -2.076106789815231e+04  7.557593651111874e+03  -2.615688862213345e+05  5.517561800556041e+04  6.367071906748096e+04  1.290201374451173e-03  -1.883442142366146e-03  -1.267863303070298e-03
  1.619999999999996e+01  -4.198065900695295e+05  -2.162616876797483e+04  1.243470101496894e+04  -2.625597355578961e+05  5.677010601610710e+04  6.685185674779647e+04  2.445312992233260e-03  -2.353834731685778e-03  3.729071616077500e-04
  1.629999999999996e+01  -4.119012962794063e+05  -2.384894835354765e+04  1.312375891399507e+04  -2.631198659474902e+05  5.359530705518887e+04  7.371466944810156e+04  3.094644592014749e-03  -2.966188701089837e-03  1.258492158492322e-03
  1.639999999999996e+01  -3.931264345194780e+05  -2.476498816106849e+04  6.801114635137344e+03  -2.629717459947410e+05  4.520742209476554e+04  8.132909509269088e+04  2.805949633837423e-03  -3.656254482116264e-03  1.477719769124586e-03
  1.649999999999996e+01  -3.686201284501803e+05  -2.266613182679085e+04  -6.314128785036791e+03  -2.613857001526299e+05  3.345689355475241e+04  8.598520929112748e+04  1.828698774446560e-03  -4.269882033395212e-03  1.465549308032760e-03
  1.659999999999997e+01  -3.472601675578770e+05  -1.773446683469958e+04  -2.261149670635695e+04  -2.583236708157659e+05  2.140517897575002e+04  8.534016163390712e+04  9.739281608971349e-04  -4.497109118318614e-03  1.629471884309663e-03
  1.669999999999997e+01  -3.359789702017258e+05  -1.117361682856653e+04  -3.701984685840721e+04  -2.551745723208627e+05  1.180065371897820e+04  7.929153871987505e+04  9.635011970403779e-04  -3.974573945010562e-03  2.048418309152841e-03
  1.679999999999997e+01  -3.359941400800610e+05  -4.144359458611136e+03  -4.666189249924072e+04  -2.536560031412567e+05  5.971107108758843e+03  6.973863814818137e+04  1.871206807447081e-03  -2.618269230508417e-03  2.439682261115822e-03
  1.689999999999997e+01  -3.430588419391814e+05  2.454910754010732e+03  -5.181662720784168e+04  -2.539468651818673e+05  3.463768812733968e+03  5.988160652890191e+04  3.115527783653636e-03  -9.056750468864066e-04  2.459512664909499e-03
  1.699999999999997e+01  -3.508337156690835e+05  7.136548777006708e+03  -5.418212970700842e+04  -2.542120345320339e+05  2.930083909948877e+03  5.291582018886130e+04  3.870568340002852e-03  3.462448829386732e-04  2.011159330093948e-03
  1.709999999999997e+01  -3.543753245463303e+05  7.863075376878213e+03  -5.402392037727993e+04  -2.523411956078323e+05  2.979892723308308e+03  5.066796614558942e+04  3.593804605782651e-03  5.002461326776401e-04  1.371328270689150e-03
  1.719999999999997e+01  -3.525428880441955e+05  3.151613320039206e+03  -4.973057689718209e+04  -2.480232245981116e+05  2.922989641343325e+03  5.264307517901855e+04  2.324285890925539e-03  -4.541541441329266e-04  1.044704175511045e-03
  1.729999999999998e+01  -3.480386162266611e+05  -6.400730662586626e+03  -3.975362779267936e+04  -2.431397729206256e+05  2.504063032459774e+03  5.641286992392116e+04  6.200715207060037e-04  -1.973806566976546e-03  1.459773410656008e-03
  1.739999999999998e+01  -3.448396485858631e+05  -1.804480281677662e+04  -2.495798984360624e+04  -2.402383971709387e+05  1.623790014348644e+03  5.944462130583210e+04  -8.445790801781559e-04  -3.336808559396267e-03  2.658025119743045e-03
  1.749999999999998e+01  -3.446820551218606e+05  -2.862673602831100e+04  -8.527564923155473e+03  -2.407061316193334e+05  3.684363584749605e+01  6.115357658339805e+04  -1.699922026769072e-03  -4.047658212547637e-03  4.178109644916119e-03
  1.759999999999998e+01  -3.460275809127048e+05  -3.703610987713029e+04  6.177605902075199e+03  -2.439971099530139e+05  -2.396600597913801e+03  6.304932026056208e+04  -2.039444865595573e-03  -3.990573054325933e-03  5.243722706513010e-03
  1.769999999999998e+01  -3.462968619070285e+05  -4.486029925011104e+04  1.774860695808742e+04  -2.482915298814662e+05  -5.001127594265391e+03  6.710247126200380e+04  -2.170967009456962e-03  -3.336335835698028e-03  5.214157939231791e-03
  1.779999999999998e+01  -3.449157216299030e+05  -5.415488887359459e+04  2.713191574399656e+04  -2.518469617929624e+05  -6.340691930709187e+03  7.381350811519320e+04  -2.236272140901119e-03  -2.421910741476732e-03  4.007513280366313e-03
  1.789999999999998e+01  -3.439830549558355e+05  -6.461142853795112e+04  3.609000282169235e+04  -2.539297271683371e+05  -4.972720484978883e+03  8.169389045682792e+04  -2.102725773407092e-03  -1.601826066885280e-03  2.185907928892213e-03
  1.799999999999999e+01  -3.461261899613945e+05  -7.316908061606683e+04  4.513439201087842e+04  -2.548843348334536e+05  -4.116935092461425e+02  8.834638144890379e+04  -1.592232882908267e-03  -1.067906608096525e-03  6.194205077494277e-04
  1.809999999999999e+01  -3.516311943879998e+05  -7.619652114582571e+04  5.344441901958652e+04  -2.556428800803293e+05  6.228332199940201e+03  9.207550168373671e+04  -7.699160979842628e-04  -7.718953281416906e-04  -1.360766076694430e-05
  1.819999999999999e+01  -3.580371895691454e+05  -7.271056103682797e+04  5.975989074726576e+04  -2.569358440196435e+05  1.324160699455284e+04  9.278981184275786e+04  -8.140280832806864e-06  -4.389358952379850e-04  3.726676185682451e-04
  1.829999999999999e+01  -3.621812470297124e+05  -6.543455401904196e+04  6.353725745577319e+04  -2.588211692533148e+05  1.976859201416795e+04  9.196534611636192e+04  2.581214121432447e-04  2.259952934838557e-04  1.252867396458819e-03
  1.839999999999999e+01  -3.626275914575431e+05  -5.874084479883422e+04  6.551463887254892e+04  -2.607954372795368e+05  2.618613704931986e+04  9.196356685571480e+04  -1.389836471475816e-04  1.261469121390377e-03  1.841279210215928e-03
  1.849999999999999e+01  -3.608060248921263e+05  -5.567974824122580e+04  6.653421119023068e+04  -2.621199435029828e+05  3.350224872461223e+04  9.478345120764950e+04  -9.808044855179269e-04  2.410847620689937e-03  1.523280149907029e-03
  1.859999999999999e+01  -3.595975998090964e+05  -5.583550568889239e+04  6.691451956311049e+04  -2.622935463804691e+05  4.187748954412981e+04  1.008330945261281e+05  -1.820560490430397e-03  3.279754272917647e-03  1.980492900031738e-04
  1.870000000000000e+01  -3.608652746948813e+05  -5.585790524645415e+04  6.617521925050278e+04  -2.612822640652015e+05  5.003437911146571e+04  1.082818948901882e+05  -2.292948520931781e-03  3.612792615199841e-03  -1.720835844621403e-03
  1.880000000000000e+01  -3.639493467808475e+05  -5.214850892121089e+04  6.325462162416088e+04  -2.594446389039615e+05  5.608208141447338e+04  1.134116263497617e+05  -2.354264190990442e-03  3.461850098505783e-03  -3.558090357132094e-03
  1.890000000000000e+01  -3.660694556088127e+05  -4.341076881893928e+04  5.757096084703293e+04  -2.573211124642259e+05  5.874122470647086e+04  1.122170164947730e+05  -2.267836027950353e-03  3.091865669262853e-03  -4.678899109238228e-03
  1.900000000000000e+01  -3.645730700423002e+05  -3.144817525121889e+04  4.957922360188376e+04  -2.552654061193443e+05  5.807286153773520e+04  1.024752024300953e+05  -2.380418898624237e-03  2.735141571873973e-03  -4.770331079689206e-03
  1.910000000000000e+01  -3.590126527580785e+05  -1.972644930272753e+04  4.072283567857357e+04  -2.531591759530352e+05  5.535667474663762e+04  8.526151161038209e+04  -2.874057919774144e-03  2.416529879358914e-03  -3.965968789297883e-03
  1.920000000000000e+01  -3.514596968116496e+05  -1.090236377031905e+04  3.308636861277629e+04  -2.506066389564423e+05  5.232520120432979e+04  6.494527269860463e+04  -3.650358462228102e-03  1.973230874505833e-03  -2.779097476537934e-03
  1.930000000000000e+01  -3.453832966563991e+05  -5.663315446925748e+03  2.823654684751193e+04  -2.475223514359024e+05  5.061243582953832e+04  4.716882444249389e+04  -4.400846844289668e-03  1.264694390122654e-03  -1.849467298676483e-03
  1.940000000000001e+01  -3.437311159234236e+05  -3.295100131281532e+03  2.643624537276681e+04  -2.445475732787381e+05  5.146018236325650e+04  3.602934500017542e+04  -4.783025169244751e-03  3.743552163200039e-04  -1.581952603857132e-03
  1.950000000000001e+01  -3.474277234484351e+05  -2.893459623391421e+03  2.679968883713035e+04  -2.428055134843600e+05  5.523396649531981e+04  3.224336472983095e+04  -4.596660081271863e-03  -4.341486550751579e-04  -1.936164870766424e-03
  1.960000000000001e+01  -3.551072610843951e+05  -4.231605714512190e+03  2.771195012460219e+04  -2.430272133864422e+05  6.123409300731589e+04  3.347340320667912e+04  -3.862980442593396e-03  -8.942291501636481e-04  -2.512196659725916e-03
  1.970000000000001e+01  -3.640840574545725e+05  -7.481742298341863e+03  2.790477897507003e+04  -2.450338988653770e+05  6.758741115644875e+04  3.632602735072394e+04  -2.787574979151384e-03  -9.329162454766355e-04  -2.817840016224414e-03
  1.980000000000001e+01  -3.719904099893829e+05  -1.263733920846713e+04  2.678555366640802e+04  -2.479777670670142e+05  7.189567748205867e+04  3.846574133530960e+04  -1.621406728081732e-03  -7.114953295671913e-04  -2.558996112835316e-03
  1.990000000000001e+01  -3.777408757596014e+05  -1.909465170125397e+04  2.445997181291643e+04  -2.509239165637845e+05  7.243377456270746e+04  3.941715278270978e+04  -5.413379523725983e-04  -4.992748502695918e-04  -1.747630760986384e-03
