TITLE = "Temporal Signal for receiver number 01924"
VARIABLES = "Time","xx","yy","zz","xy","yz","xz","u","v","w"
# x1       3.660946160000e+05
# x2       4.719184950000e+06
# x3       -3.000000000000e+03
  0.000000000000000e+00  0.000000000000000e+00  0.000000000000000e+00  0.000000000000000e+00  0.000000000000000e+00  0.000000000000000e+00  0.000000000000000e+00  0.000000000000000e+00  0.000000000000000e+00  0.000000000000000e+00
  1.000000000000000e-01  0.000000000000000e+00  0.000000000000000e+00  0.000000000000000e+00  0.000000000000000e+00  0.000000000000000e+00  0.000000000000000e+00  0.000000000000000e+00  0.000000000000000e+00  0.000000000000000e+00
  2.000000000000000e-01  0.000000000000000e+00  0.000000000000000e+00  0.000000000000000e+00  0.000000000000000e+00  0.000000000000000e+00  0.000000000000000e+00  0.000000000000000e+00  0.000000000000000e+00  0.000000000000000e+00
  3.000000000000000e-01  0.000000000000000e+00  0.000000000000000e+00  0.000000000000000e+00  0.000000000000000e+00  0.000000000000000e+00  0.000000000000000e+00  0.000000000000000e+00  0.000000000000000e+00  0.000000000000000e+00
  4.000000000000000e-01  8.103304233219937e-31  1.184126420892616e-30  2.107988013529071e-30  -7.889327948676846e-31  -8.296193424488936e-31  7.395584805034966e-31  -1.324490224768819e-37  1.507935138966354e-37  -2.232288871899526e-37
  5.000000000000000e-01  -1.629544293335185e-22  -1.671150166396836e-22  -3.560445159620406e-22  1.749688021989954e-22  7.908318522368640e-23  -2.325236945741143e-22  2.654468993027846e-29  -2.652864697287338e-29  4.046071743869816e-29
  6.000000000000000e-01  -3.371550629104420e-18  -2.206307301956444e-18  -2.634871496532627e-18  1.592538456445793e-18  1.166350713124438e-18  -9.914870099496744e-19  3.551217205356380e-25  -2.739722556548626e-25  1.948639796784020e-25
  7.000000000000000e-01  8.396940089244452e-16  5.148904526834725e-16  6.116952144456689e-16  -3.244527002429327e-16  -2.447556907268089e-16  1.894120643595274e-16  -8.131780305395865e-23  6.105935559656470e-23  -4.336717496660852e-23
  7.999999999999999e-01  -1.244671270510528e-14  -1.184610193365779e-14  -1.884354263580363e-14  5.221108864640060e-15  5.800381602570410e-15  -8.227437883906617e-15  1.457540445094095e-21  -1.086135893464106e-21  1.961255711921424e-21
  8.999999999999999e-01  -6.135248816036621e-13  -3.520331299651311e-13  -3.714391176613592e-13  3.594494948776684e-13  1.881843066196702e-13  -1.731186850971738e-13  7.021823873228890e-20  -4.429022549910602e-20  1.628957977057108e-20
  9.999999999999999e-01  4.225890342685992e-12  7.306550836108100e-12  1.192365877490355e-11  -7.579883448773517e-13  -3.667704445866846e-12  3.216058463850485e-12  -3.202485074377853e-19  6.362571079126898e-19  -1.312104180882516e-18
  1.100000000000000e+00  1.842501927843579e-10  2.017313146565731e-10  2.936947058577292e-10  -8.996265804942682e-11  -1.095315845850125e-10  9.649771302224654e-11  -1.988000243989596e-17  2.105368381236959e-17  -2.748198627839384e-17
  1.200000000000000e+00  1.613277202139527e-09  1.780772382332449e-09  2.558059507437806e-09  -8.095755829368605e-10  -1.001346949208684e-09  8.679745357958872e-10  -1.807894909655569e-16  1.855594068039694e-16  -2.337606809302477e-16
  1.300000000000000e+00  5.398315175398173e-09  9.051319826807779e-09  1.422901753560499e-08  -2.362786247994251e-09  -5.390558862989372e-09  4.735167234285792e-09  -5.936323703775513e-16  8.356475315124740e-16  -1.472736401852201e-15
  1.400000000000000e+00  -1.382852054922701e-08  1.748216629492745e-08  3.478930541942285e-08  5.230807769105565e-09  -1.428642274761249e-08  1.129005943777233e-08  1.258089977346080e-15  1.488141176150806e-15  -5.015231139697807e-15
  1.500000000000000e+00  -1.244245636718022e-07  -8.580730806079449e-08  -1.111600026585219e-07  8.058652971698469e-08  4.456887314053588e-08  -6.303562448475174e-08  1.703428399304625e-14  -9.060569477290158e-15  6.186918228230016e-15
  1.600000000000000e+00  1.585258756488302e-07  -5.163002406517314e-07  -6.580697150387415e-07  1.343921642488926e-07  3.117740722983769e-07  -3.167902421817139e-07  -3.060379100441824e-15  -4.774089443720935e-14  8.266751066446876e-14
  1.700000000000000e+00  3.763653398581679e-07  -1.809739053431156e-07  6.139468334353355e-07  -2.151711033236661e-07  -1.251231374318474e-07  6.250868311975239e-07  -1.247407500463671e-13  -1.852857150890860e-14  -3.549947442877366e-14
  1.800000000000000e+00  -9.521283754922238e-06  6.256996422977760e-07  1.159236628441293e-06  2.660824027768562e-06  -9.605885547759689e-07  7.680036598898454e-07  9.264781248928997e-13  -1.745039369479453e-14  -5.183749465430092e-13
  1.900000000000001e+00  5.178880543564600e-06  -6.774435815168111e-06  -1.659210100296913e-05  -1.389230008206957e-06  4.234415647481334e-06  -8.410488141754768e-06  -7.856954985614358e-14  -4.560067075090338e-13  1.922750842943294e-12
  2.000000000000000e+00  1.187385834253287e-04  7.471701928450904e-05  9.354581452823170e-05  -4.099725290326541e-05  -2.392160629858123e-05  3.519184315796928e-05  -1.197504358505606e-11  6.331759027233951e-12  -5.717138604661670e-12
  2.100000000000001e+00  -4.005219961722186e-04  -2.932951310648826e-04  -3.181785203771806e-04  1.707731051847134e-04  1.110833038682965e-04  -1.129851386900263e-04  3.910426187094132e-11  -2.694766948588385e-11  2.121446051078293e-11
  2.200000000000001e+00  4.756406866894855e-04  5.169617708750920e-04  5.321884518820956e-04  -3.145484155112923e-04  -2.630385106813904e-04  2.259613403596884e-04  -5.093463141692249e-11  5.285551762332440e-11  -4.547025567292304e-11
  2.300000000000001e+00  -4.482545000494119e-04  -8.065281317190151e-04  -9.474057844423216e-04  3.528463118236301e-04  5.050587375196016e-04  -4.769774577194017e-04  4.466936356519735e-11  -8.188553782238990e-11  1.075246886400927e-10
  2.400000000000001e+00  2.876999328146058e-03  3.366647758714337e-03  4.362762648493045e-03  -7.963494916457416e-04  -1.648074849700492e-03  1.630099400825317e-03  -2.155013195481978e-10  2.782441729024340e-10  -4.368193553085580e-10
  2.500000000000001e+00  -1.728538455250844e-02  -1.582126969073158e-02  -2.032228199127091e-02  3.247316514195849e-03  6.124255652931596e-03  -5.928667374745265e-03  1.159876104617724e-09  -1.194131334095566e-09  1.794092713435072e-09
  2.600000000000001e+00  5.723456985912897e-02  4.864390226465344e-02  6.006517556613757e-02  -7.580354071993654e-03  -1.443623237265219e-02  1.497805071105474e-02  -3.734880102233747e-09  3.323700857291341e-09  -4.887977515092986e-09
  2.700000000000001e+00  -1.180923617174838e-01  -1.037440996137552e-01  -1.144640666531265e-01  2.001269857586208e-04  1.704127801530310e-02  -2.355228599123065e-02  7.354354927756193e-09  -5.115182465754119e-09  8.461440541886479e-09
  2.800000000000001e+00  9.937566828282615e-02  5.671249509448305e-02  4.307578504325039e-02  4.423305907149259e-02  3.904392531505471e-02  1.549916689287626e-04  -3.723523468020081e-09  -3.230322267731151e-09  -1.428539871294423e-09
  2.900000000000001e+00  2.497410776577308e-01  3.077860970002959e-01  4.922544809232238e-01  -9.510248624901907e-02  -1.936224319777994e-01  1.670413345635681e-01  -1.494500820683877e-08  2.717407575627245e-08  -4.516954077164767e-08
  3.000000000000001e+00  -6.679187466533812e-01  -5.301827635926843e-01  -8.935120312408537e-01  -2.236112883097118e-01  1.177664981893641e-01  -3.602655057215092e-01  2.533960534888958e-08  7.475200899409337e-09  9.126536771800627e-08
  3.100000000000001e+00  6.938784463801889e-01  1.789943759336013e-01  -1.164252528429862e-01  2.516826667758646e-01  1.125637387133155e-01  9.749000934823826e-02  -8.356608497766362e-08  -4.830929815919116e-08  1.031300701392827e-09
  3.200000000000002e+00  1.236126917275265e+01  1.048177834126798e+01  1.269007156427375e+01  -3.052783507972463e+00  -3.704985437707279e+00  5.901085660057824e+00  -9.369741915040558e-07  6.844175878277872e-07  -1.134715797289651e-06
  3.300000000000002e+00  2.081494493739665e+01  1.186309052435518e+01  1.300955373524411e+01  -8.156852844006435e+00  -2.657658250292373e+00  5.622329023610340e+00  -1.773954895075623e-06  1.107101877678335e-06  -8.686409443115953e-07
  3.400000000000002e+00  -3.250862932808527e+01  -4.292600614744255e+01  -3.884477913360961e+01  1.345949103147833e+01  1.529232845387175e+01  -1.405719187211233e+01  2.484291467734178e-06  -3.348220237493989e-06  3.308117270410511e-06
  3.500000000000002e+00  -1.607353529088349e+02  -1.612023902051933e+02  -1.208156098803210e+02  7.530860367631283e+01  3.834341742591659e+01  -3.420986705774514e+01  1.359127989901559e-05  -1.396033355502171e-05  7.659084978182754e-06
  3.600000000000002e+00  -2.546695205082011e+02  -2.672840439632623e+02  -1.626736311641713e+02  1.338058534714913e+02  5.230569999797194e+01  -3.933190250733239e+01  2.204488676576104e-05  -2.375176154162032e-05  8.650442335834297e-06
  3.700000000000002e+00  -2.040407509931293e+02  -2.675226664228399e+02  -1.137637187917815e+02  1.385368458638178e+02  5.573662432988690e+01  -3.423743019308651e+01  1.847922594614518e-05  -2.425780314705817e-05  6.632282426860394e-06
  3.800000000000002e+00  -1.352004999688574e+02  -2.498044815365648e+02  -4.191587401174958e+01  1.390464883006666e+02  5.685530407460465e+01  -2.629563643638293e+01  1.369499237660191e-05  -2.407742724470621e-05  3.366098543421709e-06
  3.900000000000002e+00  -1.860364237243683e+02  -3.296910303419204e+02  -5.057611715023091e+01  1.809386459226870e+02  6.702987502447388e+01  -2.444198832465008e+01  1.906546365586171e-05  -3.126584478206554e-05  3.948049097781441e-06
  4.000000000000002e+00  -4.651766341995943e+02  -6.555802734140301e+02  -2.607139159500287e+02  3.402247598085187e+02  1.461643931768722e+02  -8.770137171808078e+01  4.295586100376024e-05  -6.099233776978353e-05  1.842566656750418e-05
  4.100000000000001e+00  -1.277901142025918e+03  -1.478092582144726e+03  -8.015392514009818e+02  7.797548636423527e+02  3.460187320929717e+02  -2.536753517942436e+02  1.161860327323904e-04  -1.357596180752960e-04  5.338078973344847e-05
  4.200000000000001e+00  -3.241864187357093e+03  -3.470786914297999e+03  -2.295961191590509e+03  1.666205932287428e+03  9.164562792701217e+02  -8.211381400694760e+02  2.863670788911736e-04  -3.013445738066230e-04  1.649193569042232e-04
  4.300000000000001e+00  -8.833343955923154e+03  -8.806369517581421e+03  -6.468994621117474e+03  4.253622788863730e+03  2.405654465335158e+03  -2.482496511333527e+03  7.679333377249416e-04  -7.597894873367975e-04  4.736491782546675e-04
  4.400000000000000e+00  -2.166651493238939e+04  -2.024566121352802e+04  -1.471714625986766e+04  1.013150807316526e+04  5.177112006985492e+03  -5.474855450142973e+03  1.887689933014109e-03  -1.753669884291303e-03  1.012631393327220e-03
  4.500000000000000e+00  -3.948243629890574e+04  -3.689582164071753e+04  -2.555936779153455e+04  1.916120390022575e+04  9.150636253928684e+03  -9.754314646380482e+03  3.466502521994134e-03  -3.244203947592866e-03  1.738374783479178e-03
  4.600000000000000e+00  -6.723715395359331e+04  -6.173698218493925e+04  -4.005790685110031e+04  3.344083798764033e+04  1.474260190876428e+04  -1.577138984964120e+04  5.959826063432433e-03  -5.502409344828222e-03  2.663024651767950e-03
  4.699999999999999e+00  -9.930682573652282e+04  -9.155750662950276e+04  -5.536246166901950e+04  5.117378887744217e+04  2.151005227077723e+04  -2.333498614047115e+04  8.903922459677841e-03  -8.203176052249865e-03  3.753626308924699e-03
  4.799999999999999e+00  -1.409826291843726e+05  -1.288437860495148e+05  -7.440636749556445e+04  7.469829944093557e+04  2.991755735692825e+04  -3.473598821513912e+04  1.274936817354879e-02  -1.168338285692390e-02  5.279653515126597e-03
  4.899999999999999e+00  -2.056196334773866e+05  -1.821980262447562e+05  -9.808749095565744e+04  1.107931263958205e+05  4.036486070228152e+04  -4.592748513606856e+04  1.870351290410555e-02  -1.688960568917702e-02  6.694090091833692e-03
  4.999999999999998e+00  -2.343633871752828e+05  -2.162935154741495e+05  -9.128231434709148e+04  1.416512139351446e+05  4.532387192669354e+04  -4.539995621192537e+04  2.183804277104942e-02  -2.078387135515751e-02  6.008579097821563e-03
  5.099999999999998e+00  -1.997146140741936e+05  -2.135087129977436e+05  -5.069334177400597e+04  1.534415804108393e+05  4.494758716514653e+04  -4.045093277410196e+04  1.963130762787841e-02  -2.166658777222437e-02  4.263170660071518e-03
  5.199999999999998e+00  -1.635016308727571e+05  -2.092437250957846e+05  -1.262822964605112e+04  1.639253365026181e+05  4.497524262761563e+04  -3.670033254985757e+04  1.735358718101496e-02  -2.248318243765091e-02  2.821568485773334e-03
  5.299999999999997e+00  -1.459753578366345e+05  -2.159788936737819e+05  2.172303275538566e+04  1.821652844369078e+05  4.007331074829258e+04  -2.159970443289528e+04  1.675051577541936e-02  -2.406861342344768e-02  -3.943196441166173e-05
  5.399999999999997e+00  -1.020527494930966e+05  -2.149959290962674e+05  6.757633271462515e+04  1.953291334776409e+05  2.890609681127257e+04  4.369986098919367e+03  1.363592136868003e-02  -2.483772418740783e-02  -4.270215568193596e-03
  5.499999999999996e+00  -3.149582156836903e+04  -1.976561145571938e+05  1.167493029213397e+05  1.929514137914874e+05  1.577587913699581e+04  2.618483928617018e+04  7.833903277468491e-03  -2.339423860907588e-02  -7.799371023857408e-03
  5.599999999999996e+00  1.312164483157253e+04  -1.849551118926705e+05  1.434290751275838e+05  1.879395091678162e+05  6.240737934169884e+03  3.817459987757504e+04  4.177916541759384e-03  -2.119670109129725e-02  -9.643945627430980e-03
  5.699999999999996e+00  3.480275471043862e+04  -1.930726910004857e+05  1.501078887786804e+05  1.971827988089744e+05  -1.746193249166264e+03  5.069642995699559e+04  2.623390437572041e-03  -2.096588279087443e-02  -1.148029894359465e-02
  5.799999999999995e+00  6.641646913281559e+04  -2.232367905054929e+05  1.486779227727432e+05  2.155704884673077e+05  -1.115136566561399e+04  6.216286451020536e+04  4.985497766480198e-05  -2.318164873456035e-02  -1.305712805790455e-02
  5.899999999999995e+00  8.435677257896714e+04  -2.558934442222227e+05  1.390888692455244e+05  2.217162569551749e+05  -1.652733093512273e+04  5.365159815997608e+04  -1.705493562695240e-03  -2.399572489035433e-02  -1.151146602857349e-02
  5.999999999999995e+00  5.227610617173944e+04  -2.601680275778830e+05  1.466453879008626e+05  2.148444113663702e+05  -1.491400569225955e+04  2.976131640541655e+04  1.088576721019235e-03  -2.045121695348873e-02  -9.485606437987643e-03
  6.099999999999994e+00  1.400660210805164e+02  -2.547749201595882e+05  2.032198829342160e+05  2.342662460224025e+05  -1.368033606572581e+04  2.809555999944287e+04  6.545976891068234e-03  -1.860925314216623e-02  -1.456197415186151e-02
  6.199999999999994e+00  -4.616237096741797e+03  -3.022170972273076e+05  2.687428621160499e+05  3.036216595766044e+05  -1.898760960715067e+04  5.463974511028964e+04  8.350679755729402e-03  -2.654894013200115e-02  -2.459452061292062e-02
  6.299999999999994e+00  4.177836252544860e+04  -4.016447890306587e+05  2.401763740459580e+05  3.672260685153649e+05  -2.592484950212541e+04  4.458527880312731e+04  5.090309092141801e-03  -3.806744208874992e-02  -2.384002400884796e-02
  6.399999999999993e+00  6.388684726020166e+04  -4.314842507055274e+05  7.861202871294842e+04  3.276883246145688e+05  -2.626891266891443e+04  -6.594841014017742e+04  3.395550184217826e-03  -3.300319355586772e-02  -1.581878374318982e-03
  6.499999999999993e+00  4.557661194124430e-01  -2.681132272647311e+05  -1.287730314902699e+05  1.558628852193548e+05  -1.995972846979724e+04  -2.496243069531494e+05  9.728439429327223e-03  5.921018629048500e-04  3.277684194684446e-02
  6.599999999999993e+00  -1.249681778931145e+05  5.157988138403663e+04  -2.512870529625185e+05  -5.780225119358911e+04  -1.762912473357781e+04  -3.957728698424763e+05  2.239448672909536e-02  4.836206815902042e-02  5.709714530293652e-02
  6.699999999999992e+00  -2.281648393129353e+05  3.300517736658493e+05  -2.346366479690174e+05  -1.753268074382905e+05  -2.638896518665834e+04  -4.133722270695450e+05  3.317061946659471e-02  7.902093004076836e-02  5.764409364095424e-02
  6.799999999999992e+00  -2.356521000684054e+05  3.897991503503386e+05  -1.287754135868126e+05  -1.411268444591841e+05  -4.059975225300421e+04  -3.211503705123952e+05  3.393746759660302e-02  7.434056941815885e-02  4.167767493794127e-02
  6.899999999999991e+00  -1.378992455554216e+05  2.332487233690985e+05  -1.060710461004283e+04  -1.628352968751137e+04  -4.934664884768434e+04  -2.131158319532642e+05  2.349259613984409e-02  4.383897747859117e-02  2.616332594477981e-02
  6.999999999999991e+00  -9.083879831645723e+03  1.577698941534708e+04  7.843569237297634e+04  9.598609693916611e+04  -5.235114846058321e+04  -1.557589021703578e+05  9.988883317438437e-03  1.244303548432323e-02  1.920515404259054e-02
  7.099999999999991e+00  6.374176522875941e+04  -1.050380050249903e+05  1.247923762253882e+05  1.307461929350626e+05  -6.070857824346948e+04  -1.471159298710554e+05  3.038868300036190e-03  -7.028207819026357e-04  1.771363046010639e-02
  7.199999999999990e+00  6.957761005751746e+04  -8.489884866400161e+04  1.295227243954266e+05  9.825567823102423e+04  -7.577177094151413e+04  -1.451639050813347e+05  3.826357658936927e-03  4.203972441096701e-03  1.578001106449375e-02
  7.299999999999990e+00  6.443048183016032e+04  9.693732106670046e+03  1.045704981953530e+05  5.135580748391085e+04  -8.586756513671909e+04  -1.195215623916758e+05  6.112058394105414e-03  1.409531878391758e-02  1.157902729112806e-02
  7.399999999999990e+00  9.422946484479876e+04  8.469392736170914e+04  6.480500787915097e+04  3.003431831784193e+04  -8.218044794590617e+04  -7.490143542434393e+04  4.698890046345071e-03  1.813439211202103e-02  7.192059567142652e-03
  7.499999999999989e+00  1.522648679859350e+05  9.516494193725809e+04  2.145399076899992e+04  4.190967408286022e+04  -6.735578539138947e+04  -3.288922917806797e+04  -4.434914060958911e-05  1.414278351317469e-02  3.855716795323572e-03
  7.599999999999989e+00  2.076138126103719e+05  5.333453549740610e+04  -2.466309640322656e+04  7.049333093254462e+04  -5.071436527781559e+04  -9.456334051261263e+03  -5.041406445896741e-03  6.137770112076052e-03  1.126588368758063e-03
  7.699999999999989e+00  2.540384282262972e+05  -8.943323663953119e+03  -6.964580604417782e+04  9.777766636816770e+04  -3.842093259666579e+04  -5.894263716236532e+03  -9.258857391897258e-03  -1.838062056292817e-03  -9.771631027578425e-04
  7.799999999999988e+00  3.055481263502453e+05  -7.601274634407648e+04  -9.637019668450649e+04  1.227983685430048e+05  -2.956069804747198e+04  -1.652436355330557e+04  -1.341786270094512e-02  -9.298504520188702e-03  -8.358220240491757e-04
  7.899999999999988e+00  3.460278918026096e+05  -1.564638837709357e+05  -9.444896736657988e+04  1.537265243493244e+05  -2.012307841612099e+04  -3.830584304510848e+04  -1.576670781815546e-02  -1.715487297441098e-02  3.481176035180980e-03
  7.999999999999988e+00  3.349964046035209e+05  -2.445376954542463e+05  -7.034525722393971e+04  1.906594515121233e+05  -8.062362749927744e+03  -6.772526616913738e+04  -1.277533204840603e-02  -2.415261331743215e-02  1.136043836476576e-02
  8.099999999999987e+00  2.696227468907676e+05  -2.861162696100031e+05  -3.297093512695538e+04  2.153215353228840e+05  4.696957121498429e+03  -9.284070304119063e+04  -4.687121338375832e-03  -2.569192019727131e-02  1.835494843320363e-02
  8.199999999999987e+00  1.820549249310730e+05  -2.222977576238427e+05  5.445250226462225e+03  2.008568425415955e+05  1.273537007696717e+04  -9.429334380837767e+04  4.782110916121397e-03  -1.695272983537472e-02  1.854957798160434e-02
  8.299999999999986e+00  8.578529582392698e+04  -5.729402600786874e+04  2.302339683049280e+04  1.419407749997281e+05  9.180748777894773e+03  -5.399666463727082e+04  1.384359317182766e-02  2.000318564764420e-03  8.787579159172059e-03
  8.399999999999986e+00  -2.681784573888162e+04  1.403056157955147e+05  1.350520525821430e+04  6.236501624089865e+04  -1.092020893411113e+04  3.372987138000209e+04  2.337191760613741e-02  2.555829553871687e-02  -8.731798216523983e-03
  8.499999999999986e+00  -1.364068161851464e+05  2.928812517065317e+05  5.470934657519484e+03  -5.172474519287563e+03  -4.355607511230464e+04  1.471655204358986e+05  3.250926120655000e-02  4.578076125435459e-02  -2.666498685513775e-02
  8.599999999999985e+00  -1.827170163521170e+05  3.636590031938893e+05  3.191335696604136e+04  -3.959521430997604e+04  -7.120649979790809e+04  2.395127029729867e+05  3.677980647101073e-02  5.626030750036320e-02  -3.642316316619614e-02
  8.699999999999985e+00  -1.175822810807872e+05  3.627261035218305e+05  8.682591164447264e+04  -4.340496211742674e+04  -7.529008222094219e+04  2.707939796793867e+05  3.176054922090361e-02  5.525424613134967e-02  -3.422516980593546e-02
  8.799999999999985e+00  4.573811636910099e+04  3.218775173996782e+05  1.245141368315581e+05  -3.479156917361553e+04  -5.256498447149848e+04  2.383484426036640e+05  1.748353569689273e-02  4.587203151919857e-02  -2.351831303646961e-02
  8.899999999999984e+00  2.383154500278104e+05  2.713410116607868e+05  1.063799371157622e+05  -3.001628647811416e+04  -1.465659782374263e+04  1.756470096477729e+05  -9.453348084299312e-04  3.396653498800042e-02  -1.149510344170498e-02
  8.999999999999984e+00  3.797150956522819e+05  2.304867685236416e+05  4.108454122409162e+04  -3.499320747093992e+04  2.259240668979830e+04  1.229674904960663e+05  -1.635648191839520e-02  2.532689496573782e-02  -3.641075131821010e-03
  9.099999999999984e+00  4.255222876627113e+05  2.093031606027937e+05  -2.342341544048555e+04  -4.471834509882329e+04  4.969367026350208e+04  1.030380628329668e+05  -2.377760819244553e-02  2.282409068221535e-02  -1.498254951475737e-03
  9.199999999999983e+00  3.811579259610668e+05  2.068269551500084e+05  -4.268626847310784e+04  -5.155797617634219e+04  6.668913847461838e+04  1.159507626570924e+05  -2.268236330728609e-02  2.549315451840539e-02  -3.677236073500616e-03
  9.299999999999983e+00  2.817655382349764e+05  2.138515196793968e+05  -9.146952024743470e+03  -5.199716726286703e+04  7.964146004451155e+04  1.457529845501995e+05  -1.568567134469177e-02  3.002935220332330e-02  -7.689414169631331e-03
  9.399999999999983e+00  1.646793618634036e+05  2.232991627538929e+05  5.002276503506322e+04  -4.606194264199935e+04  9.657854330597080e+04  1.732272116441941e+05  -5.938222065223450e-03  3.339595407100626e-02  -1.138847811701909e-02
  9.499999999999982e+00  6.016365300128784e+04  2.320448578022209e+05  1.001405564446273e+05  -3.672963602322583e+04  1.208219171853035e+05  1.862211193677609e+05  3.679924548776319e-03  3.427720296203197e-02  -1.379185262172567e-02
  9.599999999999982e+00  -8.170617161288723e+02  2.350607858579483e+05  1.233003203555630e+05  -2.673394498762567e+04  1.476453619232807e+05  1.820036011257423e+05  9.680852384356951e-03  3.217936552236446e-02  -1.512988507933967e-02
  9.699999999999982e+00  4.939553838850332e+03  2.208015866153037e+05  1.189640822943135e+05  -1.533247397941511e+04  1.681043407193546e+05  1.618920186316221e+05  8.961975659768126e-03  2.656710440319067e-02  -1.552429940252022e-02
  9.799999999999981e+00  7.090848851379468e+04  1.809250164579721e+05  9.568541954298514e+04  2.304671051366674e+03  1.747560672836216e+05  1.280853624689967e+05  1.964790323861567e-03  1.742948805827145e-02  -1.437370641062971e-02
  9.899999999999981e+00  1.568333398657893e+05  1.247356479718736e+05  6.685724298194957e+04  3.057548815232233e+04  1.655749677913818e+05  8.597673870542705e+04  -6.517025385456973e-03  6.787083981431345e-03  -1.116528391835595e-02
  9.999999999999980e+00  2.141572141748569e+05  7.788985626492044e+04  4.845041993108531e+04  6.765409550263219e+04  1.442060830064360e+05  4.397469105238738e+04  -1.073329661672569e-02  -1.497495019635685e-03  -6.237080677730779e-03
  1.009999999999998e+01  2.180435030718870e+05  6.171664183925945e+04  5.101493039720415e+04  1.070953672086634e+05  1.180928005286805e+05  9.841456775195766e+03  -8.411173429369744e-03  -4.735343706364789e-03  -9.198886238468082e-04
  1.019999999999998e+01  1.744722551468081e+05  7.010449787334283e+04  6.800187733793787e+04  1.427102259760076e+05  9.521370032338658e+04  -1.309331224530518e+04  -1.785581845345306e-03  -3.795536115246299e-03  3.255042119166558e-03
  1.029999999999998e+01  1.109745531308079e+05  7.879416729247250e+04  8.243721535891463e+04  1.709683023182170e+05  8.016342516693432e+04  -2.594099109749721e+04  4.752166572389661e-03  -2.180700344589937e-03  5.240402783262108e-03
  1.039999999999998e+01  5.832376346258140e+04  7.254346655006502e+04  8.302244574626291e+04  1.887007249361762e+05  7.251671425394843e+04  -3.187045445309841e+04  7.828400041983222e-03  -2.548728775085204e-03  4.836559816297754e-03
  1.049999999999998e+01  2.866103482627331e+04  5.315335178393660e+04  6.878309299051306e+04  1.933663997041741e+05  6.967407076012999e+04  -3.501595115187106e+04  7.212728168837876e-03  -4.890994468133259e-03  3.013681085161857e-03
  1.059999999999998e+01  1.460023139451722e+04  3.229601701366938e+04  4.627639540991175e+04  1.858824964086839e+05  6.947133732494831e+04  -3.803462818486077e+04  5.198265456266992e-03  -7.319015955878228e-03  1.202046503292208e-03
  1.069999999999998e+01  5.442157922248995e+03  1.869568090481084e+04  2.419730754384970e+04  1.703836695434803e+05  6.885224269827170e+04  -3.915248102445838e+04  4.254131399843143e-03  -7.734214460292477e-03  -1.056616024176242e-04
  1.079999999999998e+01  -1.583240529610020e+03  8.503398144947470e+03  7.023583187560786e+03  1.547090166042511e+05  6.368581943960240e+04  -3.355940766546832e+04  5.284867380749817e-03  -5.905526514434404e-03  -1.799593875148446e-03
  1.089999999999998e+01  -5.353117219834800e+03  -1.003890462599956e+04  -7.612120597824488e+03  1.475820291705831e+05  5.252856407323766e+04  -1.966183003459909e+04  7.663274534856971e-03  -3.554600539368565e-03  -4.801012437419331e-03
  1.099999999999998e+01  -8.641695111119818e+03  -3.790829569396573e+04  -2.293492423210338e+04  1.521397580472885e+05  3.975623788894582e+04  -3.580886608420723e+03  1.037547714509134e-02  -2.080078344137682e-03  -8.482462906857283e-03
  1.109999999999998e+01  -1.745200995140323e+04  -5.640993363052890e+04  -3.599739267440197e+04  1.638603383730428e+05  3.189320178473429e+04  5.411877477807062e+03  1.276731871132686e-02  -1.045166250265486e-03  -1.110502605574438e-02
  1.119999999999998e+01  -3.636153574341546e+04  -4.958905544560913e+04  -4.143325284651214e+04  1.759130172837618e+05  2.945088726993279e+04  4.627248078445966e+03  1.460367484985141e-02  4.925818115709666e-04  -1.183886769703991e-02
  1.129999999999998e+01  -6.025844523349569e+04  -3.166757032841516e+04  -3.998066650707614e+04  1.871465711064191e+05  2.397919404624335e+04  1.372056311426900e+03  1.533953303482164e-02  1.439542003641282e-03  -1.171915718422922e-02
  1.139999999999998e+01  -6.948481196772342e+04  -4.151926805918780e+04  -3.915760854771699e+04  2.020886933681494e+05  4.764737428059247e+03  6.410006847283868e+03  1.339037029369674e-02  -1.308076530117208e-03  -1.236988854032527e-02
  1.149999999999998e+01  -4.153912482407746e+04  -1.076871303992624e+05  -4.634540964557382e+04  2.231817488073297e+05  -3.070243116396603e+04  2.275675437735223e+04  7.033204147331893e-03  -9.870551179363909e-03  -1.402400215540942e-02
  1.159999999999997e+01  2.732992264160098e+04  -2.219273177487148e+05  -6.457425735689024e+04  2.463996788770375e+05  -7.192500080763541e+04  4.008843051895255e+04  -3.644965992818691e-03  -2.291556117507578e-02  -1.484342802581102e-02
  1.169999999999997e+01  1.124426257366212e+05  -3.440214356581233e+05  -9.154370659141608e+04  2.635967012600108e+05  -1.012944246402401e+05  4.202900592434934e+04  -1.587728415417851e-02  -3.606635914794419e-02  -1.259362956076118e-02
  1.179999999999997e+01  1.761477275474347e+05  -4.275029640317608e+05  -1.201854196742837e+05  2.672117430658607e+05  -1.066471820007431e+05  1.947615276080312e+04  -2.562074120446573e-02  -4.444070494514241e-02  -6.978040876100998e-03
  1.189999999999997e+01  1.935319336975967e+05  -4.452269152646632e+05  -1.420772479568354e+05  2.547119538759045e+05  -8.845024770609733e+04  -2.197581754208274e+04  -3.001741079357838e-02  -4.537284340146493e-02  -1.294057305900201e-05
  1.199999999999997e+01  1.640792603675682e+05  -4.004894504758007e+05  -1.515555858804731e+05  2.296660697667682e+05  -5.686424727574675e+04  -6.587750516355173e+04  -2.873700239017054e-02  -3.965683146320214e-02  5.604344051823381e-03
  1.209999999999997e+01  1.069148279498868e+05  -3.198546499380108e+05  -1.465972013144170e+05  1.994973131133953e+05  -2.455256754266883e+04  -9.528854558304767e+04  -2.363340893090241e-02  -3.062744308747813e-02  8.438266419720499e-03
  1.219999999999997e+01  4.651695918930934e+04  -2.369649018277277e+05  -1.280439743505644e+05  1.723850595610042e+05  -5.600646069506652e+02  -1.014018882642938e+05  -1.733304131344663e-02  -2.210015483418785e-02  8.942341131882147e-03
  1.229999999999997e+01  -1.556284313384568e+02  -1.777224635025116e+05  -9.989251765847317e+04  1.533774442526444e+05  1.142358866498132e+04  -8.627535761822597e+04  -1.188316378241032e-02  -1.644229433137638e-02  8.601225325843509e-03
  1.239999999999997e+01  -2.581941098746132e+04  -1.501550459924590e+05  -6.808980303181653e+04  1.424923513723480e+05  1.186538515730415e+04  -5.992074782002458e+04  -8.214818895556216e-03  -1.370799632146968e-02  8.775715538251442e-03
  1.249999999999997e+01  -3.039333627216992e+04  -1.452546668892516e+05  -3.826235498163722e+04  1.351901037918708e+05  3.582104975969799e+03  -3.442788352702121e+04  -6.353142459177089e-03  -1.228518392234658e-02  1.001977571218501e-02
  1.259999999999997e+01  -1.840986982079954e+04  -1.470669707424669e+05  -1.315278178998975e+04  1.255513732186853e+05  -9.794209077969317e+03  -1.849196064993536e+04  -5.902031372117648e-03  -1.051142568562046e-02  1.197855822894393e-02
  1.269999999999997e+01  1.914196584772122e+03  -1.450024955761854e+05  6.215825000484449e+03  1.104463425762916e+05  -2.402007354961243e+04  -1.547772673515788e+04  -6.332495616375474e-03  -7.981295451564075e-03  1.391517233944775e-02
  1.279999999999997e+01  2.093599001299161e+04  -1.387656504148625e+05  1.840331485747629e+04  9.074064696011969e+04  -3.485885495881531e+04  -2.425823136438579e+04  -7.237490712673814e-03  -5.587709515811705e-03  1.524313408573896e-02
  1.289999999999997e+01  3.347484426254057e+04  -1.323141315418178e+05  2.330869510862546e+04  6.976272045644296e+04  -3.960232261769391e+04  -4.035071017051809e+04  -8.492831742414947e-03  -4.455631681423373e-03  1.561921565224275e-02
  1.299999999999997e+01  4.035975754459907e+04  -1.272802852320217e+05  2.318885915701941e+04  5.013044209625720e+04  -3.819291220419802e+04  -5.745625159675854e+04  -1.007671097838059e-02  -4.737361332789508e-03  1.487698086426298e-02
  1.309999999999997e+01  4.489587537841080e+04  -1.218447636721158e+05  2.160295126444602e+04  3.336483264487402e+04  -3.207408483786110e+04  -6.981867493725907e+04  -1.177384826898088e-02  -5.603889110496806e-03  1.312584653787688e-02
  1.319999999999997e+01  4.868604514018195e+04  -1.140011017495711e+05  2.091822976033114e+04  2.122447390901891e+04  -2.207640130809226e+04  -7.481449199820623e+04  -1.309157576060853e-02  -5.990911314072184e-03  1.097320585054047e-02
  1.329999999999997e+01  5.176787551252254e+04  -1.031794617533027e+05  2.167893557752789e+04  1.517986390042600e+04  -8.295142335676674e+03  -7.369349621778454e+04  -1.367560802847466e-02  -5.282319678446317e-03  9.330290896483453e-03
  1.339999999999997e+01  5.536910542679845e+04  -8.923264367995482e+04  2.438315985347465e+04  1.507353550045279e+04  8.347912638310723e+03  -6.929308496877595e+04  -1.367205738645044e-02  -3.540503899941037e-03  8.746902052751008e-03
  1.349999999999997e+01  6.050205419318620e+04  -7.274098711358575e+04  2.902920032767810e+04  1.867281475413105e+04  2.492215955805415e+04  -6.400016404559441e+04  -1.344679996594270e-02  -1.235064631943244e-03  9.058705276629464e-03
  1.359999999999997e+01  6.629980990343925e+04  -5.478600045717751e+04  3.482970912596536e+04  2.326911681849927e+04  3.767945523095197e+04  -5.917944266057178e+04  -1.321039446920291e-02  1.009905605142870e-03  9.657366739136973e-03
  1.369999999999997e+01  7.042429393423417e+04  -3.695041724644373e+04  4.085981928029759e+04  2.692697680316605e+04  4.410565061701537e+04  -5.550769583017236e+04  -1.294769804856680e-02  2.686690122638619e-03  9.933355218146681e-03
  1.379999999999997e+01  7.069467382562974e+04  -2.194086991679673e+04  4.585254215409965e+04  2.912296012983704e+04  4.400578425675639e+04  -5.367782703959008e+04  -1.256351996270889e-02  3.411811624235519e-03  9.548219357460457e-03
  1.389999999999997e+01  6.663327747017822e+04  -1.262770689455348e+04  4.843777833278511e+04  2.999912947397892e+04  3.894981928573129e+04  -5.439199888222932e+04  -1.195240398275794e-02  3.061123538233834e-03  8.476613025593929e-03
  1.399999999999997e+01  6.049193987948094e+04  -8.854379897990177e+03  4.836152030052288e+04  2.890845216856549e+04  3.086335826845055e+04  -5.843098428310879e+04  -1.104006432722766e-02  2.062773885118470e-03  7.047693553652366e-03
  1.409999999999997e+01  5.542834929204147e+04  -6.296635112879707e+03  4.710817196008399e+04  2.444544643071248e+04  2.142604261043119e+04  -6.609690128903087e+04  -9.726311189985064e-03  1.312530438726264e-03  5.866731843233417e-03
  1.419999999999997e+01  5.189328663373987e+04  -5.419523838653506e+02  4.656772658308338e+04  1.592758272071068e+04  1.206449631826166e+04  -7.615809773012428e+04  -7.817363444694006e-03  1.649854114740952e-03  5.428633705318406e-03
  1.429999999999997e+01  4.835317857219066e+04  9.020470827141198e+03  4.764918172518629e+04  5.465330827834617e+03  4.137337671782936e+03  -8.553351301528962e+04  -5.241099724837505e-03  3.157761836717904e-03  5.681506757729181e-03
  1.439999999999996e+01  4.444392640287792e+04  1.916607362563171e+04  5.014484771798251e+04  -2.368395373471496e+03  -1.256745071813414e+03  -9.042823283144216e+04  -2.262294608192504e-03  5.072077756181569e-03  5.975679917186894e-03
  1.449999999999996e+01  4.315627259439544e+04  2.576561623608559e+04  5.352953578116032e+04  -2.629852915838695e+03  -3.549184193857161e+03  -8.852478983003821e+04  4.956304805358958e-04  6.214459918484577e-03  5.587000990464054e-03
  1.459999999999996e+01  4.685918731911515e+04  2.645296023535260e+04  5.726850985712790e+04  7.718021567527266e+03  -2.861560641885052e+03  -8.055087188073937e+04  2.558004340124157e-03  5.684990495653435e-03  4.374923613314267e-03
  1.469999999999996e+01  5.309201583126163e+04  2.225177202247435e+04  6.177950076384079e+04  2.837208163285088e+04  7.984455579999251e+01  -6.987225133884515e+04  4.038037816451726e-03  3.401048924084603e-03  2.900975792462115e-03
  1.479999999999996e+01  5.610759072589227e+04  1.726233029696370e+04  6.866851385569922e+04  5.528167163949468e+04  4.234901111307573e+03  -6.030267442616900e+04  5.467569471632299e-03  1.850089644660643e-04  1.899393419420297e-03
  1.489999999999996e+01  5.160785761044527e+04  1.578642910150830e+04  7.853905984458351e+04  8.187652149557987e+04  8.486435482599452e+03  -5.383918566477990e+04  7.295803578044906e-03  -2.656626924755641e-03  1.622591357239685e-03
  1.499999999999996e+01  4.120908032414392e+04  1.943206177400921e+04  8.975531309781221e+04  1.023601051137818e+05  1.181576198709708e+04  -4.943059112170016e+04  9.415367868810018e-03  -4.159189413167246e-03  1.596842561332314e-03
  1.509999999999996e+01  3.028886046307187e+04  2.601701150106057e+04  9.894736642963022e+04  1.143865727908760e+05  1.298365084165483e+04  -4.392764373297003e+04  1.133633919880262e-02  -4.120284615405254e-03  1.041660346337057e-03
  1.519999999999996e+01  2.305751615349007e+04  3.189825838596421e+04  1.036966696720834e+05  1.197899663791148e+05  1.071027715621910e+04  -3.436441734229709e+04  1.265510863735071e-02  -3.023683663802563e-03  -5.212625132368456e-04
  1.529999999999996e+01  1.951297361052609e+04  3.465185150535251e+04  1.042474465023259e+05  1.224147944546485e+05  4.303509990682765e+03  -2.010049990166535e+04  1.332992681262945e-02  -1.618242815716083e-03  -2.954277335276808e-03
  1.539999999999996e+01  1.635517448626087e+04  3.384116247176439e+04  1.021049333338788e+05  1.248616021908888e+05  -5.503396960623296e+03  -3.397386349067589e+03  1.360792942516546e-02  -4.721351089261246e-04  -5.579525517918646e-03
  1.549999999999996e+01  1.126579475391401e+04  3.122810295244428e+04  9.840703485310265e+04  1.270628590821261e+05  -1.632806311039009e+04  1.193420472428816e+04  1.367544921436018e-02  1.836338411697247e-04  -7.567282698995894e-03
  1.559999999999996e+01  5.359980346675689e+03  2.982271458408434e+04  9.342208923732514e+04  1.267438183975261e+05  -2.538000012964364e+04  2.272854841282209e+04  1.347984101004529e-02  4.774063796783273e-04  -8.362080242282882e-03
  1.569999999999996e+01  1.661287972519053e+03  3.147911041314706e+04  8.671134819349871e+04  1.219162940139920e+05  -3.081959849576621e+04  2.816034604688418e+04  1.285881095558306e-02  6.594032296003782e-04  -7.965587714204742e-03
  1.579999999999996e+01  1.695084170642726e+03  3.446346389348590e+04  7.710643482621950e+04  1.134017657049743e+05  -3.242592966056207e+04  2.959458634820770e+04  1.181194901123112e-02  7.896257351457485e-04  -6.908963033119451e-03
  1.589999999999996e+01  4.867603591149887e+03  3.394337670970303e+04  6.328390818164389e+04  1.047706520463029e+05  -3.110953243524097e+04  2.923452230479101e+04  1.051359743124238e-02  6.928012929058179e-04  -5.891098192663738e-03
  1.599999999999996e+01  1.075158930995812e+04  2.618268833535481e+04  4.504182504861375e+04  1.001521742958065e+05  -2.790037904379560e+04  2.849884639819823e+04  9.114334671437602e-03  1.886379206070709e-04  -5.295126762327013e-03
  1.609999999999996e+01  1.996050993885000e+04  1.183808744754400e+04  2.437023716170767e+04  1.016055999404661e+05  -2.345931258148567e+04  2.742605758667149e+04  7.671592894336491e-03  -6.538015502331059e-04  -4.989790380478475e-03
  1.619999999999996e+01  3.243301742994594e+04  -4.253965737515693e+03  5.090843187955269e+03  1.080838394779662e+05  -1.821050129452924e+04  2.517907507758922e+04  6.253773177658909e-03  -1.483178244144406e-03  -4.537753213650223e-03
  1.629999999999996e+01  4.558994157333959e+04  -1.603472858212012e+04  -8.936266250104578e+03  1.163707566001327e+05  -1.278770669590308e+04  2.096259417158687e+04  5.059143323789383e-03  -1.837858402949689e-03  -3.635046366179214e-03
  1.639999999999996e+01  5.525346179770728e+04  -2.029245046880041e+04  -1.586912679312550e+04  1.228613279275003e+05  -8.148089890137643e+03  1.482441865872147e+04  4.309840643827245e-03  -1.447406299614274e-03  -2.420601225317423e-03
  1.649999999999996e+01  5.823032811806611e+04  -1.839064626319021e+04  -1.706606145712016e+04  1.252772398897313e+05  -5.166661838734984e+03  7.953560797056206e+03  4.082227343468972e-03  -4.263777815438006e-04  -1.379736583926385e-03
  1.659999999999997e+01  5.475887345839501e+04  -1.439372555352735e+04  -1.567272593669759e+04  1.233344328902696e+05  -4.217137704593763e+03  2.316258806328529e+03  4.215723465578514e-03  8.028158822914597e-04  -9.814192090790146e-04
  1.669999999999997e+01  4.839146307143266e+04  -1.150792053635508e+04  -1.352048825001097e+04  1.182188511313312e+05  -4.961377776355048e+03  -6.761087784385283e+01  4.385794175562281e-03  1.793877643916975e-03  -1.369476377875101e-03
  1.679999999999997e+01  4.240477618759384e+04  -1.089867076831601e+04  -1.024811609568261e+04  1.118201623976944e+05  -6.409223239151713e+03  1.729241785317085e+03  4.382390275835638e-03  2.310251743968411e-03  -2.269140447492715e-03
  1.689999999999997e+01  3.749674231549531e+04  -1.319460823950280e+04  -5.046523432096119e+03  1.060663801931793e+05  -7.304601029753776e+03  6.766595597531364e+03  4.209858164886790e-03  2.320772472884391e-03  -3.164936446459371e-03
  1.699999999999997e+01  3.219433202296175e+04  -1.929039690407541e+04  1.405850211881224e+03  1.021322924850750e+05  -6.691293804809831e+03  1.286543963437997e+04  3.987294550269987e-03  1.942761830276220e-03  -3.652976646443197e-03
  1.709999999999997e+01  2.636950596407831e+04  -2.917227319607532e+04  6.863428015899026e+03  9.979546714536463e+04  -4.421547501604899e+03  1.790696002863010e+04  3.662047330289296e-03  1.402748381840175e-03  -3.666093330389478e-03
  1.719999999999997e+01  2.224256055939249e+04  -4.109717898906629e+04  9.040634330915786e+03  9.761309682388743e+04  -1.014578287779144e+03  2.100918306091609e+04  2.985840253239769e-03  9.633300486198668e-04  -3.434625324540082e-03
  1.729999999999998e+01  2.235720112031792e+04  -5.266751679064855e+04  6.890047159824706e+03  9.423206193148276e+04  2.938209413323519e+03  2.248799265028044e+04  1.737605082220224e-03  7.839964503747199e-04  -3.204551168711326e-03
  1.739999999999998e+01  2.635333170739215e+04  -6.247292839387051e+04  7.748347377841966e+02  8.964780907780181e+04  7.207108754606254e+03  2.295661685020269e+04  4.930981730684136e-05  8.695960666279850e-04  -3.012921373758121e-03
  1.749999999999998e+01  3.155618969554704e+04  -6.975261368597375e+04  -7.665906642658467e+03  8.505112762664219e+04  1.177300214537955e+04  2.255655744602250e+04  -1.668856750413450e-03  1.175740184437919e-03  -2.711414637266155e-03
  1.759999999999998e+01  3.580625326794083e+04  -7.292320234003267e+04  -1.618317633964689e+04  8.132390504779483e+04  1.637020200361668e+04  2.109961573789215e+04  -3.058703302587297e-03  1.763512837751706e-03  -2.187443619519946e-03
  1.769999999999998e+01  3.935609383739028e+04  -6.990696687191617e+04  -2.296998154088928e+04  7.801882134124755e+04  2.019591725149852e+04  1.860125754282190e+04  -4.090236257896943e-03  2.722753011412862e-03  -1.497306655097498e-03
  1.779999999999998e+01  4.343518755661369e+04  -6.062314997720630e+04  -2.729979369122699e+04  7.376547864250804e+04  2.205184072760073e+04  1.583743110291268e+04  -4.985896718744632e-03  3.954209097657135e-03  -8.637585654041935e-04
  1.789999999999998e+01  4.778628791306193e+04  -4.870675866323899e+04  -2.948232653058999e+04  6.790948879791294e+04  2.090031252684795e+04  1.406954835665888e+04  -5.910101220818051e-03  5.056063370503031e-03  -5.197392038907970e-04
  1.799999999999999e+01  5.050577716702382e+04  -3.997711476526818e+04  -2.968896719413817e+04  6.140357175597123e+04  1.652272315087975e+04  1.426257611022927e+04  -6.807830672310652e-03  5.487376944178902e-03  -5.826945094146726e-04
  1.809999999999999e+01  5.023856882685717e+04  -3.828785213463163e+04  -2.745373763600568e+04  5.627304098787749e+04  9.974588029456369e+03  1.623293829144498e+04  -7.481433411419275e-03  4.947529758276227e-03  -9.901635164789408e-04
  1.819999999999999e+01  4.804036225904139e+04  -4.276633505000498e+04  -2.245920249662445e+04  5.427748544374815e+04  3.433952705084470e+03  1.845047904707436e+04  -7.780096212548845e-03  3.596429488134408e-03  -1.504938203122479e-03
  1.829999999999999e+01  4.628933421593164e+04  -4.897475325987137e+04  -1.590993057932865e+04  5.572346420338035e+04  -6.801716705508644e+02  1.887108935282930e+04  -7.676811885790394e-03  1.977542628110291e-03  -1.817803950095397e-03
  1.839999999999999e+01  4.646580635312232e+04  -5.234162698022619e+04  -1.067962634080399e+04  5.959100287483609e+04  -8.302267189738958e+02  1.606821101690829e+04  -7.215745171092408e-03  7.052301761668008e-04  -1.670724258942393e-03
  1.849999999999999e+01  4.806020431602683e+04  -5.097197147361062e+04  -9.235827562874190e+03  6.424364136418694e+04  2.823407967516203e+03  1.004207122148383e+04  -6.462042925583408e-03  1.471884222496842e-04  -1.022493424205032e-03
  1.859999999999999e+01  4.990072578456411e+04  -4.577739732580235e+04  -1.152058564811516e+04  6.822372754377239e+04  8.520502212144100e+03  2.025378223437519e+03  -5.553113065613209e-03  3.241080955377984e-04  -9.599200003036388e-05
  1.870000000000000e+01  5.200489173048505e+04  -3.915078678767028e+04  -1.493795292920926e+04  7.092969167448361e+04  1.394738352164910e+04  -6.521979085266109e+03  -4.725164012121616e-03  9.461082574704504e-04  7.457440687698940e-04
  1.880000000000000e+01  5.572349552528410e+04  -3.361995669481260e+04  -1.644104928475671e+04  7.264769067336291e+04  1.737152856909412e+04  -1.465679180665517e+04  -4.251011965458046e-03  1.576949113754843e-03  1.197695522588104e-03
  1.890000000000000e+01  6.239473271174094e+04  -3.085919380866948e+04  -1.501511524725397e+04  7.419606182966482e+04  1.815938469013491e+04  -2.216370701707524e+04  -4.297930700771095e-03  1.837465914043262e-03  1.218443295263658e-03
  1.900000000000000e+01  7.195333911205025e+04  -3.115140696475759e+04  -1.178056699145342e+04  7.631613866973665e+04  1.648746652262756e+04  -2.909922637871469e+04  -4.829331547534006e-03  1.547136429600746e-03  1.015525806122421e-03
  1.910000000000000e+01  8.223786938723209e+04  -3.340457551787957e+04  -8.363838378296636e+03  7.910614842782095e+04  1.282172494367279e+04  -3.523169167246298e+04  -5.604787558720260e-03  7.858866733975563e-04  8.739554922930977e-04
  1.920000000000000e+01  8.980349585074733e+04  -3.594238530121501e+04  -5.594365238277014e+03  8.218543474058756e+04  7.891538643552915e+03  -4.031501601748652e+04  -6.271083734780037e-03  -2.078486716141941e-04  1.034148102579738e-03
  1.930000000000000e+01  9.134124653953126e+04  -3.763073592608483e+04  -2.859452670743577e+03  8.520676897370168e+04  3.031327771939798e+03  -4.442556676708225e+04  -6.478047544851865e-03  -1.200873584871442e-03  1.599732107016791e-03
  1.940000000000001e+01  8.510158088248485e+04  -3.832297746025617e+04  1.174840884900954e+03  8.809028322250905e+04  1.536524917894540e+02  -4.807230959322330e+04  -5.991664287128176e-03  -2.041926067498465e-03  2.537710182494447e-03
  1.950000000000001e+01  7.212813346023260e+04  -3.835382953307872e+04  7.782011522487773e+03  9.080369035428041e+04  9.163700319313398e+02  -5.169609238315831e+04  -4.817036473452985e-03  -2.630774297634766e-03  3.660666245227046e-03
  1.960000000000001e+01  5.578704870823858e+04  -3.799123588892188e+04  1.765594741974750e+04  9.302986853652143e+04  5.647080609620615e+03  -5.479819110449157e+04  -3.196084169508003e-03  -2.880696652293689e-03  4.597768131737192e-03
  1.970000000000001e+01  4.030180027224072e+04  -3.734135704823393e+04  3.010830105248895e+04  9.412597787713329e+04  1.285677807023296e+04  -5.596929421575559e+04  -1.505022968178046e-03  -2.724472233198194e-03  4.920485468519468e-03
  1.980000000000001e+01  2.907322658937990e+04  -3.655550110245117e+04  4.299779589569884e+04  9.355396712968474e+04  1.989737118185690e+04  -5.375103871754432e+04  -8.205048442037430e-05  -2.176959705242873e-03  4.358729277092870e-03
  1.990000000000001e+01  2.340463385399281e+04  -3.589148019901657e+04  5.342302116595810e+04  9.138668105758665e+04  2.445127825548978e+04  -4.784667724150326e+04  9.371186372743906e-04  -1.372410037924588e-03  2.992991142918293e-03
