TITLE = "Temporal Signal for receiver number 01644"
VARIABLES = "Time","xx","yy","zz","xy","yz","xz","u","v","w"
# x1       3.635946160000e+05
# x2       4.721684950000e+06
# x3       -3.000000000000e+03
  0.000000000000000e+00  0.000000000000000e+00  0.000000000000000e+00  0.000000000000000e+00  0.000000000000000e+00  0.000000000000000e+00  0.000000000000000e+00  0.000000000000000e+00  0.000000000000000e+00  0.000000000000000e+00
  1.000000000000000e-01  0.000000000000000e+00  0.000000000000000e+00  0.000000000000000e+00  0.000000000000000e+00  0.000000000000000e+00  0.000000000000000e+00  0.000000000000000e+00  0.000000000000000e+00  0.000000000000000e+00
  2.000000000000000e-01  0.000000000000000e+00  0.000000000000000e+00  0.000000000000000e+00  0.000000000000000e+00  0.000000000000000e+00  0.000000000000000e+00  0.000000000000000e+00  0.000000000000000e+00  0.000000000000000e+00
  3.000000000000000e-01  0.000000000000000e+00  0.000000000000000e+00  0.000000000000000e+00  0.000000000000000e+00  0.000000000000000e+00  0.000000000000000e+00  0.000000000000000e+00  0.000000000000000e+00  0.000000000000000e+00
  4.000000000000000e-01  -6.096444501081366e-21  -1.052632526432282e-20  -3.950572645865072e-21  5.875938713724137e-21  2.026117242682048e-22  -9.638277971557383e-22  8.185425241077545e-28  -8.608020679486030e-28  1.227458083888850e-30
  5.000000000000000e-01  -5.140475806774104e-16  -9.039979118568207e-16  -3.336656471541527e-16  4.745229343087047e-16  -2.543208186457558e-17  -2.118091831057390e-17  6.623119024905381e-23  -7.304288990914379e-23  -5.082887258294601e-24
  6.000000000000000e-01  -1.663184507028923e-13  -5.765281871270951e-14  -5.271288096879110e-14  1.117131676440872e-13  1.990057610665442e-14  -3.234963508132947e-14  1.814885443043290e-20  -8.698222297218466e-21  4.692319358959596e-21
  7.000000000000000e-01  7.298555358259994e-12  1.013763996908215e-11  5.377105793759766e-12  -7.038488866486693e-12  -1.325946147011853e-12  1.175127468669600e-12  -1.031992549399317e-18  9.382300399992680e-19  -2.405190474853809e-19
  7.999999999999999e-01  -6.631833782560071e-11  -1.295057582025250e-10  -5.887140677826797e-11  7.502865198064537e-11  1.207423521454612e-11  -5.217577731910544e-12  1.025579360779934e-17  -1.067074950590382e-17  1.016823752281282e-18
  8.999999999999999e-01  -4.175954545208783e-09  -3.023142832545666e-09  -1.945216576777790e-09  3.303217490052648e-09  5.638588431999241e-10  -7.010765988788991e-10  5.080903547058840e-16  -3.397126035921481e-16  1.224109588908035e-16
  9.999999999999999e-01  -5.456746390724450e-08  -2.937276915518781e-08  -2.023625575911446e-08  3.748211444951515e-08  5.118394398587685e-09  -8.339495873673038e-09  5.878900015487385e-15  -3.584487876968534e-15  1.477238539016563e-15
  1.100000000000000e+00  -3.437648381398818e-07  -2.089163480771626e-07  -1.335777341304710e-07  2.276610740083107e-07  2.881752639426503e-08  -4.385023973009702e-08  3.475451880615017e-14  -2.593912597945160e-14  1.071476137374265e-14
  1.200000000000000e+00  -8.307446909178660e-07  -1.372725163936248e-06  -6.789479222277208e-07  9.083202457308416e-07  1.009285509293290e-07  -2.750219394097444e-08  1.204962437491296e-13  -1.454743904743099e-13  4.492022410155603e-14
  1.300000000000000e+00  8.740576052751328e-06  -5.298947136367730e-07  1.010264350705954e-06  -3.374071783633570e-06  -3.179421793808340e-07  1.988783002532515e-06  -6.644992661703930e-13  7.729516341935689e-14  -1.243309074717312e-13
  1.400000000000000e+00  5.618150463348834e-05  3.524988254889449e-05  2.464732464338684e-05  -4.242711162486904e-05  -5.294754883109573e-06  1.083959292538415e-05  -6.513298669609769e-12  4.144094217174864e-12  -1.894239026635302e-12
  1.500000000000000e+00  -1.746055090081979e-05  1.218824832992770e-04  5.485857307380696e-05  -4.747436557250917e-05  -2.702501135918466e-05  -6.410697881496828e-06  -4.529101027865947e-12  1.182228479203367e-11  -3.748134269149565e-12
  1.600000000000000e+00  -1.996305630443814e-04  4.144651235030823e-06  -7.889039525767128e-05  1.714792401720600e-04  3.180669475618509e-05  -9.912936125226079e-05  2.978037169661194e-11  -5.477252180694827e-12  1.752758293872690e-11
  1.700000000000000e+00  2.258074897941672e-04  -3.770352212962489e-04  -7.542036005237147e-05  2.733932867857681e-05  1.781580651367769e-04  5.277736833368393e-05  -1.019329766514666e-11  -4.319006668300688e-11  1.103097195964816e-11
  1.800000000000000e+00  1.267025754123630e-04  6.965546294183010e-04  4.344925098874387e-04  -4.285146323065153e-04  -5.958041460872975e-04  3.533558213169232e-04  -3.710720954162537e-11  1.008104736221336e-10  -9.214101129406042e-11
  1.900000000000001e+00  -1.865532224303195e-04  -1.095370032380965e-03  -9.741868718749060e-04  4.090744734276579e-04  1.999489846105866e-03  -1.195938236384263e-03  -6.196924776542457e-11  -1.685446042150290e-10  2.813994504228693e-10
  2.000000000000000e+00  -1.182199657699357e-02  -1.240994351431241e-03  -2.320505878347476e-03  6.767427959127413e-03  -4.494516183077129e-03  -2.415787039858003e-04  1.696974145766288e-09  -1.735395738958859e-10  -3.493503557684953e-10
  2.100000000000001e+00  6.218400250342652e-02  1.689240284172008e-02  2.786216572050363e-02  -3.139619152657807e-02  8.982603702447622e-04  1.139035868916133e-02  -7.352391560222926e-09  1.964089353296951e-09  -1.457492955428319e-09
  2.200000000000001e+00  -2.816396645334139e-01  -9.111253932133277e-02  -1.597402328523349e-01  1.572052325162269e-01  4.895060465355580e-02  -1.031045258246816e-01  3.269781082005376e-08  -1.151048346903527e-08  1.484016630106898e-08
  2.300000000000001e+00  6.864790702442072e-01  5.273991038779177e-01  5.980523111489701e-01  -4.592721546314925e-01  -2.575821219221379e-01  2.625143342139943e-01  -9.223216979057483e-08  5.358593055647517e-08  -5.841203102193904e-08
  2.400000000000001e+00  2.600745688798535e+00  4.224528558250981e-01  -1.667176349033951e-01  -1.163539808100043e+00  3.644715104788881e-01  5.328372003125216e-01  -1.737051256515881e-07  4.741241263142111e-08  4.933149651240955e-08
  2.500000000000001e+00  -9.041693236403853e+00  -4.675091101928984e+00  -4.056703850146759e+00  3.695837609244723e+00  1.373528452135473e+00  -2.109081430502861e+00  8.302635886275033e-07  -4.178964069587679e-07  2.283528247043301e-07
  2.600000000000001e+00  1.849492659199637e+01  1.571005795090314e+01  1.887894975513404e+01  -5.357262121495049e+00  -6.380073659645518e+00  6.325307109207925e+00  -1.665913528296617e-06  1.155681059056887e-06  -1.384468435562003e-06
  2.700000000000001e+00  4.091927334107286e+01  1.800078352660062e+01  1.785021427134271e+01  -1.341696586491804e+01  -3.067429054038564e+00  9.519203310985398e+00  -3.419925992644057e-06  1.486858282285509e-06  -1.039400134276324e-06
  2.800000000000001e+00  -1.562181575997744e+02  -1.520150038099865e+02  -1.156005476805135e+02  6.799710749660127e+01  3.847309090455280e+01  -3.248049589658704e+01  1.305235245960796e-05  -1.267912661502888e-05  6.881098563931624e-06
  2.900000000000001e+00  -4.200277266281646e+02  -3.895818165717459e+02  -2.511436154960541e+02  2.022114660488859e+02  7.118087947947782e+01  -6.542513139138711e+01  3.602272089738484e-05  -3.404174406834721e-05  1.320302977443715e-05
  3.000000000000001e+00  -4.016149184677502e+02  -4.507908942261870e+02  -2.098612983103971e+02  2.510166454021122e+02  7.268791333683764e+01  -5.128572556992053e+01  3.585432726343946e-05  -4.125652786496123e-05  1.072082566546235e-05
  3.100000000000001e+00  -2.176193085617656e+02  -3.938864063572521e+02  -8.615812671404154e+01  2.318063177228864e+02  7.526937149815237e+01  -3.036217001277036e+01  2.176062782616271e-05  -3.810977167566469e-05  5.845294519714699e-06
  3.200000000000002e+00  -2.384192988491638e+02  -4.731496488889461e+02  -4.588197781500150e+01  2.845127578175299e+02  8.074975183074524e+01  -1.819542809031590e+01  2.546702608727560e-05  -4.577085931196425e-05  2.036151858796154e-06
  3.300000000000002e+00  -4.415474455552763e+02  -7.486764133719198e+02  -1.267425116035783e+02  4.222814501242232e+02  1.121527661547670e+02  -2.043423787449342e+01  4.514019087378933e-05  -7.018740248655962e-05  5.474944562628693e-06
  3.400000000000002e+00  -1.171336523232280e+03  -1.490480750828181e+03  -5.191242994893920e+02  8.543829081581162e+02  2.243173520829920e+02  -1.241752081795290e+02  1.147848408943469e-04  -1.362738466412461e-04  2.624154537561244e-05
  3.500000000000002e+00  -2.874815971702956e+03  -3.105172118517349e+03  -1.493693442093192e+03  1.740680811830344e+03  5.383602526268457e+02  -4.995409453577953e+02  2.578174096234826e-04  -2.778286519059731e-04  9.110847354327722e-05
  3.600000000000002e+00  -6.412791021852369e+03  -6.868018489510726e+03  -3.945712001553095e+03  3.607454362134228e+03  1.342252189783679e+03  -1.259573564368455e+03  5.784845335436297e-04  -6.058823871145132e-04  2.459324457695716e-04
  3.700000000000002e+00  -2.022244921696360e+04  -1.889348751060536e+04  -1.227836900862414e+04  1.002179376803132e+04  3.862999356203945e+03  -4.080416359741232e+03  1.774851662283171e-03  -1.639260137568759e-03  7.424233195595628e-04
  3.800000000000002e+00  -4.524795124869549e+04  -4.033285673824837e+04  -2.592266016077702e+04  2.209686680019383e+04  7.851671947929372e+03  -8.737420968441309e+03  3.955911284838226e-03  -3.533324474242334e-03  1.529085112184514e-03
  3.900000000000002e+00  -7.859589040614822e+04  -7.059044183362101e+04  -4.268755999472932e+04  4.013946110236343e+04  1.297477171841762e+04  -1.462211562552502e+04  6.956640845504455e-03  -6.272454150959479e-03  2.465423542634721e-03
  4.000000000000002e+00  -1.280090853064473e+05  -1.120776747702250e+05  -6.348380833540859e+04  6.736615689262503e+04  1.991180559203547e+04  -2.316050568285042e+04  1.141410592874063e-02  -1.012822425101445e-02  3.643852632522397e-03
  4.100000000000001e+00  -1.818157236091204e+05  -1.599529474065028e+05  -8.253906949627629e+04  1.000288219892662e+05  2.710722505034162e+04  -3.256566045683804e+04  1.628188553425008e-02  -1.468346981507238e-02  4.770267135025730e-03
  4.200000000000001e+00  -2.557400060202003e+05  -2.245412055885549e+05  -1.073932499644383e+05  1.462706019437198e+05  3.577926785995992e+04  -4.347616814621281e+04  2.339604761802526e-02  -2.083079280063536e-02  6.131028868187955e-03
  4.300000000000001e+00  -3.866897135609880e+05  -3.137609977565819e+05  -1.468199052956435e+05  2.162856652133627e+05  4.722487811185943e+04  -6.385737710538958e+04  3.502233032105248e-02  -2.945820467326835e-02  8.293268040120790e-03
  4.400000000000000e+00  -4.246780812409217e+05  -3.611077544487228e+05  -1.288421893114670e+05  2.712539374268102e+05  5.142730526711874e+04  -6.678295613652360e+04  3.940381536641800e-02  -3.559888812478692e-02  7.999708361380715e-03
  4.500000000000000e+00  -3.268298525365224e+05  -3.367175205687876e+05  -4.132744812432085e+04  2.952750597877402e+05  4.840068047737401e+04  -5.386014537785857e+04  3.272374834591310e-02  -3.649135486423973e-02  4.296636647635554e-03
  4.600000000000000e+00  -2.758228807228707e+05  -3.368058127764584e+05  1.709500017978291e+04  3.287626678078697e+05  4.828397214813033e+04  -5.236189001496928e+04  2.948898388405803e-02  -3.859046631136456e-02  1.871761542648431e-03
  4.699999999999999e+00  -2.904917516390998e+05  -3.919857201266573e+05  3.850994969441360e+04  3.868708275407616e+05  4.549238906098135e+04  -4.496425196857307e+04  3.214272374284879e-02  -4.470489815757794e-02  -3.480899846323261e-04
  4.799999999999999e+00  -2.398527898727972e+05  -4.228727264046095e+05  1.046385503939566e+05  4.404897239727513e+05  3.697330326594899e+04  -1.770412042775835e+04  2.968154514618808e-02  -4.941675404109747e-02  -5.592109164632886e-03
  4.899999999999999e+00  -1.489510171033546e+05  -3.828835615106063e+05  1.975446470912700e+05  4.565857024749242e+05  3.559686073312851e+04  -1.582755621059201e+04  2.305149743071531e-02  -4.592582571418507e-02  -8.665605798810662e-03
  4.999999999999998e+00  -8.630741381751662e+04  -3.122330548148426e+05  2.691159292148721e+05  4.469889018846716e+05  3.647950000482712e+04  -4.158936316808518e+04  1.820140129518562e-02  -3.793594713504808e-02  -9.610585126197009e-03
  5.099999999999998e+00  -1.480189026610264e+04  -3.548898690639575e+05  3.545593527850630e+05  4.963762457696114e+05  1.556944037680980e+04  -5.059122686488243e+03  1.292937237006587e-02  -4.380924988979224e-02  -1.962058644537094e-02
  5.199999999999998e+00  8.331179889626804e+04  -5.532075062038641e+05  4.425829353090054e+05  6.306728372784315e+05  -2.009320802036364e+04  8.270361513433378e+04  5.681640208877287e-03  -6.558688095772386e-02  -3.428840920733620e-02
  5.299999999999997e+00  1.222592400800892e+05  -6.231704694605684e+05  4.051945415718977e+05  6.799015154262284e+05  -1.518703182750067e+04  2.135086304530542e+04  4.342758017043989e-03  -6.650261296218396e-02  -2.342276117124307e-02
  5.399999999999997e+00  -1.026081820816428e+04  -2.668363565879302e+05  1.752944588998977e+05  4.600239562786599e+05  5.279941800116158e+04  -3.052505674493590e+05  1.813868912857663e-02  -1.248022418824733e-02  2.909808781742991e-02
  5.499999999999996e+00  -2.624312135582581e+05  3.446275795683181e+05  -1.025911916265818e+05  4.948479383480874e+04  1.202161298684179e+05  -6.973482825649232e+05  3.986504084352244e-02  7.554867558943429e-02  9.230808805939220e-02
  5.599999999999996e+00  -4.220718880555270e+05  6.960146660068320e+05  -2.186774750664922e+05  -2.500817879781676e+05  1.176467556159801e+05  -8.403056259960416e+05  4.964027436957031e-02  1.326176504821912e-01  1.147737820838560e-01
  5.699999999999996e+00  -3.726654819272256e+05  5.063251249691457e+05  -1.218537024222124e+05  -2.209399238453062e+05  5.545277973481182e+04  -6.519768145958387e+05  4.010580966772298e-02  1.143400467035292e-01  7.926176862184196e-02
  5.799999999999995e+00  -2.271589495442360e+05  -4.162428097441801e+02  6.075705511428796e+04  6.695172280273882e+04  -1.452507516379142e+04  -3.384290816188644e+05  2.479101114828215e-02  4.390225908212346e-02  2.227735206713662e-02
  5.899999999999995e+00  -1.187828480493370e+05  -3.603129419067638e+05  2.115125555869228e+05  3.567218289572013e+05  -5.697990113030578e+04  -1.377545120724371e+05  1.604412860899905e-02  -1.719420618669416e-02  -9.238041955411879e-03
  5.999999999999995e+00  -5.711043329082827e+04  -3.386304565468752e+05  3.113718419456477e+05  4.521397022044332e+05  -6.233086146943607e+04  -1.086739531556791e+05  1.265185472520278e-02  -3.031869358189102e-02  -4.864193868546567e-03
  6.099999999999994e+00  -2.923815235477519e+04  -8.233966990329046e+04  3.562267999402886e+05  3.411372434407817e+05  -5.597618573890012e+04  -1.583150347542675e+05  1.119030879251566e-02  -4.329422720350651e-04  1.437150118876613e-02
  6.199999999999994e+00  -4.293127964552630e+04  1.508170821959225e+05  3.427994021815606e+05  1.449596425017240e+05  -6.894225597991432e+04  -1.834687701548010e+05  1.155431089642134e-02  3.922990840508501e-02  2.394965702066815e-02
  6.299999999999994e+00  -6.950707653532930e+04  2.371320310099112e+05  2.956674203139638e+05  2.190506718053928e+03  -9.697062595966335e+04  -1.544117401414218e+05  1.244190729618868e-02  5.913275382412581e-02  1.582154156586625e-02
  6.399999999999993e+00  -5.015245343075950e+04  2.114735658606412e+05  2.347417470613350e+05  -2.604429355093460e+04  -1.065140106619319e+05  -9.582407708066542e+04  1.034989482508181e-02  5.492969749899327e-02  -7.398792100963544e-04
  6.499999999999993e+00  3.154467989184097e+04  1.517968291228037e+05  1.605856794075316e+05  4.211175745934814e+04  -7.070176031551202e+04  -3.876477338021404e+04  3.408270544154616e-03  3.658032621569036e-02  -1.304981512187808e-02
  6.599999999999993e+00  1.501389532251025e+05  7.216038828076681e+04  8.968273477025740e+04  1.582647827500330e+05  -6.808135044248748e+03  -1.122246898413314e+04  -7.278520588667950e-03  1.315391742495251e-02  -1.318148869482371e-02
  6.699999999999992e+00  2.896954739907738e+05  -4.454266681773699e+04  6.983602466137169e+04  2.770727021391874e+05  4.338801268553279e+04  -3.223103103257412e+04  -1.884009836866893e-02  -1.087132628797400e-02  -3.143648874480728e-04
  6.799999999999992e+00  4.130120238910061e+05  -1.660901606199541e+05  1.222067170674665e+05  3.692906475694524e+05  6.949028044350169e+04  -9.034210748391076e+04  -2.597602429088980e-02  -3.087450461589436e-02  1.791107014704079e-02
  6.899999999999991e+00  4.406093525120132e+05  -2.146608487583562e+05  1.939658104075025e+05  4.140840073490689e+05  8.980981496127180e+04  -1.412555756902905e+05  -2.336219984148660e-02  -3.742259229507652e-02  2.976349392001671e-02
  6.999999999999991e+00  3.354033197652798e+05  -1.342194453231441e+05  2.117538316725061e+05  3.983535630457739e+05  1.075883089507294e+05  -1.304491400207087e+05  -1.168163832320354e-02  -2.413685526902831e-02  2.664487043192401e-02
  7.099999999999991e+00  1.503539192698676e+05  4.719762517030371e+04  1.540880010790145e+05  3.267393453296194e+05  1.059427147403112e+05  -3.046852276766449e+04  3.197498466826243e-03  4.213738362887494e-03  7.399681256559194e-03
  7.199999999999990e+00  -2.155518776756423e+04  2.316107083651973e+05  5.778752606658467e+04  2.255801516876974e+05  7.300065989784180e+04  1.319179361138185e+05  1.608139251554010e-02  3.387878967339024e-02  -2.045758703623174e-02
  7.299999999999990e+00  -1.229944515282366e+05  3.293970452426006e+05  -3.414368375701258e+04  1.375274453687088e+05  2.010838547111329e+04  2.903436659576163e+05  2.503724759632161e-02  5.105012372912406e-02  -4.479280374368021e-02
  7.399999999999990e+00  -1.573319560771997e+05  3.178231496131936e+05  -1.069552884521856e+05  9.735039630440055e+04  -2.475428623648065e+04  3.859187932560751e+05  3.001828717428214e-02  5.149915507450482e-02  -5.713090198461734e-02
  7.499999999999989e+00  -1.389931657926153e+05  2.377470116895596e+05  -1.586393226952218e+05  1.089498838104450e+05  -4.073500004571017e+04  3.956104114042259e+05  2.975623993520545e-02  4.079028878277421e-02  -5.595859610815251e-02
  7.599999999999989e+00  -6.132711220459089e+04  1.503870351239939e+05  -1.827927366260553e+05  1.456805859848563e+05  -2.420757186224198e+04  3.319967357360309e+05  2.257971508037776e-02  2.778390761766807e-02  -4.462638578668101e-02
  7.699999999999989e+00  5.547742229092678e+04  9.775453102492291e+04  -1.812598544337870e+05  1.723528800382325e+05  1.145043904001650e+04  2.369357389618756e+05  1.179964350979096e-02  1.924264515234081e-02  -2.923040532926718e-02
  7.799999999999988e+00  1.370121728836994e+05  8.216402032309833e+04  -1.780724863492716e+05  1.738045668895778e+05  4.401335427185714e+04  1.659108730367084e+05  5.414992647282979e-03  1.700399448740094e-02  -1.613066009778103e-02
  7.899999999999988e+00  1.443855832113060e+05  9.096224247391536e+04  -1.840510681315839e+05  1.583528461609760e+05  6.114358363506299e+04  1.537591918688697e+05  6.097970817782515e-03  1.901354614041506e-02  -9.076363815161722e-03
  7.999999999999988e+00  1.394287293399210e+05  1.221753152389608e+05  -1.755548507886099e+05  1.389993106880929e+05  6.731115678923130e+04  1.865601374150538e+05  6.812058554043140e-03  2.195486145107006e-02  -7.603864764245102e-03
  8.099999999999987e+00  1.980492941027362e+05  1.720051152372472e+05  -1.372643101034306e+05  1.199943871818575e+05  7.323730020678589e+04  2.206762501740178e+05  3.826028547961809e-04  2.349775605965584e-02  -9.313008100222118e-03
  8.199999999999987e+00  3.085113636317240e+05  2.266255531233399e+05  -8.625610122267716e+04  9.996104783194684e+04  8.583924973638027e+04  2.310388738308258e+05  -1.108966410856801e-02  2.411563733237121e-02  -1.287745872104104e-02
  8.299999999999986e+00  3.935960976893331e+05  2.682835709294894e+05  -4.117366336820529e+04  8.121766113428939e+04  1.073342626050971e+05  2.276963809277542e+05  -1.930070726052491e-02  2.596890704443610e-02  -1.745490892043972e-02
  8.399999999999986e+00  3.994011887948766e+05  2.737388049216404e+05  -1.082312371906712e+02  7.140055599852515e+04  1.383467842039106e+05  2.293309908637441e+05  -1.933421316644722e-02  2.890755297210347e-02  -2.043674871206829e-02
  8.499999999999986e+00  3.428040794430212e+05  2.233692500650491e+05  4.631321393309648e+04  7.574652916019096e+04  1.770592456582655e+05  2.345472418862557e+05  -1.393908797607109e-02  2.947088037780672e-02  -1.827358992043996e-02
  8.599999999999985e+00  2.822214446055353e+05  1.264774924090338e+05  9.622141594012843e+04  9.131220013610309e+04  2.143522077703364e+05  2.263098824799352e+05  -9.498724841764719e-03  2.483359480167181e-02  -1.101652091317474e-02
  8.699999999999985e+00  2.467743147524122e+05  2.545070623715672e+04  1.325031011706305e+05  1.102310359955002e+05  2.356079534435174e+05  1.933948161524183e+05  -8.799712727429259e-03  1.683616788787368e-02  -2.800394896275291e-03
  8.799999999999985e+00  2.154881104760571e+05  -2.854539167692540e+04  1.424121441946845e+05  1.256118823492773e+05  2.300451965564239e+05  1.393414784754099e+05  -9.126831254877756e-03  1.030630334359705e-02  2.157822191432779e-03
  8.899999999999984e+00  1.676077307848267e+05  -1.411009447709184e+04  1.347320696983714e+05  1.369984994662868e+05  1.964866398273911e+05  7.866368996369345e+04  -7.060616470119999e-03  7.994323306466582e-03  2.658284234358176e-03
  8.999999999999984e+00  1.171483087752940e+05  3.531449493483906e+04  1.281849275088604e+05  1.525978107063525e+05  1.449273107147344e+05  2.685346031156605e+04  -2.851801399402690e-03  7.533980751539701e-03  8.599664331241457e-04
  9.099999999999984e+00  9.262693115107033e+04  6.500098443160598e+04  1.342447097898805e+05  1.826578369097321e+05  9.284309235745046e+04  -9.451640587698150e+03  6.115302258731427e-04  4.241337837168296e-03  -1.297955213465983e-04
  9.199999999999983e+00  1.037194723442275e+05  5.408732648652524e+04  1.524378542615914e+05  2.268146341835651e+05  5.479467211406073e+04  -3.358104982605499e+04  1.637080926440056e-03  -2.756755820530646e-03  1.347361435206575e-03
  9.299999999999983e+00  1.320031632194835e+05  2.073040559804286e+04  1.723353499073180e+05  2.705411018547522e+05  3.799740329520338e+04  -5.225052541894595e+04  8.424122125246646e-04  -1.027643032033559e-02  5.043307132618397e-03
  9.399999999999983e+00  1.463541909166293e+05  -5.395147938983443e+03  1.829528278886417e+05  2.972179944492276e+05  4.296926588803127e+04  -6.877763573881600e+04  2.955313877868149e-04  -1.425998756292924e-02  9.490439769943375e-03
  9.499999999999982e+00  1.260494314454533e+05  -7.651913097504414e+03  1.826565738326307e+05  3.008052561836648e+05  6.220098992083302e+04  -7.966341610524668e+04  1.711030075007338e-03  -1.245654273443946e-02  1.288235485019659e-02
  9.599999999999982e+00  7.528159171290898e+04  5.474887410169053e+03  1.757005147633939e+05  2.882746286058056e+05  8.234153699512365e+04  -7.855813025644291e+04  4.501644607665447e-03  -6.664324978922142e-03  1.379755225524290e-02
  9.699999999999982e+00  1.904917734976241e+04  1.149834246010150e+04  1.629455799104417e+05  2.735931367797704e+05  9.078617883931527e+04  -6.529598374985580e+04  6.627764608196880e-03  -1.247485692131832e-03  1.158149717324308e-02
  9.799999999999981e+00  -1.914061898922554e+04  -1.796202011390729e+03  1.420622028991372e+05  2.696192574102977e+05  8.303319273238297e+04  -4.930783424613202e+04  6.914213904394300e-03  5.694788510914872e-04  7.028350079796561e-03
  9.899999999999981e+00  -3.934577231545056e+04  -2.449793820909443e+04  1.137375234443378e+05  2.797412322813195e+05  6.573984487873071e+04  -4.181194161714661e+04  6.321332485792322e-03  -9.469272014992369e-04  2.214429824127460e-03
  9.999999999999980e+00  -5.869360143770697e+04  -3.776792367321072e+04  8.226858204599458e+04  2.939263591477092e+05  4.994381139304980e+04  -4.347920168717561e+04  6.810016943682230e-03  -2.764487631793039e-03  -1.285341679328716e-03
  1.009999999999998e+01  -8.192189649869328e+04  -4.141556791541581e+04  5.027528515309904e+04  2.992253528837544e+05  3.909412282403969e+04  -4.336990582074079e+04  8.745047927599850e-03  -2.906668171246656e-03  -3.746853146273724e-03
  1.019999999999998e+01  -8.553459113015170e+04  -5.971848953823898e+04  1.837355473604029e+04  2.940737251378379e+05  2.663868569586131e+04  -3.261592819140029e+04  9.893053005806092e-03  -3.107059974477974e-03  -6.615875534196885e-03
  1.029999999999998e+01  -4.009987131242664e+04  -1.169353159225756e+05  -1.161989473884695e+04  2.882323758961767e+05  4.829134846272943e+03  -1.581653068071719e+04  7.161045763194160e-03  -6.862597043943880e-03  -1.041932986251613e-02
  1.039999999999998e+01  5.253635191769825e+04  -2.084515008079272e+05  -3.544595978319023e+04  2.909280792826464e+05  -2.573902499809010e+04  -6.678165151212613e+03  -3.234471920135147e-04  -1.547707279507025e-02  -1.381618704527611e-02
  1.049999999999998e+01  1.535568965152241e+05  -3.008469876833814e+05  -4.942914211098770e+04  3.030996978802417e+05  -5.462333406850654e+04  -1.521563210669103e+04  -9.979686187594468e-03  -2.667447178860550e-02  -1.473562474207204e-02
  1.059999999999998e+01  2.194423877100406e+05  -3.596126473115553e+05  -5.432462009299848e+04  3.201735365237817e+05  -6.955759547114477e+04  -4.157858551110450e+04  -1.792517976873214e-02  -3.650191994647726e-02  -1.186912308169781e-02
  1.069999999999998e+01  2.331601480756102e+05  -3.693598625810860e+05  -5.390517674364494e+04  3.370311625548331e+05  -6.480735817719050e+04  -7.895074437079042e+04  -2.162349872935043e-02  -4.184363616161937e-02  -5.355744594169314e-03
  1.079999999999998e+01  2.039779301926661e+05  -3.389483577115377e+05  -5.255457073791046e+04  3.477788476871844e+05  -4.466232706590967e+04  -1.167598117697031e+05  -2.073185784077378e-02  -4.159944512425035e-02  3.171514233814950e-03
  1.089999999999998e+01  1.497792043697768e+05  -2.904423244001375e+05  -4.888436965637769e+04  3.456728790438696e+05  -2.006831613621120e+04  -1.433266220017811e+05  -1.652959652142397e-02  -3.675123966012988e-02  1.112511654588785e-02
  1.099999999999998e+01  8.507649433605693e+04  -2.455056754881156e+05  -3.625751160315736e+04  3.278083925685224e+05  -6.962043770327508e+02  -1.524486798571958e+05  -1.096851631778053e-02  -2.986678305968374e-02  1.640148102178032e-02
  1.109999999999998e+01  2.207417290437287e+04  -2.177694544593729e+05  -1.323157280178113e+04  2.977350935670661e+05  9.804857781597446e+03  -1.476089206725386e+05  -6.214147351475231e-03  -2.375036633693752e-02  1.837341929588495e-02
  1.119999999999998e+01  -2.620534399858306e+04  -2.071246748899121e+05  1.401512590514152e+04  2.639121626707051e+05  1.305196861275708e+04  -1.372416257010357e+05  -4.047055224388263e-03  -2.029404170345755e-02  1.750723271668110e-02
  1.129999999999998e+01  -5.069217483112498e+04  -2.039426098276695e+05  3.603974700834091e+04  2.350149877963383e+05  1.312854586126854e+04  -1.272065338346799e+05  -5.039097991147676e-03  -1.969477721619555e-02  1.465250986324981e-02
  1.139999999999998e+01  -5.242860056569216e+04  -1.948724787125131e+05  4.533031492172261e+04  2.147103816651186e+05  1.406946763717131e+04  -1.193796478089878e+05  -8.207602551102550e-03  -2.037158610252994e-02  1.071389558378627e-02
  1.149999999999998e+01  -4.403305551419792e+04  -1.723642630740435e+05  3.762037495296058e+04  2.020329510505050e+05  1.806122800317553e+04  -1.152235505782687e+05  -1.144525985750428e-02  -2.028327807532475e-02  6.949468633747736e-03
  1.159999999999997e+01  -4.056105484573361e+04  -1.408280437354762e+05  1.511213821404379e+04  1.940698438378846e+05  2.444878591355136e+04  -1.166824327802419e+05  -1.284202294986847e-02  -1.818922859630050e-02  4.733965775002502e-03
  1.169999999999997e+01  -4.636914044759626e+04  -1.108426387420365e+05  -9.383534311688283e+03  1.877330617295263e+05  2.943482986810489e+04  -1.229356327530184e+05  -1.193774408448358e-02  -1.404212225047780e-02  4.756374998242271e-03
  1.179999999999997e+01  -5.335616986359937e+04  -9.190808606787275e+04  -1.945811540802264e+04  1.805748277874290e+05  2.868170804651113e+04  -1.285259311272863e+05  -9.722201022264173e-03  -8.697195710837317e-03  6.389053925689497e-03
  1.189999999999997e+01  -5.131143637587471e+04  -8.581241847812530e+04  -7.512654347027487e+03  1.713761025202362e+05  2.055317872287295e+04  -1.269334295748223e+05  -7.577691893943468e-03  -3.326572673568633e-03  7.922003943259499e-03
  1.199999999999997e+01  -3.903664489403241e+04  -8.607306186852613e+04  1.900825850499683e+04  1.616217647540894e+05  7.920731955000280e+03  -1.168348105128416e+05  -6.141802826082138e-03  1.043927845763723e-03  8.019217143695054e-03
  1.209999999999997e+01  -2.505674325457737e+04  -8.339097240356392e+04  4.495451448244814e+04  1.544551317718934e+05  -2.546103648408813e+03  -1.038345995286874e+05  -5.215468628359296e-03  3.646327626339084e-03  6.671580880809130e-03
  1.219999999999997e+01  -1.881099834861891e+04  -7.283088762947633e+04  5.934427102630032e+04  1.517670254377101e+05  -5.065087486050053e+03  -9.547391802048808e+04  -4.553082247214906e-03  4.347142955379642e-03  4.941184023599366e-03
  1.229999999999997e+01  -2.073660592217230e+04  -5.501803577670165e+04  6.079090242805288e+04  1.520297754856773e+05  1.537970936652969e+03  -9.455000594838681e+04  -4.493413748013962e-03  3.794757780090492e-03  3.952796911583034e-03
  1.239999999999997e+01  -2.319006323542098e+04  -3.473227480751329e+04  5.512060495220042e+04  1.521535966071302e+05  1.375180604891897e+04  -9.657461555261583e+04  -5.665358838008924e-03  2.754770669521555e-03  3.879741919466251e-03
  1.249999999999997e+01  -2.098955888324644e+04  -1.955736705102987e+04  4.816308050355571e+04  1.520423444965654e+05  2.582681475799062e+04  -9.414683140786213e+04  -8.025480598599668e-03  1.536950954295693e-03  4.143025023118319e-03
  1.259999999999997e+01  -1.480059151616516e+04  -1.376576699479767e+04  4.243243305279263e+04  1.543676679862544e+05  3.339754377200465e+04  -8.383281522020193e+04  -1.078835910492391e-02  2.118236738159981e-05  4.317839058178151e-03
  1.269999999999997e+01  -6.242378100476001e+03  -1.415698440035774e+04  3.915619152824112e+04  1.601046675161843e+05  3.559522202903077e+04  -6.880558963712290e+04  -1.315713241276398e-02  -1.552775240922926e-03  4.530364335997673e-03
  1.279999999999997e+01  4.375056517506122e+03  -1.203375345186592e+04  4.032600443486933e+04  1.661851974897929e+05  3.478831157306029e+04  -5.643934813476037e+04  -1.473771680192904e-02  -2.324069328802872e-03  5.363934164978614e-03
  1.289999999999997e+01  1.508163108791973e+04  -2.717255440636766e+03  4.666517352318415e+04  1.675793051410462e+05  3.433070889811172e+04  -5.260733259873857e+04  -1.541288943026546e-02  -1.564204477299341e-03  7.065725365574148e-03
  1.299999999999997e+01  2.141504847760775e+04  1.064183307127424e+04  5.576162020025998e+04  1.610424525056953e+05  3.542292211941278e+04  -5.718729345826119e+04  -1.513939922397439e-02  5.961554935006801e-04  8.786877207560667e-03
  1.309999999999997e+01  1.916675587632925e+04  2.172849426345998e+04  6.290177534743133e+04  1.474190176388771e+05  3.685268431871066e+04  -6.510907844715478e+04  -1.387973962591787e-02  3.305243534126185e-03  9.124055598676380e-03
  1.319999999999997e+01  7.468418166671261e+03  2.685033481976175e+04  6.527097243184056e+04  1.313890477580785e+05  3.713982141523719e+04  -7.114539720634550e+04  -1.167529477454032e-02  5.750291512961737e-03  7.434441245180155e-03
  1.329999999999997e+01  -8.981258956651687e+03  2.698759864369032e+04  6.606602622720675e+04  1.185559813041768e+05  3.588340376766569e+04  -7.330725005240683e+04  -8.883481683525703e-03  7.605769063256386e-03  4.463877133614565e-03
  1.339999999999997e+01  -2.169188676173260e+04  2.341526692855302e+04  7.086516645633499e+04  1.121103310142887e+05  3.284843696349217e+04  -7.177899425781002e+04  -6.153347015558298e-03  9.046445962389908e-03  1.691153526098803e-03
  1.349999999999997e+01  -2.368899530670645e+04  1.655067357643486e+04  8.155791103687213e+04  1.126270294051063e+05  2.738511843397653e+04  -6.659288481287131e+04  -4.041964037061382e-03  1.023902766545225e-02  1.703219330279918e-04
  1.359999999999997e+01  -1.614570770172917e+04  6.615030487151453e+03  9.414162427726210e+04  1.199162224814037e+05  1.984976908266686e+04  -5.746971003046381e+04  -2.447691533858636e-03  1.103919766200928e-02  -9.658248215096609e-05
  1.369999999999997e+01  -7.885444380193509e+03  -3.963705008849534e+03  1.035610110400997e+05  1.339635868519264e+05  1.254835166989385e+04  -4.565286769665150e+04  -7.104597966507631e-04  1.121522768069550e-02  2.987892960996165e-04
  1.379999999999997e+01  -6.719871750853693e+03  -1.077822326378614e+04  1.098512394675292e+05  1.539085043009101e+05  9.050811584765634e+03  -3.464415579549219e+04  1.672156610039550e-03  1.071215109443949e-02  8.437548478868300e-04
  1.389999999999997e+01  -1.372010964295125e+04  -1.268256000041153e+04  1.162518856038154e+05  1.774245206359393e+05  1.167907725126818e+04  -2.767504248743678e+04  4.685009654433675e-03  9.552922248877846e-03  1.308930936253076e-03
  1.399999999999997e+01  -2.401320076491493e+04  -1.310471736950280e+04  1.232651699149942e+05  2.012703425364867e+05  2.025384751995754e+04  -2.456501862297790e+04  7.804387380142855e-03  7.758708104159340e-03  1.628575710719753e-03
  1.409999999999997e+01  -3.132900574310136e+04  -1.543276145013475e+04  1.277938910266178e+05  2.216996227697124e+05  3.259428215239827e+04  -2.153557121623322e+04  1.036320147338146e-02  5.611179390221196e-03  1.609018721847850e-03
  1.419999999999997e+01  -3.162370452350360e+04  -1.872842894836080e+04  1.280178074253483e+05  2.356696623850872e+05  4.573278301630684e+04  -1.452131840183007e+04  1.186598761620704e-02  3.679986045680231e-03  9.862203276775237e-04
  1.429999999999997e+01  -2.464550087667879e+04  -2.124728169233294e+04  1.255520545549164e+05  2.420509973386628e+05  5.666510486088756e+04  -2.760407687442378e+03  1.216392330004416e-02  2.459754083353420e-03  -2.808295325596212e-04
  1.439999999999996e+01  -1.328697195010287e+04  -2.316071227837374e+04  1.231309556978408e+05  2.420597661528870e+05  6.326509321815904e+04  1.037112708110230e+04  1.157456347538450e-02  1.978624109680748e-03  -1.814428664522035e-03
  1.449999999999996e+01  -1.745978265740215e+03  -2.577795717150745e+04  1.217113332594361e+05  2.382516123121863e+05  6.530093931284526e+04  2.002889078453340e+04  1.069996339427813e-02  1.970453804325878e-03  -2.974146008538118e-03
  1.459999999999996e+01  6.976313064441229e+03  -2.939970938090262e+04  1.204713696633540e+05  2.326672398166864e+05  6.415260055654217e+04  2.318476804750362e+04  1.003784557281440e-02  2.228765629683828e-03  -3.263355135953182e-03
  1.469999999999996e+01  1.222887277094708e+04  -3.346392525401111e+04  1.188831934576332e+05  2.271917610457619e+05  6.185894116336428e+04  1.995152025813404e+04  9.745351768908323e-03  2.477203964178365e-03  -2.695139923727912e-03
  1.479999999999996e+01  1.504776860150964e+04  -3.971801762584903e+04  1.172955318701133e+05  2.245465418218405e+05  5.872372783785660e+04  1.272520779852438e+04  9.637624743856887e-03  2.145644482120091e-03  -1.826812960315881e-03
  1.489999999999996e+01  1.854614714305494e+04  -4.876002113743130e+04  1.160491370397663e+05  2.269393971822349e+05  5.330675231984819e+04  4.195009088306676e+03  9.337335309022489e-03  6.979301987044105e-04  -1.379671041004477e-03
  1.499999999999996e+01  2.615242822237599e+04  -5.634026607396764e+04  1.139459359975155e+05  2.338706648558713e+05  4.492495970864534e+04  -3.844061764644134e+03  8.603564211773189e-03  -1.771331290256127e-03  -1.722876787024214e-03
  1.509999999999996e+01  3.863651367404938e+04  -5.618050767962061e+04  1.083970312851857e+05  2.417736545948073e+05  3.513468454166179e+04  -1.092936651989604e+04  7.540289609121850e-03  -4.452176506038565e-03  -2.640626404087288e-03
  1.519999999999996e+01  5.270165114640628e+04  -4.623595564282704e+04  9.739736124771784e+04  2.464896681082576e+05  2.740234237718816e+04  -1.755388570680200e+04  6.551590197785977e-03  -6.425461029364467e-03  -3.534734478049951e-03
  1.529999999999996e+01  6.324638182188620e+04  -3.177341507208209e+04  8.214651776989180e+04  2.460361156940713e+05  2.420618157445602e+04  -2.411124837324741e+04  6.003257694397469e-03  -7.215288951571403e-03  -3.863123473579548e-03
  1.539999999999996e+01  6.736270933834410e+04  -2.079194839523021e+04  6.755080847567682e+04  2.411469951652788e+05  2.485201209095805e+04  -3.005622062594581e+04  5.954211346080483e-03  -6.908295338953830e-03  -3.624858776806670e-03
  1.549999999999996e+01  6.492427365362625e+04  -1.807989035075488e+04  5.851364689581777e+04  2.340842524872831e+05  2.641932819578851e+04  -3.394957227565768e+04  6.162671535657631e-03  -5.952201034537745e-03  -3.272777587270368e-03
  1.559999999999996e+01  5.707596371396227e+04  -2.265144816656356e+04  5.608896358476991e+04  2.268695463885813e+05  2.601707180613063e+04  -3.458952689652688e+04  6.276077905808111e-03  -4.741875191643696e-03  -3.251408349287437e-03
  1.569999999999996e+01  4.561776316103432e+04  -2.904332034457106e+04  5.721147608429520e+04  2.204221547684804e+05  2.297363605588534e+04  -3.234124820960478e+04  6.015671598525600e-03  -3.500650100079377e-03  -3.661037470598216e-03
  1.579999999999996e+01  3.283043621157022e+04  -3.236237536772886e+04  5.744062055066859e+04  2.151704199123264e+05  1.878203942252680e+04  -2.933280139040235e+04  5.270552369315861e-03  -2.330245783813086e-03  -4.186710604210895e-03
  1.589999999999996e+01  2.142888646019970e+04  -3.133725107977609e+04  5.412935626125247e+04  2.114613718571855e+05  1.529707047045778e+04  -2.791935739436659e+04  4.159856751419926e-03  -1.345600579544255e-03  -4.454172104545989e-03
  1.599999999999996e+01  1.438761943824015e+04  -2.820108094252219e+04  4.798470064261721e+04  2.091564731127054e+05  1.275476655866520e+04  -2.847955196259628e+04  2.924629862023198e-03  -7.308733228134754e-04  -4.493096116280205e-03
  1.609999999999996e+01  1.403760063141056e+04  -2.637516201038857e+04  4.166829280649721e+04  2.071770844982962e+05  9.327091879041738e+03  -2.886306734613180e+04  1.774057803043881e-03  -5.557835070389512e-04  -4.694523975821467e-03
  1.619999999999996e+01  2.021967684672026e+04  -2.816285888034054e+04  3.667174922409440e+04  2.038116374923255e+05  3.906978216253247e+03  -2.627325135416197e+04  8.690985520240630e-04  -7.655902642622948e-04  -5.356000557208270e-03
  1.629999999999996e+01  2.824810772589794e+04  -3.498742462585974e+04  3.185526996763755e+04  1.980532101093625e+05  -1.989356012847973e+03  -1.981727051407066e+04  4.411881879550186e-04  -1.235143510818379e-03  -6.289517162137441e-03
  1.639999999999996e+01  3.124894417597504e+04  -4.591901114920869e+04  2.518917785299134e+04  1.902988698113406e+05  -5.016791775690551e+03  -1.137393937577256e+04  7.323395905569946e-04  -1.754450050103619e-03  -6.839443275991750e-03
  1.649999999999996e+01  2.540864850389333e+04  -5.685753701645693e+04  1.669739932305913e+04  1.818486111952296e+05  -2.852403261225731e+03  -4.072359599126395e+03  1.710542605571126e-03  -2.038815838272572e-03  -6.453833956016076e-03
  1.659999999999997e+01  1.326311753686950e+04  -6.254805779402460e+04  8.949538026713424e+03  1.744395413134030e+05  3.622752583000442e+03  -2.597644879593398e+02  2.902708157972908e-03  -1.810588465840266e-03  -5.206956096877951e-03
  1.669999999999997e+01  1.718340301427463e+03  -6.064774832466098e+04  3.975271728562427e+03  1.694239519392637e+05  1.140744783193335e+04  -3.600443625376474e+02  3.593006822056896e-03  -1.062776036468084e-03  -3.780636235287591e-03
  1.679999999999997e+01  -3.774517988096465e+03  -5.441486910691894e+04  9.023130702949882e+02  1.666975186710159e+05  1.769905768499938e+04  -3.061605062160100e+03  3.240305088566599e-03  -1.345673138180803e-04  -2.937479389503427e-03
  1.689999999999997e+01  -2.401312079486546e+03  -4.942875261990922e+04  -2.593152627793389e+03  1.645295584940014e+05  2.124698050020156e+04  -6.426028755905343e+03  1.772809034507546e-03  5.955172034525968e-04  -2.996395784015708e-03
  1.699999999999997e+01  2.820484270192296e+03  -4.851522117374019e+04  -7.220945536997367e+03  1.606797867504467e+05  2.233875689091451e+04  -9.105312662125154e+03  -4.541516241965584e-04  9.988614776524480e-04  -3.647412642090355e-03
  1.709999999999997e+01  7.669552210077192e+03  -5.021654740121579e+04  -1.116686379297018e+04  1.546825677207247e+05  2.185067212347934e+04  -1.070924109912103e+04  -2.876928953446909e-03  1.191524144377990e-03  -4.289111737552042e-03
  1.719999999999997e+01  8.624772909657529e+03  -5.163714786353829e+04  -1.252819596773430e+04  1.488493826410036e+05  2.074836288710550e+04  -1.143568894261761e+04  -4.925547999912164e-03  1.289217569029315e-03  -4.441134064904530e-03
  1.729999999999998e+01  4.507359733853924e+03  -5.109252014016198e+04  -1.191638232210689e+04  1.466377476965012e+05  1.979732537506126e+04  -1.158743518316745e+04  -6.227343984185409e-03  1.283863457138174e-03  -3.966033594544234e-03
  1.739999999999998e+01  -2.428055173668862e+03  -4.822107465253725e+04  -1.224159738241877e+04  1.498764371904606e+05  1.978007849521990e+04  -1.187847700034622e+04  -6.764226611760224e-03  1.140294639873463e-03  -2.937694728287802e-03
  1.749999999999998e+01  -7.267382949886604e+03  -4.293378576302196e+04  -1.606794091776034e+04  1.571150196943177e+05  2.147138455679527e+04  -1.360002411517764e+04  -6.870506869836391e-03  1.013902967613830e-03  -1.409996451769214e-03
  1.759999999999998e+01  -5.607790622231373e+03  -3.539122988910956e+04  -2.286109313978349e+04  1.651032289796731e+05  2.498057749292284e+04  -1.823531010325026e+04  -7.000867131931647e-03  1.080002649312586e-03  6.205166489460781e-04
  1.769999999999998e+01  2.374989599929000e+03  -2.790287300821129e+04  -2.884328241748510e+04  1.716941643772305e+05  2.949008086000002e+04  -2.630971308434442e+04  -7.296408444745960e-03  1.321248763719054e-03  3.038757184059352e-03
  1.779999999999998e+01  1.188280458260976e+04  -2.461424338827261e+04  -2.936363525849047e+04  1.769589421304083e+05  3.356168387800326e+04  -3.648701583220121e+04  -7.525995461011054e-03  1.461104896612405e-03  5.476817023799384e-03
  1.789999999999998e+01  1.756632454398385e+04  -2.845290226764537e+04  -2.169063876861925e+04  1.823779945824115e+05  3.581020690321767e+04  -4.601269895663318e+04  -7.340387581593699e-03  1.198181556390754e-03  7.347665246385938e-03
  1.799999999999999e+01  1.771293984095962e+04  -3.805680623551613e+04  -6.436309864652483e+03  1.887395658163483e+05  3.565412087617297e+04  -5.218068983848303e+04  -6.567081329460777e-03  5.634961992968175e-04  8.087676865245665e-03
  1.809999999999999e+01  1.499192046008001e+04  -4.765815903908782e+04  1.294648139155001e+04  1.949470186843032e+05  3.383606462070419e+04  -5.404821309330582e+04  -5.390176261629931e-03  -2.683489402684862e-05  7.583836955220857e-03
  1.819999999999999e+01  1.292593099537967e+04  -5.139417669662953e+04  3.200576884803897e+04  1.991711840228646e+05  3.215851677210337e+04  -5.305004875134356e+04  -4.140824100955654e-03  -5.444929654032757e-05  6.343320652893108e-03
  1.829999999999999e+01  1.277766626484101e+04  -4.770185709358178e+04  4.764363512050481e+04  2.003653003653650e+05  3.265431219969503e+04  -5.189225743444730e+04  -3.078202591909007e-03  6.273430700624693e-04  5.212458901310293e-03
  1.839999999999999e+01  1.365030889411360e+04  -4.029653445990522e+04  5.925608869123587e+04  1.992239769687291e+05  3.619521335501851e+04  -5.259803787889089e+04  -2.398395676091533e-03  1.652706591477136e-03  4.910123623908720e-03
  1.849999999999999e+01  1.448258384813437e+04  -3.541488662123196e+04  6.820761090135122e+04  1.975605521327441e+05  4.162719032476027e+04  -5.517237049195520e+04  -2.210849911112316e-03  2.378413473720250e-03  5.478973956717828e-03
  1.859999999999999e+01  1.531127366739212e+04  -3.725898153069792e+04  7.602799158526557e+04  1.968391193021637e+05  4.638244687374253e+04  -5.783728832916138e+04  -2.548273324586949e-03  2.295234161115364e-03  6.278394111408146e-03
  1.870000000000000e+01  1.653659528006609e+04  -4.567281652130614e+04  8.274542869756372e+04  1.973906520212536e+05  4.827310033587740e+04  -5.864624960785077e+04  -3.273738792673143e-03  1.401690916160762e-03  6.515598531233773e-03
  1.880000000000000e+01  1.754173618141932e+04  -5.670094892633875e+04  8.748205549567482e+04  1.984104835920452e+05  4.688051145731298e+04  -5.683750031043531e+04  -3.980657537046985e-03  1.469633092915016e-04  5.758052706970752e-03
  1.890000000000000e+01  1.697894412720135e+04  -6.501175878233029e+04  9.028278185324321e+04  1.988623570743462e+05  4.374478045797578e+04  -5.309298389338555e+04  -4.230767260315313e-03  -8.600092929323313e-04  4.245477022461972e-03
  1.900000000000000e+01  1.391497840440686e+04  -6.706643870937524e+04  9.298457132734029e+04  1.983678792399768e+05  4.102719316902407e+04  -4.874305401383267e+04  -3.750585162455256e-03  -1.171156949080566e-03  2.631532219720061e-03
  1.910000000000000e+01  8.979562909937165e+03  -6.252987532113338e+04  9.809993417146186e+04  1.972848411511647e+05  3.982956260732778e+04  -4.461887266692451e+04  -2.613308303955844e-03  -7.709358708999905e-04  1.456574631095166e-03
  1.920000000000000e+01  4.400031673957476e+03  -5.389552814599931e+04  1.064249443099469e+05  1.962524462069762e+05  3.985647933512653e+04  -4.055663346838840e+04  -1.214207956867976e-03  1.420921192980515e-05  8.444168645640121e-04
  1.930000000000000e+01  2.370864039778124e+03  -4.502410021282904e+04  1.159601086148853e+05  1.957240679977205e+05  3.999144007224628e+04  -3.577111944219199e+04  4.016080231229736e-05  7.486603314195950e-04  5.252622958319653e-04
  1.940000000000001e+01  3.868025146775120e+03  -3.890017669452418e+04  1.230210290056465e+05  1.956991908351301e+05  3.963592659572537e+04  -2.975452821442242e+04  9.151284868247704e-04  1.158509505772139e-03  1.447580249593019e-04
  1.950000000000001e+01  8.021105032466719e+03  -3.641296039343866e+04  1.245589993132515e+05  1.959840604569312e+05  3.909563611930741e+04  -2.288509559172149e+04  1.449284978196007e-03  1.299290234378691e-03  -4.743902275751633e-04
  1.960000000000001e+01  1.248620087597779e+04  -3.688904118466949e+04  1.195192311760651e+05  1.964490548652575e+05  3.881477533390703e+04  -1.629974182530453e+04  1.879840536577691e-03  1.388098554107261e-03  -1.325014667130547e-03
  1.970000000000001e+01  1.492118777642538e+04  -3.908237808594041e+04  1.089009398421028e+05  1.971745447444569e+05  3.854711418899337e+04  -1.136227868157729e+04  2.420085513181700e-03  1.568430423648542e-03  -2.303110498345791e-03
  1.980000000000001e+01  1.407699895075509e+04  -4.209730403290073e+04  9.505067275722738e+04  1.983685947864162e+05  3.738892529310218e+04  -9.165022205869864e+03  3.147014498900711e-03  1.771352573489075e-03  -3.248834047796063e-03
  1.990000000000001e+01  1.029488682108992e+04  -4.539429899098771e+04  8.086814247873341e+04  2.002043993103414e+05  3.484640058337629e+04  -1.039363242817387e+04  3.964415896133133e-03  1.797390236494273e-03  -3.903924314013379e-03
