TITLE = "Temporal Signal for receiver number 02192"
VARIABLES = "Time","xx","yy","zz","xy","yz","xz","u","v","w"
# x1       3.685946160000e+05
# x2       4.722684950000e+06
# x3       -3.000000000000e+03
  0.000000000000000e+00  0.000000000000000e+00  0.000000000000000e+00  0.000000000000000e+00  0.000000000000000e+00  0.000000000000000e+00  0.000000000000000e+00  0.000000000000000e+00  0.000000000000000e+00  0.000000000000000e+00
  1.000000000000000e-01  0.000000000000000e+00  0.000000000000000e+00  0.000000000000000e+00  0.000000000000000e+00  0.000000000000000e+00  0.000000000000000e+00  0.000000000000000e+00  0.000000000000000e+00  0.000000000000000e+00
  2.000000000000000e-01  0.000000000000000e+00  0.000000000000000e+00  0.000000000000000e+00  0.000000000000000e+00  0.000000000000000e+00  0.000000000000000e+00  0.000000000000000e+00  0.000000000000000e+00  0.000000000000000e+00
  3.000000000000000e-01  0.000000000000000e+00  0.000000000000000e+00  0.000000000000000e+00  0.000000000000000e+00  0.000000000000000e+00  0.000000000000000e+00  0.000000000000000e+00  0.000000000000000e+00  0.000000000000000e+00
  4.000000000000000e-01  -1.135303362335543e-30  -6.600776470773797e-31  -5.508670312363903e-31  7.959836248252448e-31  4.176814906416389e-31  -1.940950914060307e-31  1.055068828912491e-37  -1.423695913363001e-37  3.603692557575313e-38
  5.000000000000000e-01  3.518313872413795e-21  1.095625633164838e-21  1.022399437291539e-21  -1.477637268511432e-21  -6.725150219227113e-22  4.662554410204228e-22  -2.876473685080466e-28  2.360461116450544e-28  -1.499598143851306e-29
  6.000000000000000e-01  1.449357163826063e-17  2.371594819289620e-18  3.066074511631366e-18  -3.400914225539003e-18  -6.566833332715614e-19  1.620237022639671e-18  -1.050273959868945e-24  4.686505187854578e-25  7.791991893683209e-26
  7.000000000000000e-01  1.001489183355508e-15  3.617265302589264e-16  4.422444878483667e-16  -7.327549805875290e-16  -8.904355999953730e-17  2.728913263378054e-16  -3.206217114806212e-23  8.357363697627680e-23  -5.551917552787527e-23
  7.999999999999999e-01  -2.108384478843890e-14  2.031924908641730e-14  1.288193720578313e-14  -2.869814571643104e-14  -1.971699800721951e-14  7.096026776923258e-15  3.033021454819305e-21  6.142960049383901e-21  -4.431506525000476e-21
  8.999999999999999e-01  7.445324974478562e-13  7.100473681879898e-13  5.474800213181520e-13  -3.298503629572694e-13  -3.767784499546491e-13  2.104302544359289e-13  -6.641041933591668e-20  9.726347010815365e-20  -6.786616210421917e-20
  9.999999999999999e-01  2.828240305642106e-11  1.327314494189155e-11  1.311016961317052e-11  -4.542779725131805e-12  -1.536702443183865e-12  6.186356079845879e-12  -2.431604398720612e-18  7.276165310769759e-19  -7.991280400766023e-19
  1.100000000000000e+00  2.685684842723415e-10  1.040076335510481e-10  1.233377051281737e-10  -3.116551798235511e-11  1.293155530503361e-11  6.337448523307761e-11  -2.240373495822150e-17  1.028966638018585e-18  -6.844631790934203e-18
  1.200000000000000e+00  9.455237996113077e-10  2.738189401778564e-10  5.155248271032762e-10  -2.660367798487783e-11  6.829312461937647e-11  2.745443050207450e-10  -8.297442902014124e-17  -1.529916087707952e-17  -3.289931905591463e-17
  1.300000000000000e+00  4.313755986121928e-09  2.680784891200494e-09  3.348834494180744e-09  -1.123386558004594e-09  -1.140260457329161e-09  1.842110310637408e-09  -3.697365221269547e-16  2.470276444523361e-16  -2.779437123092015e-16
  1.400000000000000e+00  3.073363033723339e-08  2.299819796429277e-08  1.867668363451471e-08  -9.927007753618942e-09  -2.897981883054506e-09  1.005436628154739e-08  -2.244315019310979e-15  1.512830703814882e-15  -1.486746503421488e-15
  1.500000000000000e+00  9.277802327046862e-08  2.283314857420100e-08  2.250861806254082e-08  9.222122298415952e-09  2.203316585080774e-08  3.391176477090748e-09  -7.607198216085910e-15  -2.682344091669478e-15  5.625475814052698e-16
  1.600000000000000e+00  -3.804303024366325e-08  1.783432362187210e-07  5.470030614434182e-08  1.669042646639448e-08  -5.438215682950398e-08  2.431569197829091e-09  4.296838439630895e-16  5.856702630154000e-15  -3.265577109106930e-15
  1.700000000000000e+00  -2.463658231181534e-06  -2.532017080794669e-07  -1.010302837375288e-06  -4.561403682637167e-07  2.272909040169996e-07  -4.436879352119509e-07  2.598999624593413e-13  -2.301168757364132e-14  6.039018345985237e-14
  1.800000000000000e+00  -2.533314872794822e-06  -9.395441652440586e-06  -3.313579373673602e-06  3.199276409008214e-06  1.030788301802737e-06  -8.049497805514457e-07  1.520182982827117e-13  -4.715960849840745e-13  3.049104557234508e-13
  1.900000000000001e+00  2.800978064325928e-05  2.486705617399528e-05  1.712407121408800e-05  -7.381514220812000e-06  -7.160855103909378e-06  7.485209903572889e-06  -2.833946878630435e-12  1.909399520326426e-12  -1.502658291687119e-12
  2.000000000000000e+00  -7.972015375824955e-06  2.811488125128700e-05  -3.978254997819607e-06  -9.167968611789704e-06  1.271732205745886e-05  -1.645123266761516e-05  2.143336364743578e-12  2.336778247841165e-13  1.790450680518087e-12
  2.100000000000001e+00  -2.154965938364591e-04  -2.403804813042946e-04  -1.072288553709113e-04  6.619557311289000e-05  -5.926002894096898e-06  1.606097715953085e-05  1.680859098159208e-11  -1.301786221306343e-11  1.307665675062280e-12
  2.200000000000001e+00  9.575104038320409e-04  6.802528285982149e-04  4.441131130086058e-04  -1.687020668577898e-04  -3.729682125495440e-05  3.107596533402637e-05  -8.319157442446941e-11  4.400083145162022e-11  -1.247851460696595e-11
  2.300000000000001e+00  -3.142048945457481e-03  -1.664013999608313e-03  -1.517893074283453e-03  2.837072075906218e-04  1.665316682161827e-04  -3.089596422837406e-04  2.762810648737791e-10  -1.009661938305232e-10  5.246825500144670e-11
  2.400000000000001e+00  1.068625956862606e-02  4.985350345034831e-03  5.529017662468380e-03  -5.388869751276076e-04  -6.185879305476176e-04  1.669440985488794e-03  -9.273214945048770e-10  2.476970019259316e-10  -2.115358125879894e-10
  2.500000000000001e+00  -3.349998217270285e-02  -1.701380639705309e-02  -1.926698606077795e-02  1.569870782190145e-03  1.938181163004960e-03  -7.574911253838609e-03  2.846071194968420e-09  -5.664976664569946e-10  9.465482762041112e-10
  2.600000000000001e+00  8.498668509346023e-02  5.008632436995811e-02  5.404463997303391e-02  -3.034252535291762e-03  -4.645155267053169e-03  2.595089564789069e-02  -7.195328425477764e-09  8.783837435460087e-10  -3.266414527777255e-09
  2.700000000000001e+00  -1.126167683000574e-01  -9.429140369076272e-02  -9.330225341977284e-02  -8.567177757247052e-03  1.776578485517130e-03  -6.363533432206042e-02  9.557198159313915e-09  2.190755075251741e-09  8.741650396791690e-09
  2.800000000000001e+00  -1.711420483607756e-01  1.438844456920449e-03  -3.608749505218049e-02  8.228451817719655e-02  1.428433944811747e-02  8.145660183048979e-02  1.468704854596101e-08  -1.736136989286952e-08  -1.175314897885654e-08
  2.900000000000001e+00  1.468590316203149e+00  6.767145983470298e-01  7.476993708580715e-01  -3.587841970477581e-01  -8.471266726672790e-02  4.177389607837459e-02  -1.269456971427199e-07  6.567644222396492e-08  -4.898901979130556e-09
  3.000000000000001e+00  -3.611757112784078e+00  -2.081541863288610e+00  -1.920207846840932e+00  7.690620860302162e-01  1.602236855189594e-01  -3.111930198120254e-01  3.165015394564547e-07  -1.190031794562607e-07  3.690733522759326e-08
  3.100000000000001e+00  3.282219155676167e+00  2.454514161521109e+00  1.299902092160621e+00  -6.214952589703908e-01  3.353967243858906e-01  1.161949368618526e-01  -2.660273682366624e-07  8.067862929078210e-08  1.154709811180335e-08
  3.200000000000002e+00  3.615477653968759e+00  2.264089400286692e+00  3.659095865390495e+00  -1.102627427430050e+00  -6.351395945859170e-01  1.039990394493740e+00  -3.858309289827990e-07  1.453797761116582e-07  -2.150553311942669e-07
  3.300000000000002e+00  -1.352222390643946e+01  -9.941243911993837e+00  -6.421544786348742e+00  4.644726946776351e+00  1.758814748262552e-01  3.469488335358715e-01  1.107532817282640e-06  -7.068662318497583e-07  -1.108694326083961e-08
  3.400000000000002e+00  -3.490847428331641e+01  -2.455205935703062e+01  -3.517187929722712e+01  1.108680405272521e+01  1.156280735654446e+01  -1.976273662014065e+01  3.111587598841270e-06  -1.809141752414770e-06  3.518563415237509e-06
  3.500000000000002e+00  -1.859312544021300e+02  -1.098961205243417e+02  -1.258293604600046e+02  5.454356189883143e+01  3.384845222432166e+01  -6.228846743942875e+01  1.593858942525183e-05  -8.350096460791675e-06  9.972165165244778e-06
  3.600000000000002e+00  -4.704641850283593e+02  -2.670783744782003e+02  -2.496462487231503e+02  1.460109396525602e+02  5.605317751837055e+01  -1.013257588954578e+02  4.017141059368504e-05  -2.116904420408200e-05  1.496964677177169e-05
  3.700000000000002e+00  -5.871177499538046e+02  -3.345576570008853e+02  -2.591771174583934e+02  2.119109092488978e+02  6.908986152461685e+01  -1.070875647688984e+02  5.038816692819457e-05  -2.921660209805797e-05  1.421904064318460e-05
  3.800000000000002e+00  -4.733514511460311e+02  -2.721342204302460e+02  -1.488572930722724e+02  2.157011110627357e+02  7.495201625081744e+01  -9.809245215105275e+01  4.165222712269173e-05  -2.777520464994689e-05  1.093729858377182e-05
  3.900000000000002e+00  -4.981748288444073e+02  -2.841837322247270e+02  -1.141088235648318e+02  2.530780728929384e+02  9.038230727772185e+01  -1.101193382012883e+02  4.440357438811194e-05  -3.157153292957522e-05  1.106502869373208e-05
  4.000000000000002e+00  -8.877712826994984e+02  -5.043130369914052e+02  -2.863959978538357e+02  3.955301212550435e+02  1.365275163494283e+02  -1.790774937852416e+02  7.931104963145342e-05  -5.159739122510413e-05  2.272083908385346e-05
  4.100000000000001e+00  -1.883524780027972e+03  -1.063463273233530e+03  -8.267620461315796e+02  7.287596188440327e+02  2.746677379277049e+02  -4.381514867387734e+02  1.631651059775449e-04  -9.737552715035484e-05  6.382053555259902e-05
  4.200000000000001e+00  -4.501165249132105e+03  -2.562112869591395e+03  -2.284504685409090e+03  1.518446763142177e+03  5.968945395665642e+02  -1.055687750174860e+03  3.853826636598090e-04  -2.105698863731844e-04  1.583532429293194e-04
  4.300000000000001e+00  -9.557447974184786e+03  -5.391332841114468e+03  -5.317826110016214e+03  3.072106149651012e+03  1.368403035483821e+03  -2.589577955124851e+03  8.223051126495537e-04  -4.301738106762390e-04  3.935053025840005e-04
  4.400000000000000e+00  -2.153384884628658e+04  -1.175462888826087e+04  -1.185912984443811e+04  6.531885482315028e+03  2.905127301463820e+03  -5.800978998693814e+03  1.845739329997631e-03  -9.157243847848737e-04  8.595216946243582e-04
  4.500000000000000e+00  -4.374176376665007e+04  -2.327516330748220e+04  -2.259409857374238e+04  1.319878508096605e+04  5.238940582336382e+03  -1.072618836837457e+04  3.746399118264515e-03  -1.826107661696387e-03  1.536177140918608e-03
  4.600000000000000e+00  -7.553355717071064e+04  -3.907330517205555e+04  -3.611218541235829e+04  2.295970972771887e+04  8.372289550480878e+03  -1.731572205292125e+04  6.469816333587302e-03  -3.106670547234228e-03  2.381287400235677e-03
  4.699999999999999e+00  -1.133490441382225e+05  -5.679047804459012e+04  -4.973363438838220e+04  3.563606226787921e+04  1.208565394230780e+04  -2.516412029534188e+04  9.724376232010700e-03  -4.703006961094828e-03  3.303146299456354e-03
  4.799999999999999e+00  -1.605557138828971e+05  -7.748069983791065e+04  -6.371511756333899e+04  5.090809244551409e+04  1.611776212286848e+04  -3.426047548902428e+04  1.379207429863853e-02  -6.514221180191329e-03  4.282442481117808e-03
  4.899999999999999e+00  -2.201256474070114e+05  -1.018864074048716e+05  -7.936081721306851e+04  7.042714286609812e+04  2.067501937419423e+04  -4.493239020958530e+04  1.893268407307945e-02  -8.792914356685515e-03  5.368069256228838e-03
  4.999999999999998e+00  -2.910726343869207e+05  -1.298949899626878e+05  -9.732132007326600e+04  9.508127446002301e+04  2.609463449403085e+04  -5.900224978560849e+04  2.508132810802732e-02  -1.157993417681017e-02  6.862265192504626e-03
  5.099999999999998e+00  -3.807255821340765e+05  -1.617678733540099e+05  -1.140203974811409e+05  1.224838001177437e+05  3.129494530454737e+04  -7.275721832896300e+04  3.275219480001714e-02  -1.447616400472433e-02  8.093883587281497e-03
  5.199999999999998e+00  -4.550022212810205e+05  -1.824980879375545e+05  -1.101556914164099e+05  1.513636140142669e+05  3.395859974080556e+04  -7.590476348799170e+04  3.906872839825946e-02  -1.735261329258315e-02  7.452329658644026e-03
  5.299999999999997e+00  -4.616902979265057e+05  -1.748719197433346e+05  -7.325215948065794e+04  1.767466083135725e+05  3.523332883566906e+04  -6.971997998221398e+04  3.973578823655959e-02  -1.948941359003379e-02  5.444671423309373e-03
  5.399999999999997e+00  -4.287993447266009e+05  -1.520563441233284e+05  -2.152198538250633e+04  1.959214885797716e+05  3.578906937957551e+04  -6.009595961311548e+04  3.709941787134463e-02  -2.062560940246273e-02  3.126872791317275e-03
  5.499999999999996e+00  -4.104122499692987e+05  -1.362620269345158e+05  2.730731221235744e+04  2.160353919781772e+05  3.283297177949777e+04  -4.073458517378769e+04  3.560115337659180e-02  -2.184189363133825e-02  -4.365605448919282e-04
  5.599999999999996e+00  -3.857158921935530e+05  -1.180054566264378e+05  8.028567330282944e+04  2.371099175740424e+05  2.644495355158677e+04  -8.220948054255879e+03  3.328188449052572e-02  -2.298989670894943e-02  -5.655983380394049e-03
  5.699999999999996e+00  -3.283977446725672e+05  -8.767413142953387e+04  1.347578377697118e+05  2.523659865217802e+05  1.924725708916132e+04  2.588918996433629e+04  2.787136774118418e-02  -2.311528831707982e-02  -1.071870452856929e-02
  5.799999999999995e+00  -2.693977680744011e+05  -6.322273602830713e+04  1.709955359006545e+05  2.625252123087176e+05  1.174820905896954e+04  5.027090867308489e+04  2.214733148900457e-02  -2.251298905590921e-02  -1.389686783855739e-02
  5.899999999999995e+00  -2.391668873287743e+05  -5.818026166067635e+04  1.863135762016509e+05  2.765617029550887e+05  4.737587568753578e+03  6.818798064933674e+04  1.873623587368745e-02  -2.256162807549609e-02  -1.594565444639381e-02
  5.999999999999995e+00  -2.283317335340144e+05  -6.172193041837666e+04  1.966916146193153e+05  3.001532454408046e+05  5.329547753824545e+00  8.801623543559593e+04  1.672755863288170e-02  -2.386386493441444e-02  -1.862260437288727e-02
  6.099999999999994e+00  -2.276125564915993e+05  -6.270317872136559e+04  2.072406717375063e+05  3.246866382674070e+05  -4.772166775905370e+03  1.045146804402442e+05  1.542986134709454e-02  -2.493178807994259e-02  -2.135060921043985e-02
  6.199999999999994e+00  -2.577131694719443e+05  -7.018349499421618e+04  2.090448304151808e+05  3.393150705399991e+05  -1.330605333352671e+04  1.028241672122833e+05  1.703078276445773e-02  -2.421257593692574e-02  -2.178664165495186e-02
  6.299999999999994e+00  -3.358420211630493e+05  -9.804344365423481e+04  2.057338535320539e+05  3.539116447842942e+05  -2.298417562037187e+04  8.500535312127092e+04  2.303492032108957e-02  -2.333252302473098e-02  -2.040666767088467e-02
  6.399999999999993e+00  -4.349855304239479e+05  -1.411633528450723e+05  2.162592404349320e+05  3.940626010918925e+05  -2.775402743786053e+04  7.504058203418598e+04  3.047811447195008e-02  -2.613080321393035e-02  -2.120914074060835e-02
  6.499999999999993e+00  -5.031888966644355e+05  -1.757497720144890e+05  2.364632060409785e+05  4.588227681598081e+05  -2.824253287041217e+04  8.187310690682723e+04  3.456201284080820e-02  -3.233471902776083e-02  -2.483957512575206e-02
  6.599999999999993e+00  -5.167916510300300e+05  -1.753948662425444e+05  2.185820521497927e+05  4.929451149573597e+05  -3.357222648829863e+04  7.224745737540837e+04  3.421586162288594e-02  -3.355844835162553e-02  -2.382214952705370e-02
  6.699999999999992e+00  -4.751044792622158e+05  -1.194275252709241e+05  1.179252296309431e+05  4.230504297406662e+05  -5.214627530484796e+04  1.437993214980334e+03  3.083415802768288e-02  -1.920970595937870e-02  -9.271100994496894e-03
  6.799999999999992e+00  -3.746651353360140e+05  -8.516865074399562e+03  -4.885687701771288e+04  2.349084240949202e+05  -8.271521555949631e+04  -1.282054432222459e+05  2.434745136614816e-02  1.165262905386715e-02  1.719124641755596e-02
  6.899999999999991e+00  -2.395392617746992e+05  1.127418714085462e+05  -2.107260422143721e+05  1.138825237345527e+04  -1.129185730303289e+05  -2.556139619753204e+05  1.512471499379786e-02  4.535478328184121e-02  4.224359069215020e-02
  6.999999999999991e+00  -1.278615461825350e+05  1.791007689643537e+05  -2.949393495053874e+05  -1.268529886730530e+05  -1.278433768444976e+05  -3.151397378623590e+05  5.999615779647019e-03  6.328295088434238e-02  5.318520039381203e-02
  7.099999999999991e+00  -8.488405663878549e+04  1.596671403520474e+05  -2.718441757175224e+05  -1.182523614080262e+05  -1.235389888336816e+05  -2.909081549723145e+05  8.458662265692749e-04  5.687996967226883e-02  4.851912085559636e-02
  7.199999999999990e+00  -1.165198179041221e+05  7.347489590287104e+04  -1.728620950139143e+05  1.490747906391736e+03  -1.111362686083785e+05  -2.214259443779849e+05  2.393033802568377e-03  3.327490414411235e-02  3.761163734738664e-02
  7.299999999999990e+00  -1.906008320563356e+05  -2.809600544861317e+04  -6.044403460514537e+04  1.409073178435370e+05  -1.060007523610924e+05  -1.563260229556451e+05  1.000350597633908e-02  8.231851888323741e-03  3.101051024387700e-02
  7.399999999999990e+00  -2.614144841406601e+05  -9.157175311322331e+04  2.249206735185838e+04  2.275934779585022e+05  -1.151726732102144e+05  -1.134256268990041e+05  2.017290964006982e-02  -5.659972995341176e-03  3.144489769334209e-02
  7.499999999999989e+00  -2.988962924549985e+05  -9.659949646045636e+04  6.479619997657441e+04  2.437375891703309e+05  -1.352398847685461e+05  -8.083547797669892e+04  2.857819734473571e-02  -5.712046629315680e-03  3.450290748549087e-02
  7.599999999999989e+00  -2.908019565890438e+05  -5.664330642002429e+04  7.525781706173216e+04  2.115890534377507e+05  -1.568767770834740e+05  -3.828217462943258e+04  3.178426499916821e-02  2.470411807715357e-03  3.383565941680233e-02
  7.699999999999989e+00  -2.421881139958846e+05  -8.049318326150088e+02  6.719253007546495e+04  1.662835032084494e+05  -1.711525763678958e+05  2.500259656008220e+04  2.951735733403391e-02  1.087780888727049e-02  2.637281301013773e-02
  7.799999999999988e+00  -1.797029088732373e+05  3.646916314452049e+04  4.279791371484868e+04  1.382829295572528e+05  -1.737062665992387e+05  9.690850074228695e+04  2.471541277573080e-02  1.347825869457165e-02  1.475303918264079e-02
  7.899999999999988e+00  -1.284158417576224e+05  3.386351977094184e+04  1.605520275221955e+03  1.510982124208327e+05  -1.638171125325583e+05  1.480371738719763e+05  2.050925981635865e-02  7.805610612309093e-03  5.039065275277393e-03
  7.999999999999988e+00  -8.485406127122622e+04  -4.649560727000269e+03  -4.530480216783088e+04  2.139113221084244e+05  -1.430426325508669e+05  1.518643125331721e+05  1.715206825083460e-02  -4.877874365793214e-03  2.451247763407514e-03
  8.099999999999987e+00  -3.438056448205328e+04  -5.711611679158053e+04  -8.356741453762783e+04  3.088132249721095e+05  -1.151112418272319e+05  1.043394791605118e+05  1.300434164682510e-02  -2.011719138070730e-02  7.526464948105725e-03
  8.199999999999987e+00  1.712888520663218e+04  -9.516514734650152e+04  -1.070106454880733e+05  3.938190022519965e+05  -8.550693388282790e+04  3.053245001766567e+04  7.987844635989004e-03  -3.141957104526527e-02  1.573301059489691e-02
  8.299999999999986e+00  4.459277331365395e+04  -9.286411871209041e+04  -1.147901101638608e+05  4.224222988404318e+05  -6.283714203865325e+04  -2.628275374247585e+04  4.231409773374654e-03  -3.267189678199563e-02  2.041055454989498e-02
  8.399999999999986e+00  3.329053593028431e+04  -3.451457282711499e+04  -1.024079247341865e+05  3.707485733553052e+05  -5.733287158231960e+04  -2.799496388587304e+04  3.638024998560267e-03  -2.131894329930831e-02  1.665409794402968e-02
  8.499999999999986e+00  -9.501452921527770e+02  7.507434546961452e+04  -6.443562468669370e+04  2.536461741909729e+05  -7.317489800896513e+04  3.431188660980529e+04  5.595031494003105e-03  -3.619737322427733e-04  4.510347561482801e-03
  8.599999999999985e+00  -2.980496114394019e+04  2.043393700937763e+05  -9.430069494425792e+03  1.140943614223726e+05  -1.029475375293550e+05  1.358900187335535e+05  7.835209082959892e-03  2.301478648899984e-02  -1.115351097311205e-02
  8.699999999999985e+00  -4.257486225705996e+04  3.077763829500978e+05  3.614853765552208e+04  -4.360069037514628e+03  -1.302334598831114e+05  2.327236232558384e+05  8.755428380784825e-03  4.168258356001776e-02  -2.373488938070616e-02
  8.799999999999985e+00  -4.076407439241681e+04  3.531009444333164e+05  4.664280531882331e+04  -7.695730888277234e+04  -1.382310074076903e+05  2.832924357512948e+05  7.427625129569729e-03  5.164822885920331e-02  -2.824600870700743e-02
  8.899999999999984e+00  -7.222206939222502e+03  3.442675073947331e+05  2.252657702552052e+04  -1.036170010873053e+05  -1.189642528922714e+05  2.692878640876617e+05  1.898478184174050e-03  5.309463632276652e-02  -2.363304449898131e-02
  8.999999999999984e+00  9.067685455979094e+04  3.162883514101966e+05  -6.964891771810018e+03  -1.039347835167910e+05  -7.805246555904046e+04  2.044834339874205e+05  -1.037687337156349e-02  4.942921414009709e-02  -1.352317262533843e-02
  9.099999999999984e+00  2.491588992788773e+05  3.014469758385936e+05  -1.192346638588969e+04  -9.911947861321959e+04  -3.034948728399169e+04  1.262088713748864e+05  -2.833977236243245e-02  4.444338304261782e-02  -4.159125797080670e-03
  9.199999999999983e+00  4.000878287845367e+05  3.058452177828592e+05  1.178543902041088e+04  -9.764393262400340e+04  1.162502005236562e+04  6.969870000171114e+04  -4.509388384545465e-02  4.060933742056155e-02  8.716724778672649e-05
  9.299999999999983e+00  4.563366002255622e+05  3.134970116236373e+05  4.704261565884448e+04  -9.432672307515882e+04  4.539348176991104e+04  5.028352857362257e+04  -5.241883822216362e-02  3.849430150795310e-02  -1.083307649521468e-03
  9.399999999999983e+00  3.902829047042818e+05  3.096765463681372e+05  8.286688599975719e+04  -7.977823137823794e+04  7.727413634390004e+04  6.621517053082702e+04  -4.730153280967546e-02  3.749317139048419e-02  -5.000696606494781e-03
  9.499999999999982e+00  2.547861920732984e+05  2.933621311771167e+05  1.240892671563023e+05  -5.198278115702030e+04  1.137610424196637e+05  1.053660814725413e+05  -3.398700619376953e-02  3.682586901057808e-02  -8.768188257771802e-03
  9.599999999999982e+00  1.271887761376926e+05  2.680427117165991e+05  1.753122965556477e+05  -1.632668749940806e+04  1.541612786745109e+05  1.518571445329927e+05  -1.973671503959745e-02  3.555398402245842e-02  -1.145373525249535e-02
  9.699999999999982e+00  5.192799165713837e+04  2.378794798521846e+05  2.288225488973665e+05  1.774607826200713e+04  1.910022636363481e+05  1.908409272991505e+05  -9.531164433257791e-03  3.344494841796407e-02  -1.356916720992378e-02
  9.799999999999981e+00  2.428014928882445e+04  2.089977242379579e+05  2.668222176304120e+05  3.807712422353836e+04  2.138969081964741e+05  2.120925364190597e+05  -4.574315012493984e-03  3.134498665081045e-02  -1.602895884384406e-02
  9.899999999999981e+00  1.538516732831067e+04  1.891034281240139e+05  2.752632159072176e+05  3.642627641101238e+04  2.153810397305452e+05  2.143886512241687e+05  -3.187999723355871e-03  3.054474853666263e-02  -1.910071873751999e-02
  9.999999999999980e+00  2.671487837406883e+03  1.818979957770275e+05  2.527666214748102e+05  1.420127392308035e+04  1.944559605620852e+05  2.035381365707879e+05  -3.028382435849733e-03  3.147660351092096e-02  -2.217797624193023e-02
  1.009999999999998e+01  -1.901999726300399e+04  1.815932047436145e+05  2.081787362092781e+05  -1.536330123940806e+04  1.568163791009921e+05  1.868988461505414e+05  -2.794328089793061e-03  3.279659167223369e-02  -2.457728268732023e-02
  1.019999999999998e+01  -3.884112311979046e+04  1.773658560192632e+05  1.545673914645526e+05  -3.271945978038085e+04  1.135431824457708e+05  1.695745955990854e+05  -2.508097463361397e-03  3.209950610533573e-02  -2.563806100559551e-02
  1.029999999999998e+01  -4.498099872661545e+04  1.621714317791879e+05  1.013805495761508e+05  -2.383740010453128e+04  7.619259900398138e+04  1.529506921777305e+05  -2.820757184344972e-03  2.752448666587767e-02  -2.508568605392524e-02
  1.039999999999998e+01  -3.890440498196465e+04  1.397349063528496e+05  5.042555008950368e+04  1.294955590644492e+04  5.290134546100819e+04  1.354477003566290e+05  -3.562097820828671e-03  1.939272423906188e-02  -2.315314853051851e-02
  1.049999999999998e+01  -3.623170083400643e+04  1.218916133401728e+05  -1.149424275346023e+03  6.583881478860353e+04  4.712440645373431e+04  1.138224180865617e+05  -3.724196501992493e-03  1.023935105317340e-02  -2.031499356386389e-02
  1.059999999999998e+01  -5.171961933047975e+04  1.213285625359520e+05  -5.365055540666163e+04  1.156146979036476e+05  5.764706831016694e+04  8.574152982644488e+04  -2.680543210275457e-03  3.381356968758432e-03  -1.728782368337715e-02
  1.069999999999998e+01  -8.739057620900661e+04  1.380682392355714e+05  -1.024019716122805e+05  1.484826072435201e+05  7.918371761552067e+04  5.263423238586840e+04  -6.957526562675353e-04  4.004451242831590e-04  -1.468606549623672e-02
  1.079999999999998e+01  -1.344881100681584e+05  1.530798449781408e+05  -1.421030851077071e+05  1.641741182609285e+05  1.026788581380454e+05  1.993342513671689e+04  1.372369520017903e-03  -2.043642595265597e-04  -1.283898138332673e-02
  1.089999999999998e+01  -1.772184458196694e+05  1.451193129637244e+05  -1.692368880846754e+05  1.717956077944853e+05  1.174503663845373e+05  -5.694309557993623e+03  2.561121058181706e-03  -1.071588084824120e-03  -1.196502857815052e-02
  1.099999999999998e+01  -2.036512677286876e+05  1.030556379866820e+05  -1.830784497933459e+05  1.788952425681447e+05  1.152874272218206e+05  -2.042365526366806e+04  2.222287312648630e-03  -3.832669024308454e-03  -1.213371454964447e-02
  1.109999999999998e+01  -2.131294838631926e+05  3.082318546582918e+04  -1.854174169205607e+05  1.854491394672885e+05  9.518899782512378e+04  -2.602258179586986e+04  2.992522049400189e-04  -8.207460502982596e-03  -1.308500293797286e-02
  1.119999999999998e+01  -2.109774909559223e+05  -5.395063494119557e+04  -1.773063968190671e+05  1.863371103334720e+05  6.432093030676177e+04  -2.803339022800530e+04  -2.865133217556913e-03  -1.259068634937992e-02  -1.410744039197667e-02
  1.129999999999998e+01  -2.017911595604201e+05  -1.316362570043419e+05  -1.597301045484375e+05  1.777226496582187e+05  3.355336485880315e+04  -3.133083734901307e+04  -6.914350667044295e-03  -1.576227806665738e-02  -1.423496407779215e-02
  1.139999999999998e+01  -1.863551779845249e+05  -1.889554255652440e+05  -1.372666455677518e+05  1.637611656537444e+05  1.210705311113465e+04  -3.657056947814923e+04  -1.126578182214399e-02  -1.769504094967072e-02  -1.278542598111428e-02
  1.149999999999998e+01  -1.659884896225445e+05  -2.266132894943633e+05  -1.187749144667927e+05  1.556856501969263e+05  3.404180445430322e+03  -3.969906632937894e+04  -1.508807047768170e-02  -1.952633605031988e-02  -9.760657465020620e-03
  1.159999999999997e+01  -1.429802999422248e+05  -2.542214533050184e+05  -1.110717991031314e+05  1.643536214058962e+05  4.936279836796347e+03  -3.523008990899360e+04  -1.758552697799423e-02  -2.239309722154086e-02  -5.733911954594416e-03
  1.169999999999997e+01  -1.183107446794289e+05  -2.788495464089921e+05  -1.133803923000639e+05  1.925406492755473e+05  1.137300381096852e+04  -2.149323578343353e+04  -1.844127682590527e-02  -2.630511031331382e-02  -1.343799052140562e-03
  1.179999999999997e+01  -9.428505895895378e+04  -3.029504880441565e+05  -1.194565640083659e+05  2.325195530289222e+05  1.721776126758307e+04  -3.369923537127790e+03  -1.798659174747503e-02  -3.044475300368823e-02  3.091276670568683e-03
  1.189999999999997e+01  -7.221324847241867e+04  -3.231572350345796e+05  -1.218254277257169e+05  2.716835926501330e+05  1.872446874440556e+04  1.021808785649067e+04  -1.692084572034916e-02  -3.388099060164363e-02  7.544185472820314e-03
  1.199999999999997e+01  -5.191250642973886e+04  -3.342175269988665e+05  -1.161675824718737e+05  2.974341296493918e+05  1.377614013035105e+04  1.044267052790292e+04  -1.638496363623751e-02  -3.616674189892118e-02  1.198237220628167e-02
  1.209999999999997e+01  -3.320021327236301e+04  -3.330918272028364e+05  -1.027901098584974e+05  3.022666884528694e+05  2.064606336871680e+03  -7.121192681083814e+03  -1.725279953133208e-02  -3.732344647162887e-02  1.621044788775845e-02
  1.219999999999997e+01  -1.905059057993260e+04  -3.212711714612849e+05  -8.642835625825047e+04  2.856563709063723e+05  -1.436361231475313e+04  -4.118011592015140e+04  -1.952028164714374e-02  -3.754320960740615e-02  1.991629630277492e-02
  1.229999999999997e+01  -1.524511171950905e+04  -3.040968180197110e+05  -7.214884684857000e+04  2.521215100617334e+05  -3.184539876166775e+04  -8.495060305115464e+04  -2.236084927035824e-02  -3.689776130947956e-02  2.270812462131025e-02
  1.239999999999997e+01  -2.405954590435456e+04  -2.846859447694789e+05  -6.074533614544500e+04  2.096761389728639e+05  -4.658884593196225e+04  -1.277197754702762e+05  -2.451351379688700e-02  -3.515123509369257e-02  2.416517199187587e-02
  1.249999999999997e+01  -4.351186600480176e+04  -2.632232455411046e+05  -5.004947640937053e+04  1.659864458137894e+05  -5.637197692625930e+04  -1.592820712672487e+05  -2.513486085968405e-02  -3.206925565825975e-02  2.407863441168121e-02
  1.259999999999997e+01  -6.858656634602848e+04  -2.379521278945485e+05  -3.812717169537678e+04  1.275316114934481e+05  -6.044958031710485e+04  -1.731166743734393e+05  -2.385460721314190e-02  -2.766536380646483e-02  2.268306437058294e-02
  1.269999999999997e+01  -9.474884079129601e+04  -2.071369147339707e+05  -2.576987849702006e+04  9.804166682342740e+04  -5.926012045415510e+04  -1.686692219923992e+05  -2.085079071228966e-02  -2.229270110488483e-02  2.056373530273032e-02
  1.279999999999997e+01  -1.186736466114097e+05  -1.710452493429648e+05  -1.478144735877485e+04  7.855270631711780e+04  -5.438489481359118e+04  -1.501774443794757e+05  -1.676629863782383e-02  -1.665204763321239e-02  1.826497479795227e-02
  1.289999999999997e+01  -1.370300513189928e+05  -1.317668021446306e+05  -5.252608021113607e+03  6.938487553213148e+04  -4.804981526111404e+04  -1.239841196475108e+05  -1.237268368204044e-02  -1.155874375546664e-02  1.602221487170462e-02
  1.299999999999997e+01  -1.482195193773264e+05  -9.436949383289648e+04  3.981441173013158e+03  6.996651861422313e+04  -4.248909182585224e+04  -9.665438528938559e+04  -8.345765485492672e-03  -7.753846464928217e-03  1.386292392439516e-02
  1.309999999999997e+01  -1.525989125345597e+05  -6.455270557326908e+04  1.408820323247772e+04  7.930153525685908e+04  -3.917484385266758e+04  -7.307264493781964e+04  -4.796798670620700e-03  -5.510499589160078e-03  1.182860331503845e-02
  1.319999999999997e+01  -1.529188636196467e+05  -4.599062619340022e+04  2.452500336322782e+04  9.409713550812815e+04  -3.848847717182751e+04  -5.617047171782926e+04  -1.507323674905615e-03  -4.409159295929677e-03  1.007943128134266e-02
  1.329999999999997e+01  -1.511429395338553e+05  -3.817185210802493e+04  3.369154507586593e+04  1.089442996995669e+05  -3.998489137827604e+04  -4.647094109764471e+04  1.608114196471870e-03  -3.620629653281643e-03  8.746111570291032e-03
  1.339999999999997e+01  -1.467399059499975e+05  -3.603212293128409e+04  4.065371492828632e+04  1.186115345340534e+05  -4.278641735993815e+04  -4.227923786757042e+04  4.219069189550566e-03  -2.400015415293336e-03  7.779089724454099e-03
  1.349999999999997e+01  -1.392811901438215e+05  -3.350896737354968e+04  4.557890944320346e+04  1.208481558300644e+05  -4.616190052375901e+04  -4.092304718873643e+04  5.850158195948543e-03  -6.263821610951255e-04  7.043426718995997e-03
  1.359999999999997e+01  -1.297131718117997e+05  -2.636494262724823e+04  4.985897251614476e+04  1.184915657350177e+05  -4.961480983834728e+04  -3.991037287476163e+04  6.418945581291130e-03  1.145514812743682e-03  6.489814006758572e-03
  1.369999999999997e+01  -1.201323250862678e+05  -1.373262105649919e+04  5.521383413050560e+04  1.170419738704534e+05  -5.266443788543058e+04  -3.780867569624750e+04  6.248285304727150e-03  2.157163652833358e-03  6.211760568693924e-03
  1.379999999999997e+01  -1.111991586847055e+05  2.902880424509008e+03  6.347089577194788e+04  1.208436692715173e+05  -5.493384374858698e+04  -3.419731616728179e+04  5.839611655379672e-03  2.042620652500541e-03  6.311700722489351e-03
  1.389999999999997e+01  -1.033872894099306e+05  2.035205524255968e+04  7.512685737926689e+04  1.304725281706777e+05  -5.594789852364125e+04  -2.947524859117892e+04  5.645331265870870e-03  1.060181964807735e-03  6.757302257612821e-03
  1.399999999999997e+01  -9.941779305466979e+04  3.431816404370959e+04  8.819949846035651e+04  1.432617097342029e+05  -5.536092893260888e+04  -2.468455666030453e+04  6.080314150201318e-03  -1.859959496673598e-04  7.368598368125945e-03
  1.409999999999997e+01  -1.022380108635707e+05  4.151471859377000e+04  9.932434887565913e+04  1.558275028305278e+05  -5.308053913240912e+04  -2.081496086110873e+04  7.353774973227918e-03  -1.182136167653958e-03  7.892369108720381e-03
  1.419999999999997e+01  -1.111143420248336e+05  4.214795145463315e+04  1.057832235952613e+05  1.656376272385180e+05  -4.933077661316694e+04  -1.811203058472048e+04  9.194007830596426e-03  -1.718933821363207e-03  8.059786942806253e-03
  1.429999999999997e+01  -1.206756900331440e+05  4.057542917257560e+04  1.069231901953121e+05  1.713625270040901e+05  -4.472583245921500e+04  -1.591557590727426e+04  1.094242826624333e-02  -1.765005639618139e-03  7.641565699025810e-03
  1.439999999999996e+01  -1.253455478233009e+05  4.245230402112853e+04  1.035345298379668e+05  1.724664161484707e+05  -3.985038468355042e+04  -1.310319587032078e+04  1.195739108309650e-02  -1.289047598764551e-03  6.499236178612483e-03
  1.449999999999996e+01  -1.237484852303501e+05  5.116291438986356e+04  9.714550705223434e+04  1.688375634434708e+05  -3.513971078562102e+04  -8.571523190133579e+03  1.203967988141412e-02  -2.081228428480512e-04  4.596708431452358e-03
  1.459999999999996e+01  -1.185085870974699e+05  6.612091613644065e+04  8.975097335957483e+04  1.607786509202718e+05  -3.090222946269605e+04  -1.332676580651433e+03  1.143017955141861e-02  1.502031964936332e-03  2.032971419767582e-03
  1.469999999999996e+01  -1.131840768739676e+05  8.355376826541986e+04  8.333378013002637e+04  1.491661699931278e+05  -2.753644085105648e+04  9.207265866061907e+03  1.052825761971548e-02  3.661729860752478e-03  -9.550809187292215e-04
  1.479999999999996e+01  -1.100278385476038e+05  9.826459797793200e+04  7.867028407679321e+04  1.357187231106703e+05  -2.534185696982687e+04  2.241259793118851e+04  9.661038380346012e-03  5.878203646515655e-03  -3.900688628578177e-03
  1.489999999999996e+01  -1.096980280757672e+05  1.059563461396145e+05  7.457128076380935e+04  1.230117362831661e+05  -2.395055377854939e+04  3.575161902606925e+04  8.983975475409935e-03  7.681805413699542e-03  -6.118167546027302e-03
  1.499999999999996e+01  -1.117481050478731e+05  1.052995059935788e+05  6.924610388893956e+04  1.136200463324165e+05  -2.241878471133187e+04  4.560853708352402e+04  8.527135304988009e-03  8.763877539811634e-03  -6.967735719635072e-03
  1.509999999999996e+01  -1.142012380536886e+05  9.882344647049914e+04  6.278933259847033e+04  1.090779357124163e+05  -2.005311774393740e+04  4.964572603647656e+04  8.229165600552634e-03  9.090411690838957e-03  -6.268779840049476e-03
  1.519999999999996e+01  -1.143376751184604e+05  9.118793648551749e+04  5.766517932078796e+04  1.095556696397050e+05  -1.718842881042180e+04  4.849574882492976e+04  8.002515308488830e-03  8.797290952874652e-03  -4.533903631639729e-03
  1.529999999999996e+01  -1.111908113057772e+05  8.513176417082743e+04  5.590289659890859e+04  1.146726927950103e+05  -1.488182122982825e+04  4.531441490794533e+04  7.870010706477026e-03  7.941508854359656e-03  -2.682015228150719e-03
  1.539999999999996e+01  -1.068937582212552e+05  7.988211270997989e+04  5.617042944666291e+04  1.242132944930776e+05  -1.406500661769125e+04  4.354045319574954e+04  7.987760025127173e-03  6.417330169729802e-03  -1.503105968509639e-03
  1.549999999999996e+01  -1.048977491727082e+05  7.356391575762990e+04  5.443542594393423e+04  1.372903628917889e+05  -1.503515341977790e+04  4.475853579169107e+04  8.454719640694891e-03  4.211742934632706e-03  -1.297094295109427e-03
  1.559999999999996e+01  -1.064702595894485e+05  6.641230561859625e+04  4.763795942673463e+04  1.512282727243220e+05  -1.769772085785578e+04  4.848393392154547e+04  9.083516808430120e-03  1.637743108168227e-03  -1.923891700012742e-03
  1.569999999999996e+01  -1.095964791978172e+05  6.110565456069143e+04  3.643981286365369e+04  1.617718067091025e+05  -2.190320438584174e+04  5.293100129649942e+04  9.428843648727300e-03  -7.073223682691822e-04  -3.037589489698007e-03
  1.579999999999996e+01  -1.118622348013959e+05  5.927689494743365e+04  2.438212586950175e+04  1.652119087923589e+05  -2.739061466817896e+04  5.628011138090103e+04  9.097782101972334e-03  -2.332333785684660e-03  -4.283095534397000e-03
  1.589999999999996e+01  -1.134962012344789e+05  5.910167555561529e+04  1.486589099115048e+04  1.607200853974899e+05  -3.346740704354784e+04  5.745556135383379e+04  8.064721492655590e-03  -3.167565407819277e-03  -5.350878472911932e-03
  1.599999999999996e+01  -1.167197458760085e+05  5.726133957596525e+04  9.589954503113437e+03  1.503928147492538e+05  -3.865288505002238e+04  5.632026453879688e+04  6.622633945389885e-03  -3.444409580023571e-03  -5.979311686324486e-03
  1.609999999999996e+01  -1.226336075087743e+05  5.263591735564030e+04  8.867074779603252e+03  1.372613556144707e+05  -4.109011659643308e+04  5.378382025627716e+04  5.028256371225216e-03  -3.374517917681218e-03  -6.063541861346413e-03
  1.619999999999996e+01  -1.293212643154053e+05  4.778393181281949e+04  1.241625562085485e+04  1.234865507512642e+05  -3.930005413904411e+04  5.124323776601422e+04  3.309922680670299e-03  -2.934549117237120e-03  -5.675849509834583e-03
  1.629999999999996e+01  -1.342579514292461e+05  4.550986790093088e+04  1.883251939683804e+04  1.103367782594274e+05  -3.295362287839981e+04  4.985278059409553e+04  1.423987193479446e-03  -2.070640027991687e-03  -4.980057490918931e-03
  1.639999999999996e+01  -1.370183961052913e+05  4.544399866272556e+04  2.482508698854733e+04  9.926917746842840e+04  -2.312372345219830e+04  4.978599972252068e+04  -4.943650460495413e-04  -9.631179882072134e-04  -4.101987615399825e-03
  1.649999999999996e+01  -1.384155748323855e+05  4.469503009048916e+04  2.657012724581978e+04  9.199473488147071e+04  -1.186736121163507e+04  5.019978122616446e+04  -2.172257824604350e-03  2.475331190800040e-05  -3.089685748174845e-03
  1.659999999999997e+01  -1.378150238207698e+05  4.044882747003045e+04  2.176701182655305e+04  8.928227410740273e+04  -1.770116565084028e+03  4.983469374019215e+04  -3.497096604673713e-03  5.591038265366682e-04  -2.033017500071654e-03
  1.669999999999997e+01  -1.322329739643600e+05  3.210235537477999e+04  1.101277670384248e+04  9.032646121098015e+04  4.971006278963373e+03  4.762536197061196e+04  -4.606387271032035e-03  5.400056864819904e-04  -1.113451491734791e-03
  1.679999999999997e+01  -1.196209815636779e+05  2.028668818385414e+04  -2.986647184719961e+03  9.312419996297341e+04  7.244372423596303e+03  4.290722528312323e+04  -5.672000020613193e-03  6.612679207101431e-05  -4.947439691805910e-04
  1.689999999999997e+01  -1.016913597758532e+05  6.104510109656023e+03  -1.698959776824550e+04  9.552938808407604e+04  5.350940630994908e+03  3.539969824465831e+04  -6.627098226639236e-03  -6.203050133543508e-04  -1.872941814342812e-04
  1.699999999999997e+01  -8.321666077873608e+04  -8.450996102882382e+03  -2.824514277268663e+04  9.597349217810607e+04  8.116204372304082e+02  2.536003051302393e+04  -7.189861031040161e-03  -1.166092333187184e-03  -2.097518946437435e-05
  1.709999999999997e+01  -6.919823086371590e+04  -2.085766389940424e+04  -3.545583863949472e+04  9.397080260318854e+04  -4.356206454195105e+03  1.400370140612372e+04  -7.104730855929903e-03  -1.257289621433906e-03  1.777780519600855e-04
  1.719999999999997e+01  -6.257086528549236e+04  -2.949611834252125e+04  -3.917494059792333e+04  9.034648677403975e+04  -8.399339269382683e+03  3.606379575890614e+03  -6.361334782033268e-03  -8.304131555590837e-04  4.230607009486005e-04
  1.729999999999998e+01  -6.356991561757289e+04  -3.440196591944837e+04  -4.107970015227758e+04  8.700937718575363e+04  -1.037509789115877e+04  -2.864318255476387e+03  -5.182014633457688e-03  -1.107595422171414e-04  5.169337161403949e-04
  1.739999999999998e+01  -7.009701314943279e+04  -3.642569394669273e+04  -4.237630610601632e+04  8.576984404629460e+04  -1.042569343146266e+04  -3.052497764886045e+03  -3.923360670293709e-03  5.785982849821887e-04  2.158156447825006e-04
  1.749999999999998e+01  -7.906489358679017e+04  -3.600142609000460e+04  -4.310826870393786e+04  8.712452097385183e+04  -9.630984385382950e+03  3.360135541789784e+03  -2.907661200801727e-03  1.086919624975075e-03  -5.784930005647366e-04
  1.759999999999998e+01  -8.779057018122441e+04  -3.292018736325608e+04  -4.264262293579750e+04  9.025497527738822e+04  -9.263050605893666e+03  1.405437737957032e+04  -2.281088707164983e-03  1.514465122957580e-03  -1.664869720230043e-03
  1.769999999999998e+01  -9.550485916940014e+04  -2.784997091428565e+04  -4.109325963015832e+04  9.364553958321844e+04  -1.013185594349287e+04  2.482591824680091e+04  -1.998193243857188e-03  2.031764284453696e-03  -2.624190300235679e-03
  1.779999999999998e+01  -1.028081244782301e+05  -2.250567971070670e+04  -3.944369760914807e+04  9.605814440477555e+04  -1.227423945575202e+04  3.172224027496788e+04  -1.920247663826866e-03  2.704091773868383e-03  -3.104384343040799e-03
  1.789999999999998e+01  -1.095800123835878e+05  -1.858536726753846e+04  -3.826491738517835e+04  9.697155506128432e+04  -1.516022756955886e+04  3.301224407867525e+04  -2.016348763637202e-03  3.388087268294846e-03  -3.057883968252495e-03
  1.799999999999999e+01  -1.143670967509976e+05  -1.670983076205263e+04  -3.701965632824445e+04  9.658872832620352e+04  -1.815587067204876e+04  2.986621872043506e+04  -2.342804808746607e-03  3.819323623040042e-03  -2.757322850536426e-03
  1.809999999999999e+01  -1.156111724082785e+05  -1.625119886074401e+04  -3.481199757869136e+04  9.577303338511141e+04  -2.082414734273858e+04  2.517116958432287e+04  -2.884009189527679e-03  3.767516136656801e-03  -2.541524068196515e-03
  1.819999999999999e+01  -1.135601982604710e+05  -1.619616892959212e+04  -3.162062354224737e+04  9.559099327503159e+04  -2.281755674038448e+04  2.152380128085257e+04  -3.439045013101963e-03  3.179762244039298e-03  -2.538209625698634e-03
  1.829999999999999e+01  -1.101782170396034e+05  -1.553972251731757e+04  -2.847720833337294e+04  9.680539763723899e+04  -2.375621201452819e+04  1.986174472629010e+04  -3.688670469513879e-03  2.263349410390827e-03  -2.579843185723101e-03
  1.839999999999999e+01  -1.071333312967725e+05  -1.343568324012902e+04  -2.636822358046277e+04  9.946411424145673e+04  -2.322000950124457e+04  1.931547372404927e+04  -3.480423991851133e-03  1.375739491107335e-03  -2.376261752923825e-03
  1.849999999999999e+01  -1.044918843716254e+05  -9.765234931798870e+03  -2.510320946238777e+04  1.030931493737522e+05  -2.081582267449082e+04  1.837972775932798e+04  -2.954814978363449e-03  8.023239481913751e-04  -1.771302841965655e-03
  1.859999999999999e+01  -1.014050473293260e+05  -5.641971709890227e+03  -2.350537902340823e+04  1.071059723423470e+05  -1.644698810135008e+04  1.602389955266062e+04  -2.404575672118141e-03  6.091361506080310e-04  -8.404899459137018e-04
  1.870000000000000e+01  -9.758760186241411e+04  -3.019441395088796e+03  -2.012444869676753e+04  1.109790342329769e+05  -1.040306852824112e+04  1.218891231062491e+04  -2.066649949768652e-03  6.749744479877108e-04  1.833335915857497e-04
  1.880000000000000e+01  -9.381753868032512e+04  -3.357247682330908e+03  -1.391165092415283e+04  1.142589151682953e+05  -3.400505260845674e+03  7.664665424837428e+03  -1.961483612498270e-03  8.601374510360832e-04  1.097012750181530e-03
  1.890000000000000e+01  -9.120752261654733e+04  -6.421856954397082e+03  -4.618265725649197e+03  1.166237955466922e+05  3.465630138218208e+03  3.418621781954521e+03  -1.946556226504772e-03  1.131482464366288e-03  1.849017739304229e-03
  1.900000000000000e+01  -9.024208063632228e+04  -1.061461630955799e+04  7.036076908381492e+03  1.181553266414377e+05  9.087286274137694e+03  1.002121931106929e+02  -1.884049993157546e-03  1.506231675494567e-03  2.508066485532782e-03
  1.910000000000000e+01  -9.040152394705500e+04  -1.417261528907383e+04  1.931464924430757e+04  1.195111385831436e+05  1.265328326068212e+04  -2.164975971998310e+03  -1.734042865426853e-03  1.944670770854304e-03  3.151306153009087e-03
  1.920000000000000e+01  -9.059946545975792e+04  -1.618505781207834e+04  3.002627207366771e+04  1.215904613881820e+05  1.384983055448788e+04  -3.640084565527557e+03  -1.582445197964842e-03  2.296114182661173e-03  3.742077917652980e-03
  1.930000000000000e+01  -8.984244010551242e+04  -1.681237738928763e+04  3.741011867844246e+04  1.249298349966679e+05  1.286377177810025e+04  -4.635409941175187e+03  -1.552176811541368e-03  2.359261256443353e-03  4.124497947839867e-03
  1.940000000000001e+01  -8.791191723821092e+04  -1.665481655283177e+04  4.093525512846772e+04  1.295154993881695e+05  1.028831990847061e+04  -5.324658607936865e+03  -1.673837723996755e-03  2.010157825104766e-03  4.144061199157477e-03
  1.950000000000001e+01  -8.564075927427987e+04  -1.613908333415756e+04  4.132924267357961e+04  1.348654287625349e+05  7.112603493540191e+03  -5.894896844841865e+03  -1.848423942692930e-03  1.282842828087723e-03  3.791983367439059e-03
  1.960000000000001e+01  -8.430330750713850e+04  -1.515290973042680e+04  4.007696632548823e+04  1.403922838238855e+05  4.500767930570378e+03  -6.721373441918880e+03  -1.899975530541112e-03  3.685477804765242e-04  3.254943255411783e-03
  1.970000000000001e+01  -8.498064863225288e+04  -1.308902116097263e+04  3.868487990344409e+04  1.455720773608847e+05  3.403532551312054e+03  -8.293049941826403e+03  -1.683453876852606e-03  -4.759969539882452e-04  2.811292825797874e-03
  1.980000000000001e+01  -8.779734720761912e+04  -9.306087471358569e+03  3.824980099689441e+04  1.498717109843035e+05  3.994624195620325e+03  -1.079582334639043e+04  -1.186200313696647e-03  -1.057498378887401e-03  2.639083625067198e-03
  1.990000000000001e+01  -9.191802359916946e+04  -3.586269289665840e+03  3.941796982357963e+04  1.528212307346141e+05  5.426492515747382e+03  -1.360433269480149e+04  -5.250211076916638e-04  -1.336793775598836e-03  2.680897261282880e-03
