TITLE = "Temporal Signal for receiver number 01675"
VARIABLES = "Time","xx","yy","zz","xy","yz","xz","u","v","w"
# x1       3.640946160000e+05
# x2       4.733684950000e+06
# x3       -3.000000000000e+03
  0.000000000000000e+00  0.000000000000000e+00  0.000000000000000e+00  0.000000000000000e+00  0.000000000000000e+00  0.000000000000000e+00  0.000000000000000e+00  0.000000000000000e+00  0.000000000000000e+00  0.000000000000000e+00
  1.000000000000000e-01  0.000000000000000e+00  0.000000000000000e+00  0.000000000000000e+00  0.000000000000000e+00  0.000000000000000e+00  0.000000000000000e+00  0.000000000000000e+00  0.000000000000000e+00  0.000000000000000e+00
  2.000000000000000e-01  0.000000000000000e+00  0.000000000000000e+00  0.000000000000000e+00  0.000000000000000e+00  0.000000000000000e+00  0.000000000000000e+00  0.000000000000000e+00  0.000000000000000e+00  0.000000000000000e+00
  3.000000000000000e-01  0.000000000000000e+00  0.000000000000000e+00  0.000000000000000e+00  0.000000000000000e+00  0.000000000000000e+00  0.000000000000000e+00  0.000000000000000e+00  0.000000000000000e+00  0.000000000000000e+00
  4.000000000000000e-01  -5.592507079961165e-19  -1.668450082144945e-19  -3.079711465154117e-20  -7.765207981340548e-20  1.007051353782510e-20  3.978700671499572e-20  4.331834009037511e-26  -1.420179522817086e-29  6.990833310260954e-27
  5.000000000000000e-01  -8.299930078916862e-15  -7.358962871207102e-16  1.045633877266487e-15  9.542073789343049e-17  -3.726433118383102e-16  -1.098828847148515e-15  1.272558997230633e-21  7.534348927240335e-23  -1.432170463075557e-22
  6.000000000000000e-01  4.041896557024511e-12  -1.548987953860818e-13  -1.069924540333225e-12  -6.022851198342552e-13  -2.359649838781614e-13  6.816167657997953e-13  -5.180165843311010e-19  1.406552233864696e-19  1.038584577644798e-19
  7.000000000000000e-01  5.395984306032457e-11  3.494545234647693e-11  7.907910302397019e-11  -4.241298209761052e-11  6.160177785042218e-12  6.832181885106069e-11  -1.352391789450885e-18  -3.813669132130642e-18  -1.092137314006157e-17
  7.999999999999999e-01  9.542841796400370e-10  7.127282931147756e-11  -2.821587240531690e-10  -4.025214851608368e-10  8.204152591915647e-12  4.038936521830600e-10  -8.645484563939688e-17  2.239340092322434e-17  -3.230307220290122e-18
  8.999999999999999e-01  9.643892585408634e-09  -4.385771079823954e-09  -6.039151823671839e-09  -6.766269881179988e-09  -3.205722195609862e-09  2.696437342050671e-09  -1.580264316482004e-15  1.352640266205169e-15  6.571892335460095e-16
  9.999999999999999e-01  -1.730273188417390e-08  -7.913420424753771e-08  -4.823348647096314e-08  -2.197822295251067e-08  -1.168058514977740e-08  -3.383579418562477e-08  -7.099466533815374e-15  1.503626484814914e-14  1.024160727308308e-14
  1.100000000000000e+00  -1.812650115466987e-06  -2.575470391141332e-07  1.651121638573174e-07  7.320679221917919e-07  4.241424445675642e-07  -6.018155100074208e-07  1.028811504641109e-13  -8.114014229172118e-15  3.368624810800273e-14
  1.200000000000000e+00  -6.881699435658820e-06  8.194321276615842e-06  9.068332239753509e-06  6.160085857692274e-06  4.211698787643841e-06  1.205003516049674e-06  7.672568720316594e-13  -1.277286576825294e-12  -8.807113389769982e-13
  1.300000000000000e+00  6.849447479556801e-05  5.681324620562542e-06  -3.219929066109600e-06  -1.633723172421690e-05  -1.516702516716410e-05  1.182359067097305e-05  -3.723160716338858e-12  2.708046499901742e-15  7.701660550507316e-14
  1.400000000000000e+00  -2.630983641600380e-04  -3.119060698521261e-04  -3.077194777678426e-04  -8.786281467717582e-05  -9.011950378362313e-05  -1.350222574099752e-04  2.262365026608400e-11  3.027381937988978e-11  3.251543298244010e-11
  1.500000000000000e+00  1.253860569015832e-03  1.529703151965121e-03  1.019038737885281e-03  7.477713051068259e-04  8.448251988385823e-04  7.505752621193122e-04  -1.255612157121936e-10  -1.733087112871582e-10  -1.470368379480953e-10
  1.600000000000000e+00  -6.843543818097320e-05  -1.486228027578651e-03  -8.432692815052784e-04  -1.903892884367667e-03  -2.674853235016031e-03  -1.502087161899823e-03  -1.059777813794101e-10  2.828014057311282e-10  2.986641748516499e-10
  1.700000000000000e+00  -2.935945896982762e-02  -1.547703751726286e-02  -8.293278582083488e-03  -1.569776405052601e-03  3.295149543809586e-03  -2.622423873807222e-03  2.945903233333204e-09  7.241534234263351e-10  2.145148624495473e-10
  1.800000000000000e+00  1.532792291486017e-01  8.421896584835478e-02  5.486028680349539e-02  2.110524248450698e-02  8.214835092235060e-03  3.286421910275231e-02  -1.345841696717611e-08  -5.434709785514437e-09  -4.747653509535046e-09
  1.900000000000001e+00  -4.799224780081745e-01  -2.553031841907307e-01  -1.914378578287303e-01  -7.315391274213415e-02  -4.564307215192739e-02  -1.323843715126293e-01  3.970322454966289e-08  1.696659577296198e-08  1.808574576648163e-08
  2.000000000000000e+00  1.188778045942432e+00  6.108795854421613e-01  4.930050931782197e-01  1.994982865520180e-01  1.314731030455884e-01  3.564773554388622e-01  -9.551360765314096e-08  -4.318565767837748e-08  -4.592412916253538e-08
  2.100000000000001e+00  -2.395569832223776e+00  -1.243961069565850e+00  -1.034657297897296e+00  -4.109112753486514e-01  -2.071950584298020e-01  -7.067483261840988e-01  1.932017523187260e-07  8.588768926839724e-08  8.478423473716622e-08
  2.200000000000001e+00  4.904099538862642e+00  2.496801831614157e+00  1.951156684467060e+00  1.135184667792297e+00  5.852849197230786e-01  1.208239389405485e+00  -3.731417494216174e-07  -2.110955820104584e-07  -1.397857020717854e-07
  2.300000000000001e+00  -4.986842678360565e+00  -3.756594837305619e+00  -3.726971872457494e+00  -4.262495767482818e-01  -4.045610294593293e-01  -2.645971164382764e+00  4.028377868012400e-07  2.456601933064604e-07  3.177412205137913e-07
  2.400000000000001e+00  -1.419457697301083e+01  -6.237627217953710e+00  -2.107201025143235e+00  -6.599108495132515e+00  -1.248946915750771e+00  7.562931169804412e-01  1.277216985188421e-06  7.172479238791313e-07  -9.946926190143889e-08
  2.500000000000001e+00  -7.406393009052495e+01  -4.133415805752622e+01  -6.301788011190510e+01  -1.695123046673935e+01  -1.831934046167830e+01  -4.039880658281822e+01  6.170706126216066e-06  2.408591022840639e-06  6.252412599188177e-06
  2.600000000000001e+00  -8.077044445311018e+02  -4.135009204199293e+02  -4.662610370144150e+02  -1.919540410930128e+02  -8.424787298671755e+01  -2.103175096207144e+02  6.786678634952646e-05  2.818920655016650e-05  3.167131600759229e-05
  2.700000000000001e+00  -2.045468788127213e+03  -9.837986988748465e+02  -9.580842841802224e+02  -5.394016105298427e+02  -1.471480072992377e+02  -3.492104758457170e+02  1.725608912693779e-04  7.230748913000641e-05  5.112032577397507e-05
  2.800000000000001e+00  -2.337835163550132e+03  -1.003906803044161e+03  -8.185372888490463e+02  -6.880925932344348e+02  -1.375784804778148e+02  -3.099654157978722e+02  1.962348146923990e-04  8.245062148296089e-05  3.852410597498437e-05
  2.900000000000001e+00  -1.548370304477349e+03  -4.602360608410560e+02  -1.609893452772782e+02  -5.507417846727992e+02  -9.650064701342960e+01  -2.261757919740450e+02  1.287982842500401e-04  5.355701105615811e-05  1.350934789862120e-05
  3.000000000000001e+00  -1.825366650267976e+03  -4.911804105511108e+02  -9.499024785619567e+01  -6.575011705887041e+02  -1.213551998826108e+02  -2.940274984328112e+02  1.532009100139577e-04  6.423865391015175e-05  1.316770065145961e-05
  3.100000000000001e+00  -3.820184995101116e+03  -1.360375111925723e+03  -8.146813013680537e+02  -1.238386262637100e+03  -1.904272384255326e+02  -4.406796847358801e+02  3.236275033306924e-04  1.348043275615004e-04  3.909330027744896e-05
  3.200000000000002e+00  -7.342214398041615e+03  -2.910811733706289e+03  -2.170197075524186e+03  -2.234096617316738e+03  -3.815620860830413e+02  -8.938865584537297e+02  6.146871999997925e-04  2.577506360462162e-04  1.129874353985038e-04
  3.300000000000002e+00  -1.299713684761065e+04  -5.368971821353265e+03  -4.419350834941733e+03  -3.897292580564995e+03  -7.704769626176412e+02  -1.755223208243997e+03  1.083401713888433e-03  4.526288557188518e-04  2.445347748477765e-04
  3.400000000000002e+00  -2.698763969117287e+04  -1.168782947037928e+04  -1.048267359765689e+04  -7.679157778971990e+03  -1.750533815607110e+03  -4.142876183058758e+03  2.241792745559444e-03  9.329476822830952e-04  5.738210439082367e-04
  3.500000000000002e+00  -6.027826162328582e+04  -2.676327820635214e+04  -2.400206544572908e+04  -1.675590543718633e+04  -3.685449695115884e+03  -8.728962807781607e+03  5.024150835925690e-03  2.089567617233608e-03  1.213373560309044e-03
  3.600000000000002e+00  -1.134108622367172e+05  -4.992305971390811e+04  -4.295858517616881e+04  -3.205653760323446e+04  -6.161124640282975e+03  -1.443858317980453e+04  9.455813440969421e-03  3.948566382373150e-03  1.990586647155507e-03
  3.700000000000002e+00  -1.804930001587902e+05  -7.707727129788161e+04  -6.201893833920328e+04  -5.251190650428824e+04  -8.635848814016445e+03  -2.021221968123348e+04  1.502474898852722e-02  6.295335607172259e-03  2.691242481637147e-03
  3.800000000000002e+00  -2.481841237512061e+05  -1.010626433834498e+05  -7.331761358259033e+04  -7.540056651397911e+04  -1.075505896829286e+04  -2.472121654329790e+04  2.061693047282226e-02  8.707322290206357e-03  3.063649482697483e-03
  3.900000000000002e+00  -3.175502133531859e+05  -1.223307033055754e+05  -7.689687709222046e+04  -1.009727786442283e+05  -1.172203361276042e+04  -2.652167722658737e+04  2.632963796816589e-02  1.122336276986341e-02  2.938446092248522e-03
  4.000000000000002e+00  -4.097250333566559e+05  -1.508698358595424e+05  -8.314679712838160e+04  -1.338129052007109e+05  -1.255021766789634e+04  -2.804745392223245e+04  3.392682034999383e-02  1.445857173805250e-02  2.832508440906475e-03
  4.100000000000001e+00  -5.177476893665070e+05  -1.842976453003812e+05  -9.245538088048612e+04  -1.730754835164757e+05  -1.413187788315698e+04  -3.109245025903125e+04  4.275864317592994e-02  1.825848868803106e-02  3.186263716110128e-03
  4.200000000000001e+00  -6.227708715144510e+05  -2.137993882705803e+05  -9.807210190289502e+04  -2.142841785978324e+05  -1.593455364278607e+04  -3.490067309937905e+04  5.112117499809842e-02  2.198618394846223e-02  3.737210443120640e-03
  4.300000000000001e+00  -7.288839085927836e+05  -2.390813873480812e+05  -9.670616207106628e+04  -2.573852113178894e+05  -1.703506249035274e+04  -3.717919465568584e+04  5.940241787581112e-02  2.557588628859976e-02  3.697387534770440e-03
  4.400000000000000e+00  -8.524154620170831e+05  -2.682846215865079e+05  -9.410129731377012e+04  -3.064988486907047e+05  -1.795882329121846e+04  -3.838285724194952e+04  6.899446762110209e-02  2.969973673561810e-02  2.840113311804499e-03
  4.500000000000000e+00  -9.765450898977572e+05  -2.962248611965492e+05  -8.347521618461264e+04  -3.604420863730137e+05  -1.882204328627399e+04  -3.881399561178138e+04  7.857674754345458e-02  3.415231781159678e-02  1.411013508439713e-03
  4.600000000000000e+00  -1.095849117946396e+06  -3.176801848595289e+05  -6.486604555241316e+04  -4.158034511190474e+05  -2.054825964633554e+04  -4.273254736361281e+04  8.750932250937635e-02  3.827349533035626e-02  7.371973342412618e-05
  4.699999999999999e+00  -1.227382999497558e+06  -3.403077054761530e+05  -4.547296299566028e+04  -4.738862547224773e+05  -2.392791824547244e+04  -5.355110966643014e+04  9.725679704514491e-02  4.238333718645113e-02  -4.906722297875209e-04
  4.799999999999999e+00  -1.383238637858715e+06  -3.746150338153598e+05  -3.087423158215592e+04  -5.422200975295104e+05  -2.961865474925915e+04  -6.676383865007391e+04  1.089299407043330e-01  4.800579522419534e-02  -1.033185828600731e-03
  4.899999999999999e+00  -1.485772137261419e+06  -3.680549684118106e+05  5.154010157320377e+04  -6.039937291642976e+05  -1.863097548662219e+04  -4.019940247338451e+04  1.162325734975351e-01  5.142067899283216e-02  -8.105310735426367e-03
  4.999999999999998e+00  -1.533190601345501e+06  -3.316478968064836e+05  1.650714760075471e+05  -6.485182565819682e+05  1.592750980168320e+03  -7.593111859542562e+01  1.185251303955312e-01  5.235684210736800e-02  -1.702676868716071e-02
  5.099999999999998e+00  -1.540791150281938e+06  -2.794901161960073e+05  2.495132425997316e+05  -6.775821366313747e+05  1.029585154765508e+04  8.742549651508396e+03  1.169762212051231e-01  5.131591336033875e-02  -1.887997023577381e-02
  5.199999999999998e+00  -1.496670937548216e+06  -1.847710880137477e+05  3.168869379949849e+05  -6.716117900113026e+05  9.732930599396799e+03  -9.268558198894234e+02  1.102390099075031e-01  4.491363941829377e-02  -1.539134785016030e-02
  5.299999999999997e+00  -1.409014573221394e+06  -9.729247091404461e+04  3.537979207346867e+05  -6.650186208065581e+05  6.267255601806997e+03  -3.392567320115704e+03  9.983037441044303e-02  3.964799741658681e-02  -1.151942930830600e-02
  5.399999999999997e+00  -1.357414755562267e+06  -6.393503509250365e+04  3.526828999964275e+05  -6.824995285499034e+05  6.692033916131708e+03  8.912119535031054e+03  9.237323824134755e-02  3.904961704258593e-02  -1.024274293170308e-02
  5.499999999999996e+00  -1.398409991248407e+06  -6.002997984544274e+04  3.210622807585102e+05  -6.924082549087852e+05  9.777523759206821e+03  2.641262366250729e+04  9.199086987708001e-02  3.705221728978429e-02  -9.838628792981811e-03
  5.599999999999996e+00  -1.380032920793523e+06  -9.556641751110114e+03  3.488683722072649e+05  -6.932591624502405e+05  1.157403598451739e+04  3.911643390543038e+04  8.705673948717055e-02  3.262161834401507e-02  -6.078361415936685e-03
  5.699999999999996e+00  -1.309130560525688e+06  7.128872443134134e+04  4.269163270374808e+05  -6.975559618731963e+05  1.168147948547255e+04  3.476345293886834e+04  7.754638923855264e-02  2.898237691745275e-02  2.654305097995905e-03
  5.799999999999995e+00  -1.276929677907260e+06  1.278240418488157e+05  4.562372449685443e+05  -6.984811983165392e+05  5.519391407225075e+03  5.697107580256851e+03  7.138904071620848e-02  2.701243214612295e-02  1.514940084910943e-02
  5.899999999999995e+00  -1.230980620203688e+06  1.712469609806997e+05  4.322257812885296e+05  -6.853223487611869e+05  -2.640730388674755e+03  -2.596381901181842e+04  6.538135288017057e-02  2.462090444840653e-02  2.649913107565062e-02
  5.999999999999995e+00  -1.175401298572298e+06  2.062736316377678e+05  3.677169460205087e+05  -6.630458947260759e+05  -1.482081821316360e+04  -5.233468169795022e+04  5.911624164104182e-02  2.147102842763937e-02  3.629427360481376e-02
  6.099999999999994e+00  -1.122925434525137e+06  2.346202988437053e+05  2.779856824152480e+05  -6.365301896923640e+05  -4.047393642473155e+04  -8.646438489563891e+04  5.329486677574519e-02  1.764309959964510e-02  4.773160831788740e-02
  6.199999999999994e+00  -1.027060665005745e+06  2.777332406207823e+05  2.191168634779296e+05  -6.000247396528826e+05  -7.042383878000258e+04  -1.225210289693276e+05  4.466164387530758e-02  1.265366778203394e-02  5.961666008526187e-02
  6.299999999999994e+00  -9.518634081174455e+05  2.984035063005141e+05  1.782427783878839e+05  -5.726135581675145e+05  -8.849621763405812e+04  -1.413937005693954e+05  3.910124585993505e-02  9.911005384877433e-03  6.926897764991982e-02
  6.399999999999993e+00  -9.603843400959943e+05  2.917068888317385e+05  1.247759720185132e+05  -5.661334421496426e+05  -9.608047208634768e+04  -1.599983304575140e+05  4.151270251773938e-02  1.034057458031835e-02  8.174035532114536e-02
  6.499999999999993e+00  -9.788736056864534e+05  3.152327962385267e+05  5.504478235656520e+04  -5.448066640998727e+05  -1.238287652471559e+05  -2.120656504934843e+05  4.417597388908956e-02  7.083982633440068e-03  1.017103756103028e-01
  6.599999999999993e+00  -9.680511377754383e+05  3.597158794289331e+05  -3.717239529667875e+04  -4.950506889999150e+05  -1.841079275962833e+05  -2.732487167608633e+05  4.381426400015346e-02  -1.443095589631568e-03  1.232007822251326e-01
  6.699999999999992e+00  -9.314626188874181e+05  3.825026876432414e+05  -1.112900997899419e+05  -4.557138732596990e+05  -2.244156640406055e+05  -2.792937341824043e+05  4.251254023054944e-02  -6.243499689924153e-03  1.344841876591104e-01
  6.799999999999992e+00  -8.273016392528377e+05  3.537494195161343e+05  -1.328954889106703e+05  -4.579956681420821e+05  -1.904367056098829e+05  -2.073980895446230e+05  3.543119645739787e-02  -9.886166606255121e-05  1.256443249667704e-01
  6.899999999999991e+00  -6.459795795010318e+05  2.728570498875614e+05  -6.836138420529000e+04  -4.801469068287851e+05  -9.111419667987894e+04  -6.697806907719380e+04  1.939654208352792e-02  1.320496294978883e-02  9.638538267332583e-02
  6.999999999999991e+00  -4.871426111972750e+05  1.863800227010303e+05  1.246094168892204e+05  -4.682281896087039e+05  2.463321218019139e+04  1.388377061573993e+05  6.047445563514461e-03  2.284299609387239e-02  5.918451810226047e-02
  7.099999999999991e+00  -4.382085276801295e+05  1.462777251716442e+05  3.766605199325267e+05  -3.986783977323372e+05  1.130798736984025e+05  3.756851033526809e+05  7.040002485874500e-03  2.120283674604942e-02  2.760089073417723e-02
  7.199999999999990e+00  -4.381866386872240e+05  1.758791878466420e+05  5.288507455297164e+05  -3.046106337846204e+05  1.627224403421739e+05  5.550452372374665e+05  1.312091915557871e-02  1.029280072817554e-02  4.400494133068591e-03
  7.299999999999990e+00  -3.715764059073415e+05  2.563026921453413e+05  4.977675331459609e+05  -2.384783643148984e+05  1.931225197718378e+05  6.187230529573760e+05  7.255360701933584e-03  -1.388533101947906e-03  -1.605047779410361e-02
  7.399999999999990e+00  -2.179806491204422e+05  3.331013326438391e+05  3.424967100456703e+05  -2.207310227670050e+05  2.192367041872133e+05  6.113780799449309e+05  -1.210949693522956e-02  -8.010157367395099e-03  -3.989005690182878e-02
  7.499999999999989e+00  -4.319108738485836e+04  3.663167610177606e+05  1.854251096712636e+05  -2.332865546205938e+05  2.397671920440336e+05  6.250122839591906e+05  -3.391611414123381e-02  -9.600638416105787e-03  -6.760756470795629e-02
  7.599999999999989e+00  8.460256120207797e+04  3.604582807137832e+05  9.573616340530774e+04  -2.490050774983147e+05  2.532710540613175e+05  6.920013982880391e+05  -4.897508027142034e-02  -9.808484970139206e-03  -9.290937466516656e-02
  7.699999999999989e+00  1.342619062641092e+05  3.419541830054271e+05  6.497552564339597e+04  -2.583786900784677e+05  2.639554284943005e+05  7.615522193602417e+05  -5.549115895172535e-02  -1.156821887886113e-02  -1.080845635462751e-01
  7.799999999999988e+00  1.192476026248326e+05  3.288995040645945e+05  5.488907946268342e+04  -2.662836129444907e+05  2.763822729166287e+05  7.773847815385917e+05  -5.743284350356763e-02  -1.458023817393487e-02  -1.114637600802571e-01
  7.899999999999988e+00  6.677205473112559e+04  3.156320422293849e+05  3.354573977086932e+04  -2.741596895595309e+05  2.883054133452045e+05  7.371051023726786e+05  -5.794256238547980e-02  -1.763306328013203e-02  -1.070416758863217e-01
  7.999999999999988e+00  -7.979500194233333e+03  2.899593570397358e+05  -4.577033200261877e+03  -2.769116698531831e+05  2.966236720183566e+05  6.758991057151165e+05  -5.610068378475023e-02  -2.004274537772098e-02  -9.786901880076249e-02
  8.099999999999987e+00  -9.221105226689375e+04  2.567058761706274e+05  -3.465556718421903e+04  -2.747090504832852e+05  3.054762080276451e+05  6.271055781824236e+05  -5.068901700127831e-02  -2.058301637455375e-02  -8.473887339079754e-02
  8.199999999999987e+00  -1.786065177377520e+05  2.288544623255302e+05  -2.613997197750228e+04  -2.769723552076940e+05  3.167670512117482e+05  5.971492522484263e+05  -4.273720730084653e-02  -1.796072875916901e-02  -6.865694771991317e-02
  8.299999999999986e+00  -2.606782026067413e+05  2.094757841856205e+05  2.939416846737844e+04  -2.869388548862337e+05  3.213058088065931e+05  5.716771237290723e+05  -3.508948088599931e-02  -1.320212692755207e-02  -5.202932231247862e-02
  8.399999999999986e+00  -3.053710436371295e+05  1.964866686174857e+05  1.143319544763617e+05  -2.910822617170227e+05  3.108024481215946e+05  5.377196206515881e+05  -3.178560577189600e-02  -9.584063851409265e-03  -3.712552687009076e-02
  8.499999999999986e+00  -2.732242816864108e+05  1.882865666093981e+05  1.913705503664499e+05  -2.704863427813321e+05  2.892739768101561e+05  4.985120192896862e+05  -3.549105392200793e-02  -9.669193042694684e-03  -2.609230442672884e-02
  8.599999999999985e+00  -1.854659386486826e+05  1.665298029391458e+05  2.173413500684778e+05  -2.246637718801125e+05  2.650333471865134e+05  4.692147739737145e+05  -4.365464130765426e-02  -1.304592831224340e-02  -2.196416534960449e-02
  8.699999999999985e+00  -1.201498960068801e+05  1.046980388658986e+05  1.800648819686093e+05  -1.773113636100400e+05  2.414040957001320e+05  4.561237533292220e+05  -4.989181445291707e-02  -1.715591653944961e-02  -2.513938608380714e-02
  8.799999999999985e+00  -1.182331893748320e+05  1.477578239230930e+04  1.187084985044419e+05  -1.467706545125988e+05  2.179396160771137e+05  4.474206164702004e+05  -5.111017466653279e-02  -2.053977152477316e-02  -3.096436409433725e-02
  8.899999999999984e+00  -1.473937997909800e+05  -5.754385049029165e+04  8.054605342895866e+04  -1.260922057274161e+05  1.937843073367038e+05  4.275503602486931e+05  -4.994119172473271e-02  -2.382012729126816e-02  -3.390054297845555e-02
  8.999999999999984e+00  -1.685368314054779e+05  -9.537750836549746e+04  6.430525911467268e+04  -1.026020977809265e+05  1.658596899338555e+05  3.914163149525525e+05  -4.916835516497130e-02  -2.721098747571207e-02  -3.271261247746218e-02
  9.099999999999984e+00  -1.804562020429436e+05  -1.283704766122189e+05  2.686981151983553e+04  -7.876692240303647e+04  1.263295283818670e+05  3.381640143010116e+05  -4.841646537729175e-02  -2.947895841054772e-02  -3.013586837140915e-02
  9.199999999999983e+00  -1.913533414881331e+05  -1.820301743969330e+05  -6.028482354710050e+04  -6.592955316006548e+04  7.094633159796738e+04  2.645109294718266e+05  -4.719214309633082e-02  -2.976929986783163e-02  -2.869484910021825e-02
  9.299999999999983e+00  -1.946295870147460e+05  -2.413382979799359e+05  -1.774599097982033e+05  -6.946963980745191e+04  9.630342819508101e+03  1.719639664737040e+05  -4.696478334038311e-02  -2.839405258516839e-02  -2.771999563580986e-02
  9.399999999999983e+00  -1.961607856945327e+05  -2.777037880892199e+05  -2.801935736228585e+05  -8.652335915967515e+04  -4.050839459642528e+04  6.956429592359847e+04  -4.799593811014584e-02  -2.543700457264378e-02  -2.446447619703668e-02
  9.499999999999982e+00  -2.295064366068312e+05  -2.851777423593256e+05  -3.411128185369685e+05  -1.106312609565555e+05  -7.140303168754613e+04  -3.312568683290874e+04  -4.758646870112913e-02  -2.050307524080222e-02  -1.752071956246424e-02
  9.599999999999982e+00  -3.105770024512300e+05  -2.731548849881490e+05  -3.613019005282750e+05  -1.336246379135021e+05  -8.696524034049049e+04  -1.302291209909807e+05  -4.391902333545580e-02  -1.437069625946747e-02  -8.913802718271647e-03
  9.699999999999982e+00  -4.092044337371895e+05  -2.463033053248875e+05  -3.591155392140660e+05  -1.491351209583487e+05  -9.407608150941733e+04  -2.158039476591400e+05  -3.873988293030335e-02  -9.197207524158368e-03  -3.078796194592969e-03
  9.799999999999981e+00  -4.907533484643486e+05  -2.070986355604844e+05  -3.512716680868596e+05  -1.574638959901233e+05  -9.654375447686014e+04  -2.845443390670993e+05  -3.472587256581848e-02  -6.399673345283617e-03  -2.043383536734673e-03
  9.899999999999981e+00  -5.533530605071308e+05  -1.639580855311273e+05  -3.368233545165383e+05  -1.632222064382046e+05  -9.518886212629190e+04  -3.373817759018335e+05  -3.199067858550156e-02  -5.308793215837817e-03  -2.361319412619744e-03
  9.999999999999980e+00  -6.134071795858721e+05  -1.286154591624361e+05  -3.046615655244397e+05  -1.700560334623816e+05  -9.063750999740488e+04  -3.788152236031682e+05  -2.858975205994164e-02  -4.288300123454108e-03  1.568970079848044e-03
  1.009999999999998e+01  -6.756773835496344e+05  -1.069466092752156e+05  -2.527889757379727e+05  -1.800114817890530e+05  -8.434865982447304e+04  -4.100407165312835e+05  -2.365874776113640e-02  -2.466281051993248e-03  1.171470916895702e-02
  1.019999999999998e+01  -7.320618570271432e+05  -9.698881015379110e+04  -1.939911640617261e+05  -1.940831210000468e+05  -7.779550999697695e+04  -4.283477590050834e+05  -1.802889172159785e-02  -8.612838837796423e-05  2.430927494910225e-02
  1.029999999999998e+01  -7.785825837307471e+05  -9.479006063606041e+04  -1.411218674812053e+05  -2.123905162100451e+05  -7.236620165232285e+04  -4.308329770986847e+05  -1.255650833702701e-02  2.235906676701860e-03  3.379662317750226e-02
  1.039999999999998e+01  -8.173420984000601e+05  -9.784276937820077e+04  -9.309124658144281e+04  -2.354528813538030e+05  -7.003936443684368e+04  -4.184808174377311e+05  -7.455646043922223e-03  4.127302963569212e-03  3.822032416991082e-02
  1.049999999999998e+01  -8.468636520594952e+05  -1.037024483019672e+05  -3.732702680106082e+04  -2.643690652281429e+05  -7.264625531163180e+04  -3.969268191784974e+05  -2.553352089452134e-03  5.590611531613397e-03  3.998147423153649e-02
  1.059999999999998e+01  -8.644848770700288e+05  -1.109655936361154e+05  3.207888312773197e+04  -2.979321420126744e+05  -7.763654478449521e+04  -3.694859241388381e+05  2.604676685917954e-03  6.543926453456743e-03  4.188306094794010e-02
  1.069999999999998e+01  -8.740759806671090e+05  -1.188780455388654e+05  1.045267294044136e+05  -3.308255042660856e+05  -7.800450884654328e+04  -3.333002856971428e+05  8.620545026151909e-03  6.718928967205954e-03  4.389687440922961e-02
  1.079999999999998e+01  -8.809476056511038e+05  -1.244131713566962e+05  1.633920495053060e+05  -3.576275952687064e+05  -7.004586164777516e+04  -2.850797527542381e+05  1.527787221253570e-02  6.191058191321172e-03  4.421472354042748e-02
  1.089999999999998e+01  -8.836390261989433e+05  -1.234843727674801e+05  2.015944754668543e+05  -3.769416430487490e+05  -5.776716380339902e+04  -2.277921303329496e+05  2.099352903019642e-02  5.479442370624091e-03  4.213996253882098e-02
  1.099999999999998e+01  -8.764008104438765e+05  -1.141193255593110e+05  2.262024418415844e+05  -3.898784993996819e+05  -4.745698037889267e+04  -1.693775675388162e+05  2.425773958762006e-02  5.128446664303119e-03  3.854099929492514e-02
  1.109999999999998e+01  -8.599747118506287e+05  -9.900748932248923e+04  2.465559855457158e+05  -3.977435040803454e+05  -4.081982806773428e+04  -1.149454173719888e+05  2.537135351104002e-02  5.331646768761550e-03  3.431935037834614e-02
  1.119999999999998e+01  -8.414413707191672e+05  -8.277654924396359e+04  2.648893804163146e+05  -4.015606623846594e+05  -3.526206597466997e+04  -6.429711952190937e+04  2.594310608530673e-02  5.845806578682881e-03  2.973790331333090e-02
  1.129999999999998e+01  -8.222812397998287e+05  -6.682410700329469e+04  2.794397200085740e+05  -4.012163835659812e+05  -2.809485130858122e+04  -1.661138523117527e+04  2.658117034950010e-02  6.028497628239866e-03  2.510703350300509e-02
  1.139999999999998e+01  -7.972605117368862e+05  -5.079211848154698e+04  2.878719640214887e+05  -3.943867294360356e+05  -1.909938890065197e+04  2.618954716408772e+04  2.619523455534051e-02  5.137116297308773e-03  2.113950244976520e-02
  1.149999999999998e+01  -7.658077241675422e+05  -3.661852256229064e+04  2.857805853199813e+05  -3.783058112707777e+05  -1.091809104760441e+04  6.194194054975636e+04  2.377953046990420e-02  2.859781773618665e-03  1.809905714454365e-02
  1.159999999999997e+01  -7.335868009719374e+05  -2.680202904764676e+04  2.686834284843243e+05  -3.541025661261340e+05  -7.357748053516053e+03  9.122036601991263e+04  1.958566178098704e-02  -3.567972350990645e-04  1.534349911979154e-02
  1.169999999999997e+01  -7.005063882031800e+05  -2.070632988785743e+04  2.375597655995088e+05  -3.285053737117137e+05  -1.009629670383682e+04  1.153481972911120e+05  1.439429483984951e-02  -3.518120338120151e-03  1.214980776072708e-02
  1.179999999999997e+01  -6.594625404659371e+05  -1.602366973302358e+04  1.988687252912914e+05  -3.096512453140152e+05  -1.751077934194880e+04  1.339808723976277e+05  8.812684341446515e-03  -5.774859355761361e-03  8.541503125124425e-03
  1.189999999999997e+01  -6.107479587173434e+05  -1.144275166499314e+04  1.609614453975946e+05  -3.009525101839937e+05  -2.624052418335470e+04  1.463217207743734e+05  3.692184708417908e-03  -6.856687823223994e-03  5.039400839202905e-03
  1.199999999999997e+01  -5.690138764632890e+05  -5.637464433214899e+03  1.325396239819088e+05  -3.002031667518818e+05  -3.238823556232319e+04  1.539376655493629e+05  2.807275037804014e-04  -6.915813626151194e-03  2.051132297656578e-03
  1.209999999999997e+01  -5.505869399861901e+05  4.007739018570438e+03  1.196865310183673e+05  -3.041045460146346e+05  -3.239625721129733e+04  1.602264274463227e+05  -8.350344966929103e-04  -6.059909695047847e-03  -3.974287473219142e-04
  1.219999999999997e+01  -5.562554675873100e+05  1.886296264849786e+04  1.194258426964187e+05  -3.113053138225285e+05  -2.481353388995067e+04  1.665475652878646e+05  -5.699671472996014e-04  -4.229475341976730e-03  -2.365826938180457e-03
  1.229999999999997e+01  -5.707430936165593e+05  3.595747666134939e+04  1.192815776197598e+05  -3.209401700692949e+05  -1.236797684768652e+04  1.705986832917513e+05  -5.581580773589527e-04  -1.648229107415993e-03  -3.550943128980519e-03
  1.239999999999997e+01  -5.780974638164775e+05  5.049112758353617e+04  1.093566109853502e+05  -3.301209362826833e+05  -1.580887924006995e+03  1.697714466829219e+05  -1.511529995901662e-03  8.805940196650762e-04  -3.452727988124597e-03
  1.249999999999997e+01  -5.745007407935738e+05  6.032975197475063e+04  9.414645393052540e+04  -3.344163456020877e+05  2.414131859031626e+03  1.657611689729461e+05  -2.728305836019570e-03  2.313392292954347e-03  -2.042557021988325e-03
  1.259999999999997e+01  -5.664301272186012e+05  6.572173941863466e+04  8.827580985838367e+04  -3.314755601523064e+05  8.088348580924230e+02  1.637153421044544e+05  -3.124195616957295e-03  2.196237817282133e-03  -1.121149174156379e-04
  1.269999999999997e+01  -5.598311157763440e+05  6.650398084731556e+04  9.929360895879377e+04  -3.237251173716019e+05  -4.379299210119377e+02  1.669233907505293e+05  -2.442729897623102e-03  1.019790389047781e-03  1.172117332200008e-03
  1.279999999999997e+01  -5.540875144267158e+05  6.287873726968008e+04  1.184751719846726e+05  -3.176974821076111e+05  4.165678441126855e+03  1.739115338163439e+05  -1.351582020581965e-03  -1.610773328581141e-04  1.119499705411971e-03
  1.289999999999997e+01  -5.465785973589733e+05  5.791021607745752e+04  1.305886978875547e+05  -3.196328965985034e+05  1.599011932062035e+04  1.806304701560292e+05  -4.641695765625136e-04  -4.236763457748451e-04  -7.855680402950385e-05
  1.299999999999997e+01  -5.387386523154764e+05  5.625598452363457e+04  1.279986938718358e+05  -3.294216608580577e+05  3.162417348838743e+04  1.851072543960553e+05  2.269603122181237e-04  2.683942987222019e-04  -1.832517837736930e-03
  1.309999999999997e+01  -5.337085608177213e+05  5.973064629615418e+04  1.143179164698645e+05  -3.402371675085325e+05  4.532689118977799e+04  1.889395896585269e+05  9.057537820297457e-04  1.129616558414341e-03  -3.946566730376493e-03
  1.319999999999997e+01  -5.307205382001300e+05  6.537888262006954e+04  9.834622343604991e+04  -3.454282505629127e+05  5.264096140664834e+04  1.935086032761882e+05  1.426449446206566e-03  1.439958032677264e-03  -6.699703611321841e-03
  1.329999999999997e+01  -5.260516627213240e+05  6.784112085622433e+04  8.676130086167784e+04  -3.448787120075336e+05  5.308941216096630e+04  1.959777336182904e+05  1.421126509528276e-03  1.186657413435690e-03  -9.934864334846879e-03
  1.339999999999997e+01  -5.188157436491546e+05  6.328813613406708e+04  8.184696156491207e+04  -3.434359079542059e+05  5.025709775356678e+04  1.908947268172706e+05  6.908591763008791e-04  8.236579521309652e-04  -1.244812376700107e-02
  1.349999999999997e+01  -5.135112598219968e+05  5.271106465398462e+04  8.285685026362368e+04  -3.433069895546140e+05  4.811131107636309e+04  1.758863326535988e+05  -5.498186245910401e-04  5.269778015566224e-04  -1.271253521323213e-02
  1.359999999999997e+01  -5.164642571436720e+05  4.082725878530785e+04  8.587749454144434e+04  -3.408536413372352e+05  4.809399468889808e+04  1.550568838566971e+05  -1.793260091917231e-03  -2.680861944260957e-05  -1.028817315499735e-02
  1.369999999999997e+01  -5.291509762641956e+05  3.236190676980159e+04  8.470867802309441e+04  -3.315441395528202e+05  4.964125970716861e+04  1.355927269508253e+05  -2.669501878899911e-03  -1.106554782489075e-03  -6.358456549866173e-03
  1.379999999999997e+01  -5.458451466114331e+05  2.997659226205449e+04  7.639542174064185e+04  -3.164816134723069e+05  5.203334661721506e+04  1.214389779139004e+05  -3.145211373186910e-03  -2.329206453738914e-03  -2.819712632537878e-03
  1.389999999999997e+01  -5.594082304286837e+05  3.296568328880436e+04  6.490673967710588e+04  -3.028536894506651e+05  5.561143933549888e+04  1.119445511595547e+05  -3.269196744710583e-03  -2.895648854083316e-03  -9.850383708787040e-04
  1.399999999999997e+01  -5.671038816076070e+05  3.747191907348091e+04  5.841989760375277e+04  -2.978879063152084e+05  6.054720689732477e+04  1.047734151167647e+05  -3.013027105948650e-03  -2.328016792270921e-03  -9.250593114548255e-04
  1.409999999999997e+01  -5.697927366309321e+05  3.803054086821384e+04  6.211979462637787e+04  -3.031709779690137e+05  6.543573479109008e+04  9.849335939543652e+04  -2.421060398585817e-03  -7.199634616258647e-04  -1.869580702508510e-03
  1.419999999999997e+01  -5.692441640046941e+05  2.914874621911126e+04  7.242101091352265e+04  -3.140855877771791e+05  6.843247665314561e+04  9.307813376016605e+04  -1.751990297714212e-03  1.391631950171590e-03  -2.983217177697369e-03
  1.429999999999997e+01  -5.684540301309244e+05  8.661614064084210e+03  8.013900000112146e+04  -3.237607130758418e+05  6.909841695420377e+04  8.861824222243192e+04  -1.239580792575567e-03  3.417946548764927e-03  -3.716829946507580e-03
  1.439999999999996e+01  -5.727088174457084e+05  -1.938725978405937e+04  7.947428054090054e+04  -3.281452867213103e+05  6.913608021489171e+04  8.447635857948131e+04  -7.365530757289738e-04  5.160051624634616e-03  -3.916223740777243e-03
  1.449999999999996e+01  -5.866642659745940e+05  -4.546418920795530e+04  7.287665418636429e+04  -3.278323135673509e+05  7.095263112989490e+04  8.020842131277977e+04  4.494495378461502e-05  6.794149069387454e-03  -3.844235456945638e-03
  1.459999999999996e+01  -6.088629427525484e+05  -5.898714655499200e+04  6.887163527250316e+04  -3.255874109082334e+05  7.516333558709978e+04  7.607342906608527e+04  1.012164177974295e-03  8.488416103896708e-03  -3.977789432613267e-03
  1.469999999999996e+01  -6.312932576184476e+05  -5.530442093395253e+04  7.379081335965346e+04  -3.229686656743173e+05  8.028868727017175e+04  7.222744535594061e+04  1.704686687378006e-03  9.916169568803927e-03  -4.565398296680743e-03
  1.479999999999996e+01  -6.453025633089938e+05  -3.889203788036726e+04  8.407205626856134e+04  -3.195284703447819e+05  8.418842946644059e+04  6.848371745728744e+04  1.717654027809583e-03  1.028033708123495e-02  -5.298993165358388e-03
  1.489999999999996e+01  -6.472520432943123e+05  -1.900825104921008e+04  8.917207592867244e+04  -3.148048311124710e+05  8.550261711625366e+04  6.467666403522110e+04  1.055690512168592e-03  9.053999135833411e-03  -5.571199235759488e-03
  1.499999999999996e+01  -6.401541824853084e+05  -2.995478512998234e+03  8.161376530358846e+04  -3.097452741066234e+05  8.436056751823943e+04  6.111338371014518e+04  1.294089009582906e-04  6.511121245608460e-03  -5.102604098634807e-03
  1.509999999999996e+01  -6.312408096014733e+05  7.050519521419012e+03  6.317374694717516e+04  -3.051532797823566e+05  8.145020311447099e+04  5.847143537623826e+04  -5.402281848363948e-04  3.482624713376928e-03  -4.213536095527102e-03
  1.519999999999996e+01  -6.271256852262686e+05  1.257997392827324e+04  4.299545643441332e+04  -3.004452245244556e+05  7.697365126789369e+04  5.682618849562795e+04  -5.885539768132530e-04  7.455421165830996e-04  -3.544236253535106e-03
  1.529999999999996e+01  -6.294550751098323e+05  1.530696089756388e+04  3.013153270360077e+04  -2.954439440580252e+05  7.080553799759810e+04  5.547014647301014e+04  -4.696989933171774e-05  -1.286079858400672e-03  -3.486156815528788e-03
  1.539999999999996e+01  -6.339059371597967e+05  1.620478106870762e+04  2.772732702920785e+04  -2.922247358038309e+05  6.337651129392975e+04  5.361193873640312e+04  6.414582603198915e-04  -2.416246606388416e-03  -3.825546584775191e-03
  1.549999999999996e+01  -6.345781626805845e+05  1.589344011866059e+04  3.309451865403618e+04  -2.939285577623214e+05  5.633142716058319e+04  5.090865190689521e+04  1.011388256084994e-03  -2.530445438838350e-03  -3.969506849760587e-03
  1.559999999999996e+01  -6.297494129863299e+05  1.486729103212348e+04  4.033841041381902e+04  -3.010730078498999e+05  5.128942982583563e+04  4.738389916389791e+04  9.362081460130263e-04  -1.763474112921187e-03  -3.385583047988217e-03
  1.569999999999996e+01  -6.229996555305322e+05  1.359976203383067e+04  4.304260368773936e+04  -3.098248136630107e+05  4.751687543023019e+04  4.285739182971058e+04  6.475667536352446e-04  -6.280298045334204e-04  -1.911257440424033e-03
  1.579999999999996e+01  -6.192144666371814e+05  1.323149706738101e+04  3.779890415229058e+04  -3.149464194684949e+05  4.176215053686642e+04  3.698339523223185e+04  4.985153809102717e-04  1.986007913787952e-04  1.524480679956745e-04
  1.589999999999996e+01  -6.200849521738339e+05  1.549680545735558e+04  2.627958873650811e+04  -3.141358069276475e+05  3.131209235882633e+04  3.036070006200178e+04  6.373610768304690e-04  1.929256637315217e-04  2.316677343996412e-03
  1.599999999999996e+01  -6.223954245688192e+05  2.141289313659018e+04  1.443864609363166e+04  -3.094581349801727e+05  1.748489451340699e+04  2.529065624801360e+04  8.465606365965936e-04  -8.062160156266249e-04  4.127358164403556e-03
  1.609999999999996e+01  -6.203597016559192e+05  2.988749327632184e+04  8.563927071483471e+03  -3.051650412631333e+05  5.489795012793602e+03  2.506723522581943e+04  6.824428225638540e-04  -2.524539576758906e-03  5.223745960128957e-03
  1.619999999999996e+01  -6.109318369548012e+05  3.752753121853550e+04  1.035630152153479e+04  -3.043957890119290e+05  1.715755893907458e+02  3.192616372268798e+04  -1.354312025310321e-04  -4.317794166137988e-03  5.469064052485774e-03
  1.629999999999996e+01  -5.970901520552099e+05  4.066690888235015e+04  1.690257324800577e+04  -3.076275609723187e+05  2.034912062994468e+03  4.470805730844812e+04  -1.317594918859711e-03  -5.407979557156019e-03  5.035238827181912e-03
  1.639999999999996e+01  -5.861507963586168e+05  3.806731459498846e+04  2.441264957037255e+04  -3.132321380905140e+05  7.116179029640708e+03  5.875803717726393e+04  -2.040698654371325e-03  -5.283821149555115e-03  4.444041314333866e-03
  1.649999999999996e+01  -5.843158931463046e+05  3.182664487193697e+04  3.141554635543484e+04  -3.189494510144950e+05  1.051428309384916e+04  6.866346777636313e+04  -1.492216047638445e-03  -4.072306004070596e-03  4.268553403232882e-03
  1.659999999999997e+01  -5.921622923070004e+05  2.546455932298888e+04  3.829036558733172e+04  -3.232002357560789e+05  1.021609490804004e+04  7.187200530963812e+04  4.809789537563535e-04  -2.491893432682705e-03  4.662023992249124e-03
  1.669999999999997e+01  -6.046827019785258e+05  2.111204300645889e+04  4.464442560127769e+04  -3.255474034640337e+05  7.711575822485880e+03  7.030140023613231e+04  3.157827017041060e-03  -1.325749125438147e-03  5.250375616726774e-03
  1.679999999999997e+01  -6.145147074248221e+05  1.866874892883979e+04  4.975070210105796e+04  -3.265632802009583e+05  5.658292606699802e+03  6.873391265701667e+04  5.342893633767909e-03  -9.002342418146818e-04  5.401374737224463e-03
  1.689999999999997e+01  -6.161167344655902e+05  1.702231268064951e+04  5.403570339489310e+04  -3.272373572084203e+05  5.202283791254805e+03  7.191236541448023e+04  6.070600156388128e-03  -1.010118302313711e-03  4.749429701322686e-03
  1.699999999999997e+01  -6.086447260372683e+05  1.581319642477877e+04  5.927598210795934e+04  -3.282310320342009e+05  5.194192942584054e+03  8.209474148043008e+04  5.206087365821417e-03  -1.244709502998284e-03  3.439709383290829e-03
  1.709999999999997e+01  -5.959992601456634e+05  1.570589213944083e+04  6.606894215767425e+04  -3.295867107858673e+05  3.771538979064446e+03  9.830016145777755e+04  3.421221211518501e-03  -1.332009012752235e-03  1.985847426190302e-03
  1.719999999999997e+01  -5.837251779982691e+05  1.749847242950231e+04  7.278758152712509e+04  -3.307082549597948e+05  1.852855686373241e+02  1.166699684162848e+05  1.686137104611702e-03  -1.207050679957211e-03  9.096088401212229e-04
  1.729999999999998e+01  -5.753959868110617e+05  2.077522593690666e+04  7.677384742356247e+04  -3.307313344380188e+05  -4.373740360443218e+03  1.324845168533282e+05  6.228479087817790e-04  -9.190897868199245e-04  4.659324622665834e-04
  1.739999999999998e+01  -5.710371712811154e+05  2.359341162731035e+04  7.730744739432629e+04  -3.290039922106477e+05  -7.491258291712565e+03  1.424810295014968e+05  2.875609646198948e-04  -5.470478119805914e-04  5.567641460341243e-04
  1.749999999999998e+01  -5.687297206958800e+05  2.321924574386980e+04  7.591810082740177e+04  -3.256716059059004e+05  -6.740255946338643e+03  1.466573116230187e+05  3.406138652261742e-04  -1.671404956237882e-04  8.199392861749442e-04
  1.759999999999998e+01  -5.670926419072573e+05  1.771145216346424e+04  7.487998355913583e+04  -3.217865040955506e+05  -7.168823936818989e+02  1.475632155568259e+05  4.258690228770517e-04  1.263290286119048e-04  9.358267824664345e-04
  1.769999999999998e+01  -5.661705611796402e+05  7.378996580956994e+03  7.594567386782944e+04  -3.187801548500866e+05  1.022042119212760e+04  1.478761755979415e+05  4.136253227531982e-04  2.829701734105749e-04  8.456237676748117e-04
  1.779999999999998e+01  -5.663864902521319e+05  -5.290276764701048e+03  7.954991986794713e+04  -3.174986842411783e+05  2.374684772929950e+04  1.485329742161623e+05  3.215445206369752e-04  2.997350064271221e-04  7.238818460466502e-04
  1.789999999999998e+01  -5.669508129672618e+05  -1.704806278412787e+04  8.507789654352563e+04  -3.175386641361476e+05  3.597498840357977e+04  1.483508304898930e+05  1.537183772460255e-04  1.924865220729312e-04  7.668925195398702e-04
  1.799999999999999e+01  -5.660077480776743e+05  -2.569073868324263e+04  9.061886146849023e+04  -3.175660955017619e+05  4.282273305538694e+04  1.457550392073770e+05  -1.894643556078720e-04  -1.602777431016814e-05  9.482299812166318e-04
  1.809999999999999e+01  -5.624423240306483e+05  -3.063809585688585e+04  9.365276491460565e+04  -3.163806258060368e+05  4.206092790028643e+04  1.406474423732671e+05  -8.051059240505456e-04  -3.008230775357173e-04  1.008663717959591e-03
  1.819999999999999e+01  -5.575746107533607e+05  -3.191444775032058e+04  9.305012890384525e+04  -3.139202838655139e+05  3.460668015156317e+04  1.344530900076099e+05  -1.595222290164408e-03  -5.436744360160235e-04  7.429945003921186e-04
  1.829999999999999e+01  -5.549382416341427e+05  -2.925341900288565e+04  9.036597508503513e+04  -3.113193650097108e+05  2.415875497290232e+04  1.286033737876439e+05  -2.273221059979313e-03  -5.495225949444908e-04  2.621630937769416e-04
  1.839999999999999e+01  -5.577793741307852e+05  -2.234894459474531e+04  8.900334443532635e+04  -3.099929641406384e+05  1.517568051020688e+04  1.228359882184960e+05  -2.568726488081282e-03  -1.769910918702073e-04  -6.083750457457201e-05
  1.849999999999999e+01  -5.664693316039038e+05  -1.188147563988541e+04  9.131394766607320e+04  -3.106048322557664e+05  1.051045603374515e+04  1.153777986546838e+05  -2.462486373815608e-03  5.297483527531312e-04  9.377310194396096e-05
  1.859999999999999e+01  -5.777770573366350e+05  -9.972514219746648e+01  9.692983151125572e+04  -3.126135120376584e+05  1.055104157046676e+04  1.048989486257124e+05  -2.238904441378927e-03  1.254306931719707e-03  6.849060581430981e-04
  1.870000000000000e+01  -5.866831274060431e+05  1.006551854841917e+04  1.036313638953904e+05  -3.144804710550731e+05  1.391985635789109e+04  9.222120464289399e+04  -2.278533159184885e-03  1.549532886732475e-03  1.316276938787785e-03
  1.880000000000000e+01  -5.896039680870370e+05  1.672487256315188e+04  1.096030260274770e+05  -3.144698204800574e+05  1.885790765085046e+04  8.015626339849258e+04  -2.782605907499318e-03  1.117388089652191e-03  1.508486120017908e-03
  1.890000000000000e+01  -5.866617835574719e+05  2.000658717313145e+04  1.146375713805532e+05  -3.117552579769161e+05  2.423792953863033e+04  7.124957245559126e+04  -3.615131431732094e-03  5.167517333246051e-05  9.995954222194057e-04
  1.900000000000000e+01  -5.815421195412363e+05  2.166466004539288e+04  1.186762021632152e+05  -3.071478075857688e+05  2.963361123727634e+04  6.579102806407188e+04  -4.398040097463329e-03  -1.129663643520528e-03  -1.347221094118768e-04
  1.910000000000000e+01  -5.789394609467305e+05  2.395597580826357e+04  1.207664444583230e+05  -3.028679577975720e+05  3.491589308072138e+04  6.171682964319455e+04  -4.762024473465936e-03  -1.783783893316904e-03  -1.571616581998159e-03
  1.920000000000000e+01  -5.818372633933657e+05  2.826178094856120e+04  1.194876063791633e+05  -3.014336563173273e+05  4.003974131820152e+04  5.646106343246980e+04  -4.528057197448209e-03  -1.527804803718393e-03  -2.905546320915333e-03
  1.930000000000000e+01  -5.903016910794898e+05  3.447947669616724e+04  1.145009912086496e+05  -3.042224912289939e+05  4.497458562386251e+04  4.915489345330442e+04  -3.759974233775964e-03  -4.887364196365242e-04  -3.823319665137192e-03
  1.940000000000001e+01  -6.021516987004395e+05  4.118601095402979e+04  1.075319275935429e+05  -3.107607096274469e+05  4.963571334036487e+04  4.108510776598915e+04  -2.658491104783703e-03  7.944817822865279e-04  -4.176357694563712e-03
  1.950000000000001e+01  -6.146169169913257e+05  4.621582711775025e+04  1.010137669669827e+05  -3.190494958780574e+05  5.376914886646145e+04  3.468442114412054e+04  -1.421621270515957e-03  1.701396800367284e-03  -4.007502500031664e-03
  1.960000000000001e+01  -6.252526728490856e+05  4.791228964206993e+04  9.635388019425730e+04  -3.264076919587578e+05  5.677596048472665e+04  3.196928867291584e+04  -2.176079831037644e-04  1.824322637227197e-03  -3.518869408323027e-03
  1.970000000000001e+01  -6.323282459920547e+05  4.589021753630618e+04  9.326069597187312e+04  -3.305848838563957e+05  5.799318077998603e+04  3.360234915146253e+04  8.188928704158535e-04  1.150028697554165e-03  -2.983435474645408e-03
  1.980000000000001e+01  -6.350241200703211e+05  4.100762888867343e+04  9.044818386073827e+04  -3.305456612146595e+05  5.731833396834378e+04  3.907378970809117e+04  1.571532711472632e-03  -2.285734448351859e-05  -2.638319252339324e-03
  1.990000000000001e+01  -6.334214073238164e+05  3.498822708852396e+04  8.705088484754882e+04  -3.266857154152354e+05  5.535100154188587e+04  4.717007211624827e+04  1.970126582088200e-03  -1.261296144501733e-03  -2.565899369447906e-03
