TITLE = "Temporal Signal for receiver number 00689"
VARIABLES = "Time","xx","yy","zz","xy","yz","xz","u","v","w"
# x1       3.550946160000e+05
# x2       4.731684950000e+06
# x3       -3.000000000000e+03
  0.000000000000000e+00  0.000000000000000e+00  0.000000000000000e+00  0.000000000000000e+00  0.000000000000000e+00  0.000000000000000e+00  0.000000000000000e+00  0.000000000000000e+00  0.000000000000000e+00  0.000000000000000e+00
  1.000000000000000e-01  0.000000000000000e+00  0.000000000000000e+00  0.000000000000000e+00  0.000000000000000e+00  0.000000000000000e+00  0.000000000000000e+00  0.000000000000000e+00  0.000000000000000e+00  0.000000000000000e+00
  2.000000000000000e-01  0.000000000000000e+00  0.000000000000000e+00  0.000000000000000e+00  0.000000000000000e+00  0.000000000000000e+00  0.000000000000000e+00  0.000000000000000e+00  0.000000000000000e+00  0.000000000000000e+00
  3.000000000000000e-01  -7.864969123392578e-05  -4.925876361300930e-04  -6.664507550773471e-04  -3.028706870659495e-04  -1.545545774956268e-04  -2.977746631268709e-05  1.005291172695852e-11  7.725063199551717e-11  6.734807396497576e-11
  4.000000000000000e-01  1.257937010982455e-01  6.796125671228880e-02  8.387720932690221e-02  4.186623021506727e-02  2.337639155603593e-02  7.924669325908291e-02  -1.281059994207830e-08  -8.704900926102059e-09  -1.135870812434637e-08
  5.000000000000000e-01  1.190931233170416e+00  5.732880648400297e-01  5.105895821489987e-01  3.916117507323661e-01  1.780551148401991e-01  5.938098112215640e-01  -1.229370962637732e-07  -7.799955145122379e-08  -3.065240891319494e-08
  6.000000000000000e-01  -7.591119381296647e-01  3.845336866573218e+00  1.041617413472655e+00  -4.638977328389429e-01  -1.007956783731562e+00  -2.721760548336521e+00  4.172899593814126e-07  -7.133399061010233e-08  -1.079405868556908e-07
  7.000000000000000e-01  -1.106238418189649e+01  -3.022720972209280e+01  -2.508821333201882e+01  -1.078498860238076e+01  -1.117774973355217e+01  -1.660391009251863e+01  9.378236161396039e-07  3.207617344082113e-06  2.746801490642559e-06
  7.999999999999999e-01  4.006587635698709e+01  1.239813825504585e+02  8.421648005465566e+01  2.955939268468796e+01  3.914313985420633e+01  -6.081102035704861e+00  -1.116804143612154e-06  -9.874026548020844e-06  -8.732735930906525e-06
  8.999999999999999e-01  -4.255346013788424e+02  -7.501563173648409e+02  -4.102364613217053e+02  -2.171949694986953e+02  -1.733391031285733e+02  -1.478270960862572e+02  3.175895604365321e-05  6.282267784790692e-05  3.494775177303147e-05
  9.999999999999999e-01  -3.038618041634988e+03  -4.764592181015048e+03  -2.498958716446518e+03  -2.037018571181202e+03  -1.623957338375078e+03  -1.209835167381291e+03  2.824421239679144e-04  4.171266642264570e-04  2.257554276861050e-04
  1.100000000000000e+00  -4.931579533949505e+03  -9.802867296550434e+03  -4.115092371650853e+03  -4.408438870545377e+03  -4.051357061136789e+03  -2.640313572980132e+03  4.937404480476298e-04  8.523994520568755e-04  4.597911444499400e-04
  1.200000000000000e+00  -2.695779871075096e+03  -1.362575010137039e+04  -3.748757201717041e+03  -5.975354818534599e+03  -7.727112044451270e+03  -4.179116487747422e+03  4.162384102233610e-04  1.193031260314326e-03  7.261168814233748e-04
  1.300000000000000e+00  -3.490384365906457e+02  -1.790204471980706e+04  -2.269033409327652e+03  -8.923484922038693e+03  -1.271945680824429e+04  -6.945124148762788e+03  4.588384457196713e-04  1.524300557585007e-03  1.014529266629951e-03
  1.400000000000000e+00  -3.983729231999244e+03  -2.371839429992297e+04  -1.513662828637373e+03  -1.494183983710047e+04  -1.727264150196624e+04  -1.096640274609149e+04  1.160158844321790e-03  1.911459673436361e-03  1.165650165516924e-03
  1.500000000000000e+00  -1.462915068097900e+04  -3.292848676084020e+04  -3.292755236053789e+03  -2.363160479360291e+04  -2.047255357556205e+04  -1.560061366681866e+04  2.456469143435943e-03  2.460401981134306e-03  1.238572482492359e-03
  1.600000000000000e+00  -2.836141081552315e+04  -5.441250845215548e+04  -8.778433092529529e+03  -3.665557238030768e+04  -2.461960110929211e+04  -2.001556767856507e+04  3.800270045592740e-03  4.001077593256214e-03  1.472603360527179e-03
  1.700000000000000e+00  -6.037740942528738e+04  -1.167438068771595e+05  -2.671753691032722e+04  -6.705487526555985e+04  -4.041770980752739e+04  -2.861708028251632e+04  6.783640472085953e-03  9.017431912126127e-03  2.766220296642346e-03
  1.800000000000000e+00  -1.522463141689541e+05  -2.975446224706218e+05  -7.734326537639213e+04  -1.508280270882170e+05  -8.827942801658904e+04  -6.010711321046801e+04  1.555248369923191e-02  2.323253977712694e-02  8.468155648888887e-03
  1.900000000000001e+00  -2.647803338496663e+05  -6.263775231512034e+05  -1.079333774942229e+05  -3.118725909868516e+05  -1.353240077629087e+05  -9.315952019971538e+04  2.931666985295317e-02  4.868295936158673e-02  1.126440492772761e-02
  2.000000000000000e+00  -4.661301268087790e+05  -1.026439515908754e+06  -8.862021967155611e+04  -6.171321892793095e+05  -1.032036078411901e+05  -1.126625043361293e+05  5.621986392688111e-02  8.485165932999385e-02  4.277781570765827e-03
  2.100000000000001e+00  -8.158164957189851e+05  -1.257238905273511e+06  -5.492699119793634e+04  -9.941396449839536e+05  2.609715454948703e+03  -1.074697384594422e+05  9.704914530709086e-02  1.039773300467268e-01  -3.422490814316963e-03
  2.200000000000001e+00  -1.344046383459052e+06  -1.167625291604621e+06  -1.008752838523256e+05  -1.264167004588369e+06  -4.728825383641470e+04  -1.565726735249005e+05  1.456310545424488e-01  8.795678805923249e-02  2.256029825869351e-02
  2.300000000000001e+00  -1.882017521223637e+06  -9.295378190235662e+05  -2.105331579435125e+05  -1.357671205066802e+06  -3.339838397986945e+05  -3.683414035677977e+05  1.812469734027975e-01  5.976834000220405e-02  8.887322392030260e-02
  2.400000000000001e+00  -2.247366832438291e+06  -8.550331519551409e+05  -2.715009816531641e+05  -1.349052917742320e+06  -6.243487915591681e+05  -6.071642345662876e+05  1.926690512244728e-01  5.199339746423460e-02  1.417574165390172e-01
  2.500000000000001e+00  -2.463396574804785e+06  -9.992299940788915e+05  -2.824535825606549e+05  -1.356774790969674e+06  -7.320651791555840e+05  -7.471765650139285e+05  1.962504966763597e-01  7.128417891736934e-02  1.591582716150901e-01
  2.600000000000001e+00  -2.637195518260641e+06  -1.183907622082388e+06  -3.109841281897003e+05  -1.376615502756294e+06  -7.002597423468612e+05  -7.921845704275143e+05  2.057811115498996e-01  8.663404414575131e-02  1.559380131906326e-01
  2.700000000000001e+00  -2.810803295597224e+06  -1.253688255339958e+06  -4.294250228348041e+05  -1.415503829044513e+06  -6.733919978138524e+05  -8.233588634439193e+05  2.163442406196120e-01  9.045350495411199e-02  1.455243908772427e-01
  2.800000000000001e+00  -2.970121053988557e+06  -1.255760847245607e+06  -5.359019330444315e+05  -1.447108825765165e+06  -7.053117534436103e+05  -8.824319614453441e+05  2.228539031509017e-01  8.870628318543214e-02  1.370274510407907e-01
  2.900000000000001e+00  -3.209221522930258e+06  -1.338619179178587e+06  -6.437750807405580e+05  -1.471907690300227e+06  -7.682207088019788e+05  -1.010473921278415e+06  2.335798525926605e-01  9.162656870212832e-02  1.366515177542292e-01
  3.000000000000001e+00  -3.381832500663205e+06  -1.439558523008623e+06  -7.339165562980769e+05  -1.509103095359308e+06  -8.287016379843029e+05  -1.158452287225416e+06  2.390726445021520e-01  1.000570462171616e-01  1.449556393506534e-01
  3.100000000000001e+00  -3.547209910832787e+06  -1.541258017395793e+06  -9.040813658385471e+05  -1.553294194603445e+06  -9.003684998310452e+05  -1.304744772518160e+06  2.459368524906899e-01  1.088706045377285e-01  1.559020121305646e-01
  3.200000000000002e+00  -3.726533358072883e+06  -1.584777203125510e+06  -1.015025139929813e+06  -1.583114266266292e+06  -9.474098061094891e+05  -1.418393053496852e+06  2.527069797623007e-01  1.102973074478351e-01  1.560572428589407e-01
  3.300000000000002e+00  -3.911110799777229e+06  -1.659213856115309e+06  -1.116372943557104e+06  -1.606789439720964e+06  -1.010452659495370e+06  -1.549537956701983e+06  2.606693603603917e-01  1.081076843113635e-01  1.606326701927457e-01
  3.400000000000002e+00  -4.052956588043438e+06  -1.731247133253249e+06  -1.208083952597656e+06  -1.657083750277328e+06  -1.088359285551471e+06  -1.699600852377063e+06  2.672007179763818e-01  1.116207009961402e-01  1.682903574095520e-01
  3.500000000000002e+00  -4.266300608277969e+06  -1.796076168104805e+06  -1.389451955745594e+06  -1.700103218786097e+06  -1.160142670571836e+06  -1.859518759795112e+06  2.808809632907670e-01  1.207447354908643e-01  1.786458677895439e-01
  3.600000000000002e+00  -4.248904206456281e+06  -1.698894236279023e+06  -1.253510710303430e+06  -1.662668358323729e+06  -1.094905692322323e+06  -1.867795012110617e+06  2.746202389287146e-01  1.141797336526285e-01  1.551005031354125e-01
  3.700000000000002e+00  -3.970897548111998e+06  -1.485399388194128e+06  -9.996671680875109e+05  -1.731772008407648e+06  -1.017116266673320e+06  -1.792367727454104e+06  2.448596175387722e-01  1.185512521464057e-01  1.190602403975601e-01
  3.800000000000002e+00  -3.834377453276663e+06  -1.334707864471995e+06  -8.763679027183744e+05  -1.805264181113040e+06  -9.482819513367201e+05  -1.702204538778519e+06  2.267582449917958e-01  1.241549432726634e-01  9.150444512067543e-02
  3.900000000000002e+00  -3.786941095293575e+06  -1.211586220502452e+06  -8.900553693129627e+05  -1.832769511063007e+06  -8.725542434248562e+05  -1.606066563878375e+06  2.170611779468095e-01  1.204763623780938e-01  8.121225050356906e-02
  4.000000000000002e+00  -3.707767690769761e+06  -1.050202018509058e+06  -9.239096483212096e+05  -1.899558389506747e+06  -7.288428409412814e+05  -1.377544305991655e+06  2.047075555530786e-01  1.278916361511661e-01  6.421664093315622e-02
  4.100000000000001e+00  -3.648593978727531e+06  -9.590165460593612e+05  -1.063535875709836e+06  -2.095837913116541e+06  -5.149135292208085e+05  -1.022554795072451e+06  1.883681491335164e-01  1.581816926308607e-01  2.063665102851705e-02
  4.200000000000001e+00  -3.431971479404349e+06  -1.133991427183629e+06  -1.296350968608566e+06  -2.289684698096794e+06  -3.849617269814735e+05  -5.742886495174184e+05  1.539375676176165e-01  1.684168478207926e-01  -4.840694619759367e-02
  4.300000000000001e+00  -3.040299872325518e+06  -1.606644928909904e+06  -1.460076985514240e+06  -2.241194455636030e+06  -3.896251390055254e+05  -7.853172920250311e+04  1.077888763611117e-01  1.238365733378938e-01  -1.257349426698313e-01
  4.400000000000000e+00  -2.818062236074510e+06  -2.065050080599705e+06  -1.676070747520712e+06  -2.066489336543066e+06  -4.282358228379639e+05  2.599789198151751e+05  8.461835625371149e-02  6.247097183190767e-02  -1.738030616275283e-01
  4.500000000000000e+00  -2.820717482650852e+06  -2.150445635655350e+06  -1.908635718656752e+06  -1.995573442157980e+06  -3.888330387951025e+05  3.813617055836229e+05  8.119089207257010e-02  2.646984274971747e-02  -1.853273247254319e-01
  4.600000000000000e+00  -2.864252972085811e+06  -2.015443116784553e+06  -2.201066257813849e+06  -2.010650954762236e+06  -3.095944621185081e+05  3.859743535025994e+05  7.140871667236297e-02  7.546481942564584e-03  -1.655119140285333e-01
  4.699999999999999e+00  -2.854358093304858e+06  -1.938800317902211e+06  -2.611238406831248e+06  -1.982794675269104e+06  -2.010312393309770e+05  4.338753763139803e+05  4.636508945841160e-02  -8.533380112768104e-03  -1.443313017996837e-01
  4.799999999999999e+00  -2.763868687610768e+06  -1.908142280146817e+06  -3.050752647993112e+06  -1.948631406970153e+06  -5.485615559659078e+04  5.899009994060162e+05  2.736220020565825e-02  -1.938650253379444e-02  -1.334422307640447e-01
  4.899999999999999e+00  -2.631209868315607e+06  -1.872470862909012e+06  -3.487603418801010e+06  -2.035426156211051e+06  4.852195419173923e+04  7.770359128915964e+05  4.444896579599077e-02  -2.532861255102651e-02  -1.121786387755267e-01
  4.999999999999998e+00  -2.535491327696383e+06  -1.878489395973221e+06  -3.827782407570886e+06  -2.151727310227545e+06  1.362532717109344e+05  9.430109604403153e+05  7.498137956508044e-02  -2.728754061068077e-02  -9.741365098043751e-02
  5.099999999999998e+00  -2.568994470462842e+06  -1.946699178910403e+06  -3.912655728710853e+06  -2.078536050686519e+06  3.234624416560312e+05  1.047278131661826e+06  6.905813406090260e-02  -1.932647486297152e-02  -1.090046282472432e-01
  5.199999999999998e+00  -2.698773247072739e+06  -2.028413862158789e+06  -3.726878279337452e+06  -1.785664956210617e+06  5.523842182299630e+05  1.099846303193161e+06  2.033267504234816e-02  -9.575172373574477e-03  -1.313818507784871e-01
  5.299999999999997e+00  -2.844436516636605e+06  -2.131141430068228e+06  -3.543312419906840e+06  -1.477031222718248e+06  6.930932657142706e+05  1.155252705975520e+06  -2.837023205567146e-02  -2.834879031104018e-03  -1.451121289915543e-01
  5.399999999999997e+00  -2.964344355074013e+06  -2.148414173771726e+06  -3.395775829029009e+06  -1.415138124276876e+06  6.369228146737653e+05  1.168208335842754e+06  -4.051911882515376e-02  2.542470959196306e-03  -1.272210766388271e-01
  5.499999999999996e+00  -3.087379676891517e+06  -2.020086027854650e+06  -3.219203603285634e+06  -1.553787425502333e+06  4.531860214642525e+05  1.066884862938771e+06  -2.952490309212184e-02  -1.939819575538921e-03  -8.285470845205925e-02
  5.599999999999996e+00  -3.199517691413759e+06  -1.858075022705589e+06  -3.037491326542120e+06  -1.677427035314140e+06  3.003231510218594e+05  8.921927107991679e+05  -2.623970819005458e-02  -1.207570843059930e-02  -4.683010115177749e-02
  5.699999999999996e+00  -3.267995122782215e+06  -1.754358530642151e+06  -2.854138087822828e+06  -1.736191961537666e+06  1.887974181653490e+05  6.942243502953476e+05  -3.435357817503009e-02  -1.678954314742372e-02  -2.866969827251831e-02
  5.799999999999995e+00  -3.301443285812852e+06  -1.702484744222635e+06  -2.666080574581479e+06  -1.774627887360581e+06  9.207219767679338e+04  5.071098582499875e+05  -4.552877584121074e-02  -2.012541266544419e-02  -1.389016462763712e-02
  5.899999999999995e+00  -3.312324055171687e+06  -1.645868503468872e+06  -2.479568941061771e+06  -1.796928164576858e+06  2.232748094501585e+04  3.475646322985823e+05  -5.833796044918291e-02  -2.951917851958972e-02  7.687550417541978e-04
  5.999999999999995e+00  -3.308488853254527e+06  -1.588977175560439e+06  -2.326381660443413e+06  -1.798064896172612e+06  -4.170323260836775e+04  2.165567135842901e+05  -7.170441966705786e-02  -4.049847608975864e-02  8.962114789684618e-03
  6.099999999999994e+00  -3.294772634736879e+06  -1.560186172318817e+06  -2.215691653411553e+06  -1.788243525787482e+06  -1.286522558930863e+05  1.042208220271668e+05  -8.140784504892179e-02  -4.590768874021271e-02  1.131986512402426e-02
  6.199999999999994e+00  -3.299478747740902e+06  -1.564009399095237e+06  -2.092172528081373e+06  -1.773493282285175e+06  -1.927772892376385e+05  6.226044059459313e+03  -7.992054331095678e-02  -4.546769834579411e-02  1.129432831201893e-02
  6.299999999999994e+00  -3.343199166295489e+06  -1.639821885272713e+06  -1.967840936172182e+06  -1.766837668776934e+06  -1.930590112210518e+05  -5.957900566333167e+04  -6.733670844781765e-02  -3.916602452704451e-02  9.940265517835771e-03
  6.399999999999993e+00  -3.388689194552055e+06  -1.779948918131672e+06  -1.912645552581576e+06  -1.785804451197496e+06  -1.743888734646238e+05  -8.792241105444543e+04  -5.154088293690119e-02  -2.718216108471071e-02  7.248431877042618e-03
  6.499999999999993e+00  -3.396669919635412e+06  -1.878287180420961e+06  -1.893402351702425e+06  -1.806715773247823e+06  -1.882167953702300e+05  -1.116153848879314e+05  -4.017440933515773e-02  -1.812386677221590e-02  6.998596322882189e-03
  6.599999999999993e+00  -3.377720530745112e+06  -1.888098575124518e+06  -1.826248816942634e+06  -1.792685026626566e+06  -2.231191731535754e+05  -1.630662163529341e+05  -3.538733054790830e-02  -1.938077913569195e-02  1.457765036273512e-02
  6.699999999999992e+00  -3.358469929501113e+06  -1.877665914868696e+06  -1.734627276071816e+06  -1.760004736168221e+06  -2.663870464641573e+05  -2.356208826189306e+05  -3.189345237302032e-02  -2.523658697458014e-02  2.473318958154972e-02
  6.799999999999992e+00  -3.342285149940415e+06  -1.898259403085224e+06  -1.669973786989180e+06  -1.743088861253373e+06  -3.245905318200033e+05  -2.913779775062619e+05  -2.491305188425310e-02  -2.633029513694253e-02  2.983463904845115e-02
  6.899999999999991e+00  -3.335129582791656e+06  -1.925545224333731e+06  -1.626124832562483e+06  -1.734554145973251e+06  -3.887383207386122e+05  -3.091937079739489e+05  -1.513346164841993e-02  -2.172042216703636e-02  3.127812415203541e-02
  6.999999999999991e+00  -3.356641792093098e+06  -1.936053040107695e+06  -1.595090821844925e+06  -1.716131807224913e+06  -4.646699347164122e+05  -3.125612539584364e+05  -6.473652016468883e-03  -1.832983139150106e-02  3.451209455134725e-02
  7.099999999999991e+00  -3.379200452855357e+06  -1.922334470980472e+06  -1.544704046989859e+06  -1.691338944859477e+06  -5.724943529288664e+05  -3.407231208310768e+05  -2.795130054515245e-03  -2.108285002303656e-02  4.281449685853451e-02
  7.199999999999990e+00  -3.349813891324045e+06  -1.897255917949037e+06  -1.426544800138779e+06  -1.667714741490739e+06  -6.891121884204458e+05  -3.965135237456295e+05  -6.033832983285150e-03  -2.848682399236810e-02  5.655066696523592e-02
  7.299999999999990e+00  -3.292505440127881e+06  -1.892924321379119e+06  -1.257982720863833e+06  -1.650840401034993e+06  -7.626766302285304e+05  -4.474248309507294e+05  -1.117527026122574e-02  -3.431739723648602e-02  7.186975802609466e-02
  7.399999999999990e+00  -3.284940998056560e+06  -1.911239066433265e+06  -1.093892065759115e+06  -1.653740896621293e+06  -7.831963887999079e+05  -4.785618669978830e+05  -9.361127500436973e-03  -3.140477954410582e-02  8.377953201632869e-02
  7.499999999999989e+00  -3.354088410768581e+06  -1.925580407659955e+06  -9.760960526467981e+05  -1.685514833002777e+06  -7.801992666839267e+05  -5.143915687416685e+05  8.417052386737762e-06  -1.860868306415649e-02  9.100127494995916e-02
  7.599999999999989e+00  -3.454950206227944e+06  -1.931981303905940e+06  -9.125814797632942e+05  -1.739640591889210e+06  -7.704246632107864e+05  -5.589720198401968e+05  1.041877605611184e-02  -2.570329767544700e-03  9.599992944288162e-02
  7.699999999999989e+00  -3.547008739734998e+06  -1.953823906055746e+06  -8.791356444836935e+05  -1.803454116566813e+06  -7.507529375139665e+05  -5.757907169620504e+05  1.802143024837529e-02  9.597625613129653e-03  9.844034181843715e-02
  7.799999999999988e+00  -3.623162532909021e+06  -1.994539055597483e+06  -8.521764637991716e+05  -1.858323770248227e+06  -7.267862959212317e+05  -5.645137024238447e+05  2.079960943320282e-02  1.678095135788809e-02  9.591181721198590e-02
  7.899999999999988e+00  -3.674221978461381e+06  -2.015334693758820e+06  -8.264203108941920e+05  -1.886514535941311e+06  -7.192391424075481e+05  -5.934157106860778e+05  1.416446173576816e-02  2.107425116218988e-02  9.169225806418489e-02
  7.999999999999988e+00  -3.694926151423901e+06  -1.997242628466591e+06  -8.317071111635114e+05  -1.889739638875944e+06  -7.377311916872368e+05  -7.141973258209059e+05  -3.534374040759179e-03  2.252339782626249e-02  8.790616022761939e-02
  8.099999999999987e+00  -3.683087498132733e+06  -1.969416418787554e+06  -8.843622452572957e+05  -1.883061883663895e+06  -7.602798744532040e+05  -8.786859475434504e+05  -2.521606703068038e-02  1.979273720972967e-02  8.006781063728398e-02
  8.199999999999987e+00  -3.629325748766968e+06  -1.953131128223784e+06  -9.596276308723243e+05  -1.878523197960435e+06  -7.552859072956718e+05  -9.900713141399693e+05  -4.060253761864624e-02  1.368998733029549e-02  6.587157578969104e-02
  8.299999999999986e+00  -3.548409160405769e+06  -1.941166666547829e+06  -1.045146245933355e+06  -1.878093245676343e+06  -7.196682553831133e+05  -1.010097036472381e+06  -4.605295676020066e-02  7.286198140502831e-03  4.847024680387152e-02
  8.399999999999986e+00  -3.474003322852095e+06  -1.924619272244206e+06  -1.141727391589328e+06  -1.875932876295369e+06  -6.833675967619255e+05  -9.658122700606368e+05  -4.453310304732609e-02  2.404194878541338e-03  3.160772223036927e-02
  8.499999999999986e+00  -3.416225517120163e+06  -1.905196810720865e+06  -1.247864885503710e+06  -1.871516885158884e+06  -6.705107957997468e+05  -8.885353332603939e+05  -3.786547525208991e-02  -4.404257750904964e-04  1.725383765540747e-02
  8.599999999999985e+00  -3.368828285243044e+06  -1.886173318366315e+06  -1.370408479871006e+06  -1.874037529361553e+06  -6.675439014945481e+05  -7.965409470290610e+05  -2.559793616914192e-02  5.620283796190110e-04  6.038946857192409e-03
  8.699999999999985e+00  -3.336769536072957e+06  -1.865377380327839e+06  -1.488820036931349e+06  -1.886018897567333e+06  -6.444342774886145e+05  -7.059989487373664e+05  -1.064429472693792e-02  4.960573279862754e-03  -2.470506133273380e-03
  8.799999999999985e+00  -3.329618210560821e+06  -1.844468910456987e+06  -1.563700637961688e+06  -1.899963962297376e+06  -5.951269579506924e+05  -6.267369923987885e+05  2.447497293948561e-04  7.933284224164568e-03  -8.346534338569319e-03
  8.899999999999984e+00  -3.343033167838755e+06  -1.833156090347715e+06  -1.606406802821500e+06  -1.916091173540178e+06  -5.422739917731046e+05  -5.578158940620613e+05  4.770860552796488e-03  6.899769501667650e-03  -1.007255326073875e-02
  8.999999999999984e+00  -3.363587529149166e+06  -1.835500176373329e+06  -1.665145537699155e+06  -1.938475981317096e+06  -5.124751554099176e+05  -4.966586740086680e+05  9.008546216305816e-03  4.852069941470084e-03  -7.430340951149604e-03
  9.099999999999984e+00  -3.384124838610616e+06  -1.837345123869381e+06  -1.739498630683464e+06  -1.955558078759293e+06  -5.150713152288910e+05  -4.517284804272680e+05  1.777869573596941e-02  4.722609514897162e-03  -4.343888643352045e-03
  9.199999999999983e+00  -3.410284431514981e+06  -1.823176990577970e+06  -1.784555068420692e+06  -1.952110639256126e+06  -5.347431291948864e+05  -4.350227041440737e+05  2.614225633196087e-02  5.199203899694043e-03  -5.332313330371450e-03
  9.299999999999983e+00  -3.446784546792664e+06  -1.793300810788628e+06  -1.795638458383263e+06  -1.932881765846197e+06  -5.416328586335662e+05  -4.377725651439865e+05  2.655949187449342e-02  3.728630340646867e-03  -9.757172487259814e-03
  9.399999999999983e+00  -3.473874341240119e+06  -1.750762741052264e+06  -1.816239629510319e+06  -1.914271183889615e+06  -5.216646442619364e+05  -4.309194445677158e+05  1.966348206766367e-02  4.757891750786843e-04  -1.290577513130268e-02
  9.499999999999982e+00  -3.462949861589167e+06  -1.700108991026241e+06  -1.869162514860673e+06  -1.902661031705119e+06  -4.929477056520085e+05  -3.992951451367108e+05  1.213338812823052e-02  -2.309334073775872e-03  -1.273548983280352e-02
  9.599999999999982e+00  -3.419490941015901e+06  -1.664491985785754e+06  -1.930761082649289e+06  -1.893685616334527e+06  -4.774328493516800e+05  -3.602137777482066e+05  7.587415434304902e-03  -3.086478086956285e-03  -1.188609436809707e-02
  9.699999999999982e+00  -3.381047451662444e+06  -1.665866797049487e+06  -1.966491920844673e+06  -1.884927528150090e+06  -4.701051048217791e+05  -3.386346791597602e+05  4.619425243336966e-03  -1.811112052671173e-03  -1.318144897243535e-02
  9.799999999999981e+00  -3.374259607307904e+06  -1.692059829865183e+06  -1.965800598062513e+06  -1.879728929560286e+06  -4.521810650983203e+05  -3.354463856279681e+05  1.241220331349118e-03  8.939978789300391e-04  -1.639371139955088e-02
  9.899999999999981e+00  -3.395274389100473e+06  -1.712386361261025e+06  -1.941761339359008e+06  -1.878887430998471e+06  -4.213833105063362e+05  -3.298009720190567e+05  -2.880167577898322e-03  4.090883457876665e-03  -1.962611098617576e-02
  9.999999999999980e+00  -3.425498034915622e+06  -1.716963514763463e+06  -1.910451080020804e+06  -1.877063418959147e+06  -3.937814363189486e+05  -3.065990326007477e+05  -6.998204314495079e-03  6.717043511238131e-03  -2.141634735985627e-02
  1.009999999999998e+01  -3.448456198907814e+06  -1.720672056269910e+06  -1.881208400905366e+06  -1.871794038552575e+06  -3.809624461408751e+05  -2.727141786257383e+05  -9.588829531779955e-03  8.344661314324637e-03  -2.075063186096976e-02
  1.019999999999998e+01  -3.458032074549178e+06  -1.735435730534535e+06  -1.858768498158885e+06  -1.870066213419808e+06  -3.775410944797501e+05  -2.482631138358886e+05  -9.065562279529498e-03  9.054900297953753e-03  -1.732590023065202e-02
  1.029999999999998e+01  -3.462249800362967e+06  -1.756571672871458e+06  -1.842147523660957e+06  -1.879470591866725e+06  -3.727604213293202e+05  -2.469092478733139e+05  -5.774552644713718e-03  8.412481252965698e-03  -1.262955694621246e-02
  1.039999999999998e+01  -3.474336035921703e+06  -1.772241518018362e+06  -1.820699511848343e+06  -1.896325002239307e+06  -3.656873111144270e+05  -2.642899368827131e+05  -2.380847370157116e-03  6.075530062147664e-03  -9.007549787626091e-03
  1.049999999999998e+01  -3.497886471566617e+06  -1.777772254218543e+06  -1.782613956326928e+06  -1.910797390400067e+06  -3.621718448376167e+05  -2.833444412380453e+05  -1.301692756645788e-03  2.863765037384693e-03  -7.197593654289442e-03
  1.059999999999998e+01  -3.523672935907017e+06  -1.778279305178192e+06  -1.733941680983820e+06  -1.919518103183465e+06  -3.630745792341197e+05  -2.913704117711856e+05  -2.555977667901634e-03  -9.072313066672195e-05  -6.010545448932442e-03
  1.069999999999998e+01  -3.540528216796395e+06  -1.776869935164585e+06  -1.694349330994470e+06  -1.923890408253893e+06  -3.641841641692550e+05  -2.929873536980736e+05  -4.386964356441209e-03  -2.464413541805622e-03  -4.417273461032627e-03
  1.079999999999998e+01  -3.546325293975564e+06  -1.766400363244451e+06  -1.670970897510762e+06  -1.923850790920250e+06  -3.655509825687411e+05  -3.036828853985633e+05  -5.408975355856409e-03  -4.263984712834148e-03  -2.599821745512897e-03
  1.089999999999998e+01  -3.547478392753183e+06  -1.739602472385550e+06  -1.654670416528905e+06  -1.922163022217240e+06  -3.712574628060073e+05  -3.305186743821918e+05  -5.773793754380236e-03  -5.292136218496153e-03  -5.409280644421392e-04
  1.099999999999998e+01  -3.550665017534607e+06  -1.704345949180894e+06  -1.637095546223418e+06  -1.924109176349520e+06  -3.806384138551259e+05  -3.626762945513054e+05  -6.114336965649302e-03  -5.687149563565050e-03  2.455264922538243e-03
  1.109999999999998e+01  -3.558839519123341e+06  -1.683106854524904e+06  -1.618868803777487e+06  -1.925601060787007e+06  -3.876864510895051e+05  -3.823894951721677e+05  -6.131918925954574e-03  -6.209457564249430e-03  5.374494276574246e-03
  1.119999999999998e+01  -3.570318279239279e+06  -1.689850069942399e+06  -1.604651909620532e+06  -1.915128470748662e+06  -3.883587541702585e+05  -3.827555638440748e+05  -5.208642120956097e-03  -7.134062981119090e-03  5.258797935427801e-03
  1.129999999999998e+01  -3.577012534984349e+06  -1.710780971778524e+06  -1.596851003109057e+06  -1.893934706768202e+06  -3.846706563818119e+05  -3.727318188629747e+05  -3.979171732567372e-03  -7.328528743548434e-03  1.275563616848856e-03
  1.139999999999998e+01  -3.570334557290940e+06  -1.723094292461032e+06  -1.594893050732162e+06  -1.879439032973995e+06  -3.824134352827729e+05  -3.668836297739895e+05  -4.053943205815621e-03  -5.632086149608320e-03  -3.632742210371061e-03
  1.149999999999998e+01  -3.552612215887565e+06  -1.726682619354003e+06  -1.597165470403379e+06  -1.881927817535812e+06  -3.865656079847011e+05  -3.721598428190438e+05  -5.826703150917018e-03  -2.731222522103758e-03  -6.426070040340548e-03
  1.159999999999997e+01  -3.535450348579543e+06  -1.738200815263215e+06  -1.602483164140280e+06  -1.890433286254874e+06  -3.971407042287667e+05  -3.839641137474295e+05  -7.521427939801313e-03  -4.421198611129483e-04  -6.772057227236379e-03
  1.169999999999997e+01  -3.525144262580497e+06  -1.761124936688809e+06  -1.609907671719171e+06  -1.888716990756061e+06  -4.092020251368926e+05  -3.933744330589944e+05  -7.183633488478034e-03  3.106802720070250e-04  -5.716967571615197e-03
  1.179999999999997e+01  -3.518017377861902e+06  -1.782352660743459e+06  -1.616307284094549e+06  -1.876016240314629e+06  -4.193924621110380e+05  -3.970505572118554e+05  -5.152914644933793e-03  -2.950299089597581e-04  -4.000704087969866e-03
  1.189999999999997e+01  -3.510238410887153e+06  -1.793832548529378e+06  -1.617693727844170e+06  -1.864577958913829e+06  -4.305155237832270e+05  -3.995105031420643e+05  -3.804464466057624e-03  -2.024057908281880e-03  -2.232605720023867e-03
  1.199999999999997e+01  -3.504276901042053e+06  -1.800356544439832e+06  -1.617368690597557e+06  -1.862619199096618e+06  -4.463887649550990e+05  -4.057141091881662e+05  -4.730412027991832e-03  -4.440947735277035e-03  -1.253878415266093e-03
  1.209999999999997e+01  -3.504317342468542e+06  -1.809333692127336e+06  -1.626498848279596e+06  -1.868369447146810e+06  -4.641345420536154e+05  -4.140861242727039e+05  -6.806935741952877e-03  -6.166407895529086e-03  -1.521850958914648e-03
  1.219999999999997e+01  -3.509525045119566e+06  -1.822308858123121e+06  -1.647520045815376e+06  -1.878087480988820e+06  -4.770534448188171e+05  -4.189970729855453e+05  -7.521582467547898e-03  -5.741207903675247e-03  -2.450669063329350e-03
  1.229999999999997e+01  -3.515121655002801e+06  -1.834685972921240e+06  -1.664269213711122e+06  -1.890512328378147e+06  -4.842644545461517e+05  -4.180854665812438e+05  -5.645013320510479e-03  -3.358680630588942e-03  -2.837289705571698e-03
  1.239999999999997e+01  -3.518848066017581e+06  -1.840915473882907e+06  -1.658191221661434e+06  -1.902420804680939e+06  -4.904799549277005e+05  -4.140562833327336e+05  -1.948317785308539e-03  -8.360978422493235e-04  -1.945671094237985e-03
  1.249999999999997e+01  -3.522528595451550e+06  -1.841462990411094e+06  -1.628411239997744e+06  -1.907820496980103e+06  -4.973723690888303e+05  -4.090286919156061e+05  2.185695309867568e-03  2.322634304418064e-04  5.024788091536923e-06
  1.259999999999997e+01  -3.528144855277243e+06  -1.845075284773231e+06  -1.590491096861184e+06  -1.905792215506315e+06  -5.013043098563767e+05  -4.000520760151904e+05  5.918207888057829e-03  -2.149353248304035e-04  2.302182033636847e-03
  1.269999999999997e+01  -3.535243531618255e+06  -1.859738295087645e+06  -1.561385120575870e+06  -1.903866909266212e+06  -4.991428352628972e+05  -3.836300720837349e+05  8.819111559072997e-03  -1.027527440184466e-03  4.314004303230654e-03
  1.279999999999997e+01  -3.540959600459464e+06  -1.881070619232930e+06  -1.549392184840276e+06  -1.909500599901730e+06  -4.928170559978024e+05  -3.637424734948523e+05  1.048031419438120e-02  -1.000253544403710e-03  5.519962954460999e-03
  1.289999999999997e+01  -3.541771432402132e+06  -1.895240033644073e+06  -1.553398302292906e+06  -1.922018901995760e+06  -4.875747380174001e+05  -3.512674256221314e+05  1.088003849127585e-02  2.731663432053803e-04  5.402179570079049e-03
  1.299999999999997e+01  -3.536435331456911e+06  -1.893778052197298e+06  -1.566606697672364e+06  -1.935654602224776e+06  -4.868082218505452e+05  -3.536924409785707e+05  1.073429528386720e-02  2.358958253729447e-03  3.678629653257449e-03
  1.309999999999997e+01  -3.527863196142215e+06  -1.881764573457515e+06  -1.581712743005499e+06  -1.947075009359477e+06  -4.891358346766849e+05  -3.669602625301112e+05  1.085483994910066e-02  4.442172089498678e-03  7.875682341832703e-04
  1.319999999999997e+01  -3.521008531176674e+06  -1.871107202023592e+06  -1.595005770486749e+06  -1.956154848761360e+06  -4.907575007617301e+05  -3.790720279317041e+05  1.127179217190605e-02  5.750607095676197e-03  -2.117532632564234e-03
  1.329999999999997e+01  -3.518608731463960e+06  -1.869240867491379e+06  -1.607473606918669e+06  -1.961232197246887e+06  -4.903376290744217e+05  -3.810071731411322e+05  1.123143268842782e-02  5.710622379124786e-03  -4.100469193016622e-03
  1.339999999999997e+01  -3.520237320898553e+06  -1.874701741925673e+06  -1.622008077584308e+06  -1.958556828083187e+06  -4.901717400820266e+05  -3.734744918618242e+05  9.895807109135785e-03  4.018719740400863e-03  -5.212545092476372e-03
  1.349999999999997e+01  -3.524110906099958e+06  -1.880088887412748e+06  -1.639361425480940e+06  -1.947492430110307e+06  -4.917381350780832e+05  -3.641312558014746e+05  6.969480791684897e-03  9.460071959945359e-04  -6.105295505994643e-03
  1.359999999999997e+01  -3.527680113988538e+06  -1.878137575726502e+06  -1.658348265120940e+06  -1.933155538553744e+06  -4.916550146958897e+05  -3.594412673322865e+05  3.046493773696101e-03  -2.360602799499336e-03  -7.057870509801167e-03
  1.369999999999997e+01  -3.527318651992922e+06  -1.867226807015005e+06  -1.679080165472589e+06  -1.921821187652845e+06  -4.845575902113132e+05  -3.593471087781062e+05  -4.308301982614284e-04  -4.273914941947381e-03  -7.686894522563176e-03
  1.379999999999997e+01  -3.520765431677675e+06  -1.853133686362667e+06  -1.703217282860546e+06  -1.914988235793489e+06  -4.702384633530066e+05  -3.591547476121527e+05  -1.906932925375308e-03  -3.820745504138964e-03  -7.603272694675133e-03
  1.389999999999997e+01  -3.510425325613612e+06  -1.844134633454444e+06  -1.730408713217125e+06  -1.909374380013633e+06  -4.555813806837858e+05  -3.548812651036477e+05  -9.207848058397491e-04  -1.554729823681610e-03  -6.938381420004048e-03
  1.399999999999997e+01  -3.502164631239710e+06  -1.842482125098955e+06  -1.756401337243355e+06  -1.902062537370578e+06  -4.483330238868788e+05  -3.464177002247353e+05  1.365078508758571e-03  9.174772405504786e-04  -6.090866149457005e-03
  1.409999999999997e+01  -3.500376917688873e+06  -1.841719440791150e+06  -1.775969322048991e+06  -1.894019288733672e+06  -4.503154582599376e+05  -3.369599346434259e+05  3.078574042281593e-03  2.354430185039355e-03  -5.354554611063937e-03
  1.419999999999997e+01  -3.504469095341605e+06  -1.833755139600088e+06  -1.786310173748209e+06  -1.887871828302401e+06  -4.572118269664513e+05  -3.304520811529431e+05  3.034470024268683e-03  2.608386117563407e-03  -4.928376832303231e-03
  1.429999999999997e+01  -3.510263274899106e+06  -1.818362935551123e+06  -1.787566209694915e+06  -1.883878735496993e+06  -4.628672240529268e+05  -3.298901284059794e+05  1.335390847265845e-03  2.112877707960308e-03  -4.884174051214666e-03
  1.439999999999996e+01  -3.513851496214214e+06  -1.804161669913384e+06  -1.781547185796610e+06  -1.880281586548276e+06  -4.627235068556077e+05  -3.363568821308743e+05  -1.080217911721359e-03  1.216274443923094e-03  -4.968911043112283e-03
  1.449999999999996e+01  -3.513431153349827e+06  -1.799217315602122e+06  -1.770436754622446e+06  -1.877172452890061e+06  -4.554798622154365e+05  -3.477549567154571e+05  -3.297978193477720e-03  1.861879666609079e-04  -4.717225864740081e-03
  1.459999999999996e+01  -3.509166938520400e+06  -1.802311508664720e+06  -1.756389571138483e+06  -1.877383839143654e+06  -4.438566508098006e+05  -3.587925758739961e+05  -4.856274418603128e-03  -5.831146818930211e-04  -3.910885189507639e-03
  1.469999999999996e+01  -3.503134363285372e+06  -1.805141342603906e+06  -1.741971072075623e+06  -1.882291257345411e+06  -4.333469785709108e+05  -3.636742865414216e+05  -5.637364786722573e-03  -8.250524076755826e-04  -2.789054891875756e-03
  1.479999999999996e+01  -3.499054636889454e+06  -1.802295099354209e+06  -1.730249194656216e+06  -1.888530802865048e+06  -4.283770693376205e+05  -3.597606664692165e+05  -5.672411126232568e-03  -7.772748150037723e-04  -1.677095083110453e-03
  1.489999999999996e+01  -3.500324030276174e+06  -1.796859713850435e+06  -1.723820630662983e+06  -1.890757387351573e+06  -4.289293483099105e+05  -3.493729127327549e+05  -5.154371285311924e-03  -9.185108597376357e-04  -5.039680233686436e-04
  1.499999999999996e+01  -3.507463018316919e+06  -1.795479240940947e+06  -1.723495282276990e+06  -1.887056180336162e+06  -4.313290790381872e+05  -3.389210126148026e+05  -4.410676258084553e-03  -1.308593180461132e-03  1.096511135660744e-03
  1.509999999999996e+01  -3.517535015572792e+06  -1.800017465213986e+06  -1.727276467773268e+06  -1.880558567804225e+06  -4.322318294473161e+05  -3.356462391155194e+05  -3.612206751031738e-03  -1.458165758224584e-03  3.148903510837439e-03
  1.519999999999996e+01  -3.526149618241871e+06  -1.806239626583936e+06  -1.731049138540003e+06  -1.876018257313158e+06  -4.313142617277737e+05  -3.434435009516396e+05  -2.597922683947409e-03  -9.317886046175057e-04  4.974319070537801e-03
  1.529999999999996e+01  -3.530170146241664e+06  -1.809638146299294e+06  -1.730823936737736e+06  -1.875622811364000e+06  -4.305322649244076e+05  -3.599840360341474e+05  -1.161289924211331e-03  2.837093317774015e-05  5.584831159209132e-03
  1.539999999999996e+01  -3.528740679654124e+06  -1.809419444047193e+06  -1.724392101883252e+06  -1.878170655462123e+06  -4.316747338659760e+05  -3.773275983053267e+05  4.600998866755006e-04  6.641032216931525e-04  4.458206987730403e-03
  1.549999999999996e+01  -3.523278378972000e+06  -1.806423296641509e+06  -1.711635971977263e+06  -1.881445646867226e+06  -4.346106345017069e+05  -3.870920813924835e+05  1.541281415810608e-03  5.033144424990222e-04  2.052716529190241e-03
  1.559999999999996e+01  -3.516934034103453e+06  -1.800333513346832e+06  -1.693552874377416e+06  -1.884658526469652e+06  -4.372909683413589e+05  -3.863184338907499e+05  1.411371838248091e-03  -2.034584978251339e-04  -3.662006953873797e-04
  1.569999999999996e+01  -3.513104946429647e+06  -1.791146341894521e+06  -1.671552134934668e+06  -1.888368157286599e+06  -4.374450772402763e+05  -3.788978568904886e+05  7.028266184930578e-05  -8.342890852209296e-04  -1.534770503096231e-03
  1.579999999999996e+01  -3.513896257939038e+06  -1.781818498657863e+06  -1.648211999639711e+06  -1.892469346666486e+06  -4.346544936817647e+05  -3.718048640790025e+05  -1.677284409131171e-03  -9.983428464208370e-04  -9.641833093158328e-04
  1.589999999999996e+01  -3.518919843758646e+06  -1.776591615027766e+06  -1.627759732158987e+06  -1.895124431135427e+06  -4.307886276154674e+05  -3.695471278265823e+05  -2.760807768267572e-03  -7.502306763268201e-04  8.748761793071180e-04
  1.599999999999996e+01  -3.525275357613658e+06  -1.776844131142247e+06  -1.615087447072602e+06  -1.894178188779098e+06  -4.283126985616685e+05  -3.717836827349915e+05  -2.603940025444443e-03  -2.913691121595147e-04  2.930989686216481e-03
  1.609999999999996e+01  -3.529094232876649e+06  -1.780387293282524e+06  -1.613863447844450e+06  -1.889479031592956e+06  -4.282838503383863e+05  -3.753505574643155e+05  -1.481097082568582e-03  3.422758470704687e-04  4.183127196270133e-03
  1.619999999999996e+01  -3.527535185361095e+06  -1.784669408706123e+06  -1.624217990765931e+06  -1.883559887620351e+06  -4.301309858756076e+05  -3.776347666969929e+05  -2.567692597698254e-04  1.219500675326300e-03  4.081151258283263e-03
  1.629999999999996e+01  -3.521053416099607e+06  -1.789886348114124e+06  -1.641570818910387e+06  -1.879991291771814e+06  -4.328937344137836e+05  -3.784950136641032e+05  2.563539527812663e-04  2.261226085619481e-03  2.760181691947185e-03
  1.639999999999996e+01  -3.513883366157716e+06  -1.798307638691765e+06  -1.657853798120446e+06  -1.881050480881362e+06  -4.361724627766687e+05  -3.796584786935301e+05  -2.105951760661826e-04  3.131371109626683e-03  1.015644294850714e-03
  1.649999999999996e+01  -3.511405291668480e+06  -1.810773123526455e+06  -1.665292691795717e+06  -1.886733313205946e+06  -4.403661503117829e+05  -3.825422959628870e+05  -1.300090446710072e-03  3.434366347593692e-03  -1.954742130514228e-04
  1.659999999999997e+01  -3.516809842532090e+06  -1.824761469806855e+06  -1.661298762796124e+06  -1.894994438882526e+06  -4.462033532333078e+05  -3.865969991643264e+05  -2.240166563638738e-03  2.993332646146938e-03  -4.570693558837567e-04
  1.669999999999997e+01  -3.529141629137672e+06  -1.835416074196324e+06  -1.650503489023704e+06  -1.902439929884116e+06  -4.536647958413244e+05  -3.893900887919663e+05  -2.295454972530853e-03  1.948614296620481e-03  -1.820770574189440e-04
  1.679999999999997e+01  -3.543635886218473e+06  -1.838383090381427e+06  -1.641685817579272e+06  -1.905803089477706e+06  -4.611154631505543e+05  -3.886040568939273e+05  -1.250770803158990e-03  7.137654692591966e-04  -1.792524667412308e-04
  1.689999999999997e+01  -3.553780777767000e+06  -1.832863341459450e+06  -1.641823029693394e+06  -1.904046635314113e+06  -4.657555185028128e+05  -3.844901947056150e+05  4.150361401661828e-04  -1.994142143716790e-04  -8.471448047815766e-04
  1.699999999999997e+01  -3.553871707799546e+06  -1.822536039201901e+06  -1.651768605050408e+06  -1.899405974045679e+06  -4.656295284342096e+05  -3.802027127813051e+05  1.798693837466114e-03  -4.595941931686761e-04  -1.825657396973499e-03
  1.709999999999997e+01  -3.542065822019496e+06  -1.813736030517437e+06  -1.666793821847071e+06  -1.895536564198704e+06  -4.613171397623561e+05  -3.792957642906582e+05  2.231669577458126e-03  -1.536543784437014e-04  -2.413016349899205e-03
  1.719999999999997e+01  -3.522041261201306e+06  -1.811339763574946e+06  -1.680642861317037e+06  -1.894151802748037e+06  -4.555915197006495e+05  -3.827280371711379e+05  1.759629897015021e-03  2.472769747849465e-04  -2.239609418905717e-03
  1.729999999999998e+01  -3.501619191727689e+06  -1.815399693911111e+06  -1.689506088406719e+06  -1.893751923005693e+06  -4.513848424022600e+05  -3.881043842735232e+05  1.098589968545194e-03  2.715750866213480e-04  -1.551949104047605e-03
  1.739999999999998e+01  -3.488190616697150e+06  -1.821201829428414e+06  -1.693027911140257e+06  -1.892137786601136e+06  -4.499979976640097e+05  -3.917392736715401e+05  9.996837980921279e-04  -1.410519892821021e-04  -8.840179391795093e-04
  1.749999999999998e+01  -3.484471031826053e+06  -1.822998318982764e+06  -1.692706734808039e+06  -1.889673353357602e+06  -4.507338026483385e+05  -3.913133387174016e+05  1.629378146671492e-03  -6.222673656502746e-04  -5.492485515586649e-04
  1.759999999999998e+01  -3.487892820169710e+06  -1.818909187868193e+06  -1.689994593889058e+06  -1.889312647166849e+06  -4.520062134460069e+05  -3.870447982017306e+05  2.506827542057439e-03  -8.029891327194106e-04  -4.399482341532727e-04
  1.769999999999998e+01  -3.493616372031152e+06  -1.812635876778030e+06  -1.686158833146049e+06  -1.893389661742914e+06  -4.529039271718203e+05  -3.809071917022858e+05  2.964513398805888e-03  -6.832614619281553e-04  -2.597086626602341e-04
  1.779999999999998e+01  -3.498176906893399e+06  -1.809941481672705e+06  -1.683103948274655e+06  -1.900771242673804e+06  -4.540854705721826e+05  -3.751615776022638e+05  2.706624972158762e-03  -5.342979703676519e-04  1.095115905733276e-04
  1.789999999999998e+01  -3.500528147341439e+06  -1.813101192842327e+06  -1.683018263873429e+06  -1.907520980771387e+06  -4.572936622887858e+05  -3.716551165007963e+05  1.909630341781259e-03  -5.366135237226339e-04  4.628464147179064e-04
  1.799999999999999e+01  -3.501144492515723e+06  -1.819186883782194e+06  -1.686865860474122e+06  -1.910429348902379e+06  -4.636014995962889e+05  -3.717648738762935e+05  8.601727322351099e-04  -6.238939265345517e-04  4.084289076782461e-04
  1.809999999999999e+01  -3.501032953686386e+06  -1.823896259569581e+06  -1.693012947975688e+06  -1.909628971337291e+06  -4.719064425629779e+05  -3.760462052939344e+05  -3.498702848580688e-04  -7.024527497319022e-04  -3.600459130544087e-04
  1.819999999999999e+01  -3.501172401918593e+06  -1.826219849034986e+06  -1.697329906432833e+06  -1.907930691489608e+06  -4.790797240726823e+05  -3.832918988064978e+05  -1.739753383771249e-03  -9.016183503536222e-04  -1.793543426090284e-03
  1.829999999999999e+01  -3.502544204710961e+06  -1.828799852946787e+06  -1.695566731150184e+06  -1.908066926670113e+06  -4.818870174621698e+05  -3.900817000330357e+05  -3.100773281441009e-03  -1.485304397979803e-03  -3.376511345674759e-03
  1.839999999999999e+01  -3.505979153785567e+06  -1.834104902191373e+06  -1.686483158370935e+06  -1.910343828286525e+06  -4.793783553809504e+05  -3.920508033615535e+05  -3.879482186566357e-03  -2.514176934736542e-03  -4.355234440364842e-03
  1.849999999999999e+01  -3.511802971336909e+06  -1.841236395010071e+06  -1.673224711439530e+06  -1.912683046123522e+06  -4.737104335201910e+05  -3.864388768732455e+05  -3.519201340376663e-03  -3.620965679209037e-03  -4.187771397019269e-03
  1.859999999999999e+01  -3.519303147925481e+06  -1.846482174660246e+06  -1.661571760774025e+06  -1.912610725644244e+06  -4.686048919134581e+05  -3.740325206136046e+05  -1.982063442666891e-03  -4.170219438805699e-03  -2.831523974278874e-03
  1.870000000000000e+01  -3.526316768505873e+06  -1.846382665139963e+06  -1.656167309628136e+06  -1.909103446907636e+06  -4.666504611632237e+05  -3.590633227519187e+05  7.893517611865578e-05  -3.665017559359056e-03  -6.298663357482939e-04
  1.880000000000000e+01  -3.529912252947239e+06  -1.840585332209616e+06  -1.657596267414257e+06  -1.903304301598186e+06  -4.676421628034420e+05  -3.469956038111936e+05  1.742186806657456e-03  -2.095514808540834e-03  2.029349728625810e-03
  1.890000000000000e+01  -3.527806512023292e+06  -1.832181631554307e+06  -1.662431046014799e+06  -1.897946857339272e+06  -4.693811648523487e+05  -3.416518286212606e+05  2.435407049701862e-03  -1.940725212366238e-06  4.819397162306512e-03
  1.900000000000000e+01  -3.520000990766704e+06  -1.825485643944953e+06  -1.665955245225742e+06  -1.895830335582853e+06  -4.700968779148687e+05  -3.436113803424096e+05  2.270701559863846e-03  1.825771072235185e-03  7.289723733007009e-03
  1.910000000000000e+01  -3.509108548467149e+06  -1.822987163293202e+06  -1.665097352117962e+06  -1.898011114203886e+06  -4.699454492499080e+05  -3.504952414714175e+05  1.853736119282423e-03  2.780315423773122e-03  8.793886423516913e-03
  1.920000000000000e+01  -3.498911645180220e+06  -1.823702401786444e+06  -1.659572052387104e+06  -1.902951575358592e+06  -4.701275515922747e+05  -3.586364810107785e+05  1.744255974361319e-03  2.733679348713698e-03  8.821338073772498e-03
  1.930000000000000e+01  -3.492399821696170e+06  -1.824453259339539e+06  -1.650891921373166e+06  -1.907688573624664e+06  -4.708459008606018e+05  -3.648663752578587e+05  2.067856642106430e-03  2.019677942558575e-03  7.456655563724362e-03
  1.940000000000001e+01  -3.490473950787575e+06  -1.823078359401091e+06  -1.640696692684504e+06  -1.910216897719403e+06  -4.703708636526856e+05  -3.674877778595661e+05  2.497621814889054e-03  1.143604389596155e-03  5.419656056245756e-03
  1.950000000000001e+01  -3.492360547490527e+06  -1.820688765388984e+06  -1.630431624447926e+06  -1.910989026063491e+06  -4.662069120339810e+05  -3.663527367796852e+05  2.552407858004574e-03  4.978185536471481e-04  3.595736166844254e-03
  1.960000000000001e+01  -3.496713261068839e+06  -1.820454672197356e+06  -1.622088187907106e+06  -1.911942046397145e+06  -4.573247855001095e+05  -3.622795510590171e+05  1.988602799430942e-03  2.687699366612627e-04  2.442965193051153e-03
  1.970000000000001e+01  -3.502384703727446e+06  -1.824155409307285e+06  -1.618570865711017e+06  -1.914191136812465e+06  -4.453341341395313e+05  -3.565053476398712e+05  9.768871983310231e-04  5.169240103490128e-04  1.798091094559842e-03
  1.980000000000001e+01  -3.508374864568233e+06  -1.830201817711886e+06  -1.622496133026687e+06  -1.916815911382943e+06  -4.335852130920676e+05  -3.504169244542027e+05  -2.683212955893809e-05  1.231766522745038e-03  1.201130363963290e-03
  1.990000000000001e+01  -3.513359805464308e+06  -1.834934865265481e+06  -1.634061555497635e+06  -1.917658610146227e+06  -4.252014105041536e+05  -3.454533396221285e+05  -5.798722581052325e-04  2.274047820266625e-03  3.545473616170571e-04
