TITLE = "Temporal Signal for receiver number 01589"
VARIABLES = "Time","xx","yy","zz","xy","yz","xz","u","v","w"
# x1       3.630946160000e+05
# x2       4.721684950000e+06
# x3       -3.000000000000e+03
  0.000000000000000e+00  0.000000000000000e+00  0.000000000000000e+00  0.000000000000000e+00  0.000000000000000e+00  0.000000000000000e+00  0.000000000000000e+00  0.000000000000000e+00  0.000000000000000e+00  0.000000000000000e+00
  1.000000000000000e-01  0.000000000000000e+00  0.000000000000000e+00  0.000000000000000e+00  0.000000000000000e+00  0.000000000000000e+00  0.000000000000000e+00  0.000000000000000e+00  0.000000000000000e+00  0.000000000000000e+00
  2.000000000000000e-01  0.000000000000000e+00  0.000000000000000e+00  0.000000000000000e+00  0.000000000000000e+00  0.000000000000000e+00  0.000000000000000e+00  0.000000000000000e+00  0.000000000000000e+00  0.000000000000000e+00
  3.000000000000000e-01  0.000000000000000e+00  0.000000000000000e+00  0.000000000000000e+00  0.000000000000000e+00  0.000000000000000e+00  0.000000000000000e+00  0.000000000000000e+00  0.000000000000000e+00  0.000000000000000e+00
  4.000000000000000e-01  -2.228689558393793e-18  -3.300874852998103e-18  -1.108548487531949e-18  1.337521210480767e-18  8.250556422653896e-19  -6.814932366424550e-19  2.154549754689300e-25  -2.760747967955243e-25  4.478295605926656e-26
  5.000000000000000e-01  -2.886541158500095e-15  -1.189395395914585e-14  -2.372716938085998e-14  -1.640405592663131e-15  8.728842209714792e-15  -1.222982960018393e-15  -3.436769842781706e-22  -9.511279657979253e-22  2.395260145902471e-21
  6.000000000000000e-01  6.268210945638880e-12  1.194034991095951e-11  6.609840772188782e-12  -2.838455635577704e-12  -3.838436974972709e-12  1.335788016725358e-12  -3.816682689315283e-19  9.899501947684659e-19  -4.837708676113633e-19
  7.000000000000000e-01  -6.376814749145017e-11  -3.450321774421029e-11  4.855502408683189e-12  9.185108253957338e-12  3.712814309486734e-12  -8.807105705335195e-12  4.588961696868265e-19  -7.064329903618251e-18  5.203901748732523e-18
  7.999999999999999e-01  -1.488311693939784e-09  -3.299891808884175e-09  -5.119796880419238e-09  1.513562126453650e-10  2.191117771529094e-09  -6.610324448517800e-10  5.356498779257304e-17  -2.438025948145600e-16  4.280893750267936e-16
  8.999999999999999e-01  5.699843102176028e-08  1.070194789748165e-07  3.943258191842991e-08  -2.633542761728546e-08  -3.139249751532462e-08  9.622522178297971e-09  -3.112420922939313e-15  9.257670065652059e-15  -3.060642707058807e-15
  9.999999999999999e-01  9.109022351220184e-07  1.679593520997389e-06  9.394208337086779e-07  -3.738467587350476e-07  -5.798882977182519e-07  1.903470769147542e-07  -4.924189239306134e-14  1.439429450205575e-13  -7.231074940661243e-14
  1.100000000000000e+00  5.560422150759044e-06  9.653767001113701e-06  5.146340627862665e-06  -2.344414712224748e-06  -3.456614522476811e-06  1.298840832454621e-06  -2.924075244069727e-13  8.840611437696740e-13  -4.500842548535597e-13
  1.200000000000000e+00  7.590499750525393e-06  -4.240754930176300e-06  -9.368978458858911e-06  -1.995971767440919e-06  1.281972445989027e-06  2.738978091631111e-06  -2.293446787351692e-13  6.606628126181690e-13  -3.642748493265031e-13
  1.300000000000000e+00  -1.288490755012678e-04  -3.180288314907948e-04  -1.926192822611403e-04  7.046029992713872e-05  1.058701632986561e-04  -2.876726991318002e-05  8.208377766496334e-12  -2.425970747424271e-11  1.086766397678696e-11
  1.400000000000000e+00  -4.448253116054150e-04  -6.787991337437573e-04  -5.733926599848740e-04  1.392532923218314e-04  3.033483397379193e-04  -1.336375458980035e-04  1.370830058404990e-11  -7.134123581406200e-11  6.273393734774854e-11
  1.500000000000000e+00  1.031093623068108e-03  2.571391109664055e-03  1.370001869249858e-03  -8.973563463343042e-04  -8.424556131376897e-04  4.294764715002652e-04  -1.148163772309900e-10  1.931877460366280e-10  -4.972269766565498e-11
  1.600000000000000e+00  1.655210829755187e-03  2.933719825765363e-03  6.043599925077409e-03  -2.507906534428384e-05  -2.444267993383829e-03  8.605545721233754e-04  3.875142400412794e-11  3.504881467255468e-10  -6.312371111305550e-10
  1.700000000000000e+00  -3.620061762296888e-03  -6.277699635556763e-03  -7.568010707670901e-03  2.865107225688922e-03  3.130241675597402e-03  -3.403985707495689e-03  3.879261305469895e-10  -6.623246326938728e-10  7.695593125701667e-10
  1.800000000000000e+00  -4.640295065851530e-04  -1.124865679147354e-02  -1.190169361685278e-02  -3.950691834106146e-03  2.869402503417316e-03  5.183198145606389e-03  -7.971968099047802e-10  -8.458240507919171e-10  4.101905612454164e-10
  1.900000000000001e+00  1.227128689645590e-02  7.380984525964145e-02  4.193350333442013e-02  -1.125462099164495e-03  -1.810623680743031e-02  -1.170982697522263e-02  9.354359139285822e-10  5.772751772407611e-09  -1.856891213243961e-09
  2.000000000000000e+00  -1.889627866491403e-02  -2.374198910052083e-01  -7.040874727078358e-02  1.402073745418468e-02  5.752927180195572e-02  4.127004887022551e-02  -1.124139984202259e-09  -1.586122027457444e-08  -3.961089264892107e-10
  2.100000000000001e+00  1.026919624143462e-02  5.371663438834443e-01  3.819604529083983e-02  -5.984048932497726e-02  -1.278117694571015e-01  -1.138502693782810e-01  -1.326825787634096e-09  3.293727793494357e-08  2.239887682737644e-08
  2.200000000000001e+00  -1.816599480821060e-01  -1.745606937278116e+00  -7.081424739311427e-01  1.798629278164610e-01  5.124700760755679e-01  1.554689454455966e-01  3.850434020184879e-08  -9.701894030788162e-08  -4.251439917534489e-08
  2.300000000000001e+00  2.442011769464819e+00  6.514961849663315e+00  5.037993109016143e+00  -1.679304846694149e+00  -2.845698470714750e+00  7.596147017670165e-01  -2.546882512457987e-07  4.735093317458110e-07  -1.862947353979254e-07
  2.400000000000001e+00  -1.009149258979678e+01  -1.966581299093352e+00  -9.144114365686463e+00  5.401313584517812e+00  3.559146434455092e+00  -4.180532978793963e+00  7.110469832976783e-07  -7.415705355612526e-07  9.454281713420535e-07
  2.500000000000001e+00  1.446977217842719e+01  -4.218695906786817e+00  5.370091981429851e+00  -3.698417137035875e+00  -4.576276359639705e-01  6.725023768659614e+00  -7.869562105637656e-07  -1.440643907774668e-08  -1.285187054811804e-06
  2.600000000000001e+00  5.436727397485897e+01  3.788373576453419e+01  4.184159267189128e+01  -2.589703326887075e+01  -1.418722523650631e+01  1.572553775904559e+01  -4.761262190723474e-06  4.306797369476344e-06  -3.135820938107115e-06
  2.700000000000001e+00  -9.302927255494608e+01  -9.131073772107446e+01  -7.176807081841609e+01  4.442222183049027e+01  2.960027111382649e+01  -2.287141276287296e+01  7.495684633116127e-06  -8.522855748317427e-06  5.353386519229281e-06
  2.800000000000001e+00  -3.516862225820080e+02  -3.350266885916377e+02  -2.206026975313702e+02  1.737948264724594e+02  5.955827718993056e+01  -5.433782480809676e+01  3.038486900762033e-05  -3.039867485831666e-05  1.196119645019084e-05
  2.900000000000001e+00  -3.962362192095305e+02  -4.549103706629264e+02  -2.276126069689713e+02  2.394588530400757e+02  6.628407305753417e+01  -4.358897369665257e+01  3.397866365284285e-05  -4.035504954795418e-05  1.050751233419190e-05
  3.000000000000001e+00  -2.345898325423138e+02  -3.998977183151566e+02  -1.036979794853772e+02  2.284831336891640e+02  6.935580673203806e+01  -3.323723518787593e+01  2.229923128410254e-05  -3.784175244866453e-05  7.374181866990813e-06
  3.100000000000001e+00  -2.135028342586301e+02  -4.440767897021657e+02  -5.480170647433020e+01  2.775446644916747e+02  8.786224785201699e+01  -3.589203900766172e+01  2.424281847847051e-05  -4.514982677858452e-05  3.348465760356845e-06
  3.200000000000002e+00  -3.519286322405177e+02  -5.787887088758516e+02  -2.607249699809065e+01  3.821019021369599e+02  3.896167890524850e+01  3.961102791938009e+00  3.562004082924407e-05  -5.992044658715695e-05  -2.079471845481068e-07
  3.300000000000002e+00  -8.529172494231381e+02  -9.679184983652854e+02  -3.599778256935149e+02  7.222534988282381e+02  1.658626247467494e+02  -1.267564235265814e+02  8.179460216018581e-05  -1.062905036591934e-04  1.901534318157934e-05
  3.400000000000002e+00  -2.190867269897631e+03  -2.955525746451750e+03  -1.509958647966943e+03  1.524937421626236e+03  5.730015677412498e+02  -3.244810944655782e+02  2.030105897577527e-04  -2.677769366161054e-04  8.650161557985935e-05
  3.500000000000002e+00  -4.265853962877144e+03  -5.121340238684431e+03  -2.839913345354682e+03  2.482655153290902e+03  9.317344829130736e+02  -7.144347728308222e+02  3.948062450591713e-04  -4.259711736506711e-04  1.267932638757459e-04
  3.600000000000002e+00  -1.530297472604128e+04  -1.561267015529764e+04  -9.768687179088452e+03  8.069323316745917e+03  3.241183885583013e+03  -3.000562337639909e+03  1.337042231018146e-03  -1.370111440123250e-03  5.899847714943906e-04
  3.700000000000002e+00  -3.704187520964633e+04  -3.539504133192897e+04  -2.213118038952546e+04  1.891093279865015e+04  6.804930766988291e+03  -7.092213200083695e+03  3.278946953406933e-03  -3.101519520221439e-03  1.256762049387673e-03
  3.800000000000002e+00  -6.713192992728612e+04  -6.412451837603383e+04  -3.925806435129840e+04  3.491661499462818e+04  1.192769298642471e+04  -1.219713141497304e+04  5.865305995061944e-03  -5.678987629952781e-03  2.297323127627619e-03
  3.900000000000002e+00  -1.137460304536597e+05  -1.090004084390074e+05  -5.909300442761854e+04  6.343685744233090e+04  1.923504186957697e+04  -2.060562655339815e+04  1.022409990899948e-02  -9.790235554081704e-03  3.212924005205375e-03
  4.000000000000002e+00  -1.644702870640735e+05  -1.579437088704187e+05  -7.917847826405014e+04  9.270350653807064e+04  2.513583397974078e+04  -2.958330930544422e+04  1.485783650514119e-02  -1.415127829403265e-02  4.580826729039542e-03
  4.100000000000001e+00  -2.283518509106109e+05  -2.176407451974936e+05  -9.977591635832124e+04  1.366920470609082e+05  3.451803517702882e+04  -3.942378014472977e+04  2.080482227872097e-02  -2.014846480163007e-02  5.746414004861623e-03
  4.200000000000001e+00  -3.690532013826140e+05  -3.281909980809842e+05  -1.499835659316191e+05  2.203928996249877e+05  4.913055104552469e+04  -6.284496137060708e+04  3.383972663034943e-02  -3.099580558505048e-02  8.381078889756928e-03
  4.300000000000001e+00  -4.101405909519793e+05  -3.887001382839216e+05  -1.397820475956186e+05  2.722531075998561e+05  5.608323847962632e+04  -6.706118213742369e+04  3.848023407443519e-02  -3.717958086473335e-02  8.268090415176585e-03
  4.400000000000000e+00  -3.098962104539372e+05  -3.459213145316518e+05  -4.932420874117155e+04  2.898599992110494e+05  4.925893404460994e+04  -5.996251075212553e+04  3.102331813179101e-02  -3.541547555934160e-02  5.264524819534139e-03
  4.500000000000000e+00  -2.532218395403821e+05  -3.532756567683592e+05  1.799839795682069e+04  3.344310367026462e+05  4.502696845411063e+04  -5.609989189027059e+04  2.856539784819611e-02  -4.073110563128936e-02  2.518705050203882e-03
  4.600000000000000e+00  -2.496646571282666e+05  -4.772309275018024e+05  2.644083229217228e+04  4.075481413572561e+05  5.499084115039221e+04  -3.993030383233748e+04  3.044489838310348e-02  -5.317346046615753e-02  -9.266063436283622e-04
  4.699999999999999e+00  -2.071801287394048e+05  -5.289418367029878e+05  1.260479169645081e+05  4.481269657120932e+05  6.502705178634392e+04  -2.993361557321126e+04  2.830198382836197e-02  -5.362320585729782e-02  -5.492097002580537e-03
  4.799999999999999e+00  -1.515792195160940e+05  -3.861750897382040e+05  2.559843608719849e+05  4.338615120645748e+05  6.365357783555547e+04  -6.147877758609769e+04  2.455377672866814e-02  -3.785365681681171e-02  -2.003757680490363e-03
  4.899999999999999e+00  -7.966907771716642e+04  -2.462069479437828e+05  2.253067066536750e+05  4.453832125048481e+05  1.760873750947889e+04  -8.206786622065165e+04  1.973767219949048e-02  -3.209895959840869e-02  -5.262473320243557e-04
  4.999999999999998e+00  8.262055743504185e+04  -4.205569766927875e+05  2.156970841534064e+05  5.848831027510549e+05  -4.674439276603141e+04  1.267959329320244e+04  8.251878552336384e-03  -6.277617459632748e-02  -2.506864061941787e-02
  5.099999999999998e+00  2.313537494191998e+05  -7.631628689468871e+05  3.967081591974160e+05  7.378901415897992e+05  -1.828610561867508e+04  1.027892467914591e+05  -2.250706433940647e-03  -9.566758816626193e-02  -4.999992533299488e-02
  5.199999999999998e+00  1.646975999133908e+05  -7.035856772396695e+05  4.987485576118613e+05  6.344738566352075e+05  1.135789151525243e+05  -8.253675183301028e+04  3.579529477079469e-03  -6.000589313579423e-02  -1.562725573746385e-02
  5.299999999999997e+00  -1.301198302774259e+05  -5.979841493055547e+04  2.474298943524308e+05  2.370768503657989e+05  1.954106070553370e+05  -5.326957701210572e+05  2.919490935703907e-02  4.573462039578160e-02  7.518572179645878e-02
  5.399999999999997e+00  -4.014122065857197e+05  6.566370773641738e+05  -1.306949539758034e+05  -1.670112749332961e+05  1.301233827010318e+05  -8.810787209680525e+05  5.572458033791862e-02  1.354142124592298e-01  1.368315418476413e-01
  5.499999999999996e+00  -4.101990678750136e+05  8.323950939144811e+05  -2.372776709284695e+05  -2.683334790860491e+05  2.143407240046309e+04  -8.362953206847318e+05  5.791061456185688e-02  1.357666033476630e-01  1.086583635419153e-01
  5.599999999999996e+00  -2.226329579469494e+05  3.971678157894275e+05  -4.609393150233250e+04  -3.914630612184094e+04  -5.560337948134557e+03  -4.928976187362834e+05  3.577912555227804e-02  6.459695200495608e-02  2.955215296994668e-02
  5.699999999999996e+00  -1.108555237294648e+05  -2.054809997479752e+05  1.783248562458810e+05  2.883500591295976e+05  2.600469708783835e+04  -1.751952878764003e+05  1.516731628718795e-02  -3.901440474893137e-03  -2.013132213176267e-02
  5.799999999999995e+00  -1.486175005859202e+05  -4.847617901314780e+05  2.990003943713400e+05  4.633135746252850e+05  2.342986433626256e+04  -7.709609772166301e+04  1.194942370224761e-02  -2.294576685734527e-02  -1.302473939788808e-02
  5.899999999999995e+00  -1.677129105758798e+05  -3.305451699629858e+05  3.304414640801546e+05  4.115065026336025e+05  -2.225885227548922e+04  -1.353443042403701e+05  1.591973484317447e-02  -2.777501532120650e-03  1.860581299263339e-02
  5.999999999999995e+00  -9.266253641976576e+04  -3.476160306309715e+03  3.127306250565983e+05  2.276133094362352e+05  -6.704948960289097e+04  -2.001179908760223e+05  1.622664545104371e-02  2.675306325931576e-02  3.362901080846848e-02
  6.099999999999994e+00  -2.898680720881288e+04  2.162057622123780e+05  2.863899625245815e+05  5.304190902386027e+04  -9.939953952133184e+04  -1.964798714333666e+05  1.582758666180879e-02  4.809872905949466e-02  1.973472095861638e-02
  6.199999999999994e+00  -3.391731673151394e+04  2.522905217450252e+05  2.849252505077237e+05  -1.343357392129255e+04  -1.144143522382821e+05  -1.412678210489036e+05  1.638223250454557e-02  5.390846126564820e-02  -4.449304961446044e-03
  6.299999999999994e+00  -2.584440377973940e+04  1.955136065722393e+05  2.870372448322727e+05  3.141319550799573e+04  -8.766313445660502e+04  -7.777024606594602e+04  1.156895771990105e-02  4.457135556140089e-02  -1.654869579891526e-02
  6.399999999999993e+00  6.920156154321876e+04  1.351945689070555e+05  2.448617061043631e+05  1.206332373798069e+05  -2.051460294105317e+04  -2.950417209491562e+04  -1.404024476987101e-03  2.734544396343160e-02  -1.412189494724320e-02
  6.499999999999993e+00  2.254336335123502e+05  5.534719845942005e+04  1.543447631447038e+05  2.095797804475118e+05  4.526603170267909e+04  -1.964772789873792e+04  -1.767137810563863e-02  7.479600824493967e-03  -4.535800890980071e-03
  6.599999999999993e+00  3.832930431169791e+05  -7.315467828260170e+04  8.579170178085410e+04  2.960562745996473e+05  7.515576877362258e+04  -6.324001186213248e+04  -3.072913575169724e-02  -1.408115314256811e-02  8.500014923350931e-03
  6.699999999999992e+00  4.812707632834457e+05  -2.049242535810224e+05  1.068760994874651e+05  3.766961433542891e+05  7.782386648575310e+04  -1.283879044298439e+05  -3.393805864499227e-02  -3.290926983417018e-02  2.147442313321907e-02
  6.799999999999992e+00  4.581541416596987e+05  -2.485167795931465e+05  1.797846458765591e+05  4.134926596948020e+05  8.302813570483934e+04  -1.485450829131396e+05  -2.312967728268345e-02  -3.683029597067074e-02  2.726852240125856e-02
  6.899999999999991e+00  3.118502060850656e+05  -1.391748676679794e+05  2.102629974696912e+05  3.710953597888169e+05  1.013988526445096e+05  -7.782904604878361e+04  -3.764544167340722e-03  -1.807428992575339e-02  1.837580437143056e-02
  6.999999999999991e+00  1.157286707261366e+05  7.857482276929304e+04  1.523366302959269e+05  2.779220662768183e+05  1.136337473893657e+05  6.405066343321741e+04  1.322252788583352e-02  1.452206662977645e-02  -4.838475508829028e-03
  7.099999999999991e+00  -3.312608718753849e+04  2.873685130599065e+05  4.035538079022687e+04  1.897624909491677e+05  8.881452247924445e+04  2.164751881697849e+05  2.132403423322510e-02  4.330634513326462e-02  -3.225813522253944e-02
  7.199999999999990e+00  -9.260380085890462e+04  3.936116501454413e+05  -6.834604936760281e+04  1.380186995262328e+05  2.708140110536431e+04  3.274522198783152e+05  2.240768616713971e-02  5.577148851889818e-02  -5.182905951218053e-02
  7.299999999999990e+00  -8.882566245844637e+04  3.641157310205952e+05  -1.467688343447436e+05  1.270208732676011e+05  -3.169350646736220e+04  3.742271253927066e+05  2.245335855812820e-02  5.136341557839669e-02  -5.816585469946895e-02
  7.399999999999990e+00  -5.410009553814484e+04  2.366483413721713e+05  -1.892082229714767e+05  1.445707518847606e+05  -4.623201375391476e+04  3.571590084073303e+05  2.299814810428136e-02  3.794472965296748e-02  -5.296979620331722e-02
  7.499999999999989e+00  1.304910588399196e+04  9.844259623925458e+04  -1.916893673680115e+05  1.727352069586402e+05  -9.028768693037375e+03  2.910392016325999e+05  1.994420727443447e-02  2.432659928325175e-02  -4.083488947896734e-02
  7.599999999999989e+00  1.004526121882132e+05  2.981721866139035e+04  -1.764771679143659e+05  1.911251531010363e+05  4.783642028555217e+04  2.105442705508145e+05  1.205340107284581e-02  1.686107819447468e-02  -2.653342424910077e-02
  7.699999999999989e+00  1.497536873888755e+05  4.636203905413159e+04  -1.851043633685505e+05  1.888266854642663e+05  8.347343336964259e+04  1.616070613604721e+05  5.606248617592553e-03  1.659023493998185e-02  -1.458562000299151e-02
  7.799999999999988e+00  1.386094449759896e+05  1.010297818790180e+05  -2.181562314180252e+05  1.730355174519819e+05  8.581239731716093e+04  1.681207033305365e+05  5.354187549374501e-03  1.954445605231698e-02  -8.298398826785257e-03
  7.899999999999988e+00  1.354698491220007e+05  1.464600623665358e+05  -2.232956771719042e+05  1.555767737894352e+05  7.664252840473296e+04  2.069607708686319e+05  6.387817427946712e-03  2.170715808886376e-02  -7.815814326804702e-03
  7.999999999999988e+00  2.001023829051952e+05  1.707457553222004e+05  -1.723808173882584e+05  1.399066494433550e+05  8.393167214356457e+04  2.308076144501271e+05  2.094801044142164e-03  2.267568251594665e-02  -1.051089886402055e-02
  8.099999999999987e+00  3.024420183251835e+05  1.926635914004391e+05  -9.643684855585272e+04  1.224102613300232e+05  1.148677287281692e+05  2.246344349881926e+05  -6.961874937921587e-03  2.460959467348914e-02  -1.436361491854719e-02
  8.199999999999987e+00  3.764959186470941e+05  2.315587506955558e+05  -2.834313151316125e+04  1.045872484352007e+05  1.537745565300975e+05  2.143820539090681e+05  -1.530701949088132e-02  2.784042730060036e-02  -1.813937764849106e-02
  8.299999999999986e+00  3.872002904868763e+05  2.661590709003476e+05  2.758442165935166e+04  9.556859878347930e+04  1.825747640140013e+05  2.190608454941332e+05  -1.820054439378110e-02  2.923131828586488e-02  -1.922500360805393e-02
  8.399999999999986e+00  3.510718295904055e+05  2.442964588438795e+05  7.207465478645456e+04  1.008487965680963e+05  2.004614483587994e+05  2.255335745864467e+05  -1.568944083419965e-02  2.551635352886810e-02  -1.505861104225764e-02
  8.499999999999986e+00  3.101951630740602e+05  1.467218865060588e+05  1.041158978468377e+05  1.141884544678287e+05  2.181013545636279e+05  2.128633623378212e+05  -1.158807804308012e-02  1.811209079594086e-02  -6.867170475824268e-03
  8.599999999999985e+00  2.786376982116234e+05  2.445610819594263e+04  1.266043569990150e+05  1.286975881250240e+05  2.354372310017031e+05  1.777109928156921e+05  -8.264038098368412e-03  1.236971735793412e-02  5.920207186442018e-04
  8.699999999999985e+00  2.345224119898801e+05  -4.586625826574867e+04  1.399451444580460e+05  1.448512690954375e+05  2.366563951719322e+05  1.273454684804269e+05  -5.000562634461597e-03  1.104913282106379e-02  4.038964827786810e-03
  8.799999999999985e+00  1.686605061929234e+05  -3.551265576736882e+04  1.470192141984754e+05  1.619269090096947e+05  2.098585404676918e+05  6.998652194579017e+04  -1.501440562962742e-03  1.157732869526125e-02  4.072456610847943e-03
  8.899999999999984e+00  1.089142257726630e+05  1.731413349031252e+04  1.549547321472420e+05  1.815193978799902e+05  1.600978884362491e+05  1.549656433667692e+04  4.269341610227273e-04  9.114657061600192e-03  2.746347890536046e-03
  8.999999999999984e+00  8.434995316165462e+04  5.207197874482350e+04  1.656190221037033e+05  2.084266700867946e+05  1.043358069877122e+05  -2.849884630901588e+04  7.262815149771207e-06  1.566568344966475e-03  1.767518710477828e-03
  9.099999999999984e+00  9.830885251268194e+04  4.342580834627655e+04  1.787501889075731e+05  2.423695410686430e+05  5.973615870010587e+04  -5.960656643736942e+04  -1.583327009320458e-03  -8.316859628066877e-03  2.758907323041454e-03
  9.199999999999983e+00  1.323273210322254e+05  9.700803317753711e+03  1.899824528082243e+05  2.763746613181051e+05  3.750343538554100e+04  -7.961022487439988e+04  -2.782095036171813e-03  -1.602347978840038e-02  6.744582988476306e-03
  9.299999999999983e+00  1.560662230672788e+05  -1.655070621030097e+04  1.890644750520090e+05  3.002570115549214e+05  4.115296894181713e+04  -9.051052925722171e+04  -1.910233260191268e-03  -1.812042235867652e-02  1.257797211982989e-02
  9.399999999999983e+00  1.466993763714553e+05  -1.815656776889188e+04  1.776983235590860e+05  3.083698204110289e+05  6.203866773561535e+04  -9.082225442501342e+04  1.744724619113965e-03  -1.378577397854151e-02  1.652310802925990e-02
  9.499999999999982e+00  1.066193776624669e+05  -5.656869507260599e+03  1.715063855175965e+05  3.016065041062827e+05  8.233453391848487e+04  -8.026689263514214e+04  6.700387832531447e-03  -6.003218629241015e-03  1.526858056957518e-02
  9.599999999999982e+00  6.096162636575854e+04  -4.364034704647539e+03  1.738448970359099e+05  2.860502564126404e+05  8.936742444987177e+04  -6.345410419383194e+04  9.893887905713883e-03  -1.821152548790322e-04  9.796588884972252e-03
  9.699999999999982e+00  2.980429817992755e+04  -2.556323605025486e+04  1.686673436381785e+05  2.725629540369005e+05  8.450020290269326e+04  -4.698636627211882e+04  9.657355838530370e-03  3.948626119299223e-04  4.271080576755671e-03
  9.799999999999981e+00  6.302190586583684e+03  -5.144944632212415e+04  1.411527854355907e+05  2.710322597603579e+05  7.674232460322534e+04  -3.711748977805839e+04  7.979163416995380e-03  -2.148212378987279e-03  1.514997346120615e-03
  9.899999999999981e+00  -2.520421052811231e+04  -5.629400716367002e+04  9.390428083243387e+04  2.811666702865109e+05  6.954569506739297e+04  -3.459563258304184e+04  7.671882958100353e-03  -3.411221668548065e-03  6.050690310628119e-04
  9.999999999999980e+00  -5.647832006031702e+04  -4.681333728144872e+04  4.094140050754071e+04  2.931819486973530e+05  5.594550225818968e+04  -3.373614780599739e+04  8.438490128421315e-03  -2.473044390779379e-03  -1.481700834163512e-03
  1.009999999999998e+01  -5.556332227831498e+04  -6.385011215651703e+04  -6.179258575788976e+03  2.989847026655889e+05  2.789048115581241e+04  -3.115681163934667e+04  7.333575515454588e-03  -2.839958760243413e-03  -6.128501128984410e-03
  1.019999999999998e+01  7.812527827598061e+02  -1.340324464889664e+05  -3.831813467943164e+04  3.005920423790660e+05  -1.030543999612087e+04  -3.198997183202103e+04  2.174159322768503e-03  -8.148010955253400e-03  -1.147116844505948e-02
  1.029999999999998e+01  1.026065301233524e+05  -2.411773891411539e+05  -5.045773457016948e+04  3.040856301028238e+05  -4.374021365903595e+04  -4.193752411798867e+04  -5.884443509692548e-03  -1.795779129958181e-02  -1.451837083196960e-02
  1.039999999999998e+01  2.062885676687034e+05  -3.419619036878475e+05  -4.871153782389744e+04  3.104142840563501e+05  -6.042096082192140e+04  -5.904185719043368e+04  -1.328854532538582e-02  -2.855364758775720e-02  -1.350249604528577e-02
  1.049999999999998e+01  2.663345854196304e+05  -3.981019711639310e+05  -4.341733872530730e+04  3.187890771352330e+05  -5.869347993557035e+04  -7.778026974607458e+04  -1.759840053475540e-02  -3.667491508435067e-02  -8.385827180883335e-03
  1.059999999999998e+01  2.682916464613958e+05  -3.995781730081383e+05  -3.976194311716633e+04  3.291910588303389e+05  -4.404176590271012e+04  -9.650380541129383e+04  -1.863987977348815e-02  -4.073417848451584e-02  -6.812319298764959e-04
  1.069999999999998e+01  2.258657601589177e+05  -3.583688448577518e+05  -3.770107615000845e+04  3.399248049559562e+05  -2.275939732979405e+04  -1.170765109500404e+05  -1.714167783092375e-02  -4.029374794627465e-02  7.387952359304470e-03
  1.079999999999998e+01  1.619041015339139e+05  -2.952093532277988e+05  -3.375411248124825e+04  3.461602762557360e+05  -1.529474615532459e+03  -1.355638975237764e+05  -1.360628408231441e-02  -3.581385057938569e-02  1.364029399580134e-02
  1.089999999999998e+01  9.313556384137452e+04  -2.333701651290893e+05  -2.239920337560915e+04  3.421156047504951e+05  1.465917961484968e+04  -1.446624347059799e+05  -8.373636353675362e-03  -2.895034051429197e-02  1.702744703912775e-02
  1.099999999999998e+01  3.194468385112347e+04  -1.904907053791361e+05  -1.079743838777627e+03  3.262700320330211e+05  2.483981417004368e+04  -1.429068083252512e+05  -3.086693716054825e-03  -2.252037010717958e-02  1.805362230810595e-02
  1.109999999999998e+01  -1.149255924595036e+04  -1.752473339072196e+05  2.681175047982376e+04  3.014587603160094e+05  3.003586895775777e+04  -1.336049141859782e+05  -1.552363679344883e-04  -1.873505887600177e-02  1.714318024967805e-02
  1.119999999999998e+01  -3.222126494608643e+04  -1.810326735875938e+05  5.501437604202602e+04  2.730945708171050e+05  3.149136315955479e+04  -1.215211527740405e+05  -8.338509642053788e-04  -1.795967474540588e-02  1.440890592791115e-02
  1.129999999999998e+01  -3.172942974834622e+04  -1.888173083877835e+05  7.639397441833081e+04  2.464854451553272e+05  3.101259833453214e+04  -1.110854780840160e+05  -4.524517120680832e-03  -1.877347606062178e-02  1.055708747445448e-02
  1.139999999999998e+01  -2.142711087642155e+04  -1.833101809048585e+05  8.152560741933466e+04  2.234951764829025e+05  3.040816659898881e+04  -1.070059571913260e+05  -8.945184363036452e-03  -1.887117690571374e-02  7.268472669429006e-03
  1.149999999999998e+01  -1.537523537893425e+04  -1.603101526144924e+05  6.419093418315292e+04  2.049394790217281e+05  2.966032365061239e+04  -1.123072454415991e+05  -1.180022518682569e-02  -1.684648157733338e-02  6.280826682066431e-03
  1.159999999999997e+01  -2.030088954460749e+04  -1.285732884013131e+05  3.287288163679797e+04  1.906948963018954e+05  2.776630643771271e+04  -1.235224076603849e+05  -1.223268541688133e-02  -1.281866203500331e-02  7.295650945173025e-03
  1.169999999999997e+01  -3.158907643301905e+04  -1.007518429409009e+05  8.999365672002692e+03  1.786819522050807e+05  2.405050894049847e+04  -1.323522279092690e+05  -1.088890434433483e-02  -8.003220226631269e-03  8.306730070780565e-03
  1.179999999999997e+01  -3.818091656105448e+04  -8.195246490716563e+04  9.162957944996992e+03  1.671698224996883e+05  1.906720059498247e+04  -1.312764400490578e+05  -9.133590487510739e-03  -3.876910647176347e-03  7.650732010312543e-03
  1.189999999999997e+01  -3.462167905961038e+04  -7.138048945263260e+04  3.041371584287070e+04  1.565900770079371e+05  1.369165449871191e+04  -1.190579294296368e+05  -7.759487980242204e-03  -1.090505902440455e-03  5.258137153745550e-03
  1.199999999999997e+01  -2.446405158628146e+04  -6.353686480441916e+04  5.538832480634596e+04  1.505848268710575e+05  8.360081870863454e+03  -1.022919371292901e+05  -6.671409038258058e-03  4.867590560776119e-04  2.679586039710816e-03
  1.209999999999997e+01  -1.526010114395968e+04  -5.509116643784559e+04  6.862881581419226e+04  1.526689782699592e+05  5.496574313062539e+03  -9.047399953855894e+04  -5.467118062265492e-03  1.259400474612331e-03  1.476362960388709e-03
  1.219999999999997e+01  -1.003462915430178e+04  -4.683532596786088e+04  6.668687397977538e+04  1.619619810008551e+05  8.285100566658413e+03  -8.836501126132385e+04  -4.343879614575867e-03  1.657180928090685e-03  1.884720738867449e-03
  1.229999999999997e+01  -4.957677130844128e+03  -3.741963821146088e+04  5.776986444301940e+04  1.738228859815807e+05  1.682114597639247e+04  -9.207375401871446e+04  -4.268855084209835e-03  1.872816992319361e-03  2.878461934615998e-03
  1.239999999999997e+01  3.073445556293211e+03  -2.759659477780217e+04  5.213232699374278e+04  1.841888809195276e+05  2.796659516606178e+04  -9.384529698591720e+04  -5.824799329519946e-03  1.706797864002889e-03  3.148250774338506e-03
  1.249999999999997e+01  1.306240526673354e+04  -2.090047567660026e+04  5.182121063237004e+04  1.912661405964570e+05  3.778840353424614e+04  -8.958614724470723e+04  -8.677583185317403e-03  7.768404227407171e-04  2.492839162197240e-03
  1.259999999999997e+01  2.288006491691690e+04  -1.853500067163025e+04  5.122808621570356e+04  1.933903467899066e+05  4.436401112910659e+04  -8.184659344225989e+04  -1.186550179563863e-02  -6.215921973557839e-04  1.965653967640686e-03
  1.269999999999997e+01  3.210804757386258e+04  -1.593264032144107e+04  4.683004299768319e+04  1.887312198368664e+05  4.823818645590768e+04  -7.636378828778031e+04  -1.439854812067919e-02  -1.348517173129099e-03  2.798054512210299e-03
  1.279999999999997e+01  4.073706803712862e+04  -7.270771063814614e+03  4.199738252416233e+04  1.766935076389615e+05  5.050825683717315e+04  -7.604066286610503e+04  -1.573235511406172e-02  -3.972935055995500e-04  5.061930621759653e-03
  1.289999999999997e+01  4.648521141018214e+04  6.909048723687338e+03  4.201598095648154e+04  1.589719485263585e+05  5.089407063682453e+04  -7.852943022674664e+04  -1.565026252542329e-02  2.204605702420900e-03  7.348784372271847e-03
  1.299999999999997e+01  4.432863453742565e+04  2.037945033067475e+04  4.738985621856264e+04  1.394117601776062e+05  4.839284781751708e+04  -7.894125791071920e+04  -1.427096176713134e-02  5.473909544177075e-03  8.015808251337710e-03
  1.309999999999997e+01  3.011130900658766e+04  2.741401251819736e+04  5.454924233064376e+04  1.226874660803041e+05  4.263082434057001e+04  -7.587221767495676e+04  -1.187815790033952e-02  8.348203999172797e-03  6.531984949153692e-03
  1.319999999999997e+01  7.600186838129132e+03  2.729077145157322e+04  6.207172144300041e+04  1.125641381409923e+05  3.491999465035536e+04  -7.218904420246680e+04  -9.083441142247548e-03  1.022159075930058e-02  3.971057390684595e-03
  1.329999999999997e+01  -1.101730087035077e+04  2.242037578230606e+04  7.174281596209445e+04  1.100111423359630e+05  2.845955011958639e+04  -7.019952378377988e+04  -6.892038300598001e-03  1.103519284528810e-02  1.898422708472101e-03
  1.339999999999997e+01  -1.541542213015640e+04  1.548084871147183e+04  8.443669135325251e+04  1.134813940759660e+05  2.549198106687504e+04  -6.837520935597629e+04  -5.760495514897365e-03  1.107494778028769e-02  9.141408837875675e-04
  1.349999999999997e+01  -7.217557447559908e+03  8.481168115423474e+03  9.691813451499715e+04  1.219747278963750e+05  2.624104830795618e+04  -6.215461025571663e+04  -5.139535008175856e-03  1.065106426764566e-02  6.312228001334477e-04
  1.359999999999997e+01  9.517962028445985e+02  2.015339694271652e+03  1.044877973469953e+05  1.360050149729252e+05  2.956435297769463e+04  -4.993550715209004e+04  -3.793887133759360e-03  9.926620790179577e-03  3.977764691237059e-04
  1.369999999999997e+01  -1.495601833445364e+03  -4.220949299034787e+03  1.075855515463778e+05  1.562284056892911e+05  3.273948723967714e+04  -3.513299039639997e+04  -1.004083283497858e-03  8.863972207728129e-03  2.198871201479786e-05
  1.379999999999997e+01  -1.243200136733246e+04  -9.769049595470768e+03  1.111980036326138e+05  1.814274264823464e+05  3.347004200185644e+04  -2.203884094458270e+04  2.600394990781252e-03  7.453651793232285e-03  -3.030090260383423e-04
  1.389999999999997e+01  -2.283027373756608e+04  -1.466704804414303e+04  1.170347084549730e+05  2.071541980395785e+05  3.235245870800217e+04  -1.326897952890169e+04  5.990339131036886e-03  5.919652347440106e-03  -4.576508476937270e-04
  1.399999999999997e+01  -2.654635057308425e+04  -1.962531679071795e+04  1.208477346141564e+05  2.277785696396414e+05  3.297347642937841e+04  -8.273860732872172e+03  8.539895201617083e-03  4.646587369021268e-03  -4.933292009541496e-04
  1.409999999999997e+01  -2.253118607998183e+04  -2.383402086157826e+04  1.180428372045125e+05  2.390921523297068e+05  3.951560221824379e+04  -4.472234649588280e+03  1.013051047797569e-02  3.910830677287690e-03  -6.540993665698295e-04
  1.419999999999997e+01  -1.264726986657186e+04  -2.669001166569507e+04  1.103054742230986e+05  2.408161511990491e+05  5.250296477200034e+04  -3.489967364922474e+02  1.086987199610387e-02  3.689196532369311e-03  -1.107288381413320e-03
  1.429999999999997e+01  5.601207853152098e+02  -2.864513092705123e+04  1.045748244713476e+05  2.366954945501561e+05  6.813112511162652e+04  4.082182707828742e+03  1.080979122063822e-02  3.687944173174491e-03  -1.746275621501939e-03
  1.439999999999996e+01  1.381722013111985e+04  -3.074703944014715e+04  1.053115330796898e+05  2.316730052522385e+05  8.137077145161649e+04  7.095369453615974e+03  1.026460734389630e-02  3.607635411832533e-03  -2.147547272021963e-03
  1.449999999999996e+01  2.416148856418332e+04  -3.414846788944994e+04  1.110686807472949e+05  2.289316421664727e+05  8.886042037322072e+04  6.878255763439620e+03  9.659362302312914e-03  3.427758095197758e-03  -1.808887711731917e-03
  1.459999999999996e+01  3.101654483023074e+04  -3.964030338816101e+04  1.172825073951431e+05  2.294164306218834e+05  9.011110116543296e+04  3.479147638035594e+03  9.256821691489449e-03  3.074414608081213e-03  -7.547169436722803e-04
  1.469999999999996e+01  3.602821470684380e+04  -4.994236925360491e+04  1.208949885316813e+05  2.337896641285971e+05  8.578018704112883e+04  -1.842096656305495e+03  9.085836220122673e-03  2.172449233667826e-03  3.829317889959372e-04
  1.479999999999996e+01  4.178839397378620e+04  -6.588936540179935e+04  1.224222617941582e+05  2.425115638510547e+05  7.723914787985828e+04  -7.360526812250242e+03  8.850509056680739e-03  3.811215061934602e-04  8.423400603757227e-04
  1.489999999999996e+01  5.072641901176274e+04  -8.153022605272151e+04  1.225364009000411e+05  2.540526358692183e+05  6.679426696351531e+04  -1.253484761735963e+04  8.249827660368183e-03  -2.025625860416093e-03  3.203384070850282e-04
  1.499999999999996e+01  6.324714361761278e+04  -8.718557277056994e+04  1.196809400186069e+05  2.643344977979395e+05  5.690631227932125e+04  -1.830221496816874e+04  7.254490361163577e-03  -4.136388460197194e-03  -7.615012597278189e-04
  1.509999999999996e+01  7.653589063795688e+04  -7.781577812218841e+04  1.110618423893355e+05  2.692098694626558e+05  4.986803209705470e+04  -2.549681667272998e+04  6.209484571660999e-03  -5.298559448040954e-03  -1.668026226867095e-03
  1.519999999999996e+01  8.607210715198361e+04  -5.890283070096823e+04  9.663277986915596e+04  2.673429931389662e+05  4.584874453736214e+04  -3.392005727082027e+04  5.598410946385909e-03  -5.582201285435460e-03  -1.945533613652269e-03
  1.529999999999996e+01  8.857238581830121e+04  -4.124461363065533e+04  8.202238738234853e+04  2.599735352644557e+05  4.285016211404317e+04  -4.171756051008686e+04  5.663157836211888e-03  -5.472057539266668e-03  -1.708376986805165e-03
  1.539999999999996e+01  8.409533163350438e+04  -3.211786687612506e+04  7.422239669246910e+04  2.492449544656941e+05  3.898507083627499e+04  -4.615765866198661e+04  6.249729393528195e-03  -5.300853929134172e-03  -1.539813849834125e-03
  1.549999999999996e+01  7.469755836471904e+04  -3.172066166997023e+04  7.580829260419378e+04  2.375343349697275e+05  3.371607186725321e+04  -4.584478015731753e+04  6.947853095884643e-03  -5.050881326666957e-03  -1.961059951123242e-03
  1.559999999999996e+01  6.288523289712292e+04  -3.541999185543501e+04  8.252085745536776e+04  2.268031426968151e+05  2.841148841730339e+04  -4.169147245817217e+04  7.361043796822910e-03  -4.607402385234168e-03  -2.953110176838513e-03
  1.569999999999996e+01  5.148279622814852e+04  -3.815292783225999e+04  8.601116424699343e+04  2.191108042365892e+05  2.488682070278253e+04  -3.619704439547328e+04  7.126386035347962e-03  -3.899103736262505e-03  -4.070555311154977e-03
  1.579999999999996e+01  4.296346034764835e+04  -3.779472383967673e+04  8.033462198418280e+04  2.157211189046826e+05  2.332437109531480e+04  -3.149433653859495e+04  6.127319287160522e-03  -2.975611966874632e-03  -4.894036624028836e-03
  1.589999999999996e+01  3.893876399873429e+04  -3.596561479880060e+04  6.626666360895532e+04  2.162951781143653e+05  2.191838403297449e+04  -2.784387524129018e+04  4.571409333939244e-03  -2.021885365857910e-03  -5.414940248070907e-03
  1.599999999999996e+01  3.964621126409528e+04  -3.524357343733633e+04  5.103611567090634e+04  2.187625638639713e+05  1.814384765661478e+04  -2.385742079158888e+04  2.770550637600903e-03  -1.254629376288040e-03  -6.003060472508902e-03
  1.609999999999996e+01  4.324011564440315e+04  -3.712698549997114e+04  4.218358085840981e+04  2.194701629419574e+05  1.138206441337621e+04  -1.854693522932364e+04  1.151896483494788e-03  -8.030125779130662e-04  -6.931173771290512e-03
  1.619999999999996e+01  4.585094748648154e+04  -4.143844712302934e+04  4.065020034328288e+04  2.158838802334344e+05  4.311604530644662e+03  -1.301514839640429e+04  1.411174277514965e-04  -6.554159947265659e-04  -7.939082938878583e-03
  1.629999999999996e+01  4.291325039167090e+04  -4.722722637372752e+04  4.071114269483180e+04  2.074763029896084e+05  1.329880154649001e+03  -9.288714970798650e+03  9.374262852371316e-05  -7.171111639804592e-04  -8.363503440681182e-03
  1.639999999999996e+01  3.291193127875146e+04  -5.353746060580758e+04  3.622635371501680e+04  1.961023164834612e+05  4.607141745134315e+03  -8.472047301866045e+03  1.059384857846106e-03  -8.875748271274223e-04  -7.728812209690952e-03
  1.649999999999996e+01  2.030429861554083e+04  -5.836541891651262e+04  2.634317766650892e+04  1.852039103691542e+05  1.223132007275362e+04  -9.764325503369180e+03  2.490234290514024e-03  -1.066645317963499e-03  -6.210001296857339e-03
  1.659999999999997e+01  1.258599546493053e+04  -6.037754113165324e+04  1.451107254234479e+04  1.772162697517547e+05  2.053993801102099e+04  -1.145943797558314e+04  3.549283895487797e-03  -1.114080882504358e-03  -4.597892402056833e-03
  1.669999999999997e+01  1.456028461487610e+04  -5.995945454763687e+04  3.511710922740079e+03  1.726480262391453e+05  2.656314220397613e+04  -1.256631329913549e+04  3.584170738292859e-03  -8.676387419341299e-04  -3.677816165780556e-03
  1.679999999999997e+01  2.466417960579707e+04  -5.904881164067246e+04  -6.343499778106900e+03  1.702746195188588e+05  2.967895000373464e+04  -1.318718153537887e+04  2.532956453212091e-03  -2.996289721550475e-04  -3.592718611660804e-03
  1.689999999999997e+01  3.673405424787555e+04  -5.949991348771308e+04  -1.482082675902934e+04  1.682899053341254e+05  3.103963286100620e+04  -1.388978131510287e+04  7.954715097301173e-04  4.525721586696933e-04  -3.883685515463255e-03
  1.699999999999997e+01  4.478466132521304e+04  -6.012052984797885e+04  -2.039421727647459e+04  1.660090540894564e+05  3.161422986831121e+04  -1.513907269161640e+04  -1.111208093860803e-03  1.163956067098288e-03  -3.953799425172998e-03
  1.709999999999997e+01  4.546286017251257e+04  -5.923313110332708e+04  -2.105967883111765e+04  1.642056864242921e+05  3.203601658636000e+04  -1.683148103285637e+04  -2.819167202909211e-03  1.602660294218637e-03  -3.579697432447049e-03
  1.719999999999997e+01  3.876209050009342e+04  -5.596774948648093e+04  -1.717361457665378e+04  1.643458441582280e+05  3.222006677669237e+04  -1.894895244024699e+04  -4.135934997272587e-03  1.602469532271299e-03  -2.867539866508328e-03
  1.729999999999998e+01  2.764280074123290e+04  -5.173269273026840e+04  -1.161692757649623e+04  1.668965977902376e+05  3.225762614467138e+04  -2.179967129209351e+04  -5.129675167368342e-03  1.206234137959395e-03  -1.972435159850298e-03
  1.739999999999998e+01  1.746832805304554e+04  -4.737774438082306e+04  -8.303318696851800e+03  1.708286109377483e+05  3.253063923543181e+04  -2.621567393493671e+04  -5.991402669937787e-03  6.641113333758585e-04  -8.314343910407180e-04
  1.749999999999998e+01  1.336958193814395e+04  -4.257035749850631e+04  -9.223448670940861e+03  1.748643458061781e+05  3.368510910877288e+04  -3.286747410109429e+04  -6.878474432703842e-03  2.888169877678600e-04  7.184521332648499e-04
  1.759999999999998e+01  1.645271816552055e+04  -3.738729198934546e+04  -1.245974252493297e+04  1.788828746747949e+05  3.598029160393285e+04  -4.124249571707083e+04  -7.688184633929487e-03  1.966034218394614e-04  2.625622251629749e-03
  1.769999999999998e+01  2.336012265243307e+04  -3.346910239027490e+04  -1.381613617959272e+04  1.839903075670430e+05  3.868509348968534e+04  -4.960109937315961e+04  -8.106503301691140e-03  1.543068762589655e-04  4.537079425466555e-03
  1.779999999999998e+01  2.862162790676600e+04  -3.389030406348059e+04  -9.235898340142901e+03  1.909461185388987e+05  4.045705593969793e+04  -5.575608031398120e+04  -7.879478161484890e-03  -1.522315014151368e-04  5.921589270184971e-03
  1.789999999999998e+01  2.894179007170638e+04  -3.962649238331143e+04  2.443114593072598e+03  1.988109695584168e+05  4.037461650072180e+04  -5.842884294373686e+04  -7.018690522949182e-03  -7.715849042343636e-04  6.445416895232778e-03
  1.799999999999999e+01  2.539634369087256e+04  -4.704511213528804e+04  1.872640423626945e+04  2.051054199719110e+05  3.885286543178841e+04  -5.806201266307294e+04  -5.829490368436906e-03  -1.261206321622973e-03  6.164385866854465e-03
  1.809999999999999e+01  2.124273928860547e+04  -5.069651350053844e+04  3.558723363865639e+04  2.076651956321453e+05  3.759752409633856e+04  -5.634471937426837e+04  -4.614942053486198e-03  -1.052702678231345e-03  5.532224533832558e-03
  1.819999999999999e+01  1.933723407208299e+04  -4.799153593768574e+04  4.957194378933344e+04  2.065938920567430e+05  3.862727142437252e+04  -5.499395852521042e+04  -3.582784968175514e-03  -1.487647886760744e-05  5.140781204212127e-03
  1.829999999999999e+01  2.053671381455941e+04  -4.147888417145106e+04  5.951462234597353e+04  2.040136519351485e+05  4.253069319689058e+04  -5.469666617723526e+04  -2.813525700536386e-03  1.417582061279591e-03  5.318744606191962e-03
  1.839999999999999e+01  2.408565122077341e+04  -3.710967322689372e+04  6.693728472965270e+04  2.026514957303188e+05  4.789380644786676e+04  -5.496271278900109e+04  -2.407418689682580e-03  2.468208839421880e-03  5.956127298868919e-03
  1.849999999999999e+01  2.855035527561314e+04  -3.950746800203035e+04  7.394890014399779e+04  2.037667450177091e+05  5.254322740330914e+04  -5.498166579503092e+04  -2.468574673269484e-03  2.666602915943242e-03  6.549385518970881e-03
  1.859999999999999e+01  3.254512084458888e+04  -4.843612529124325e+04  8.141406249276527e+04  2.062517564595509e+05  5.474155800213232e+04  -5.400997898936533e+04  -2.951854891642251e-03  2.140193841117846e-03  6.573383938585386e-03
  1.870000000000000e+01  3.458419052890061e+04  -6.007510048855784e+04  8.841415888932388e+04  2.079431121279650e+05  5.446578217129541e+04  -5.177609698874463e+04  -3.610279235265470e-03  1.365717177634218e-03  5.829366416282890e-03
  1.880000000000000e+01  3.307478350626372e+04  -6.964738401383405e+04  9.322728822654182e+04  2.072827840640387e+05  5.325653574425790e+04  -4.865604901378719e+04  -3.988228348212975e-03  8.337389203020979e-04  4.545866087940861e-03
  1.890000000000000e+01  2.809558225632421e+04  -7.337471568560431e+04  9.576337804735242e+04  2.046390315266263e+05  5.249953770346743e+04  -4.514102454930005e+04  -3.757470988386178e-03  7.257334129220570e-04  3.164112044680901e-03
  1.900000000000000e+01  2.148034169040893e+04  -7.071048229219666e+04  9.783031375474694e+04  2.017094124043433e+05  5.272926234934819e+04  -4.184854259283800e+04  -2.895518005429680e-03  9.494579129121930e-04  1.985495753164191e-03
  1.910000000000000e+01  1.652783993220221e+04  -6.324920419595059e+04  1.017046783703999e+05  2.001640655267749e+05  5.313257534932732e+04  -3.894239113119078e+04  -1.716611708357272e-03  1.273721912207968e-03  1.043257018005679e-03
  1.920000000000000e+01  1.624407161937370e+04  -5.427863926204566e+04  1.080918705330360e+05  2.005266145484996e+05  5.259653365290140e+04  -3.582802368541459e+04  -6.600739596296034e-04  1.463728880414129e-03  1.849237623405801e-04
  1.930000000000000e+01  2.068439650991446e+04  -4.751164699744846e+04  1.149425955044234e+05  2.020186815412978e+05  5.112499512755173e+04  -3.200264394812561e+04  5.150944700382816e-05  1.402781909430216e-03  -6.606474154643115e-04
  1.940000000000001e+01  2.760660434415208e+04  -4.433860551939369e+04  1.190892477536240e+05  2.035617378906517e+05  4.974739820403607e+04  -2.716292433769946e+04  4.633845595688266e-04  1.166912424115562e-03  -1.419418260190837e-03
  1.950000000000001e+01  3.350664160841125e+04  -4.464368106574608e+04  1.180792797192906e+05  2.044076395946632e+05  4.953577338840807e+04  -2.168343628162754e+04  8.330036231026012e-04  9.945058870110205e-04  -1.989172928276823e-03
  1.960000000000001e+01  3.581989536725862e+04  -4.684801897469685e+04  1.117070764462300e+05  2.045751283400411e+05  5.002593515971458e+04  -1.670325207678768e+04  1.387836165829615e-03  1.051927043861378e-03  -2.323207688044781e-03
  1.970000000000001e+01  3.414665985627816e+04  -4.947268478205283e+04  1.019623324936188e+05  2.047191506672468e+05  4.969709203472891e+04  -1.356189028913095e+04  2.196702122421834e-03  1.314446319447701e-03  -2.477327184589899e-03
  1.980000000000001e+01  2.970803152089666e+04  -5.223198963913546e+04  9.131247987375321e+04  2.056088879749508e+05  4.727841458110447e+04  -1.383306534751629e+04  3.171383066008923e-03  1.528908664434940e-03  -2.421492509488761e-03
  1.990000000000001e+01  2.450806449184148e+04  -5.463578669088026e+04  8.204605049682618e+04  2.077439406215887e+05  4.322716270935166e+04  -1.843252535354265e+04  4.136871484765174e-03  1.442572397272323e-03  -2.057713516348154e-03
