TITLE = "Temporal Signal for receiver number 00393"
VARIABLES = "Time","xx","yy","zz","xy","yz","xz","u","v","w"
# x1       3.525946160000e+05
# x2       4.742184950000e+06
# x3       -3.000000000000e+03
  0.000000000000000e+00  0.000000000000000e+00  0.000000000000000e+00  0.000000000000000e+00  0.000000000000000e+00  0.000000000000000e+00  0.000000000000000e+00  0.000000000000000e+00  0.000000000000000e+00  0.000000000000000e+00
  1.000000000000000e-01  0.000000000000000e+00  0.000000000000000e+00  0.000000000000000e+00  0.000000000000000e+00  0.000000000000000e+00  0.000000000000000e+00  0.000000000000000e+00  0.000000000000000e+00  0.000000000000000e+00
  2.000000000000000e-01  0.000000000000000e+00  0.000000000000000e+00  0.000000000000000e+00  0.000000000000000e+00  0.000000000000000e+00  0.000000000000000e+00  0.000000000000000e+00  0.000000000000000e+00  0.000000000000000e+00
  3.000000000000000e-01  0.000000000000000e+00  0.000000000000000e+00  0.000000000000000e+00  0.000000000000000e+00  0.000000000000000e+00  0.000000000000000e+00  0.000000000000000e+00  0.000000000000000e+00  0.000000000000000e+00
  4.000000000000000e-01  -4.426448956501017e-26  -1.392296368576899e-25  -4.317613015514952e-26  -2.161282195441377e-28  -6.855844609294360e-27  -2.257408976881256e-27  -3.668240297228839e-34  1.080726144736164e-32  1.302647897261316e-33
  5.000000000000000e-01  1.220163851704470e-19  3.132690094763491e-19  1.554408767698771e-19  -2.330107979011290e-20  9.128745877721539e-20  -1.133250850450144e-20  2.691606088342048e-27  -2.857799194288436e-26  -1.131625774895698e-26
  6.000000000000000e-01  2.506079169842749e-17  -1.030279899538605e-16  -1.363573156875710e-16  -2.264522991752417e-17  -2.388351271234317e-16  2.392887543628661e-17  1.826199282581526e-24  1.821220959216425e-23  2.593313846593167e-23
  7.000000000000000e-01  -7.377513669620263e-15  6.313836939913245e-15  1.433671479603124e-14  1.279354220660699e-14  2.865277675473810e-14  -2.778892004613644e-15  -1.630010473194139e-21  -1.679460065410791e-21  -2.243846592998474e-21
  7.999999999999999e-01  1.512373603361564e-13  -2.720882324792484e-13  -3.749077295002217e-13  -4.034994263133870e-13  -2.611481755110096e-12  1.980937341003557e-14  4.458525421357417e-20  5.805891292173971e-20  3.309052338123407e-19
  8.999999999999999e-01  -5.042501888530312e-12  -3.176018171082816e-11  -5.785381736846694e-12  3.449418298766060e-12  3.773873423417027e-12  -1.089007444373715e-12  -4.395529483135853e-19  2.544313945680535e-18  -1.317148171359348e-18
  9.999999999999999e-01  2.982587071183820e-10  9.111282121868990e-10  4.598433144583918e-10  7.018650900987828e-11  4.517256818731219e-10  -2.631443226807786e-11  -1.021512203609731e-17  -8.361148357399582e-17  -5.702574880818245e-17
  1.100000000000000e+00  5.642791550361693e-10  6.276324965970608e-09  1.090735228072137e-09  -1.172320685572198e-09  4.455234214948275e-09  4.596320037015946e-10  1.323136683231745e-16  -5.579247368307807e-16  -4.242537394971245e-16
  1.200000000000000e+00  -3.701590588821119e-08  -5.674007409507506e-08  -4.784662535016199e-08  -1.557108782298491e-08  2.018418876624507e-08  6.418918604885933e-09  2.109788986327935e-15  4.793491535627377e-15  -1.450388144134576e-15
  1.300000000000000e+00  -2.793136338471595e-07  -5.189282923667959e-07  -3.742282742018880e-07  -5.662266012883719e-08  6.403397855775720e-08  3.307451269546431e-08  8.412213819226738e-15  4.611730854604691e-14  -3.650957498003653e-15
  1.400000000000000e+00  -9.884353925700330e-07  -1.937736206324750e-06  -1.405403534756521e-06  -4.546537250748539e-08  2.768394455213456e-08  1.008196131777557e-07  1.803139263076934e-14  1.827966883413156e-13  4.391062968244150e-15
  1.500000000000000e+00  -2.791114696065642e-06  -1.862777592125956e-06  -3.804712539600297e-06  -2.180322333734385e-07  -1.632262084930312e-06  8.157456626657987e-07  7.836381297257590e-14  3.383689796612278e-13  1.990657844306390e-13
  1.600000000000000e+00  -1.701697489516010e-06  3.558940059050758e-05  3.134007951748131e-06  -6.225680507016292e-07  -1.872975985528605e-05  5.867158941242021e-06  1.527280173034368e-13  -1.937085224831776e-12  2.417947532886704e-12
  1.700000000000000e+00  1.441289665174899e-05  8.515439693862495e-05  -2.003627032227455e-06  2.242212212956447e-05  -4.470272083927838e-05  1.522387378357509e-05  -1.043838343101517e-12  -5.913477333413199e-12  6.881170070426243e-12
  1.800000000000000e+00  -7.151670439802983e-04  -2.282469452574698e-03  -1.345616208835127e-03  8.055098072475972e-05  1.602285976979240e-05  -3.954876094114997e-05  1.156431473742468e-11  1.818076163536796e-10  -6.654667866648913e-12
  1.900000000000001e+00  -2.987144099298794e-03  -8.086082359431288e-03  -3.968339835916706e-03  4.563203253875974e-04  -2.785299112788494e-03  -5.048373782411234e-04  -5.485180239519422e-11  6.659907411109201e-10  3.929968462717382e-10
  2.000000000000000e+00  8.956227250207350e-03  2.098001594578660e-02  1.293780965164744e-02  2.850737987534435e-03  -6.607404266575439e-03  -1.284862013490267e-04  -7.483610803676001e-10  -1.692162049554318e-09  1.173175109976002e-09
  2.100000000000001e+00  2.932502994650928e-02  7.206816767105337e-02  3.500061844098053e-02  -7.020175756058961e-03  4.400947147789280e-02  6.101786334035020e-03  4.333924928681162e-10  -6.135673047701983e-09  -6.404815065756316e-09
  2.200000000000001e+00  -1.957382646789295e-02  8.568981695506976e-03  5.204634062090089e-03  -2.252903517946557e-02  1.381289761148565e-02  -9.584864446594838e-03  4.346016441706442e-09  -4.962380602751110e-10  -2.596020583122347e-09
  2.300000000000001e+00  -1.642410780905031e-01  -4.914688185040502e-01  -2.930235250170950e-01  6.059849031879570e-02  -1.576220917659603e-01  9.070899724527418e-03  -5.514369633434750e-09  4.160241005961815e-08  2.148562461421997e-08
  2.400000000000001e+00  1.942943496117021e-01  4.633639019399876e-01  4.353635603407523e-01  -1.141474616666839e-01  1.869672903322357e-01  -3.918665172562388e-02  1.068158807297619e-08  -4.162883206941971e-08  -2.206447073249239e-08
  2.500000000000001e+00  -1.066777126896674e-01  -7.932456409132933e-02  -5.896975492554241e-01  3.322011965478357e-01  -5.174088693871141e-01  9.991662589092365e-02  -4.666705143055984e-08  1.364130196572898e-08  7.324055828281173e-08
  2.600000000000001e+00  6.713533955435969e+00  1.534791796364267e+01  1.123180035830594e+01  -9.795673209307589e-01  6.731880594680894e+00  -2.813284181199447e-01  1.433563912260713e-07  -1.313935015330477e-06  -1.008546686071634e-06
  2.700000000000001e+00  4.811418417944689e+01  1.204173297474841e+02  7.453810460896040e+01  -7.564020072178268e-01  4.206905298322755e+01  -1.013301799844100e+00  1.074783314072712e-07  -1.013872131536294e-05  -6.045050957630250e-06
  2.800000000000001e+00  5.995842075106457e+01  1.728139574189910e+02  9.498187713742279e+01  1.132328893181898e+00  4.932679514685722e+01  1.529461473238540e+00  -2.172009327049497e-07  -1.434228358318692e-05  -6.811926209570686e-06
  2.900000000000001e+00  -4.915240240983994e+01  -8.729856145311528e+01  -3.918404449558984e+01  2.533117656500518e+01  8.965536299574442e+00  9.690620166836659e+00  -3.380419898540575e-06  6.993571167095578e-06  -1.261693244765147e-07
  3.000000000000001e+00  -1.345115110659620e+02  -3.035838780173192e+02  -1.359577329346088e+02  6.291208633807646e+01  -3.384082813654988e+00  1.647709492261543e+01  -7.974838112672772e-06  2.393238857338846e-05  3.770748631437512e-06
  3.100000000000001e+00  -1.215458989714597e+02  -2.776624993756826e+02  -9.121181110500500e+01  9.719256507699637e+01  2.454013468920810e+01  2.165570629912093e+01  -1.142133749280119e-05  2.117068617395386e-05  8.711484594536650e-07
  3.200000000000002e+00  -6.586140726572408e+01  -1.452384072191586e+02  3.536484172433675e+01  1.237117846136257e+02  6.139415804478149e+01  2.529563828979942e+01  -1.379907459195954e-05  1.016502817581164e-05  -5.910204510488406e-06
  3.300000000000002e+00  -4.138970845212310e+01  -9.272723374070735e+01  1.460239706840745e+02  1.664476776492975e+02  1.305787001179282e+02  3.309210104070630e+01  -1.817101321324945e-05  5.438086068332115e-06  -1.836482336486630e-05
  3.400000000000002e+00  -3.174420959900349e+01  -6.239240628810025e+01  2.872736407712180e+02  2.482538862497329e+02  2.729787842049275e+02  4.194054201028364e+01  -2.645124303183858e-05  1.943310512762820e-06  -3.787759118838338e-05
  3.500000000000002e+00  2.423968897680316e+01  8.323785213191962e+01  5.520864615563648e+02  4.155161949989852e+02  4.807773637124095e+02  7.599695130764616e+01  -4.574979758540688e-05  -1.287365165289265e-05  -6.075039376760080e-05
  3.600000000000002e+00  -1.923628354177799e+01  7.668170844388996e+01  8.509906239700643e+02  7.941065083087177e+02  8.966650634345174e+02  2.022948569637936e+02  -9.337821237967674e-05  -1.777457529186113e-05  -1.120913535097829e-04
  3.700000000000002e+00  -2.742663991220948e+03  -6.827451735079360e+03  -2.098229425459432e+03  1.775353778651855e+03  -1.073224509626263e+02  5.042403907256129e+02  -2.106083765605757e-04  5.470205275651880e-04  3.859727200358716e-05
  3.800000000000002e+00  -8.065862293201030e+03  -2.175893908311699e+04  -7.982640897242662e+03  3.931187860101569e+03  -2.102008455949156e+03  1.149558230291945e+03  -4.797322086608317e-04  1.760291284588999e-03  3.349006742764151e-04
  3.900000000000002e+00  -1.783959161424052e+04  -5.012059839955755e+04  -1.880787952059380e+04  7.821728942864873e+03  -6.245167378199964e+03  2.149161261840616e+03  -9.373132391957341e-04  4.061937383355218e-03  9.106595271829756e-04
  4.000000000000002e+00  -3.111175651088053e+04  -9.291800163587921e+04  -3.288586942863639e+04  1.391369478455969e+04  -1.225912390488505e+04  3.508168255595489e+03  -1.639283902979579e-03  7.530921337471110e-03  1.669342199414775e-03
  4.100000000000001e+00  -4.803128300447611e+04  -1.504275809432096e+05  -5.051548102187498e+04  2.161496887059959e+04  -2.167799388514894e+04  4.990962054151085e+03  -2.454606175257547e-03  1.219699255501981e-02  2.768717301570877e-03
  4.200000000000001e+00  -6.735479750628554e+04  -2.273603269415450e+05  -7.015371923130030e+04  3.478181896163616e+04  -3.423725896592485e+04  6.722137024635010e+03  -3.898634828870030e-03  1.842508275764610e-02  4.113725767334930e-03
  4.300000000000001e+00  -1.014088436836979e+05  -3.554680554704181e+05  -1.037666090796204e+05  4.641363568214233e+04  -5.199179686417780e+04  8.244885805571095e+03  -4.941482330858942e-03  2.880552779689858e-02  5.895587437722735e-03
  4.400000000000000e+00  -8.975817831454806e+04  -4.018481561810157e+05  -8.012933035487289e+04  7.871496012003285e+04  -4.862360102415776e+04  1.308349436993842e+04  -8.647505082604937e-03  3.220214530428860e-02  4.315417535862568e-03
  4.500000000000000e+00  -4.609875986423975e+04  -3.541224474673905e+05  -1.095724065027180e+04  1.156234874046764e+05  -3.663570438219750e+04  1.856692163626822e+04  -1.235741038149443e-02  2.787932392276877e-02  1.373572604888111e-03
  4.600000000000000e+00  -3.503021003427266e+04  -3.781436589646789e+05  1.883078608108071e+04  1.426552962405586e+05  -3.906867934662624e+04  2.126385256020236e+04  -1.440297941882671e-02  2.958021228772771e-02  2.249624942986276e-04
  4.699999999999999e+00  -6.475790926046841e+03  -3.823024820028003e+05  7.164998604906774e+04  1.919134103564828e+05  -1.097930278009666e+04  2.501093526694483e+04  -1.943212417941203e-02  2.904768519638285e-02  -5.062787949055409e-03
  4.799999999999999e+00  3.668054218971808e+04  -3.333313848820216e+05  1.662361260212275e+05  2.222619839247114e+05  1.955387397741457e+04  3.525368889691184e+04  -2.111091032735833e-02  2.390607714366190e-02  -1.018567751455354e-02
  4.899999999999999e+00  5.279118628583425e+04  -3.148222525363531e+05  2.108448838712302e+05  2.503518516471645e+05  3.068597628513067e+04  3.326560672750111e+04  -2.202988787119533e-02  2.108433549866380e-02  -1.243032352825177e-02
  4.999999999999998e+00  7.875795228440798e+04  -3.152778399410452e+05  2.365151232275502e+05  3.493325858870805e+05  7.704819666135462e+04  2.694363326562598e+04  -3.286034932355349e-02  1.907040724771476e-02  -1.990426319240295e-02
  5.099999999999998e+00  7.017152328008389e+04  -3.326838698565910e+05  2.607797174727427e+05  3.588958508242163e+05  2.696939867936135e+04  1.749137341839770e+04  -2.955760295357183e-02  1.877443596719960e-02  -1.352112077143851e-02
  5.199999999999998e+00  1.605427648810363e+04  -3.474862112695295e+05  2.804580184124416e+05  2.378413052945910e+05  -4.862838000253034e+04  5.404573356222440e+03  -8.040727053507975e-03  1.963236650111661e-02  -6.480649863130375e-03
  5.299999999999997e+00  7.212731841052487e+04  -4.329407043403811e+05  3.049520075225402e+05  3.992732621143450e+05  7.575214210927273e+04  1.018973640492111e+04  -2.971663470882313e-02  2.514381392342479e-02  -2.866726879337828e-02
  5.399999999999997e+00  1.321434299181291e+05  -2.954784509158186e+05  1.516687859864756e+05  6.245318025033728e+05  4.025811837993386e+03  -6.728288579016950e+04  -5.351818344484371e-02  1.212035834719299e-02  -6.748939652187039e-03
  5.499999999999996e+00  -2.395512700941178e+04  2.626033704504186e+05  -2.323558499139288e+05  8.762355322882243e+04  -5.120928297793853e+05  -2.734704297275007e+05  3.924413084617601e-02  -3.289934925257432e-02  9.172694808783634e-02
  5.599999999999996e+00  -1.395814690006176e+05  5.621360722103362e+05  -4.202859841554569e+05  -8.008356916567425e+05  -8.208644570702418e+05  -3.901200900967841e+05  1.685391996801435e-01  -5.588791709879206e-02  1.411381740726336e-01
  5.699999999999996e+00  9.203698519135411e+03  1.885784027568933e+05  -1.601268730844641e+05  -8.720733073604316e+05  -5.029210014400756e+05  -2.668971693426556e+05  1.614312043397255e-01  -2.464515005008088e-02  7.059804480608646e-02
  5.799999999999995e+00  1.737460208664465e+05  -2.403820067066360e+05  1.738938751295839e+05  -1.803542302566080e+05  -5.935493341580932e+04  -8.842181611488630e+04  4.723139605988804e-02  1.014588953438961e-02  -1.617766149766912e-02
  5.899999999999995e+00  1.687462830380110e+05  -2.307753180555824e+05  2.228320227278355e+05  3.283846910811744e+05  8.647214380898940e+03  -4.388388535307998e+04  -2.552306582201780e-02  7.147341867626128e-03  -1.974187286656250e-02
  5.999999999999995e+00  1.072520411703228e+05  -9.606004933395777e+04  1.258925067793557e+05  2.766187381676279e+05  -1.591877655430504e+05  -7.276967222310345e+04  -1.461370854949948e-02  -6.872063557247124e-03  2.460446877216290e-02
  6.099999999999994e+00  7.520576847416589e+04  -1.215215037402351e+05  1.556419921092780e+05  -2.142928743622506e+04  -2.148277801717110e+05  -8.913335638092979e+04  2.622438880465795e-02  -3.089632379365531e-03  3.934108943965300e-02
  6.199999999999994e+00  4.675569176954831e+04  -2.287020834935872e+05  2.494744446997751e+05  -2.118551897052809e+05  -1.037043816875981e+05  -9.112415262878076e+04  5.087115546339975e-02  1.044449672662308e-02  1.748652136854916e-02
  6.299999999999994e+00  7.554000053364891e+04  -2.876536264696776e+05  2.300516326861306e+05  -1.803231407591589e+05  1.308061826056279e+04  -5.576006660543359e+04  4.371344040615432e-02  1.543386293500655e-02  -1.453582672942188e-03
  6.399999999999993e+00  1.753285405434785e+05  -2.444946332149103e+05  1.105460962824602e+05  -1.816243907938374e+04  3.313945645103163e+04  1.372532042672563e+04  1.439536124825899e-02  1.080774376012202e-02  -2.541533511792507e-03
  6.499999999999993e+00  2.716394936154269e+05  -1.031141398094854e+05  2.546525300436163e+04  1.207154231674611e+05  -1.929785318579753e+04  5.662302566056607e+04  -1.187637758189697e-02  1.037917568124900e-03  2.025679974553872e-03
  6.599999999999993e+00  3.263629006116958e+05  4.746474877362409e+04  1.592327126212131e+04  1.726000507154973e+05  -7.579569897135800e+04  4.601454623032394e+04  -2.041303151469107e-02  -1.153904616213299e-02  3.412460036121136e-03
  6.699999999999992e+00  3.379439933349463e+05  1.397647589594552e+05  1.957474988003974e+04  1.829708704949246e+05  -1.046769778126270e+05  6.105713846224373e+03  -1.920354805372177e-02  -2.054942682924603e-02  2.512982063904440e-03
  6.799999999999992e+00  3.058838472293789e+05  1.829203272268103e+05  5.449607508488391e+03  1.994109470492311e+05  -1.088469719157867e+05  -2.796065389104179e+04  -2.027729180033726e-02  -2.151881166279859e-02  1.195727236056182e-03
  6.899999999999991e+00  2.566581237986245e+05  1.921535794169098e+05  -2.516305545793171e+03  2.138844075467871e+05  -8.672576824867616e+04  -2.972455100857620e+04  -2.169254132861856e-02  -1.850073298977455e-02  -1.350196637952503e-03
  6.999999999999991e+00  2.261515346341405e+05  1.800704948413529e+05  4.387883326346982e+03  2.183583290523861e+05  -4.959770277336514e+04  -1.589063097024749e+04  -1.909470573087563e-02  -1.556969991384671e-02  -5.111685509616591e-03
  7.099999999999991e+00  2.226455450647066e+05  1.667569767462731e+05  2.012198086117204e+04  2.353768221121594e+05  -3.146070623525532e+04  -2.946301546714159e+04  -1.829524076759798e-02  -1.275187475028181e-02  -6.246388163784042e-03
  7.199999999999990e+00  2.143154306982760e+05  1.333212285722923e+05  6.959538273015502e+04  3.023184530619191e+05  -6.447173117731669e+04  -7.542678858816957e+04  -2.660554293828766e-02  -9.070282537184473e-03  4.014863323325780e-04
  7.299999999999990e+00  1.796807849822757e+05  4.712510524648181e+04  1.571131899316452e+05  4.054392678162038e+05  -1.429296318794631e+05  -1.210000680364496e+05  -3.742676256597297e-02  -3.395932361734314e-03  1.390998364469134e-02
  7.399999999999990e+00  1.005070749171206e+05  -7.116854586398212e+04  2.261497546580789e+05  4.526888244076456e+05  -2.005445011508671e+05  -1.292610389549699e+05  -3.782501899397940e-02  3.422302729720018e-03  2.359427860827062e-02
  7.499999999999989e+00  2.197998670596900e+04  -6.619466003091320e+04  2.257765675022601e+05  2.992115805041218e+05  -1.653778612001749e+05  -7.721578877601786e+04  -1.599521911697533e-02  -7.316236052528932e-04  1.634753392774783e-02
  7.599999999999989e+00  5.013787972238375e+04  4.319847210440838e+04  8.411524369865023e+04  -1.390506474847869e+04  -4.782983400827994e+04  6.603054346483880e+04  2.965465965161146e-02  -1.099335456244349e-02  -2.364344612307908e-03
  7.699999999999989e+00  1.813886989529317e+05  1.264744665309830e+05  -8.687982806633483e+04  -2.319141646002893e+05  1.076353635947613e+05  2.291390126020795e+05  7.387223961921584e-02  -1.259515637021964e-02  -2.385403721391764e-02
  7.799999999999988e+00  3.061785094183848e+05  1.658064622592310e+05  -1.598720009827019e+05  -2.829427678474337e+05  2.401352755822240e+05  2.798189164620909e+05  8.916659460897587e-02  -1.277210799731754e-02  -4.402953553613914e-02
  7.899999999999988e+00  3.805305062728917e+05  1.825709380091655e+05  -1.561018968154788e+05  -2.157660025800796e+05  2.803336822999216e+05  2.138576691091496e+05  7.469981119195855e-02  -1.349947671730335e-02  -5.340207102260822e-02
  7.999999999999988e+00  3.961429472660122e+05  2.020532332152115e+05  -1.353593059929185e+05  -8.322985212121153e+04  2.360763761712846e+05  1.197693163490042e+05  4.709780299092520e-02  -1.125063337753039e-02  -4.690426688352411e-02
  8.099999999999987e+00  3.961884693312423e+05  2.224710410504830e+05  -1.116102629247913e+05  5.284383860205745e+04  1.709379008633590e+05  6.548960378396817e+04  2.319416920748709e-02  -9.954703561348749e-03  -2.837853169748799e-02
  8.199999999999987e+00  4.264097544561714e+05  2.367775539020537e+05  -8.172464948660669e+04  1.364085061698307e+05  1.232114007321898e+05  5.534827746910189e+04  9.730296390063628e-03  -1.240019895577210e-02  -1.027465405150617e-02
  8.299999999999986e+00  4.578812259905250e+05  2.465478282072097e+05  -4.629236620905079e+04  1.647773060823550e+05  1.059387375908639e+05  7.399408920992582e+04  1.306796280924321e-03  -1.500758393028085e-02  -4.609079708190566e-03
  8.399999999999986e+00  4.314211562841423e+05  2.293919760690843e+05  -3.021397265911866e+04  1.552629371318205e+05  1.167322930517768e+05  1.131508892588256e+05  -4.397409859617295e-03  -1.312450680026777e-02  -9.872756533386909e-03
  8.499999999999986e+00  3.515846944901771e+05  1.730254726331684e+05  -2.612704409646432e+04  1.122634023082233e+05  1.392942828716432e+05  1.644647771403836e+05  -1.121874740011742e-03  -8.799279677645681e-03  -1.715318111832494e-02
  8.599999999999985e+00  2.728974622888062e+05  1.041061498784926e+05  2.572820277659729e+03  5.625170637739806e+04  1.434864331967938e+05  2.184240378813973e+05  1.215125721396162e-02  -7.101102714780949e-03  -1.992068355371775e-02
  8.699999999999985e+00  2.102698520828834e+05  5.551652208941454e+04  4.528783791442664e+04  4.099804131169259e+04  1.165492486888056e+05  2.635096607390196e+05  2.350543375527896e-02  -7.519551727476817e-03  -1.730550230628717e-02
  8.799999999999985e+00  1.388530997938323e+05  4.932520025622236e+04  7.683043780559290e+04  6.477057107287635e+04  7.563279205890007e+04  2.651873973353404e+05  2.322495839137079e-02  -1.011318493384030e-02  -1.496335055893758e-02
  8.899999999999984e+00  8.573900336764757e+04  8.193726014937606e+04  7.105023070582785e+04  7.924336815273541e+04  3.852939531962006e+04  2.278424063281865e+05  1.762835909483707e-02  -1.328842176558844e-02  -1.456934268237901e-02
  8.999999999999984e+00  7.095363358200219e+04  1.060564367398440e+05  2.562172110511941e+04  4.883175282325228e+04  2.103325638245185e+04  1.769690053261291e+05  1.580672885618522e-02  -1.434091106688439e-02  -1.547234285338845e-02
  9.099999999999984e+00  8.513543315156839e+04  8.919892191543804e+04  -3.595953361941456e+04  -1.082004857007103e+04  3.247660379787671e+04  1.240129013960326e+05  1.768122005222871e-02  -1.199355524190629e-02  -1.883847735593413e-02
  9.199999999999983e+00  1.067750462059060e+05  5.429029447402356e+04  -9.335715025044065e+04  -3.981327712881917e+04  6.320238769206988e+04  7.169304930462042e+04  1.567498929164956e-02  -7.440323581310166e-03  -2.363107495759444e-02
  9.299999999999983e+00  1.274647597897985e+05  2.535191150052909e+04  -1.312659781676343e+05  -5.996785105860522e+03  7.640549440859637e+04  2.808407434024398e+04  7.067420548947303e-03  -2.564852442826278e-03  -2.458055572890917e-02
  9.399999999999983e+00  1.486105658580365e+05  -5.745524721973108e+03  -1.421531605916785e+05  5.825079602194812e+04  4.506624208991075e+04  -6.993898301428645e+03  -3.756522507107187e-03  1.194459190780627e-03  -1.886158647470044e-02
  9.499999999999982e+00  1.647529161686365e+05  -5.454991874022417e+04  -1.213631361947152e+05  1.011168469131858e+05  -1.887387674519278e+04  -3.517020330807372e+04  -1.208967007727353e-02  3.962127363524835e-03  -8.182571195142405e-03
  9.599999999999982e+00  1.689240565589404e+05  -1.214533538771160e+05  -7.346109383961619e+04  1.093649897905620e+05  -8.075622228956937e+04  -5.252660290426548e+04  -1.726844638510941e-02  7.635593776919422e-03  3.221811423730802e-03
  9.699999999999982e+00  1.654911552765740e+05  -1.846498491828336e+05  -2.901429214354250e+04  9.945596351745543e+04  -1.201234163016481e+05  -5.764657863887143e+04  -1.937120850470007e-02  1.195590884725522e-02  1.087537131686691e-02
  9.799999999999981e+00  1.611634076496440e+05  -2.246335040946329e+05  -1.965932380366790e+04  8.834974234379483e+04  -1.404822959014462e+05  -5.687900507931017e+04  -1.763362569952329e-02  1.403775907336416e-02  1.291939250988645e-02
  9.899999999999981e+00  1.538936923691197e+05  -2.463438958515429e+05  -3.689065757844898e+04  7.832829703112386e+04  -1.487925354020651e+05  -5.499058746312868e+04  -1.237128278385658e-02  1.309274206636677e-02  1.137974311891386e-02
  9.999999999999980e+00  1.383740330424800e+05  -2.674379642979584e+05  -4.756599141743083e+04  6.131075718302229e+04  -1.451831396421524e+05  -4.799830205863331e+04  -5.616608205304319e-03  1.228344740064503e-02  9.871128691432194e-03
  1.009999999999998e+01  1.134576835031931e+05  -2.986467360743886e+05  -3.523242363887252e+04  4.097510212901620e+04  -1.301790399598616e+05  -3.511367880702412e+04  8.715324994781072e-05  1.459291480663925e-02  9.651448793832156e-03
  1.019999999999998e+01  8.193403867127944e+04  -3.361558566193868e+05  -1.050000375346342e+04  3.695656228795440e+04  -1.079861181620053e+05  -2.613062237420383e+04  3.197810753775405e-03  1.905438303498443e-02  9.635713250615798e-03
  1.029999999999998e+01  4.948812057181129e+04  -3.635885726587097e+05  4.750478978877972e+03  5.986686624487150e+04  -8.284964555057448e+04  -2.662635531594511e+04  3.883314894617866e-03  2.214157512398893e-02  8.756732342128880e-03
  1.039999999999998e+01  2.571573361648859e+04  -3.663407328122080e+05  5.094482725415992e+03  9.347330679946087e+04  -5.717214699567897e+04  -2.655353047375770e+04  3.783786035384027e-03  2.196827692481643e-02  7.091357630154714e-03
  1.049999999999998e+01  2.271320868893246e+04  -3.473668169322594e+05  4.155149467001839e+03  1.119622065231015e+05  -3.583871027612341e+04  -1.411875327891845e+04  3.931341568645437e-03  2.009683579283646e-02  5.712480965567795e-03
  1.059999999999998e+01  3.822140458984116e+04  -3.185155537987090e+05  5.047371211001528e+03  1.133569240385614e+05  -2.592534396334396e+04  4.398648350555035e+03  2.442738980931532e-03  1.862891784685298e-02  5.462140584668563e-03
  1.069999999999998e+01  5.001815600989826e+04  -2.758830892140211e+05  -5.987438151265517e+03  1.254687819081380e+05  -2.615502873992405e+04  8.308652805900070e+03  -4.230578759324667e-03  1.681665627265291e-02  5.984574540793684e-03
  1.079999999999998e+01  3.946937342239771e+04  -2.075504567423481e+05  -3.806856796619282e+04  1.752544331585469e+05  -2.723804703998392e+04  -1.508688108550635e+04  -1.746545555965180e-02  1.234653132460292e-02  6.381287323990169e-03
  1.089999999999998e+01  1.009823690319751e+04  -1.235825286417826e+05  -8.108361725809147e+04  2.541262623256070e+05  -3.001485069821295e+04  -5.846472385106501e+04  -3.400298112604278e-02  5.264766170120993e-03  6.749472958545052e-03
  1.099999999999998e+01  -2.310514965668853e+04  -5.545928266820337e+04  -1.113766777700703e+05  3.189099675871165e+05  -4.815632760601215e+04  -1.040071066037267e+05  -4.732204487898904e-02  -1.194650025903836e-03  8.400114102369793e-03
  1.109999999999998e+01  -5.109739581017812e+04  -2.688440981188424e+04  -1.124666600607165e+05  3.349327320903467e+05  -8.781378041287801e+04  -1.362214319336182e+05  -5.249410190707691e-02  -3.795242084402989e-03  1.271102558963734e-02
  1.119999999999998e+01  -6.786452835355709e+04  -3.550950989619588e+04  -8.496988227271310e+04  3.110046086090531e+05  -1.366493006742782e+05  -1.463921142550159e+05  -4.972218279541062e-02  -2.510917434034050e-03  1.955354342520777e-02
  1.129999999999998e+01  -6.633989297820561e+04  -6.365789808561782e+04  -4.076158270028449e+04  2.789452808983935e+05  -1.750082519958451e+05  -1.348618662216346e+05  -4.254773497658312e-02  -1.601176243862746e-04  2.649267669996955e-02
  1.139999999999998e+01  -4.787886903917769e+04  -9.549922901417247e+04  3.283202933132779e+03  2.520190020039554e+05  -1.932346193177740e+05  -1.120214636148948e+05  -3.410903881054003e-02  7.699540144652132e-04  3.057604492230856e-02
  1.149999999999998e+01  -2.391151709389966e+04  -1.188004492969254e+05  3.431552444193995e+04  2.223462752127330e+05  -1.954811941681241e+05  -9.110173908487798e+04  -2.617084396038298e-02  -1.243021873175200e-04  3.102826770724053e-02
  1.159999999999997e+01  -3.215039035609086e+03  -1.256078606369112e+05  5.162284514475006e+04  1.861824884109782e+05  -1.890805606327557e+05  -7.811330626721641e+04  -1.943476297354803e-02  -1.905712905216597e-03  2.907305533723532e-02
  1.169999999999997e+01  1.587731349976211e+04  -1.198306345248260e+05  6.226125404269341e+04  1.518900640386298e+05  -1.759595607914414e+05  -7.141097230680872e+04  -1.346138416021975e-02  -3.361072560850239e-03  2.549341213764250e-02
  1.179999999999997e+01  3.843831999225540e+04  -1.138457281859437e+05  7.232133134939708e+04  1.273696523489047e+05  -1.555681839813441e+05  -6.811832956645163e+04  -7.631422523503563e-03  -3.597769823215322e-03  1.991616586343694e-02
  1.189999999999997e+01  6.365363113294627e+04  -1.132092382455911e+05  8.366939187624991e+04  1.115133626449471e+05  -1.308941797299441e+05  -6.607592199769874e+04  -2.560275771309376e-03  -2.585701195513539e-03  1.285612247139324e-02
  1.199999999999997e+01  8.550821547057026e+04  -1.108268546266825e+05  9.384747039120355e+04  9.832749974819687e+04  -1.076040215997517e+05  -6.186767727054760e+04  4.296516993228890e-04  -1.228151045995276e-03  6.806240353148070e-03
  1.209999999999997e+01  9.871519954892452e+04  -9.717058081101769e+04  9.855659328584408e+04  8.355759550069134e+04  -8.994889610830091e+04  -5.334902236769686e+04  1.470451299205344e-03  -6.653467553080631e-04  4.002012593261633e-03
  1.219999999999997e+01  1.024317183920779e+05  -7.079190137720856e+04  9.691751178301196e+04  6.744870094045959e+04  -7.872706678490549e+04  -4.421897531048958e+04  2.602183041263207e-03  -1.317583379048600e-03  4.010251733885571e-03
  1.229999999999997e+01  9.889931196239423e+04  -4.140632118830257e+04  9.291955073877379e+04  5.398896872270921e+04  -7.153314349827926e+04  -4.182463994904605e+04  5.453905509137683e-03  -2.405540088136412e-03  4.592569223793559e-03
  1.239999999999997e+01  9.047195971342355e+04  -2.458869987188743e+04  8.954006973614091e+04  4.747479966439436e+04  -6.494360738674711e+04  -4.989209845049701e+04  9.159151082656041e-03  -2.688470175244805e-03  4.320922926961844e-03
  1.249999999999997e+01  8.062382702202554e+04  -2.770814692419285e+04  8.484990140690043e+04  4.885252162680809e+04  -5.659331193607386e+04  -6.466125613279687e+04  1.113020576759570e-02  -1.800787445834620e-03  3.363671085045150e-03
  1.259999999999997e+01  7.588298790219369e+04  -4.182689325131194e+04  7.751246749918757e+04  5.478113545649336e+04  -4.461409463222835e+04  -7.797129237405815e+04  9.769138585634548e-03  -4.373526492450074e-04  2.043233337408597e-03
  1.269999999999997e+01  8.166230404612637e+04  -5.222858884474153e+04  7.259021222904790e+04  6.035234818309589e+04  -2.651217315640401e+04  -8.352089041560050e+04  5.978701051024432e-03  7.359397392970947e-04  -2.778869751430132e-04
  1.279999999999997e+01  9.491667524208232e+04  -5.418111268995521e+04  7.733896496900218e+04  6.324117556829775e+04  -1.768699322603283e+03  -7.938648239285299e+04  1.877306868600592e-03  1.718369716190879e-03  -4.287018617424494e-03
  1.289999999999997e+01  1.043715808825621e+05  -5.451214493301621e+04  9.181952244787836e+04  6.460280693701503e+04  2.475430801115770e+04  -6.598664892783102e+04  -1.260202861985185e-03  2.592409970496578e-03  -9.106307295228606e-03
  1.299999999999997e+01  1.009193326615222e+05  -6.053630103196538e+04  1.066210643935812e+05  6.601546263022264e+04  4.501640306181231e+04  -4.607610513939463e+04  -3.253487444520785e-03  2.932386043376869e-03  -1.247445971577035e-02
  1.309999999999997e+01  8.691093320011151e+04  -7.143303674546791e+04  1.107049422447132e+05  6.721288658007317e+04  5.433737433504606e+04  -2.740901100608089e+04  -4.020426981416989e-03  2.135866526443769e-03  -1.286007155973629e-02
  1.319999999999997e+01  7.345205833657492e+04  -8.042789233556026e+04  1.000310153379015e+05  6.769791254362855e+04  5.530809112156699e+04  -2.020136552053397e+04  -3.433091489932029e-03  2.070387822276719e-04  -1.096136045616865e-02
  1.329999999999997e+01  6.930969556584769e+04  -8.133995294709822e+04  7.884143621902622e+04  6.852619084414864e+04  5.501359865822660e+04  -2.884736055865757e+04  -2.023857451420358e-03  -2.004028947882463e-03  -8.783987424416221e-03
  1.339999999999997e+01  7.407833145329411e+04  -7.018461093915685e+04  5.554063836460381e+04  6.999325058257971e+04  5.800434876138111e+04  -4.764056026563980e+04  -8.221463852786666e-04  -3.488422964475709e-03  -7.541917127589926e-03
  1.349999999999997e+01  8.022956790813056e+04  -4.542650454566198e+04  3.759185364887967e+04  6.908305691856744e+04  6.198614012219731e+04  -6.542791631376318e+04  -1.953616628592555e-04  -3.850957160325556e-03  -6.822437355664471e-03
  1.359999999999997e+01  7.946367029121672e+04  -1.210792774228142e+04  2.736309192617651e+04  6.258082743176509e+04  6.108674260662234e+04  -7.349919254844557e+04  5.927387306282421e-04  -3.340817881053094e-03  -5.640731057230259e-03
  1.369999999999997e+01  6.819510828670398e+04  1.678000387612317e+04  2.187669939067768e+04  5.177824165388884e+04  5.254617370426376e+04  -6.985022882810599e+04  2.441406374372142e-03  -2.502329679215985e-03  -3.942743411474781e-03
  1.379999999999997e+01  4.960748906870578e+04  2.893692999445349e+04  1.775071862769464e+04  4.171396653742563e+04  3.945808378680203e+04  -5.835095111609399e+04  5.267965036960516e-03  -2.025522022853970e-03  -2.918156561269761e-03
  1.389999999999997e+01  3.051066490740086e+04  2.354647350556243e+04  1.474652283160663e+04  3.626295954155589e+04  2.770306010805746e+04  -4.494859442717145e+04  7.871586225522911e-03  -2.589258943327716e-03  -3.783569753719680e-03
  1.399999999999997e+01  1.554986201799730e+04  1.101560626197509e+04  1.299554504090589e+04  3.539507694036944e+04  2.019745097181836e+04  -3.371335262485923e+04  8.787545431236060e-03  -4.357186299673967e-03  -6.320032588793985e-03
  1.409999999999997e+01  6.053622490871625e+03  1.982892556012403e+03  9.288333883411691e+03  3.722203959567992e+04  1.425447125029014e+04  -2.522413275912072e+04  7.384911009347146e-03  -6.464196789735871e-03  -8.820427347645344e-03
  1.419999999999997e+01  3.202900588103464e+03  -2.157825937095730e+03  -9.054838699847585e+02  4.131630768185970e+04  5.069299032152553e+03  -1.824440391337234e+04  4.451231948912061e-03  -7.316327295590889e-03  -9.555065855245947e-03
  1.429999999999997e+01  8.960452602075515e+03  -7.744443485805406e+03  -1.733901491584341e+04  4.889129919297581e+04  -8.512008456825442e+03  -1.258736163317609e+04  1.744871090519809e-03  -5.803547824842415e-03  -8.216198431258233e-03
  1.439999999999996e+01  2.330043500261781e+04  -1.957331324842872e+04  -3.384064212882944e+04  5.977782423042782e+04  -2.260528152609084e+04  -9.713087397394340e+03  7.162680235306485e-04  -2.412106018474496e-03  -5.966839176186839e-03
  1.449999999999996e+01  4.191961041540070e+04  -3.486904627567858e+04  -4.433183671002436e+04  7.045351252341313e+04  -3.296124376218850e+04  -1.040544461357418e+04  1.458487623254094e-03  9.729166865280486e-04  -4.205890980849192e-03
  1.459999999999996e+01  5.797269669577765e+04  -4.666294218114938e+04  -4.778663750308445e+04  7.650516095309317e+04  -3.958773233119088e+04  -1.282541722496894e+04  2.815093116732232e-03  2.631195772606428e-03  -3.423322404892144e-03
  1.469999999999996e+01  6.614186401015059e+04  -5.162986255711931e+04  -4.693981534634237e+04  7.678937789498725e+04  -4.541627948979659e+04  -1.390323694967528e+04  3.451204378675056e-03  2.444110096299930e-03  -3.260675775979088e-03
  1.479999999999996e+01  6.513008762370829e+04  -5.308875629668067e+04  -4.451674133722093e+04  7.375341980055154e+04  -5.144931674744368e+04  -1.259786801311515e+04  2.847835030241266e-03  1.763989145308267e-03  -3.369817493186009e-03
  1.489999999999996e+01  5.768523383834825e+04  -5.644466828781286e+04  -4.224463071751351e+04  6.977296123596811e+04  -5.522402886465796e+04  -1.079539944741185e+04  1.460927459317765e-03  1.939383026047026e-03  -3.831271469919763e-03
  1.499999999999996e+01  4.943334059186251e+04  -6.283861079627890e+04  -4.144995186243254e+04  6.509334523840463e+04  -5.484730008617829e+04  -1.058742091745836e+04  1.972500872478133e-04  3.054498011687395e-03  -4.687234076773187e-03
  1.509999999999996e+01  4.641098473223370e+04  -6.854992526886742e+04  -4.207769437659124e+04  6.005200986572016e+04  -5.316609648760198e+04  -1.135418756910647e+04  -2.388703017709419e-04  4.095346831445574e-03  -5.402405958238999e-03
  1.519999999999996e+01  5.122254952520552e+04  -7.041453621100844e+04  -4.172970464789383e+04  5.760624816371113e+04  -5.567558241393219e+04  -1.037264534875102e+04  2.058395017827817e-04  4.140609111891393e-03  -5.136235791913820e-03
  1.529999999999996e+01  6.057991176161536e+04  -7.010954481989105e+04  -3.739382292047075e+04  6.147351003993800e+04  -6.404405373126950e+04  -6.316712061506027e+03  9.110337887420616e-04  3.162428148809514e-03  -3.562288594132991e-03
  1.539999999999996e+01  6.778827983231081e+04  -7.240353805243764e+04  -2.814762936781269e+04  7.175014306815443e+04  -7.351151863440641e+04  -1.204807543925857e+03  1.044659313746662e-03  1.807698470219915e-03  -1.249407805791865e-03
  1.549999999999996e+01  6.869055381087289e+04  -8.014055135035203e+04  -1.547780319011866e+04  8.399567332449617e+04  -7.814166971251729e+04  1.408245290863512e+03  1.915712614489784e-04  7.246613278142619e-04  8.677363885812068e-04
  1.559999999999996e+01  6.445019180855352e+04  -9.212568439859364e+04  -1.781069332825820e+03  9.296934497886013e+04  -7.793611644141306e+04  -3.880673190342572e+02  -1.348258186535474e-03  2.035001747201261e-04  2.319332635597228e-03
  1.569999999999996e+01  5.854618216122413e+04  -1.052298516702637e+05  1.026958082810830e+04  9.618539262227058e+04  -7.892236773181176e+04  -5.666601696801561e+03  -2.773980187811623e-03  2.175306736125206e-04  3.296834088307250e-03
  1.579999999999996e+01  5.326811437924323e+04  -1.160223137513809e+05  1.805269719821405e+04  9.366094560620181e+04  -8.595269335896295e+04  -1.208371487112237e+04  -3.268630197400175e-03  5.014055924708997e-04  4.137565083105532e-03
  1.589999999999996e+01  4.970094233324254e+04  -1.212075269474339e+05  2.046061357844569e+04  8.615375636870715e+04  -9.673989924659635e+04  -1.770879500056379e+04  -2.466178937233731e-03  6.971560537885078e-04  4.866451293975655e-03
  1.599999999999996e+01  4.908387366958967e+04  -1.195857356413545e+05  1.941258954957722e+04  7.557204955110354e+04  -1.036370546480100e+05  -2.157696378928019e+04  -7.317958728539703e-04  6.685987733013705e-04  5.358860466982317e-03
  1.609999999999996e+01  5.259177291333077e+04  -1.134405644007590e+05  1.913706904567633e+04  6.647417502317742e+04  -1.007369076129066e+05  -2.329722924833715e+04  1.013448935574243e-03  6.536247577020927e-04  5.702023803364809e-03
  1.619999999999996e+01  5.938652670967866e+04  -1.064324804957268e+05  2.227729150502125e+04  6.472934239948592e+04  -8.890403973342775e+04  -2.293335975093355e+04  1.906857982757256e-03  9.316470999233734e-04  6.116840234402309e-03
  1.629999999999996e+01  6.598078310194069e+04  -9.923778589070181e+04  2.662491537582373e+04  7.327447949980455e+04  -7.429320868681691e+04  -2.127824833680506e+04  1.717867536785561e-03  1.322790002523946e-03  6.534345980939912e-03
  1.639999999999996e+01  6.813754877806692e+04  -8.857751941034305e+04  2.678106221492344e+04  8.918561974225736e+04  -6.268610158395764e+04  -1.955959551106786e+04  9.371169968933175e-04  1.187169661842543e-03  6.428027411323425e-03
  1.649999999999996e+01  6.394381545730096e+04  -7.205915695047317e+04  1.984923117303094e+04  1.052244147841878e+05  -5.576858957991203e+04  -1.854941402188528e+04  3.657318317529004e-04  5.379813080113247e-05  5.289842044984316e-03
  1.659999999999997e+01  5.565847158972044e+04  -5.315975756046167e+04  9.341215220586724e+03  1.146337098912549e+05  -5.224165550759108e+04  -1.820546816375843e+04  5.443429744295664e-04  -1.776062056838389e-03  3.269630638308332e-03
  1.669999999999997e+01  4.814586469834566e+04  -4.018212237766343e+04  2.038193392624005e+03  1.150048675997681e+05  -5.079112682096002e+04  -1.823601871201484e+04  1.395330798512248e-03  -3.334284357287558e-03  1.183725025987161e-03
  1.679999999999997e+01  4.529387916480075e+04  -3.945229195209715e+04  8.645305681502051e+02  1.086128038066420e+05  -5.072927458996818e+04  -1.870934918734218e+04  2.262462136104396e-03  -3.708174892003056e-03  -2.225661717817031e-04
  1.689999999999997e+01  4.760441403119194e+04  -4.974158671067596e+04  1.829814086479214e+03  9.975765733839152e+04  -5.051061065880632e+04  -1.998944505905949e+04  2.328839009776853e-03  -2.725427216752776e-03  -1.000906161039427e-03
  1.699999999999997e+01  5.282302456283637e+04  -6.321404063358525e+04  -1.598195229143652e+03  9.160765823488001e+04  -4.728111765194671e+04  -2.225350812556009e+04  1.206278289307347e-03  -1.074761405742280e-03  -1.847127447799423e-03
  1.709999999999997e+01  5.845426931580417e+04  -7.172118356100559e+04  -1.153542159701795e+04  8.507338103003228e+04  -3.898609275047101e+04  -2.517732223655301e+04  -7.226554626423239e-04  2.046364140211937e-04  -3.185822071333586e-03
  1.719999999999997e+01  6.342495773623383e+04  -7.270374102298458e+04  -2.367193175878549e+04  7.970103432408829e+04  -2.695858106042681e+04  -2.801491858829527e+04  -2.457256514213622e-03  4.486241784468048e-04  -4.458901401438122e-03
  1.729999999999998e+01  6.795483322367263e+04  -6.963571617668286e+04  -3.161643699424759e+04  7.522353836351524e+04  -1.552136033832902e+04  -3.003402036245613e+04  -3.012634580188772e-03  -2.289689677303576e-04  -4.511879933341214e-03
  1.739999999999998e+01  7.222652151278788e+04  -6.755108753740491e+04  -3.266203846789192e+04  7.231053621448312e+04  -8.417264132565962e+03  -3.104760648253126e+04  -2.102766678748030e-03  -1.137968374073875e-03  -2.765432122944924e-03
  1.749999999999998e+01  7.530307951821985e+04  -6.825059871292616e+04  -2.942009880614341e+04  7.206803472176392e+04  -5.450741258665706e+03  -3.146330427368729e+04  -3.482714453720665e-04  -1.620755713959527e-03  1.143471126778440e-05
  1.759999999999998e+01  7.540070277948317e+04  -6.940883671397284e+04  -2.639035479455640e+04  7.499383615949965e+04  -3.038219391503951e+03  -3.177447488272416e+04  1.175573489477156e-03  -1.549481797982564e-03  2.197276282139724e-03
  1.769999999999998e+01  7.112129312694953e+04  -6.782874079886350e+04  -2.548070660337875e+04  8.003279512869800e+04  1.632524226887586e+03  -3.198621020921826e+04  1.755046217245934e-03  -1.349893822889051e-03  2.624899899239551e-03
  1.779999999999998e+01  6.274523890978114e+04  -6.314530072927663e+04  -2.479843504103862e+04  8.474027512389101e+04  7.275170871355361e+03  -3.158297846809927e+04  1.521728186896583e-03  -1.570871950191651e-03  1.440658061535555e-03
  1.789999999999998e+01  5.259794035377213e+04  -5.823747335536524e+04  -2.121409863982409e+04  8.702655550996828e+04  9.473653688271839e+03  -3.016944703981958e+04  1.161703201993545e-03  -2.398778491476164e-03  -1.820327421316662e-04
  1.799999999999999e+01  4.407034851196141e+04  -5.626727060905800e+04  -1.353999994526810e+04  8.686354748627574e+04  4.836199954322058e+03  -2.803546977644402e+04  1.214770564481587e-03  -3.517992222705799e-03  -1.053578798599631e-03
  1.809999999999999e+01  3.978983962379712e+04  -5.764035147637212e+04  -3.316211924230509e+03  8.626025709191654e+04  -5.598559380872532e+03  -2.605929256657846e+04  1.632143412509989e-03  -4.346891852167993e-03  -8.031382409416565e-04
  1.819999999999999e+01  4.021619063503224e+04  -5.970301824421869e+04  6.884309112225488e+03  8.755217864908415e+04  -1.685697948630671e+04  -2.501721890990015e+04  1.911336447854504e-03  -4.418273610424046e-03  4.063204263505907e-05
  1.829999999999999e+01  4.344831724945984e+04  -5.920478123899509e+04  1.524714856595391e+04  9.150111955401672e+04  -2.380710701092278e+04  -2.487195970687453e+04  1.559848394784620e-03  -3.650733538341226e-03  6.448954655208374e-04
  1.839999999999999e+01  4.649309254822903e+04  -5.506783732517876e+04  2.127188934456920e+04  9.691842196169130e+04  -2.461644002847199e+04  -2.487809974392688e+04  4.314049913970434e-04  -2.346051384569583e-03  5.650928125841352e-04
  1.849999999999999e+01  4.725832274863702e+04  -4.934042552960684e+04  2.550055336485197e+04  1.016651749600962e+05  -2.133369792756993e+04  -2.439963851215383e+04  -1.220828757116915e-03  -9.481965496849464e-04  1.673264753738588e-05
  1.859999999999999e+01  4.567793469867886e+04  -4.577432172758369e+04  2.903178068934684e+04  1.037330114717769e+05  -1.785226097275362e+04  -2.352487602871524e+04  -2.875011338260874e-03  2.470997445834181e-04  -3.897440759235941e-04
  1.870000000000000e+01  4.321565520420242e+04  -4.688891783220815e+04  3.298047406608371e+04  1.019996773637477e+05  -1.732116786610883e+04  -2.281369819753572e+04  -3.969329456833625e-03  1.198714213767980e-03  -1.731149956015690e-04
  1.880000000000000e+01  4.122676386288218e+04  -5.203493138992813e+04  3.770151773752976e+04  9.671130049799490e+04  -2.076067111950811e+04  -2.254255259666596e+04  -4.150519479755907e-03  1.990949378906353e-03  6.771872625756802e-04
  1.890000000000000e+01  3.996266467526861e+04  -5.794487191380577e+04  4.247171411534055e+04  8.963760471160640e+04  -2.689982126929923e+04  -2.251761104957360e+04  -3.444874312865208e-03  2.665948479728273e-03  1.737036578592839e-03
  1.900000000000000e+01  3.923213217496871e+04  -6.105332411388240e+04  4.606964217809070e+04  8.348948907886072e+04  -3.296504282784863e+04  -2.266519076045100e+04  -2.245955816170096e-03  3.185859963392587e-03  2.449175935279292e-03
  1.910000000000000e+01  3.963986348404911e+04  -5.978051880699740e+04  4.763219744557567e+04  8.050399409578872e+04  -3.626870817832038e+04  -2.353485005718894e+04  -1.072215398650285e-03  3.502856167601204e-03  2.470403110845567e-03
  1.920000000000000e+01  4.276531504957555e+04  -5.514422178391037e+04  4.712079959549654e+04  8.113163384143032e+04  -3.587733245805058e+04  -2.595332194156024e+04  -2.446009214846571e-04  3.604508269799007e-03  1.829312327068598e-03
  1.930000000000000e+01  4.981033783987060e+04  -4.969764704381354e+04  4.506819253990972e+04  8.385701145004197e+04  -3.343721203690710e+04  -3.014417803132107e+04  2.874152437761019e-04  3.483279677155212e-03  8.526099488584567e-04
  1.940000000000001e+01  6.007739730274445e+04  -4.578551109294952e+04  4.212101630521515e+04  8.639403237135425e+04  -3.230877855927443e+04  -3.532552090875650e+04  8.279777411035671e-04  3.090968183485311e-03  -4.859564295815977e-05
  1.950000000000001e+01  7.085644450832132e+04  -4.429916669324203e+04  3.895583194955016e+04  8.738787133475389e+04  -3.537994356403413e+04  -4.014379990660614e+04  1.589104881081735e-03  2.375453473911453e-03  -6.200454721518897e-04
  1.960000000000001e+01  7.880023398322440e+04  -4.487718574124432e+04  3.640154505719311e+04  8.721932588289984e+04  -4.307143394386990e+04  -4.346281276255515e+04  2.416020180579819e-03  1.385114173007191e-03  -8.855075045382374e-04
  1.970000000000001e+01  8.182534412645153e+04  -4.691165353386190e+04  3.549825755591535e+04  8.720833074551335e+04  -5.290862264052362e+04  -4.482178536701405e+04  2.841131893742247e-03  3.226510585623114e-04  -1.086456903984690e-03
  1.980000000000001e+01  8.023968994193561e+04  -5.016837190500234e+04  3.709997708975420e+04  8.793011838659548e+04  -6.108023460254877e+04  -4.441935655257644e+04  2.442792298694398e-03  -5.285271750519844e-04  -1.456565217575191e-03
  1.990000000000001e+01  7.638347762101216e+04  -5.472815284417644e+04  4.107780960143147e+04  8.828333826781147e+04  -6.475361120352354e+04  -4.284411216727320e+04  1.208669538448717e-03  -9.584433922480823e-04  -1.990033040608539e-03
