TITLE = "Temporal Signal for receiver number 01484"
VARIABLES = "Time","xx","yy","zz","xy","yz","xz","u","v","w"
# x1       3.620946160000e+05
# x2       4.719184950000e+06
# x3       -3.000000000000e+03
  0.000000000000000e+00  0.000000000000000e+00  0.000000000000000e+00  0.000000000000000e+00  0.000000000000000e+00  0.000000000000000e+00  0.000000000000000e+00  0.000000000000000e+00  0.000000000000000e+00  0.000000000000000e+00
  1.000000000000000e-01  0.000000000000000e+00  0.000000000000000e+00  0.000000000000000e+00  0.000000000000000e+00  0.000000000000000e+00  0.000000000000000e+00  0.000000000000000e+00  0.000000000000000e+00  0.000000000000000e+00
  2.000000000000000e-01  0.000000000000000e+00  0.000000000000000e+00  0.000000000000000e+00  0.000000000000000e+00  0.000000000000000e+00  0.000000000000000e+00  0.000000000000000e+00  0.000000000000000e+00  0.000000000000000e+00
  3.000000000000000e-01  0.000000000000000e+00  0.000000000000000e+00  0.000000000000000e+00  0.000000000000000e+00  0.000000000000000e+00  0.000000000000000e+00  0.000000000000000e+00  0.000000000000000e+00  0.000000000000000e+00
  4.000000000000000e-01  -1.661814392463396e-24  -2.944655260439142e-24  -1.475071873978168e-24  -1.274436455566563e-24  1.115187687610991e-24  3.357849625359016e-25  -1.692626396087334e-31  -5.766526982532919e-31  9.864943593828118e-32
  5.000000000000000e-01  2.746134737768427e-17  -2.061749843058674e-17  3.968518024748045e-18  3.326741881525466e-17  6.162150781516643e-18  -1.798976375782920e-17  -1.881587018748697e-24  -5.144770579103474e-24  1.582322495638832e-24
  6.000000000000000e-01  8.576115809840629e-14  9.259871165409528e-14  5.322553342947648e-14  -5.318872833629357e-14  -1.694169339944468e-14  1.698817044587350e-14  -5.051158337549673e-21  1.312483666909990e-20  -4.648439950411986e-21
  7.000000000000000e-01  1.772503496850399e-12  5.692010721081556e-12  2.394362631055757e-12  -3.853630852988019e-12  -1.253849023684049e-12  1.208902022725964e-12  -3.369984850695436e-20  9.091921767694082e-19  -2.217206998749568e-19
  7.999999999999999e-01  1.052671935651925e-11  9.479336876621510e-11  3.598593993096649e-11  -5.430603206860516e-11  -2.171716733161769e-11  1.674965806785986e-11  1.566469134745247e-18  1.501261431165257e-17  -1.960416020455709e-18
  8.999999999999999e-01  2.502058397454810e-10  8.698004668745618e-10  3.631079977852765e-10  -4.195053814445259e-10  -1.632649741279068e-10  1.035259027768519e-10  2.610145136144756e-19  1.255149088079732e-16  -1.064400853703746e-17
  9.999999999999999e-01  2.184774833534591e-09  2.427322057192717e-09  1.242007842352921e-09  -1.343491846675282e-09  -2.590225465934192e-10  1.908187662164848e-10  -1.473199253070595e-16  2.863031146506406e-16  -1.726599369124880e-17
  1.100000000000000e+00  -8.821272401329015e-09  -1.571566203941642e-08  -1.056485686341126e-08  3.967054913862882e-09  4.356927417396372e-09  -5.272635825727316e-10  1.600149771243114e-16  -2.069741234622317e-15  9.709834608610017e-16
  1.200000000000000e+00  -3.998600143817887e-08  -1.050250151564136e-08  -2.083149540294998e-08  4.708363127508699e-10  3.523332611671985e-09  7.673745957504686e-09  2.275929589996892e-15  -3.693380751642115e-16  2.718051108301436e-15
  1.300000000000000e+00  2.419156126554495e-07  3.453393590747809e-07  2.632885810521436e-07  -1.659702604317817e-07  -1.163144454170662e-07  5.158378110071409e-08  -2.275406655694600e-14  4.341787993409166e-14  -2.370730141364634e-14
  1.400000000000000e+00  -1.065244353186831e-06  -1.469753378917512e-06  -4.690983530193064e-07  5.017408479813506e-07  1.007074392908783e-07  -1.053084611672464e-07  1.618461099694642e-14  -1.618422463653475e-13  -3.567739554374573e-14
  1.500000000000000e+00  -3.045911004441205e-07  6.043930845893061e-06  2.680477742685804e-06  -3.408556748899755e-07  -1.247420271087832e-06  -1.639583697390044e-08  4.386200326269041e-13  1.016826636044499e-12  -2.012689142772872e-13
  1.600000000000000e+00  5.517634436840751e-05  5.852181309255286e-05  4.142081999308311e-05  -1.525250460813888e-05  -1.283539489072882e-05  4.624266449566779e-07  -2.912947931861794e-12  6.468384093087585e-12  -3.498193627392989e-12
  1.700000000000000e+00  -1.338736343439084e-04  -2.449144452825158e-04  -1.384486433329572e-04  6.673448366670111e-05  5.120526305920031e-05  -3.250396227479696e-05  8.194874300131488e-12  -2.969314260073075e-11  9.385260835397880e-12
  1.800000000000000e+00  1.232583278456927e-04  3.898926300312897e-04  9.210093534794278e-05  -1.246865955820035e-04  1.118087873626166e-05  1.076849467247860e-04  -1.154590729471042e-11  4.753881051424101e-11  7.753780370245440e-12
  1.900000000000001e+00  8.262707077341200e-05  -4.083645659093634e-04  2.361450242227105e-04  1.439961544494853e-04  -2.734666947271352e-04  -1.886650764143226e-04  7.157610719540009e-13  -5.794090899606185e-11  -5.116544470313061e-11
  2.000000000000000e+00  -5.141472083923979e-04  1.367237976468089e-03  -1.344549565415145e-04  5.201799246982486e-04  3.511894881723831e-04  4.558432948402672e-05  1.506140734990172e-10  2.056347208064286e-10  2.808178392727259e-11
  2.100000000000001e+00  -8.751477700493024e-04  -9.615060970613935e-03  -5.166611027250527e-03  -3.823530358161104e-03  1.666498165925586e-03  9.755439910442056e-04  -7.799619193481870e-10  -1.225226928238429e-09  5.341457257902569e-10
  2.200000000000001e+00  7.735457093406806e-03  4.257264239219975e-02  2.747764694903394e-02  1.533566933005709e-02  -1.106518364214768e-02  -4.325098909443547e-03  2.611232947400388e-09  5.159111586037290e-09  -2.836155010363422e-09
  2.300000000000001e+00  -4.111070655665987e-02  -1.504993325568152e-01  -9.097847035844843e-02  -4.234823162632576e-02  3.595136550332979e-02  1.065754495178844e-02  -6.428580284324431e-09  -1.747944629966974e-08  8.552763995371481e-09
  2.400000000000001e+00  1.664797524768629e-01  4.260369083842268e-01  2.347703047855713e-01  8.426574579670357e-02  -7.383685181291827e-02  -1.490523049713724e-02  1.211188939265726e-08  4.771319239104404e-08  -1.925039090632893e-08
  2.500000000000001e+00  -4.031737298268203e-01  -7.268008106687155e-01  -2.984272799428873e-01  -8.738932116267541e-02  7.215954297429964e-03  3.647995881006081e-03  -3.524118911924247e-09  -8.589646500905863e-08  9.248878395615883e-09
  2.600000000000001e+00  6.307102284929930e-01  8.887502238414218e-01  -1.287335816903459e-01  -2.727916778590306e-02  3.072063724548101e-01  5.140993682434888e-02  -3.052725433692514e-08  1.278588672466085e-07  6.646015819334367e-08
  2.700000000000001e+00  -2.986983730978167e-01  -9.731432336749264e-02  7.990311899868522e-01  4.842692811095679e-02  -5.011438762815972e-01  -6.252394368108424e-02  4.451705969972572e-09  -8.118198304766206e-08  -1.332405424744346e-07
  2.800000000000001e+00  5.620041034332967e-01  -2.505726538164268e+00  3.486261444354109e-01  7.478029008510781e-02  -3.718252559279118e-01  -4.424353398467840e-01  8.605831957004050e-08  3.297533538096407e-08  -1.813839625942888e-07
  2.900000000000001e+00  -1.854828038737897e+01  -4.367329225714322e+01  -3.212456852018705e+01  3.246629689483431e+00  1.941850375522936e+01  -1.346405501709137e+00  3.228920080247358e-07  -3.338043566348779e-06  2.926396590231791e-06
  3.000000000000001e+00  -8.046096713612184e+01  -1.960538375664739e+02  -1.143530957490926e+02  1.511482252755857e+01  5.884401822160019e+01  -9.058972597531749e+00  2.150386434897154e-06  -1.743748583202043e-05  8.859370860607041e-06
  3.100000000000001e+00  -1.163676081501647e+02  -3.259644810264359e+02  -1.579211094948255e+02  4.143114679865479e+01  8.252930050177282e+01  -2.093962542738360e+01  5.852398781001650e-06  -2.756564223219745e-05  1.105583369172880e-05
  3.200000000000002e+00  -7.121527744030666e+01  -2.601989066805477e+02  -9.964936453430117e+01  6.994655604410487e+01  8.426397957003812e+01  -2.884315254536233e+01  8.771395680639549e-06  -2.024410026492831e-05  8.533548477300047e-06
  3.300000000000002e+00  -4.147895218656119e+01  -1.851958288669237e+02  -5.603573024007372e+01  9.504771858326365e+01  1.066406930688889e+02  -3.803798622110352e+01  1.126184055441130e-05  -1.560250578341439e-05  9.372064386486554e-06
  3.400000000000002e+00  -1.120884111979501e+02  -3.476727667348496e+02  -1.373023906640877e+02  1.218580026808165e+02  1.644990861810134e+02  -5.520090593427545e+01  1.418972070519112e-05  -3.163433167316853e-05  1.649290091436894e-05
  3.500000000000002e+00  -2.527362883344774e+02  -7.661914553495866e+02  -3.330110618042366e+02  1.736915383240021e+02  2.728194099843653e+02  -8.066510864426927e+01  2.060951174697529e-05  -6.563677184087152e-05  2.942754323995379e-05
  3.600000000000002e+00  -5.328235469449319e+02  -1.577676520168827e+03  -7.508325198606756e+02  2.996737394674341e+02  5.316150504803167e+02  -1.356289211356538e+02  3.511055472897015e-05  -1.289247510256304e-04  6.243553870646389e-05
  3.700000000000002e+00  -1.469260290718961e+03  -4.051225081083719e+03  -2.133278321688362e+03  5.327104120875817e+02  1.385127360285429e+03  -2.605036558001218e+02  6.643220360817220e-05  -3.301046075087450e-04  1.757507823208946e-04
  3.800000000000002e+00  -4.347243832647082e+03  -1.149427209286383e+04  -6.476514499392829e+03  1.202227336052085e+03  3.856703034781717e+03  -5.740452594131568e+02  1.491132009929432e-04  -9.607547367889120e-04  5.257678978515607e-04
  3.900000000000002e+00  -1.010405716615408e+04  -2.662946955061405e+04  -1.450037774300957e+04  2.879912201285958e+03  8.448102713258841e+03  -1.460310196420836e+03  3.779641327458486e-04  -2.260723358637290e-03  1.149734520159638e-03
  4.000000000000002e+00  -1.746418123359921e+04  -4.766500818074321e+04  -2.511906990541173e+04  6.016471518729136e+03  1.526104213758823e+04  -3.020274340867764e+03  7.968774345006475e-04  -4.040948279391722e-03  2.018699528714849e-03
  4.100000000000001e+00  -2.332230049743670e+04  -6.619038360674478e+04  -3.410701275297247e+04  1.160561261366349e+04  2.365322727129975e+04  -5.795745796061900e+03  1.511684343438450e-03  -5.625586484436879e-03  2.952496981569737e-03
  4.200000000000001e+00  -2.610888884722617e+04  -7.534407291788647e+04  -3.913109262610953e+04  2.007333173821284e+04  3.274032878763502e+04  -1.008243081569880e+04  2.544644922341170e-03  -6.535677340171576e-03  3.856059371316662e-03
  4.300000000000001e+00  -2.376447925870374e+04  -6.846454173911146e+04  -3.724810707287171e+04  2.876500793796589e+04  4.158122910668368e+04  -1.455536368393133e+04  3.581664131937091e-03  -6.215522893668614e-03  4.543621972007517e-03
  4.400000000000000e+00  -7.832299810303447e+03  -2.729531364868157e+04  -1.701955458531302e+04  4.233808079175260e+04  4.380353832344267e+04  -2.260715289204465e+04  5.289899936127839e-03  -3.164647681460771e-03  3.958275562233084e-03
  4.500000000000000e+00  3.109767862898346e+03  2.703904451840488e+04  -8.462025621429077e+03  6.575303891377541e+04  5.188734252803746e+04  -3.469469431938734e+04  8.161291597611356e-03  8.803494094212680e-04  4.750855329691437e-03
  4.600000000000000e+00  -1.003051305083253e+04  4.986421291237185e+04  -3.525633872072157e+04  8.641703337498278e+04  7.992285965943467e+04  -4.379599186394853e+04  1.023279159073762e-02  1.760829297324119e-03  8.773856350584513e-03
  4.699999999999999e+00  -2.567408882646306e+04  5.303614759242877e+04  -4.820432843396910e+04  9.948663934982725e+04  1.018650880759109e+05  -5.325085342256064e+04  1.128711271647679e-02  7.488255288578488e-04  1.032529532716555e-02
  4.799999999999999e+00  -2.888323031014306e+04  6.870178984490271e+04  -4.089695827452603e+04  1.134402109862596e+05  1.114643377951341e+05  -6.243598282461751e+04  1.276607809378363e-02  1.083774461472782e-03  9.286867257457986e-03
  4.899999999999999e+00  -2.292125465476529e+04  1.291714926176958e+05  -2.875945634870355e+04  1.301600158877041e+05  1.200400450789473e+05  -6.658982372933631e+04  1.363402786056932e-02  5.201111263138418e-03  9.100279404036293e-03
  4.999999999999998e+00  -2.066106304971703e+04  2.095193389943093e+05  -7.012112888443447e+03  1.357242884710791e+05  1.288020137502108e+05  -6.678568587321983e+04  1.220962425054394e-02  1.121501929958560e-02  9.072956728722357e-03
  5.099999999999998e+00  -1.454539881856330e+04  2.727238850063246e+05  3.191663453288072e+04  1.345385716541041e+05  1.372130976194663e+05  -7.363550305774104e+04  1.147689758928280e-02  1.516635103853852e-02  6.872442248003844e-03
  5.199999999999998e+00  7.417547084991441e+03  3.489264259358107e+05  5.809071069480646e+04  1.581008812938683e+05  1.411413017980079e+05  -9.042342825743507e+04  1.554361543288522e-02  1.836445089749116e-02  4.562472668039341e-03
  5.299999999999997e+00  -3.847208807054708e+03  4.381599900761437e+05  -5.263631706387207e+03  2.136051390397276e+05  1.424402106186419e+05  -1.080967464207963e+05  2.323710869640391e-02  2.307145952034840e-02  1.121756213361552e-02
  5.399999999999997e+00  -7.715922812148604e+04  4.833485784509860e+05  -1.200216067511700e+05  2.345622230639755e+05  1.489287738701243e+05  -1.040321717311257e+05  2.379681356796082e-02  2.811190802117141e-02  2.639558733484202e-02
  5.499999999999996e+00  -1.479033402153461e+05  4.402194636380505e+05  -1.117889715544736e+05  1.322266675839403e+05  1.544627257830712e+05  -4.716242732427377e+04  3.329373274865984e-03  2.751815050347857e-02  2.978754002016801e-02
  5.599999999999996e+00  -1.509895903784417e+05  2.745048615650691e+05  9.797156747723318e+04  -8.451531161791015e+04  1.301768564473437e+05  6.063450669611389e+04  -3.557567967660934e-02  1.107871756562003e-02  3.234383854200347e-03
  5.699999999999996e+00  -9.760589169238749e+04  -1.281288766545455e+04  3.844155429817906e+05  -2.941777722767456e+05  4.949944830782322e+04  1.718469097271526e+05  -7.013308905161166e-02  -2.142849117235707e-02  -4.360125637784620e-02
  5.799999999999995e+00  -3.227949599764278e+04  -3.288693668525745e+05  5.773954145731223e+05  -3.819362770730229e+05  -6.615845727306658e+04  2.341101392670919e+05  -7.981725125804776e-02  -5.233389132538353e-02  -7.754909145674620e-02
  5.899999999999995e+00  2.667670247909069e+04  -5.376458931072833e+05  6.185678238923122e+05  -3.379294457027288e+05  -1.345620238397560e+05  2.263462996097200e+05  -6.557550218332592e-02  -6.320698248202331e-02  -7.241506269324845e-02
  5.999999999999995e+00  8.700502482572192e+04  -5.532995388649123e+05  5.469186193550988e+05  -2.260933160907725e+05  -7.829727098623008e+04  1.626417538402818e+05  -4.293853066019404e-02  -5.105608184247581e-02  -3.166319624404205e-02
  6.099999999999994e+00  1.498151727293696e+05  -3.815591834304174e+05  4.133515589823755e+05  -1.084951308264599e+05  8.435626072423899e+04  7.796257619114182e+04  -2.455202156214242e-02  -2.627025741911364e-02  1.740177086479910e-02
  6.199999999999994e+00  1.975756442876565e+05  -1.052887246903168e+05  2.433675614371359e+05  -2.118880762722791e+04  2.430730820306356e+05  4.949861672872783e+03  -1.388438367664585e-02  -1.454880681066645e-03  4.620980002251368e-02
  6.299999999999994e+00  2.181228043910501e+05  1.659919939888232e+05  5.971913960708065e+04  2.321877395509684e+04  2.973980061190978e+05  -3.965620154485688e+04  -8.805898870781396e-03  1.677125659863594e-02  4.417536385980727e-02
  6.399999999999993e+00  2.196056897408633e+05  3.430287436164822e+05  -8.928998282488782e+04  3.271532144834659e+04  2.364819246173115e+05  -5.136641068001674e+04  -6.306501515116981e-03  2.726878407236657e-02  2.007912778853851e-02
  6.499999999999993e+00  2.156211700674110e+05  3.910416994075067e+05  -1.450605951938252e+05  2.424446615736794e+04  1.302644839282863e+05  -3.679576755525787e+04  -4.365263241991416e-03  3.145220221439281e-02  -8.302245762336605e-03
  6.599999999999993e+00  2.132160241030586e+05  3.448970992884473e+05  -8.133573406384827e+04  8.870017538553477e+03  6.082525586301820e+04  -1.026747456027937e+04  -3.104051604823105e-03  3.192685961235971e-02  -2.475443734578001e-02
  6.699999999999992e+00  2.089554724075480e+05  2.721320556785016e+05  5.989762952583045e+04  -9.825801669182565e+03  6.230009001289899e+04  1.607840708096526e+04  -3.910770887842046e-03  3.048707468867373e-02  -2.406532826289069e-02
  6.799999999999992e+00  1.882501351698205e+05  2.034621186846819e+05  1.798421392043042e+05  -2.198049886350317e+04  1.121535681821865e+05  3.671032270885741e+04  -5.234160798395091e-03  2.604390587411244e-02  -1.263826760789604e-02
  6.899999999999991e+00  1.442664089866569e+05  1.181789716297217e+05  1.965804694119519e+05  -7.752076838192304e+03  1.620093448886097e+05  5.336781594209038e+04  -2.601441573703199e-03  1.587987548434605e-02  -4.401285003260932e-04
  6.999999999999991e+00  9.753611706160578e+04  8.624739297969265e+03  1.060550454440146e+05  4.281536212132711e+04  1.754156889310159e+05  7.017304549623505e+04  5.642936051522092e-03  1.408564360998321e-03  5.189620055971661e-03
  7.099999999999991e+00  7.856193650083190e+04  -7.296715483370298e+04  -3.401962486382265e+04  1.110261097601615e+05  1.495812068248613e+05  8.623564565737742e+04  1.494184338312304e-02  -9.174616882025748e-03  2.318392958942290e-03
  7.199999999999990e+00  9.357262458932653e+04  -5.064986131194435e+04  -1.593666396865192e+05  1.631300951734516e+05  1.087412925030959e+05  9.429978037531696e+04  1.903031527457506e-02  -7.203352546721145e-03  -6.821751096952172e-03
  7.299999999999990e+00  1.210234843700012e+05  9.839733817762233e+04  -2.325179963044569e+05  1.864554909411393e+05  7.647553005889172e+04  9.016017638849631e+04  1.751293854542492e-02  7.356775441954449e-03  -1.848502906083599e-02
  7.399999999999990e+00  1.367116829382766e+05  3.073594448796907e+05  -2.400050250209179e+05  2.000348437295298e+05  5.869011692719867e+04  8.498371530217730e+04  1.640991782048464e-02  2.455719090184737e-02  -2.788888433463749e-02
  7.499999999999989e+00  1.400895999512078e+05  4.794633925498525e+05  -1.762835355225976e+05  2.280541119914972e+05  5.178329174735405e+04  9.942666550593234e+04  2.078383852076661e-02  3.448091382675787e-02  -3.069603016578966e-02
  7.599999999999989e+00  1.516661801792322e+05  5.755478814878296e+05  -5.180505381330151e+04  2.704475262362632e+05  5.357998823635550e+04  1.378278940941537e+05  2.844973123557611e-02  3.624870266188429e-02  -2.552608135618515e-02
  7.699999999999989e+00  1.810052217125709e+05  6.185241999587123e+05  8.770689845561257e+04  2.967641204981728e+05  6.036110608294728e+04  1.707345553080646e+05  3.115816518941425e-02  3.522905416964366e-02  -1.509831814706671e-02
  7.799999999999988e+00  2.129907270515662e+05  6.395149270769620e+05  1.788395802017502e+05  2.677727138299872e+05  6.119499288620916e+04  1.518844569259268e+05  2.085903882568019e-02  3.555863021834340e-02  -5.271333288748709e-03
  7.899999999999988e+00  2.280787583623859e+05  6.502945101563241e+05  1.889041410155185e+05  1.692394146616090e+05  4.176379808062848e+04  5.975164176966313e+04  -3.636314139786704e-03  3.703793885466276e-02  -1.830339655161306e-03
  7.999999999999988e+00  2.208537991575237e+05  6.494065985117244e+05  1.330149229745845e+05  2.727531809339228e+04  -2.976355735602444e+03  -7.878010266140242e+04  -3.443812594417674e-02  3.702363326938858e-02  -6.739654715992600e-03
  8.099999999999987e+00  1.966374909470054e+05  6.329960346092210e+05  4.365241971790227e+04  -1.078068419341720e+05  -6.115046848416288e+04  -2.064513338575284e+05  -5.971160822285732e-02  3.399393955445731e-02  -1.687390964912235e-02
  8.199999999999987e+00  1.636029938025611e+05  6.123111719993047e+05  -5.297561843506033e+04  -1.953415640995203e+05  -1.100822824022663e+05  -2.711688964591992e+05  -7.141438991634692e-02  3.045907999382849e-02  -2.660684426435328e-02
  8.299999999999986e+00  1.259371619517622e+05  6.104230776135176e+05  -1.409357202637859e+05  -2.277069473503366e+05  -1.295170403821687e+05  -2.544491375385747e+05  -6.953519788097902e-02  3.063078192268167e-02  -3.214155517289200e-02
  8.399999999999986e+00  7.794659222558718e+04  6.285690590097058e+05  -2.148533482787638e+05  -2.226055275075481e+05  -1.161843945972872e+05  -1.791663735487421e+05  -5.979387515087416e-02  3.461753435210156e-02  -3.369746977135445e-02
  8.499999999999986e+00  1.575335698077352e+04  6.402030827982083e+05  -2.714519013778322e+05  -1.989009558133355e+05  -8.969426709686292e+04  -9.050087137382024e+04  -4.784844829050072e-02  3.817831168880767e-02  -3.414616435434654e-02
  8.599999999999985e+00  -4.665691581298261e+04  6.185500107139439e+05  -3.033497558742760e+05  -1.632806400822457e+05  -8.041881257793958e+04  -2.907805860974027e+04  -3.599936899579104e-02  3.743126341946865e-02  -3.588504242999699e-02
  8.699999999999985e+00  -8.389759749318966e+04  5.554179951569384e+05  -3.016067210040224e+05  -1.147106840530986e+05  -1.046108171418120e+05  -1.043631650081830e+04  -2.396170006911993e-02  3.184555955447486e-02  -3.869906967043575e-02
  8.799999999999985e+00  -8.414058476536589e+04  4.509454214683637e+05  -2.701691829806060e+05  -5.138487995146723e+04  -1.449197492585497e+05  -2.407444010293176e+04  -1.075092679688322e-02  2.254232938266297e-02  -3.933307764084975e-02
  8.899999999999984e+00  -5.981196798535364e+04  3.114034892984966e+05  -2.291900813099378e+05  2.395836749590874e+04  -1.621351827412237e+05  -4.812107414591308e+04  3.490548587292978e-03  1.087125280177187e-02  -3.429010607778898e-02
  8.999999999999984e+00  -3.082513636252234e+04  1.666228461628554e+05  -1.985218214026441e+05  9.882825544263184e+04  -1.281792405519007e+05  -6.231383986109026e+04  1.631589897318840e-02  -6.092400629404339e-04  -2.290266878405644e-02
  9.099999999999984e+00  -7.290558122302926e+03  5.980791517094112e+04  -1.846962814615505e+05  1.565873909426322e+05  -4.735085236427687e+04  -5.746255835078676e+04  2.486106812804970e-02  -9.024843609419237e-03  -7.647700396809244e-03
  9.199999999999983e+00  1.061766946243400e+04  9.787854549446241e+03  -1.804572636934483e+05  1.861212140556776e+05  4.792331254439909e+04  -3.671525840462020e+04  2.809929590744449e-02  -1.354701118395464e-02  6.569850430726196e-03
  9.299999999999983e+00  2.532207441993628e+04  -4.390918469479172e+03  -1.766332529702723e+05  1.886599515434892e+05  1.201743144363313e+05  -9.907049557872157e+03  2.739987144913634e-02  -1.559629335595043e-02  1.524918506497188e-02
  9.399999999999983e+00  4.195350702618257e+04  -1.339844649124395e+04  -1.700405579775296e+05  1.740298640715151e+05  1.492534123011281e+05  1.215444746595791e+04  2.499285202816530e-02  -1.650559950165449e-02  1.708964827013808e-02
  9.499999999999982e+00  6.383119370516184e+04  -3.172029238843076e+04  -1.627968537451253e+05  1.530553146669965e+05  1.423902950799306e+05  2.113059150086109e+04  2.222746650490435e-02  -1.679695086775052e-02  1.471630871986099e-02
  9.599999999999982e+00  8.663576935040843e+04  -6.258443045880107e+04  -1.546840397952725e+05  1.339385077838245e+05  1.239903753769999e+05  1.597578989505550e+04  1.957406682862928e-02  -1.762061264509472e-02  1.225821424113460e-02
  9.699999999999982e+00  1.013029156683984e+05  -1.072829293586374e+05  -1.376778656434560e+05  1.199160652908072e+05  1.140471730803182e+05  5.065391455434336e+03  1.714408303405600e-02  -2.062959281727213e-02  1.152076527214306e-02
  9.799999999999981e+00  1.023390402502454e+05  -1.659582729344519e+05  -1.049290530799961e+05  1.104028269891707e+05  1.186123668461327e+05  -2.806029248641789e+02  1.535815336844532e-02  -2.631188028459770e-02  1.220211685171942e-02
  9.899999999999981e+00  9.414252729760885e+04  -2.326205958641660e+05  -6.123215914864242e+04  1.025612822679856e+05  1.351455121711172e+05  5.489539756197285e+03  1.463653444227809e-02  -3.311523386142109e-02  1.442779392993726e-02
  9.999999999999980e+00  8.977477598526367e+04  -2.935720553309669e+05  -1.772278346841174e+04  9.283273972166529e+04  1.609599239941990e+05  1.981590002176391e+04  1.445743772255009e-02  -3.847491137875841e-02  1.941440092588221e-02
  1.009999999999998e+01  1.020657235063691e+05  -3.338932946439282e+05  1.888934103786165e+04  7.878959331483302e+04  1.959134934639506e+05  3.457655412103199e+04  1.349364793395723e-02  -4.074315462194960e-02  2.792714525054180e-02
  1.019999999999998e+01  1.324103826636490e+05  -3.455588342362507e+05  4.522199650321413e+04  5.946242872114560e+04  2.375597207125861e+05  4.073685266166916e+04  1.071559625200252e-02  -3.992401733504503e-02  3.800441969559662e-02
  1.029999999999998e+01  1.697074122833273e+05  -3.279114495362674e+05  5.608564893311539e+04  3.475514773212437e+04  2.761576577452028e+05  3.425161457783308e+04  6.305837632687364e-03  -3.677685336318921e-02  4.546572686357959e-02
  1.039999999999998e+01  1.992793481534783e+05  -2.838126702043994e+05  4.889277243264100e+04  6.407020332972496e+03  2.971281982617920e+05  1.857086596847214e+04  1.655267250401312e-03  -3.181479718688924e-02  4.697682488610699e-02
  1.049999999999998e+01  2.119414109980713e+05  -2.217411703163366e+05  3.133734013010939e+04  -2.021287316280030e+04  2.906917899915208e+05  1.755678406303714e+03  -1.367684110497235e-03  -2.566216712413402e-02  4.254706111189853e-02
  1.059999999999998e+01  2.061839986448277e+05  -1.579854197156515e+05  1.956514507604119e+04  -3.543302607026818e+04  2.582329507428407e+05  -9.217011568796015e+03  -1.217141995457299e-03  -1.970722492865194e-02  3.498200215656163e-02
  1.069999999999998e+01  1.855239244266126e+05  -1.111984113415660e+05  2.757671622024266e+04  -2.918060442531212e+04  2.087907267309556e+05  -1.249907056440433e+04  2.494482766775334e-03  -1.571421655904197e-02  2.693134571832726e-02
  1.079999999999998e+01  1.585811219016101e+05  -9.430281296179316e+04  6.079845369960288e+04  1.945027202459707e+03  1.536230258983358e+05  -1.040253632643473e+04  8.623725797854379e-03  -1.505452509741395e-02  1.988702271232076e-02
  1.089999999999998e+01  1.360978333785066e+05  -1.088502125029954e+05  1.130642577438608e+05  5.286559486082702e+04  1.059914449514128e+05  -7.740687542311754e+03  1.531957440441803e-02  -1.773263514742329e-02  1.529699273640677e-02
  1.099999999999998e+01  1.256144701724168e+05  -1.415646508567004e+05  1.661492595192284e+05  1.128154503687302e+05  8.177752861330486e+04  -9.816331830493811e+03  2.108155458833801e-02  -2.187132899390613e-02  1.519596943330011e-02
  1.109999999999998e+01  1.275330096410561e+05  -1.667311263040173e+05  1.991749179913135e+05  1.684196087466137e+05  9.369198253678082e+04  -1.997096983073751e+04  2.534963466107581e-02  -2.471786685033949e-02  2.075084800923664e-02
  1.119999999999998e+01  1.357947400049966e+05  -1.569475343955794e+05  2.010114818990680e+05  2.057827755205205e+05  1.432030927731547e+05  -3.897661225775323e+04  2.789397566688864e-02  -2.404749246525216e-02  3.073054506703904e-02
  1.129999999999998e+01  1.450083113084590e+05  -1.007917381601176e+05  1.755322614544983e+05  2.149162799600724e+05  2.145795646366718e+05  -6.396466612516739e+04  2.818395720049376e-02  -1.942398374946072e-02  4.175002584035994e-02
  1.139999999999998e+01  1.532697470873403e+05  -1.638237223606123e+04  1.378979953623922e+05  1.957003647406066e+05  2.778511534213708e+05  -8.781777766750961e+04  2.575584669487188e-02  -1.287930164771876e-02  4.939578153456931e-02
  1.149999999999998e+01  1.611808432604929e+05  5.813683789584215e+04  1.057890759364874e+05  1.580897487403360e+05  3.056285912184370e+05  -1.019677192386352e+05  2.103010199874323e-02  -7.573300782230904e-03  5.078827148398248e-02
  1.159999999999997e+01  1.739568852656583e+05  9.551334912649024e+04  9.544615426954618e+04  1.141673662383986e+05  2.874121526235266e+05  -9.917023948045258e+04  1.508723727961253e-02  -5.295782590555461e-03  4.545022881038884e-02
  1.169999999999997e+01  1.975758427097360e+05  9.930974092348694e+04  1.144140673246583e+05  7.128097777156398e+04  2.330500432444415e+05  -7.613937870370755e+04  8.692199316913151e-03  -5.199290968408656e-03  3.475418233285363e-02
  1.179999999999997e+01  2.283334818391227e+05  9.205933852058873e+04  1.500534358869351e+05  3.284592572213773e+04  1.647306710800079e+05  -3.729853818842667e+04  2.364751584072605e-03  -5.034204744222134e-03  2.144049929528503e-02
  1.189999999999997e+01  2.551404478254955e+05  9.781619265559780e+04  1.780222433469225e+05  -1.652195333248805e+03  1.016035302366111e+05  6.390234446956751e+03  -3.886959164809253e-03  -2.907935317809884e-03  7.978135213032785e-03
  1.199999999999997e+01  2.700137561231334e+05  1.333472495946429e+05  1.825349596328691e+05  -3.530205187346982e+04  5.284731971324173e+04  4.247091864516618e+04  -1.034419663615398e-02  2.009513889116239e-03  -3.574369808758283e-03
  1.209999999999997e+01  2.709547423136893e+05  1.960939165549118e+05  1.637126953030096e+05  -6.898744048878762e+04  2.016334908174518e+04  6.232638437818537e+04  -1.662238709293705e-02  8.680801924065545e-03  -1.149220006082794e-02
  1.219999999999997e+01  2.633779311371727e+05  2.671734680555603e+05  1.334540026386872e+05  -9.998611874124169e+04  1.256862915854958e+03  6.539083437398219e+04  -2.169570745543321e-02  1.502006603899743e-02  -1.519821741581805e-02
  1.229999999999997e+01  2.572848401550984e+05  3.296222762995107e+05  1.064247343142452e+05  -1.240548951588441e+05  -8.283363663780356e+03  5.844815294059081e+04  -2.468806687056629e-02  1.974705399392802e-02  -1.557459761154669e-02
  1.239999999999997e+01  2.574157839151181e+05  3.758170464781197e+05  9.033998921772455e+04  -1.359011046813665e+05  -1.208313062534439e+04  4.944859326293977e+04  -2.514274929704566e-02  2.243014567384967e-02  -1.427529140555022e-02
  1.249999999999997e+01  2.607300475002781e+05  4.069561545186539e+05  8.449677120862133e+04  -1.303011463618766e+05  -1.231764345922204e+04  4.203852839879091e+04  -2.308146661587582e-02  2.319464303840248e-02  -1.262250446098256e-02
  1.259999999999997e+01  2.616059732058134e+05  4.271903897549876e+05  8.499100498696207e+04  -1.076338380311487e+05  -1.163821181991474e+04  3.655542523709617e+04  -1.934062805765453e-02  2.253048188890814e-02  -1.127188719255020e-02
  1.269999999999997e+01  2.570228140554667e+05  4.367133394930838e+05  8.814022979156510e+04  -7.515988084287087e+04  -1.189002631601843e+04  3.259222908567983e+04  -1.507637325718401e-02  2.095812043327380e-02  -1.009751759248566e-02
  1.279999999999997e+01  2.487451019837835e+05  4.349845507734224e+05  9.198739881131967e+04  -4.295643494035229e+04  -1.302425417698657e+04  2.943713821504617e+04  -1.129201278604222e-02  1.926766038300469e-02  -8.695542371794830e-03
  1.289999999999997e+01  2.399142839667379e+05  4.251099978463851e+05  9.590049577806226e+04  -1.961232066993901e+04  -1.358413118724248e+04  2.684560770500923e+04  -8.610473506695476e-03  1.842837982342318e-02  -7.169029699869307e-03
  1.299999999999997e+01  2.304478750496972e+05  4.105979783620393e+05  9.822933183838880e+04  -8.944311377020402e+03  -1.252058628440277e+04  2.525213255463987e+04  -7.238392560022988e-03  1.866488113258025e-02  -6.339930223772555e-03
  1.309999999999997e+01  2.174852957866407e+05  3.921598377321727e+05  9.684226415371723e+04  -8.770161451313812e+03  -1.142455280439940e+04  2.498217972370178e+04  -6.942035831472880e-03  1.904073202478559e-02  -7.332568910602817e-03
  1.319999999999997e+01  2.002343993080093e+05  3.715438588223840e+05  9.209551383276192e+04  -1.341419096533539e+04  -1.330242378545628e+04  2.589181472550374e+04  -7.066492091028938e-03  1.844788103901525e-02  -1.067591032579712e-02
  1.329999999999997e+01  1.828227529852247e+05  3.556048983718884e+05  8.734862281777136e+04  -1.876705853765900e+04  -1.924980471318227e+04  2.724646349633091e+04  -7.168511131408841e-03  1.678751333700237e-02  -1.569691609301473e-02
  1.339999999999997e+01  1.689117454831965e+05  3.509740624351568e+05  8.383455854555518e+04  -2.352950915893273e+04  -2.649278522545523e+04  2.784804639353575e+04  -7.032449654333273e-03  1.490688673652048e-02  -2.063479652537388e-02
  1.349999999999997e+01  1.562309062932125e+05  3.552005858563221e+05  7.501262062377061e+04  -2.721535427266868e+04  -3.064689640435632e+04  2.656649723641137e+04  -6.436666715170651e-03  1.357174274571659e-02  -2.369878709226025e-02
  1.359999999999997e+01  1.402692325079762e+05  3.585958124635658e+05  5.137580682732613e+04  -2.900028816438324e+04  -2.917992485270113e+04  2.302334035254578e+04  -5.288549138095473e-03  1.289610467877272e-02  -2.403430274835526e-02
  1.369999999999997e+01  1.207784713930942e+05  3.540964769887691e+05  1.092993088513946e+04  -2.722915607916329e+04  -2.205543927841553e+04  1.767496794972218e+04  -3.560027344232659e-03  1.260504315910522e-02  -2.193741085020841e-02
  1.379999999999997e+01  1.024425683419421e+05  3.420090820949342e+05  -3.704593731521250e+04  -1.980182599423389e+04  -1.074067753877720e+04  1.094506099340904e+04  -1.299954861095061e-03  1.232105893657311e-02  -1.857601681769636e-02
  1.389999999999997e+01  8.953968830888771e+04  3.270073002979499e+05  -7.802185093141062e+04  -5.510706116090156e+03  3.288662650428671e+03  3.330669959693886e+03  1.403198139793264e-03  1.176473140037619e-02  -1.524749578245631e-02
  1.399999999999997e+01  8.132724318292420e+04  3.105970192467993e+05  -1.021337384300032e+05  1.457196625579836e+04  1.907703477033068e+04  -3.747045632995742e+03  4.395231100191014e-03  1.059567799429517e-02  -1.281205814724527e-02
  1.409999999999997e+01  7.369298653908461e+04  2.878172221325382e+05  -1.091226144321482e+05  3.703353491257873e+04  3.612550073379543e+04  -8.304151280745929e+03  7.386160577798573e-03  8.321380961478305e-03  -1.137088425872114e-02
  1.419999999999997e+01  6.585910614858961e+04  2.553838548703739e+05  -1.041200265713724e+05  5.718815438720956e+04  5.387787843556211e+04  -9.132541226160018e+03  9.961823529755174e-03  4.992096903047320e-03  -1.045340344015294e-02
  1.429999999999997e+01  6.258217724844484e+04  2.198512873896169e+05  -9.073962798793786e+04  7.145558722241769e+04  7.175568678606830e+04  -7.084500213774299e+03  1.178510667389210e-02  1.572988196432765e-03  -9.393661301920847e-03
  1.439999999999996e+01  6.719642064512905e+04  1.915684491211162e+05  -7.146366389177622e+04  8.038632341431671e+04  8.980609416993380e+04  -5.096827639494528e+03  1.302918112795012e-02  -9.047804108246216e-04  -7.472712720428671e-03
  1.449999999999996e+01  7.611706960747857e+04  1.735013335281910e+05  -5.077309791955310e+04  8.773686735005569e+04  1.073070230238483e+05  -5.988565576203265e+03  1.413766461194177e-02  -2.331058029098202e-03  -4.302881130120306e-03
  1.459999999999996e+01  8.380578093369417e+04  1.619096455687919e+05  -3.299021778641194e+04  9.566376423803321e+04  1.211123613275042e+05  -9.965497649471745e+03  1.507814718357654e-02  -3.225309290232781e-03  -2.553601298591295e-04
  1.469999999999996e+01  8.877646500840080e+04  1.529764511716184e+05  -1.968097440595622e+04  1.021797735695090e+05  1.277382753890581e+05  -1.463848632852453e+04  1.522596793401173e-02  -3.973742767301790e-03  3.765912677468136e-03
  1.479999999999996e+01  9.215830218537344e+04  1.436174410615709e+05  -1.145701853385918e+04  1.038868548544368e+05  1.272934969275618e+05  -1.732774883662484e+04  1.405512664918741e-02  -4.773216455290107e-03  6.926831841512894e-03
  1.489999999999996e+01  9.458920943125915e+04  1.305297400629477e+05  -8.555369996385321e+03  1.001338640520813e+05  1.239127474241899e+05  -1.708621182644022e+04  1.179076815124322e-02  -5.823031308448718e-03  8.814857095909770e-03
  1.499999999999996e+01  9.595911775174733e+04  1.121153928856749e+05  -8.313200037771761e+03  9.389303678283207e+04  1.220847643086733e+05  -1.456051092234043e+04  9.310769566854126e-03  -7.313119982282114e-03  9.418327101318326e-03
  1.509999999999996e+01  9.624689620879090e+04  8.934553534752698e+04  -5.200060554791388e+03  8.953242166177974e+04  1.229775427671072e+05  -1.096866477325903e+04  7.380644137904679e-03  -9.390147888566775e-03  8.881038129262202e-03
  1.519999999999996e+01  9.542613465795774e+04  6.405424172016536e+04  4.705314241403472e+03  9.024153544918842e+04  1.245272381083932e+05  -7.797551057537301e+03  6.138347406106569e-03  -1.203927949486579e-02  7.463882987334962e-03
  1.529999999999996e+01  9.330698865652867e+04  3.800880414538872e+04  1.930767218063014e+04  9.587078371436632e+04  1.241527527935331e+05  -6.809590868458838e+03  5.067395907564545e-03  -1.489310393191432e-02  5.550652985344011e-03
  1.539999999999996e+01  9.070712961429995e+04  1.458372663463617e+04  3.154095176204051e+04  1.027095990643803e+05  1.210079892173192e+05  -9.460897447419671e+03  3.503340432493953e-03  -1.715515375912220e-02  3.644088033891820e-03
  1.549999999999996e+01  9.005285546180642e+04  -4.818566086385057e+02  3.530618115949348e+04  1.062009389465571e+05  1.156083402552912e+05  -1.582735081960099e+04  1.352546337203611e-03  -1.792341321578632e-02  2.231730398169892e-03
  1.559999999999996e+01  9.330020831362755e+04  -2.714081727337912e+03  3.051486496062330e+04  1.049408096183155e+05  1.083291691566687e+05  -2.387924545527880e+04  -6.904515410845508e-04  -1.687514088873153e-02  1.607647775364193e-03
  1.569999999999996e+01  9.913226673866381e+04  5.880608202473182e+03  2.285925174661209e+04  1.026395611093946e+05  9.914487463869971e+04  -3.018488016865893e+04  -1.532194019830641e-03  -1.469978640658861e-02  1.837095527746246e-03
  1.579999999999996e+01  1.032029662895897e+05  1.660752004970718e+04  1.964923139079777e+04  1.046260113895134e+05  8.817706211102330e+04  -3.150391862256417e+04  -5.592439073954796e-04  -1.275352698619168e-02  2.678365613416586e-03
  1.589999999999996e+01  1.024688397562687e+05  2.190509056238278e+04  2.512020147295637e+04  1.127246569242834e+05  7.641079913159912e+04  -2.638446810390064e+04  1.840859110002237e-03  -1.194481734483292e-02  3.583524620503609e-03
  1.599999999999996e+01  9.731248712788435e+04  2.209568073800842e+04  3.719883592306470e+04  1.236291449080178e+05  6.602444206376915e+04  -1.602953835989543e+04  4.546860610212558e-03  -1.202172392483429e-02  3.923321782763313e-03
  1.609999999999996e+01  8.998066713671657e+04  2.304156328702502e+04  4.777783424810092e+04  1.313030267319487e+05  5.997375129560054e+04  -3.521595895558180e+03  6.462869953669113e-03  -1.206880948561069e-02  3.391789243078736e-03
  1.619999999999996e+01  8.350429426877764e+04  2.904204480484480e+04  4.818259398189562e+04  1.311319703490731e+05  6.028893942617076e+04  8.050164859207645e+03  6.983498852568559e-03  -1.145322671786421e-02  2.205094746711635e-03
  1.629999999999996e+01  8.117278531133718e+04  3.908664208368352e+04  3.690427072448450e+04  1.227147987804595e+05  6.602756359201035e+04  1.715351672526222e+04  6.080985835168078e-03  -1.028513352092433e-02  8.454032965559273e-04
  1.639999999999996e+01  8.572165469510262e+04  4.861629741135534e+04  2.152944587047321e+04  1.100154558047029e+05  7.315252036225221e+04  2.379327146031235e+04  4.232867291152140e-03  -9.185115366952174e-03  -3.441902127205542e-04
  1.649999999999996e+01  9.731344314511189e+04  5.314069655970774e+04  1.217490421975449e+04  9.829649443015982e+04  7.702432548417198e+04  2.857018996165445e+04  2.096508467116169e-03  -8.666150384067674e-03  -1.259355082700439e-03
  1.659999999999997e+01  1.127073628272603e+05  5.096892932444146e+04  1.301856817420950e+04  9.032916942447695e+04  7.531043415134585e+04  3.170031215370948e+04  2.208242959942566e-04  -8.683200020971225e-03  -1.873891120081929e-03
  1.669999999999997e+01  1.276390989522005e+05  4.440783962676174e+04  1.973190279123014e+04  8.508802006698522e+04  6.870269571516983e+04  3.291840742638506e+04  -1.202490733715519e-03  -8.631659742083769e-03  -2.152896137766805e-03
  1.679999999999997e+01  1.394162009209898e+05  3.897916846712188e+04  2.421518681025656e+04  7.953280121369158e+04  5.943019342764639e+04  3.193499711335062e+04  -2.281418238900126e-03  -7.726560273591081e-03  -2.138225408533507e-03
  1.689999999999997e+01  1.470117294832431e+05  3.981350443448304e+04  2.115292183883745e+04  7.174469680808757e+04  4.933066725793331e+04  2.884378201154296e+04  -3.164294434127012e-03  -5.665474409363511e-03  -2.053396103825554e-03
  1.699999999999997e+01  1.495130584217858e+05  4.812519769678648e+04  1.096339924278905e+04  6.224403084678381e+04  3.938808222659588e+04  2.445294138365994e+04  -3.864170087528792e-03  -2.919300640967347e-03  -2.104211476005604e-03
  1.709999999999997e+01  1.457267243581238e+05  6.167785968458763e+04  -1.923919838889639e+03  5.264477452306273e+04  3.047653403468025e+04  1.984422987824066e+04  -4.325108477556120e-03  -3.188042750166905e-04  -2.217386694108210e-03
  1.719999999999997e+01  1.362510019213217e+05  7.858305833378631e+04  -1.283560404220170e+04  4.350542791597321e+04  2.423912969693392e+04  1.581404891841049e+04  -4.591142082279603e-03  1.663357179480132e-03  -2.003700089819138e-03
  1.729999999999998e+01  1.246979318124562e+05  9.913870122731608e+04  -1.986081194276392e+04  3.407395718089038e+04  2.306969378084980e+04  1.217827914278816e+04  -4.795289583389531e-03  3.189367390444232e-03  -1.028962762681800e-03
  1.739999999999998e+01  1.162258736738052e+05  1.237007725245842e+05  -2.422297408780444e+04  2.372303977046850e+04  2.890117672441264e+04  7.880338235088544e+03  -4.988290490305446e-03  4.703662733531425e-03  8.331889203464027e-04
  1.749999999999998e+01  1.146146866410763e+05  1.498140968763904e+05  -2.808390106400402e+04  1.308377009100918e+04  4.169313039156720e+04  1.850606373248695e+03  -5.119096127565156e-03  6.420597955252609e-03  3.232648361135363e-03
  1.759999999999998e+01  1.203453351732334e+05  1.724110867539136e+05  -3.185359555332821e+04  3.442832309058689e+03  5.890282712798161e+04  -5.887934136689644e+03  -5.181121391038798e-03  8.128004542564916e-03  5.497577851004401e-03
  1.769999999999998e+01  1.303551330124948e+05  1.863628185603647e+05  -3.371006982506098e+04  -4.276130466866975e+03  7.618204246033938e+04  -1.396144759971485e+04  -5.256409576937891e-03  9.351975171272883e-03  6.916751822105219e-03
  1.779999999999998e+01  1.394482027144541e+05  1.889578222826353e+05  -3.166621798037222e+04  -1.014946954001779e+04  8.922252555053278e+04  -2.066384632775041e+04  -5.413236714204153e-03  9.683758497364440e-03  7.090676437325753e-03
  1.789999999999998e+01  1.433578696002529e+05  1.817295451317561e+05  -2.544537313937138e+04  -1.524986398137676e+04  9.588050186965409e+04  -2.495718882254888e+04  -5.585035250174621e-03  9.084657730568425e-03  6.187708301455230e-03
  1.799999999999999e+01  1.409840523964485e+05  1.700907723100802e+05  -1.627003992389285e+04  -2.029457531132372e+04  9.729272179270429e+04  -2.684814894610055e+04  -5.555197279592954e-03  7.903242542040279e-03  4.854504761841365e-03
  1.809999999999999e+01  1.341468495206185e+05  1.600471985344305e+05  -5.708799421842240e+03  -2.435242861223228e+04  9.694951041152998e+04  -2.710673256468112e+04  -5.042745315338742e-03  6.606037284322617e-03  3.851937050415748e-03
  1.819999999999999e+01  1.259636309697656e+05  1.543024887951234e+05  5.819504226364175e+03  -2.502769925282738e+04  9.792749377336320e+04  -2.644454823959892e+04  -3.927239778694407e-03  5.444837525756312e-03  3.543727882606744e-03
  1.829999999999999e+01  1.192992227881790e+05  1.515460558688920e+05  1.930023432668529e+04  -2.046983215560913e+04  1.005597080462863e+05  -2.519064582050442e+04  -2.448494027244045e-03  4.414362787114149e-03  3.729657725869754e-03
  1.839999999999999e+01  1.160985367300826e+05  1.496220604865410e+05  3.531806911723902e+04  -1.139935212797569e+04  1.025093635870876e+05  -2.354145578981897e+04  -1.083135832604720e-03  3.506321798018487e-03  3.964210739883580e-03
  1.849999999999999e+01  1.165359873573036e+05  1.485886858540321e+05  5.179369771569467e+04  -8.423899139345209e+02  1.009970679717767e+05  -2.184710502844258e+04  -1.916790176363714e-04  2.872557069526281e-03  3.917993641421003e-03
  1.859999999999999e+01  1.186960482909723e+05  1.506430692536196e+05  6.366662041477687e+04  8.071862125245139e+03  9.509163350747417e+04  -2.043191609336104e+04  2.580136003709389e-04  2.729791098692889e-03  3.517560004034032e-03
  1.870000000000000e+01  1.199984834025867e+05  1.576395450825666e+05  6.611344085461125e+04  1.402962734467906e+04  8.627403847669340e+04  -1.908461147829192e+04  5.975749601766182e-04  3.126730533456657e-03  2.790425870943002e-03
  1.880000000000000e+01  1.190649210188038e+05  1.683167498338313e+05  5.861778423592425e+04  1.781295292439127e+04  7.731752122194855e+04  -1.709412740532205e+04  1.120215112137375e-03  3.762723991285756e-03  1.709528130479095e-03
  1.890000000000000e+01  1.166035046937502e+05  1.779591438783529e+05  4.600392035790441e+04  2.116050570117964e+04  7.090479976550851e+04  -1.405165265805524e+04  1.843794443234327e-03  4.085050222936343e-03  3.202241379079573e-04
  1.900000000000000e+01  1.142669276201633e+05  1.812719167880519e+05  3.555879667100315e+04  2.504848539109629e+04  6.886028327336155e+04  -1.036489385060143e+04  2.500717463192316e-03  3.667786244205044e-03  -1.090528635866884e-03
  1.910000000000000e+01  1.129623048399986e+05  1.758967072866684e+05  3.271264143974861e+04  2.907659088869527e+04  7.183306142599315e+04  -7.006684589666928e+03  2.721368482522343e-03  2.480997926399019e-03  -2.039690596504363e-03
  1.920000000000000e+01  1.120321321424517e+05  1.634921678317123e+05  3.812549704308178e+04  3.206784280312684e+04  7.907340565992449e+04  -4.901590442460978e+03  2.267583970715321e-03  8.398872552376600e-04  -2.160123465963891e-03
  1.930000000000000e+01  1.099756417497471e+05  1.480980413899713e+05  4.796178313045038e+04  3.293953396445802e+04  8.813170092183906e+04  -4.502079398762956e+03  1.181392197653487e-03  -8.527783616140217e-04  -1.514302767422539e-03
  1.940000000000001e+01  1.063730897616366e+05  1.341191113748722e+05  5.724803864752870e+04  3.157240945289336e+04  9.516475013188951e+04  -5.875311259377600e+03  -2.367913774857464e-04  -2.304337262858963e-03  -5.906947404098521e-04
  1.950000000000001e+01  1.026133819047029e+05  1.251441499721746e+05  6.320338027272491e+04  2.886467788690234e+04  9.633757224959187e+04  -8.756727023841773e+03  -1.545958606113579e-03  -3.327603628525222e-03  5.163723787464034e-06
  1.960000000000001e+01  1.010382220596851e+05  1.229521471057217e+05  6.640138483468594e+04  2.636555396553714e+04  8.977019439962080e+04  -1.256365965440475e+04  -2.316020038000507e-03  -3.838090076114414e-03  -2.075867827752828e-05
  1.970000000000001e+01  1.031244757961758e+05  1.266925449605281e+05  6.919637090607965e+04  2.576913650149275e+04  7.681780172648239e+04  -1.643899822724446e+04  -2.264770558258238e-03  -3.894220907409388e-03  -4.788525383257886e-04
  1.980000000000001e+01  1.083295827530171e+05  1.334586804892340e+05  7.291737838982606e+04  2.800694813148235e+04  6.149297169934992e+04  -1.936885723695254e+04  -1.349732241592498e-03  -3.675030119829724e-03  -9.052519953081875e-04
  1.990000000000001e+01  1.142718687245867e+05  1.400379024840089e+05  7.631113712402435e+04  3.271270050347029e+04  4.845182736058342e+04  -2.051114310744680e+04  1.807462326872986e-04  -3.404686278609457e-03  -9.321872223697344e-04
