TITLE = "Temporal Signal for receiver number 00842"
VARIABLES = "Time","xx","yy","zz","xy","yz","xz","u","v","w"
# x1       3.565946160000e+05
# x2       4.737684950000e+06
# x3       -3.000000000000e+03
  0.000000000000000e+00  0.000000000000000e+00  0.000000000000000e+00  0.000000000000000e+00  0.000000000000000e+00  0.000000000000000e+00  0.000000000000000e+00  0.000000000000000e+00  0.000000000000000e+00  0.000000000000000e+00
  1.000000000000000e-01  0.000000000000000e+00  0.000000000000000e+00  0.000000000000000e+00  0.000000000000000e+00  0.000000000000000e+00  0.000000000000000e+00  0.000000000000000e+00  0.000000000000000e+00  0.000000000000000e+00
  2.000000000000000e-01  0.000000000000000e+00  0.000000000000000e+00  0.000000000000000e+00  0.000000000000000e+00  0.000000000000000e+00  0.000000000000000e+00  0.000000000000000e+00  0.000000000000000e+00  0.000000000000000e+00
  3.000000000000000e-01  -8.567093913851988e-15  -6.386551157584232e-15  -4.251705843922303e-15  5.511877285752180e-15  -1.486879152372028e-15  1.678993311056879e-15  -9.441990775475906e-22  5.567611875864623e-22  2.388029923063833e-22
  4.000000000000000e-01  4.305417295839818e-09  9.026045264085578e-09  3.591773885167697e-09  -2.113635965816045e-09  1.359185716756493e-09  -4.378508483562820e-10  2.563902865277413e-16  -7.930175578866039e-16  -2.239326849728231e-16
  5.000000000000000e-01  -7.229908667264835e-07  -2.127090515202268e-06  -4.231997162436508e-07  4.117128921294844e-07  -3.588895528381346e-07  1.945166622729114e-07  -2.416912464290673e-14  1.864198615450208e-13  6.441295941712871e-14
  6.000000000000000e-01  -6.868682043944496e-05  -3.947227505609065e-05  -4.133019467379190e-05  3.240946323130224e-05  4.183291541804811e-06  -1.729092242791058e-06  -7.032570107052822e-12  2.926728510455180e-12  -1.434618934455189e-12
  7.000000000000000e-01  6.682285222836189e-04  1.245080820430909e-03  4.733402610397929e-04  -3.520073177259063e-04  9.180204075196245e-05  9.285861930859751e-06  4.076560599038350e-11  -1.102911013910381e-10  -1.097608988372468e-11
  7.999999999999999e-01  8.306103392955306e-03  1.100347829501487e-02  5.516671674913716e-03  -4.139364022321434e-03  8.023728694664229e-05  5.865483898322483e-04  6.392686417423741e-10  -9.636726083044207e-10  6.440730080981580e-11
  8.999999999999999e-01  2.749632419593420e-02  3.699337582283866e-02  1.797537601978707e-02  -1.285804456602839e-02  -7.176335790588272e-04  4.946169223486881e-03  2.126574190953520e-09  -3.138501611391224e-09  7.010598094932045e-10
  9.999999999999999e-01  -9.849082386710369e-02  -6.286641228780765e-02  -5.400566862724444e-02  4.778257735893970e-02  5.822511958553943e-03  8.268525231225348e-03  -8.894465124285599e-09  5.880451131050745e-09  3.686926735597357e-10
  1.100000000000000e+00  -6.774805534466121e-01  -6.830493804272790e-01  -4.073497028662300e-01  3.122204988365053e-01  -3.688307439748679e-03  -1.699452301701972e-02  -5.693835140549789e-08  5.863223181653530e-08  -2.884135766568816e-09
  1.200000000000000e+00  3.452819950307350e-01  5.321198639629592e-02  1.772240963045076e-01  -1.369977471433819e-01  -3.891360227467211e-02  -4.718926208043261e-02  3.328088113611169e-08  -5.202231498682668e-09  -2.941721924328130e-09
  1.300000000000000e+00  2.131405045107223e+00  2.253234019923903e+00  1.475470742857713e+00  -9.314994987327292e-01  1.577394165622789e-01  -4.802127524632666e-02  1.763144307897870e-07  -1.931100976466174e-07  -2.268332985422782e-08
  1.400000000000000e+00  -2.068178929463849e+00  -1.826056507438238e+00  -1.140473464460678e+00  9.338981512938923e-01  -4.689323217822942e-03  -5.713216348311060e-02  -1.783016747459669e-07  1.535255596219544e-07  -1.317039898427669e-08
  1.500000000000000e+00  4.465485013205994e+00  3.023333756725843e+00  1.752202981161390e+00  -1.854535043693890e+00  5.933613088360864e-01  -4.812149920861566e-01  3.620506120335442e-07  -2.473017220328282e-07  -5.216269357140053e-08
  1.600000000000000e+00  -5.578527069688671e+01  -5.068064086760238e+01  -3.798589878282835e+01  2.416884085370625e+01  -1.342843327870235e+01  1.311098903925342e+01  -4.725999142843180e-06  4.296484808478180e-06  2.554546466800344e-06
  1.700000000000000e+00  -4.253341047344338e+02  -4.707875817166359e+02  -3.373058528629765e+02  2.237138287631633e+02  -1.468457428201862e+02  1.323813064993694e+02  -3.694566996490194e-05  4.169403362446181e-05  2.612899544856311e-05
  1.800000000000000e+00  -4.334508880666742e+02  -7.830389274570150e+02  -4.675450187115088e+02  3.691971493322393e+02  -3.236244192655575e+02  2.421339098389818e+02  -4.048478153707133e-05  7.266410587727485e-05  4.870291814194769e-05
  1.900000000000001e+00  2.860006790774424e+02  -5.009633952500215e+02  -1.267636079519493e+02  1.990901530015637e+02  -4.026867946509484e+02  2.244839875073125e+02  1.682037889225585e-05  5.026939422805437e-05  4.402984503070455e-05
  2.000000000000000e+00  6.723485920358765e+01  -8.990011868289821e+02  -2.668872562777685e+02  3.574735938224833e+02  -6.418599886052123e+02  4.271943047625720e+02  -9.244358368741534e-06  8.259394342252352e-05  6.731067087999696e-05
  2.100000000000001e+00  -2.159748663387364e+02  -1.502921043376119e+03  -4.657565295260164e+02  6.446103077898191e+02  -9.853253141597064e+02  6.682463450044986e+02  -4.458542269504832e-05  1.364064971307644e-04  9.243192375312852e-05
  2.200000000000001e+00  1.669791128449700e+02  -1.992197866448926e+03  -4.308075787213450e+02  7.932976530460699e+02  -1.434777093529653e+03  9.137046911558206e+02  -2.136182714384315e-05  1.802666662340224e-04  1.276976333940197e-04
  2.300000000000001e+00  -8.115559805229237e+02  -3.509155708102603e+03  -1.150641914009576e+03  1.509272200545131e+03  -2.242530041090481e+03  1.626326806146652e+03  -1.258125338938111e-04  3.074179463514674e-04  2.297180713990161e-04
  2.400000000000001e+00  -4.921167893928668e+03  -8.783871352139708e+03  -4.279390014896286e+03  4.064982443729469e+03  -4.193083228613991e+03  3.237076068655540e+03  -5.122556767619913e-04  7.740130115607179e-04  4.926185570903384e-04
  2.500000000000001e+00  -1.486184767726482e+04  -2.354406138281891e+04  -1.359057490693921e+04  1.089700585202636e+04  -1.027583488014884e+04  8.211536028667615e+03  -1.426304706198467e-03  2.113017276546636e-03  1.416533129712462e-03
  2.600000000000001e+00  -3.706522784281764e+04  -5.273624136507957e+04  -3.554126253039897e+04  2.469267979086419e+04  -2.418673781163544e+04  2.049040534240012e+04  -3.493215210827096e-03  4.717685818065318e-03  3.687862277612288e-03
  2.700000000000001e+00  -3.914885029548048e+04  -7.315421552668656e+04  -5.450883415090913e+04  3.386063378526996e+04  -4.369444577261194e+04  3.546784770597822e+04  -4.042208316423008e-03  6.677826042054062e-03  6.468915478702919e-03
  2.800000000000001e+00  -4.990100564282850e+03  -8.829533048416206e+04  -7.303468198815577e+04  3.353692501573117e+04  -7.689092544730462e+04  5.496590474377460e+04  -1.663131759884988e-03  8.520694735907558e-03  1.047838385538690e-02
  2.900000000000001e+00  9.460093867397199e+04  -5.775092442680238e+04  -6.207294909074531e+04  7.887479477105334e+03  -1.044915288017450e+05  6.119723968091085e+04  5.769337867015772e-03  6.473696087896580e-03  1.190851066746378e-02
  3.000000000000001e+00  2.696086801518895e+05  -2.349737104496782e+04  -4.211808780371596e+04  -4.057850180918308e+04  -1.476602539879045e+05  6.657561590823637e+04  1.925695592601295e-02  4.482451505112990e-03  1.373969848678074e-02
  3.100000000000001e+00  5.228819079552338e+05  8.262064561652820e+04  -7.583979030852934e+03  -1.375844658976849e+05  -1.753380034669122e+05  4.177418316447046e+04  3.895098031305033e-02  -4.842890981877451e-03  1.275393942704351e-02
  3.200000000000002e+00  7.950781209877643e+05  1.908614224835582e+05  1.104660602367356e+05  -2.334377765693089e+05  -1.350826885687624e+05  -5.698200130973691e+04  5.871566932665191e-02  -1.527340408871201e-02  -3.853315330814982e-03
  3.300000000000002e+00  1.272304174315138e+06  2.044734353011067e+05  1.093132772553781e+05  -3.666746618053906e+05  -2.046208081466738e+05  -1.571970329351157e+05  9.923515837026207e-02  -1.484041916251223e-02  -2.240113557483710e-03
  3.400000000000002e+00  1.488027562506072e+06  5.122076977892088e+05  1.690497425273760e+05  -6.152548282134152e+05  -1.114815908143884e+05  -2.286187792320590e+05  1.151200177029811e-01  -5.892003450601101e-02  -6.145037991852664e-03
  3.500000000000002e+00  2.191414108135654e+05  6.534461797442962e+05  1.820220729951358e+05  -6.901434548094153e+05  4.026637545429241e+05  -3.234297227162724e+05  -4.747381345547480e-03  -1.193412844132503e-01  -6.017216970847904e-02
  3.600000000000002e+00  -1.391417379510253e+06  5.623005986209165e+05  1.108532882157619e+06  -5.523098523393685e+05  1.042498430621365e+06  -6.714631140175493e+05  -1.421489306574551e-01  -1.364271749931064e-01  -1.911913789104799e-01
  3.700000000000002e+00  -2.990321954775389e+06  1.483869382299734e+05  2.544906857278200e+06  -5.528980707916889e+05  1.183507894540763e+06  -9.257289285423347e+05  -2.333848120209109e-01  -1.048075927160886e-01  -2.926470324016103e-01
  3.800000000000002e+00  -3.125628094745955e+06  -9.682235864442449e+04  2.838949563376148e+06  -3.084380852957434e+05  9.085917918391987e+05  -6.937627329019050e+05  -2.558399259435667e-01  -4.064670192307793e-02  -2.928231118925373e-01
  3.900000000000002e+00  -1.679007500876268e+06  -8.364048860744077e+04  1.349246952219025e+06  2.980958768081607e+05  5.549246842664523e+05  -2.682769779366100e+05  -1.701101127356464e-01  4.011541692635449e-02  -1.746702417479303e-01
  4.000000000000002e+00  -5.421010392090713e+05  -8.213061041814461e+04  9.376466904512310e+03  5.872318892799754e+05  2.994586687985554e+05  -1.452054105823142e+04  -8.009122877574054e-02  7.943215379090164e-02  -5.537939784234718e-02
  4.100000000000001e+00  -2.591021226324533e+05  -1.702652664590468e+05  -2.955120738031517e+05  6.460481292228661e+05  1.656484897073111e+05  6.094306995881441e+04  -6.317886773352564e-02  8.526317710021659e-02  -2.258103922341926e-02
  4.200000000000001e+00  -1.538339582848483e+05  -2.352685915043063e+05  -4.725014030818695e+05  6.525647168644366e+05  6.863540305793991e+04  -4.786522817669073e+04  -5.804153360572076e-02  8.874035609505158e-02  -3.515082773273946e-02
  4.300000000000001e+00  1.109085914808911e+05  -2.927086547259436e+04  -9.692541097882269e+05  5.533443869392802e+05  2.226604703431414e+05  -2.465940957016185e+05  -1.875976885589835e-02  4.776937580226633e-02  -1.766297927744695e-02
  4.400000000000000e+00  2.647105361393832e+05  2.177025032527114e+05  -1.442883643113394e+06  3.926132573526839e+05  5.701743227778677e+05  -4.072538741326336e+05  1.436783477566043e-02  -2.804701058042290e-02  -6.049862190178374e-03
  4.500000000000000e+00  9.802013223748437e+04  5.610196309452104e+04  -1.571444707210717e+06  1.920341059536019e+05  7.270824381177154e+05  -4.207253978037854e+05  2.894712741617896e-02  -3.739567901589085e-02  -3.077029430481501e-02
  4.600000000000000e+00  -4.853381848215857e+05  -3.222891714320405e+05  -1.298627076714503e+06  -3.907931040134128e+04  5.982007418307972e+05  -4.377932738372072e+05  5.034940485199544e-02  8.530787709420595e-03  -2.531198814063949e-02
  4.699999999999999e+00  -1.504719656056226e+06  -6.208310102884364e+05  -8.644185580230198e+05  -3.459782519539860e+05  3.873419648340472e+05  -5.932185010369397e+05  9.244394749160452e-02  4.257852670604641e-02  4.244615714336364e-02
  4.799999999999999e+00  -2.245318717910103e+06  -6.351919587573935e+05  -5.160051341417173e+05  -4.697887010961471e+05  5.602322033629115e+04  -9.174482519296341e+05  1.049929694247493e-01  4.048446913345179e-02  1.274594323084315e-01
  4.899999999999999e+00  -2.431956826625511e+06  -7.252320570799602e+05  -5.024829125551438e+05  -3.877206980701780e+05  -8.412225588600969e+04  -1.055025364299574e+06  8.346189022011692e-02  4.797878659927554e-02  1.363475802085138e-01
  4.999999999999998e+00  -2.405996182365890e+06  -7.732151582444854e+05  -5.607445342161527e+05  -3.345110964076724e+05  -3.812139834739835e+04  -1.111193412957557e+06  6.291615392458048e-02  5.717698729777818e-02  1.163071274398895e-01
  5.099999999999998e+00  -2.367330552695583e+06  -7.516323490274047e+05  -4.891376013371060e+05  -3.240814762932034e+05  -7.468982152102161e+03  -1.179848713778809e+06  6.103811250562909e-02  5.861467321878183e-02  1.001370190710865e-01
  5.199999999999998e+00  -2.332098385150198e+06  -7.152700718674836e+05  -4.160353721445633e+05  -3.136419452004609e+05  -2.191151217080737e+04  -1.292566401481703e+06  7.498196601942221e-02  5.642765691146462e-02  8.217725672153710e-02
  5.299999999999997e+00  -2.333894447978784e+06  -7.158720043693053e+05  -4.084002812167665e+05  -3.238613132279253e+05  -3.274500759567328e+04  -1.381073778605577e+06  8.954888799923923e-02  5.874860605350592e-02  6.577765904922096e-02
  5.399999999999997e+00  -2.407270003612155e+06  -7.669230137307770e+05  -4.301022163235586e+05  -3.888721250444236e+05  -3.340228117055618e+04  -1.417060975644144e+06  1.089845268025027e-01  6.238879626384888e-02  4.736846072471673e-02
  5.499999999999996e+00  -2.423162517923889e+06  -7.443887654082845e+05  -3.898490095579180e+05  -4.840779312630987e+05  -7.380486551201809e+04  -1.461595446185154e+06  1.334016761640119e-01  5.571835547650679e-02  4.593761733592122e-02
  5.599999999999996e+00  -2.431925413617739e+06  -6.717681151207054e+05  -3.828890789334247e+05  -5.584011750729993e+05  -1.541425561876159e+05  -1.613769385427563e+06  1.598622201148623e-01  5.174548182534570e-02  6.342544554403919e-02
  5.699999999999996e+00  -2.400896941306655e+06  -6.621986254597221e+05  -4.728926924281074e+05  -6.621815260093338e+05  -2.714398515716507e+05  -1.804409523673312e+06  1.909263417140673e-01  5.407155101584893e-02  6.601834244808324e-02
  5.799999999999995e+00  -2.345801642429515e+06  -7.183454415571264e+05  -6.250582824863041e+05  -7.596654553014608e+05  -3.432927998152685e+05  -1.877986112172497e+06  2.166457325002541e-01  4.505154638350646e-02  5.989734399570654e-02
  5.899999999999995e+00  -2.449075267567928e+06  -8.736645872145828e+05  -9.011470272038092e+05  -8.239108898821615e+05  -3.526968423716900e+05  -1.865509867642640e+06  2.380561447032513e-01  3.501420229492016e-02  4.641171708729930e-02
  5.999999999999995e+00  -2.621714512368537e+06  -1.055226067977343e+06  -1.290948807857211e+06  -9.538722886048438e+05  -3.949152754541443e+05  -1.884998030262049e+06  2.620703185636812e-01  3.306830741543446e-02  4.329528702060698e-02
  6.099999999999994e+00  -2.756977578410315e+06  -1.194183915207637e+06  -1.614905929638403e+06  -1.047869851270020e+06  -4.619998041931725e+05  -1.844590978950622e+06  2.708342466131370e-01  2.113888973929814e-02  4.001751074569133e-02
  6.199999999999994e+00  -2.937287739608760e+06  -1.377536821946881e+06  -1.802740934766306e+06  -1.067706715629142e+06  -5.461340194395529e+05  -1.755055875318821e+06  2.712731216971444e-01  1.843892778540666e-02  4.308898050907213e-02
  6.299999999999994e+00  -3.130292898802010e+06  -1.603885390655786e+06  -1.945523699506407e+06  -1.096577344803803e+06  -6.486009859109168e+05  -1.731850530877766e+06  2.823834357954860e-01  3.285037644368504e-02  6.140090366321719e-02
  6.399999999999993e+00  -3.221836883961143e+06  -1.811385263177095e+06  -2.107861957698749e+06  -1.158951379629726e+06  -6.857646009972203e+05  -1.771640256971548e+06  2.942485121365007e-01  5.055426539346983e-02  7.932931039118703e-02
  6.499999999999993e+00  -3.340883251250616e+06  -1.897943530693884e+06  -2.386732744705232e+06  -1.269372769383912e+06  -6.748272123149729e+05  -1.866959700333293e+06  2.983587180269556e-01  4.715626193228703e-02  9.588373486958147e-02
  6.599999999999993e+00  -3.642744446641720e+06  -1.935373873786100e+06  -2.745782910896326e+06  -1.416593631417547e+06  -7.330556626304993e+05  -2.001541902136513e+06  2.965013831429539e-01  4.228872235501071e-02  1.097676105993944e-01
  6.699999999999992e+00  -3.903410396840315e+06  -1.935226269881447e+06  -2.927313898495803e+06  -1.507554195800184e+06  -8.081761669368518e+05  -2.111618988690855e+06  2.946392110378336e-01  4.362470598578336e-02  1.147017342298220e-01
  6.799999999999992e+00  -4.102791924435970e+06  -1.909179313780548e+06  -2.992884775187362e+06  -1.509826949585304e+06  -8.447996356124855e+05  -2.199957799929833e+06  2.947457982195135e-01  4.632120087706745e-02  1.177928891859567e-01
  6.899999999999991e+00  -4.243758622057324e+06  -1.901072468617024e+06  -2.976802669239691e+06  -1.409318973372851e+06  -7.523727383127047e+05  -2.226493437964473e+06  2.667709854297733e-01  4.804295292468849e-02  1.021281128741397e-01
  6.999999999999991e+00  -4.402487114118521e+06  -1.917999310612778e+06  -2.929470491722279e+06  -1.283447916730306e+06  -6.355547986286115e+05  -2.297689827470227e+06  2.185444245969212e-01  5.130444724645886e-02  8.474793102610562e-02
  7.099999999999991e+00  -4.331953148878912e+06  -1.765926095757232e+06  -2.391698965037839e+06  -1.124343238664858e+06  -5.126084413292524e+05  -2.229030002921815e+06  1.487689635878892e-01  4.745423958607906e-02  4.331878654916706e-02
  7.199999999999990e+00  -4.373504723133925e+06  -1.696077968592986e+06  -2.119494956017016e+06  -9.694642156116539e+05  -4.247037245700175e+05  -2.174331814710378e+06  1.114836959747153e-01  4.997455533682586e-02  3.552331970359316e-02
  7.299999999999990e+00  -4.245346928473300e+06  -1.559040370563930e+06  -1.958407219605859e+06  -8.387446160404873e+05  -2.288543654524930e+05  -1.886711044921658e+06  8.847530421019147e-02  4.894619056289906e-02  9.974368883474003e-03
  7.399999999999990e+00  -4.116880327793144e+06  -1.481229577844242e+06  -1.943428450843192e+06  -8.050159910086144e+05  -3.969044781757681e+04  -1.642708099545622e+06  7.814447908747862e-02  4.986380771720361e-02  -1.645279224084208e-02
  7.499999999999989e+00  -4.095874940617859e+06  -1.464122801571863e+06  -2.001758626623206e+06  -8.222750819545271e+05  5.511875009665720e+04  -1.613818350094820e+06  6.942717968913317e-02  4.769433942847766e-02  -3.470368619634868e-02
  7.599999999999989e+00  -4.107791783170778e+06  -1.412220349086380e+06  -1.988524840272085e+06  -8.135577294591318e+05  6.946266271112781e+04  -1.684579954370287e+06  3.903564433305345e-02  3.715546842416337e-02  -4.290796417480230e-02
  7.699999999999989e+00  -4.237732720065965e+06  -1.386604965369885e+06  -2.039155203460165e+06  -7.908299863229895e+05  7.256315857237762e+03  -1.789648684524041e+06  5.113538699881787e-03  2.577521873545019e-02  -4.278802112449236e-02
  7.799999999999988e+00  -4.400340435160358e+06  -1.447398752614200e+06  -2.113197049502137e+06  -7.423004094372099e+05  -5.691151429603140e+04  -1.851261980468067e+06  -1.443514512421932e-02  1.528557187217407e-02  -3.917713736384356e-02
  7.899999999999988e+00  -4.485278481680795e+06  -1.557359802074937e+06  -2.272424449564521e+06  -7.083467832052112e+05  -1.196207609674784e+05  -1.800437474078314e+06  -1.365382696443238e-02  1.842840215966613e-02  -4.021813794309861e-02
  7.999999999999988e+00  -4.507839675103757e+06  -1.682407519785686e+06  -2.489425428875377e+06  -7.320131391209706e+05  -1.168098389335971e+05  -1.560613841425793e+06  4.789161662297383e-03  2.791553361610251e-02  -4.413402241683805e-02
  8.099999999999987e+00  -4.412130422270326e+06  -1.746739904692053e+06  -2.690757096620076e+06  -7.259888290552794e+05  -5.160756969680770e+04  -1.192368316132183e+06  1.213759297456269e-02  2.123544849869189e-02  -3.948672523272789e-02
  8.199999999999987e+00  -4.220936281318950e+06  -1.681383468565735e+06  -2.965475901561380e+06  -6.364408763122226e+05  -1.123452040084611e+04  -9.696040264576245e+05  -7.738686946392222e-03  9.571450135609366e-03  -1.968948986401943e-02
  8.299999999999986e+00  -4.155630990117296e+06  -1.516694590017506e+06  -3.247109511932921e+06  -5.418020092226058e+05  -5.435698761536754e+04  -1.050089913626070e+06  -3.090767283034818e-02  7.841036079665175e-03  3.203006556011116e-05
  8.399999999999986e+00  -4.287156523395133e+06  -1.363259693810308e+06  -3.306805868291750e+06  -4.962671418449981e+05  -1.269706680170066e+05  -1.254956996667397e+06  -3.614119266546681e-02  1.531814717466908e-02  -5.202298599359818e-04
  8.499999999999986e+00  -4.471242876649732e+06  -1.353586137360613e+06  -3.186793605395457e+06  -4.856715189851532e+05  -1.764726057025223e+05  -1.384022820873140e+06  -2.984950212991826e-02  2.187786857539625e-02  -1.479171863472368e-02
  8.599999999999985e+00  -4.592342664431090e+06  -1.416556927551131e+06  -3.087314128857067e+06  -4.802072977905588e+05  -1.906166309481582e+05  -1.421364809437560e+06  -2.224849904486057e-02  2.365176427577426e-02  -2.420289734101987e-02
  8.699999999999985e+00  -4.690428236783759e+06  -1.405896124663493e+06  -3.036569098532698e+06  -4.666084999480739e+05  -2.289627837661776e+05  -1.475006077101881e+06  -9.740115288214243e-03  3.419300753748161e-02  -1.999957902262439e-02
  8.799999999999985e+00  -4.652822327217606e+06  -1.528143744249127e+06  -2.978386246430429e+06  -4.251814130706570e+05  -3.037320312050977e+05  -1.468035789270491e+06  -1.301130053211725e-02  3.698842449082571e-02  -2.271165583387773e-02
  8.899999999999984e+00  -4.456253937050490e+06  -1.822275410362867e+06  -2.827196942988095e+06  -3.585278601803796e+05  -3.228943847183196e+05  -1.357178465561284e+06  -3.700796966695359e-02  1.769724019801197e-02  -2.281972297888085e-02
  8.999999999999984e+00  -4.415594511691633e+06  -1.934153759911858e+06  -2.672960650296170e+06  -3.599878883017714e+05  -3.012641806503067e+05  -1.346572433894152e+06  -5.020927071033774e-02  9.868163669594429e-03  -2.432374965937510e-03
  9.099999999999984e+00  -4.509220677575560e+06  -1.758616207990292e+06  -2.525202132114498e+06  -4.550374345071323e+05  -3.139642401035832e+05  -1.440877817496508e+06  -4.220468050205451e-02  1.777690460108602e-02  2.584585886594147e-02
  9.199999999999983e+00  -4.498252449733752e+06  -1.500817994157654e+06  -2.301806103931552e+06  -5.434566087500872e+05  -3.696769886227333e+05  -1.495661257902444e+06  -3.626636383596410e-02  9.650371584961435e-03  4.904031538269937e-02
  9.299999999999983e+00  -4.504148236192018e+06  -1.432175507033760e+06  -2.237191196399378e+06  -5.883894692187401e+05  -3.769243049408459e+05  -1.534357805835569e+06  -4.015378872193289e-02  5.235196570297800e-04  4.867505914949369e-02
  9.399999999999983e+00  -4.598657420944531e+06  -1.537115183555228e+06  -2.307730710529193e+06  -6.317191023755122e+05  -3.169179422711217e+05  -1.580088737169622e+06  -3.716381633146670e-02  7.196742941747542e-03  3.031794020494287e-02
  9.499999999999982e+00  -4.655605775083774e+06  -1.606462793364637e+06  -2.255019717955154e+06  -6.705234612445040e+05  -2.572724683044362e+05  -1.641997203805189e+06  -2.893838223849516e-02  1.226859782125000e-02  1.783512463183145e-02
  9.599999999999982e+00  -4.631217023174817e+06  -1.561998217875594e+06  -2.096415870372573e+06  -6.889464492308985e+05  -2.299575216246324e+05  -1.740148460064288e+06  -3.150696679280606e-02  7.859823878912774e-03  1.540516203986713e-02
  9.699999999999982e+00  -4.613197224909187e+06  -1.486057025169907e+06  -1.987774698667717e+06  -6.792997436681470e+05  -2.418876762925067e+05  -1.837770293551624e+06  -4.481629264670027e-02  1.182453158899501e-03  1.624199409199012e-02
  9.799999999999981e+00  -4.656726165517794e+06  -1.454612543327129e+06  -1.933496047474286e+06  -6.528501861817060e+05  -2.758082506551248e+05  -1.906321519170277e+06  -5.473671922994685e-02  -3.680900611965102e-03  1.498785420389080e-02
  9.899999999999981e+00  -4.711961620958227e+06  -1.470041127987577e+06  -1.827917838877987e+06  -6.617384210854146e+05  -2.889063594165205e+05  -1.974933759397791e+06  -5.317837744758588e-02  -2.244070097670402e-03  1.391131378803236e-02
  9.999999999999980e+00  -4.730165449357790e+06  -1.520960932895188e+06  -1.703403552932277e+06  -7.175429159016635e+05  -2.606528966114375e+05  -2.039342785927551e+06  -4.574509830756177e-02  6.607048655221106e-03  1.874295004077304e-02
  1.009999999999998e+01  -4.695552982956826e+06  -1.574908969356614e+06  -1.604342790166716e+06  -7.709687129346386e+05  -2.137751278746680e+05  -2.065012325207110e+06  -3.908939170542383e-02  1.634039466773637e-02  2.573840801722318e-02
  1.019999999999998e+01  -4.639708145626256e+06  -1.613449741977198e+06  -1.511632644534606e+06  -8.042744114712019e+05  -1.880479405236139e+05  -2.061645826079454e+06  -3.065598061777207e-02  1.873855537223318e-02  2.599984728152053e-02
  1.029999999999998e+01  -4.591569787680673e+06  -1.633328802505490e+06  -1.472980997663279e+06  -8.300187664476718e+05  -1.900854481689200e+05  -2.058459096923267e+06  -1.876132970219631e-02  1.324423264801228e-02  2.027569176343283e-02
  1.039999999999998e+01  -4.538721239969900e+06  -1.608644846384215e+06  -1.500963212760093e+06  -8.482811893975307e+05  -1.968054240595318e+05  -2.055413515368501e+06  -6.273843172454297e-03  5.353252804834920e-03  1.793852530052767e-02
  1.049999999999998e+01  -4.512181461731997e+06  -1.553909133439525e+06  -1.519325072836222e+06  -8.631522874487523e+05  -1.922815769807331e+05  -2.050998773662078e+06  6.389981969955291e-03  -1.182385767911994e-03  2.189870294054009e-02
  1.059999999999998e+01  -4.533449309990849e+06  -1.512475992985642e+06  -1.467306427347160e+06  -8.812914325776477e+05  -1.867286546467748e+05  -2.062333359811214e+06  1.712549253778428e-02  -3.826608750231075e-03  2.822049065656607e-02
  1.069999999999998e+01  -4.553444814033940e+06  -1.496740465509464e+06  -1.365157639342425e+06  -8.944613435801528e+05  -2.038247612306218e+05  -2.100978247265556e+06  1.977212313560723e-02  -3.540562759860847e-03  3.463442765264720e-02
  1.079999999999998e+01  -4.537990398727554e+06  -1.483520250951887e+06  -1.269922531151790e+06  -8.998533087078583e+05  -2.424343219672221e+05  -2.151188002907185e+06  1.890890049492884e-02  -5.272393522716198e-03  4.504703228332382e-02
  1.089999999999998e+01  -4.528246814148287e+06  -1.474409710003201e+06  -1.232414247088982e+06  -9.160944245894068e+05  -2.696077781033642e+05  -2.183561809921761e+06  2.591775223859375e-02  -7.214356590885270e-03  5.782598034098708e-02
  1.099999999999998e+01  -4.551502880016451e+06  -1.495183782951350e+06  -1.239248169026812e+06  -9.520646590995520e+05  -2.630707583732808e+05  -2.175859595690770e+06  3.941364253762888e-02  -4.936100187632360e-03  6.459290961950380e-02
  1.109999999999998e+01  -4.587774227822746e+06  -1.535069404285585e+06  -1.237929325689030e+06  -9.773192567684341e+05  -2.385369803745122e+05  -2.135770140914388e+06  4.823403943038931e-02  -2.394330608183789e-03  6.269329905749536e-02
  1.119999999999998e+01  -4.623805305679912e+06  -1.550948068272105e+06  -1.244242484758549e+06  -9.576924913845027e+05  -2.311922133678765e+05  -2.106448004974407e+06  4.539139168322228e-02  -5.565038209003778e-03  5.626479764920213e-02
  1.129999999999998e+01  -4.630745023144980e+06  -1.515866606347901e+06  -1.302069064005849e+06  -9.087222632882656e+05  -2.578008586437036e+05  -2.119982453777208e+06  3.281680960886287e-02  -1.369401803534540e-02  4.909088619053031e-02
  1.139999999999998e+01  -4.592389663065763e+06  -1.458213969212165e+06  -1.412936830379328e+06  -8.691986156048060e+05  -3.004653207101598e+05  -2.161428719885378e+06  1.831798412401646e-02  -2.125552648444537e-02  4.080469096988069e-02
  1.149999999999998e+01  -4.530978266281707e+06  -1.425683811659290e+06  -1.535718915508973e+06  -8.373113367428035e+05  -3.393072222082803e+05  -2.199090116975481e+06  7.209666159480322e-03  -2.443045079972049e-02  3.171655526844622e-02
  1.159999999999997e+01  -4.465015552842047e+06  -1.435055051766276e+06  -1.637007271006921e+06  -7.837509387410139e+05  -3.744856572664102e+05  -2.229902038758654e+06  -4.035997391116111e-03  -2.432116103842458e-02  2.394753781935344e-02
  1.169999999999997e+01  -4.411470874079668e+06  -1.470577220617430e+06  -1.714605716908026e+06  -7.118502494473627e+05  -4.089778463894574e+05  -2.280878602912243e+06  -2.053404793890688e-02  -2.454277593769685e-02  1.629952313246186e-02
  1.179999999999997e+01  -4.397597295032528e+06  -1.502426928435547e+06  -1.760033550266242e+06  -6.634801574005242e+05  -4.365477629521328e+05  -2.359238749350468e+06  -3.872903035927994e-02  -2.773464253971751e-02  8.382047204116923e-03
  1.189999999999997e+01  -4.430373522281362e+06  -1.516401079438215e+06  -1.774145844058652e+06  -6.736911344384798e+05  -4.454631548890800e+05  -2.419209115879961e+06  -4.900481809147556e-02  -3.311169774338402e-02  3.958868396764157e-03
  1.199999999999997e+01  -4.472704798444602e+06  -1.521996124270292e+06  -1.786218229812260e+06  -7.339839517151273e+05  -4.315028371961711e+05  -2.405699628627268e+06  -4.505642665911606e-02  -3.562261900439390e-02  3.907613878423126e-03
  1.209999999999997e+01  -4.477647269092917e+06  -1.532765585162666e+06  -1.813226407824200e+06  -8.025096209013382e+05  -4.087479180225665e+05  -2.316809233283463e+06  -2.988724363424161e-02  -3.047290713056149e-02  4.461597071712415e-03
  1.219999999999997e+01  -4.448556107886988e+06  -1.553546077545443e+06  -1.850226663086632e+06  -8.463574294786217e+05  -3.978148701967472e+05  -2.209716562539771e+06  -1.340261833298040e-02  -1.859144270473598e-02  3.032999327872063e-03
  1.229999999999997e+01  -4.434660021154556e+06  -1.572984743438420e+06  -1.891216828870749e+06  -8.645416730391582e+05  -4.040995817738805e+05  -2.146707390760132e+06  -3.002756305924152e-03  -6.009844701265148e-03  9.774409355386129e-04
  1.239999999999997e+01  -4.468034959077091e+06  -1.578522698060732e+06  -1.930341749505142e+06  -8.681752911246894e+05  -4.126478239265631e+05  -2.134808477403629e+06  1.979986385911080e-04  9.742818534466926e-04  -5.186264920946216e-04
  1.249999999999997e+01  -4.528907679733502e+06  -1.576868458638700e+06  -1.958156929649875e+06  -8.605392091806720e+05  -4.063785629425177e+05  -2.137907447328856e+06  -8.124457365660802e-04  1.045360777068918e-03  -3.490768007449855e-03
  1.259999999999997e+01  -4.578861618352718e+06  -1.577991313735249e+06  -1.968381235844733e+06  -8.456598346657049e+05  -3.869104360380128e+05  -2.128369058571433e+06  -1.279126727040651e-03  -1.700283819207958e-03  -8.599370264726559e-03
  1.269999999999997e+01  -4.603185812869627e+06  -1.575524611044656e+06  -1.960490762358480e+06  -8.373478090085214e+05  -3.694036652676680e+05  -2.100345531114860e+06  1.561281904968242e-03  -3.839353626577504e-03  -1.270137205353864e-02
  1.279999999999997e+01  -4.620166848057331e+06  -1.558236108789353e+06  -1.943031375626271e+06  -8.477724055373021e+05  -3.622596773871530e+05  -2.064538097183195e+06  5.557743941506551e-03  -4.886176677783938e-03  -1.303905587976263e-02
  1.289999999999997e+01  -4.656715218184981e+06  -1.526710221841417e+06  -1.929609623008392e+06  -8.729892736101963e+05  -3.631071199509216e+05  -2.041767266000747e+06  6.597914021929653e-03  -3.809304751314894e-03  -9.560067770649017e-03
  1.299999999999997e+01  -4.710693644280062e+06  -1.496311197186890e+06  -1.927781803811118e+06  -8.961181136159011e+05  -3.686953984097556e+05  -2.042256642066645e+06  4.756022630400054e-03  4.101492661743527e-04  -4.876803991136208e-03
  1.309999999999997e+01  -4.751861038561324e+06  -1.482532584239840e+06  -1.938867320283715e+06  -9.035689513842333e+05  -3.743476767627127e+05  -2.051232606454957e+06  4.020754922972667e-03  5.563258660266216e-03  -3.526948622419245e-03
  1.319999999999997e+01  -4.762545885911184e+06  -1.480242853997415e+06  -1.956606242028038e+06  -8.977532227570018e+05  -3.714805769228697e+05  -2.045582422036258e+06  6.258563583484156e-03  8.412997909432314e-03  -7.515727780468787e-03
  1.329999999999997e+01  -4.754938018883940e+06  -1.473103301176315e+06  -1.968407964165178e+06  -8.933615954683374e+05  -3.578295942882404e+05  -2.022629800163117e+06  9.177977950289309e-03  8.778147049445368e-03  -1.321477057227044e-02
  1.339999999999997e+01  -4.743709438242501e+06  -1.459025311888571e+06  -1.968633481405376e+06  -8.987983677341164e+05  -3.409570028530402e+05  -2.002066610054689e+06  9.951901160797397e-03  8.320942205488686e-03  -1.565806094332039e-02
  1.349999999999997e+01  -4.728604285355797e+06  -1.448294994319051e+06  -1.963706751148426e+06  -9.052574264432176e+05  -3.275564287348101e+05  -1.999411888058814e+06  8.517382805541559e-03  7.512028234270891e-03  -1.434448021787506e-02
  1.359999999999997e+01  -4.707225110512822e+06  -1.446733610054155e+06  -1.961787990356716e+06  -8.995871692602808e+05  -3.174320057494898e+05  -2.008683460104823e+06  6.674710248019585e-03  5.964577739586945e-03  -1.269559263364219e-02
  1.369999999999997e+01  -4.682641342341629e+06  -1.455237920122015e+06  -1.963133520030513e+06  -8.810285454003817e+05  -3.080193246913936e+05  -2.011353541554344e+06  4.997716327095149e-03  3.771553151810113e-03  -1.320516956666049e-02
  1.379999999999997e+01  -4.656742305004961e+06  -1.475181628639359e+06  -1.959839560793168e+06  -8.604601047117643e+05  -2.998297464465576e+05  -1.998315818710189e+06  2.397847453622879e-03  1.364287642024986e-03  -1.526956416601770e-02
  1.389999999999997e+01  -4.631409760919041e+06  -1.502237615919742e+06  -1.945811047634882e+06  -8.490783301305043e+05  -2.978132561847869e+05  -1.982854320894857e+06  -1.593478394919472e-03  -5.434480955227038e-04  -1.653452861081568e-02
  1.399999999999997e+01  -4.615780751188088e+06  -1.522681892560702e+06  -1.927243291426752e+06  -8.489264313776088e+05  -3.053032626162912e+05  -1.985715177283930e+06  -5.491517170547551e-03  -5.992588653252233e-04  -1.492861574368851e-02
  1.409999999999997e+01  -4.618662182046906e+06  -1.523669263985454e+06  -1.915725186435819e+06  -8.515132719768819e+05  -3.154925555415704e+05  -2.008382429881944e+06  -7.247273348516751e-03  1.789201975457901e-03  -1.064898666725086e-02
  1.419999999999997e+01  -4.635126740809209e+06  -1.504639202831927e+06  -1.910099993918973e+06  -8.479062204365475e+05  -3.176970153323664e+05  -2.032399728275784e+06  -6.648294197465246e-03  4.903142118862714e-03  -5.988981296527698e-03
  1.429999999999997e+01  -4.649639568940309e+06  -1.479013633411187e+06  -1.896679936055648e+06  -8.407568246476195e+05  -3.118760027365279e+05  -2.044414512521656e+06  -5.602558734107205e-03  6.389004277750649e-03  -2.715028290294538e-03
  1.439999999999996e+01  -4.652185045742939e+06  -1.465618534476955e+06  -1.868473114930004e+06  -8.417328433863532e+05  -3.069306576715546e+05  -2.050208962967183e+06  -6.082936574122991e-03  6.160885878945435e-03  -6.034778629123924e-04
  1.449999999999996e+01  -4.645913075109246e+06  -1.472384933333667e+06  -1.829615237161448e+06  -8.571778564091517e+05  -3.065379048012342e+05  -2.061485441735577e+06  -8.268892566011911e-03  6.176689000210849e-03  1.561787559800810e-03
  1.459999999999996e+01  -4.641485916697076e+06  -1.489664877492302e+06  -1.788622440340207e+06  -8.807300556121230e+05  -3.062094836997254e+05  -2.079015227142551e+06  -1.066897936971627e-02  7.386617744655145e-03  4.149212617155067e-03
  1.469999999999996e+01  -4.646340918545762e+06  -1.500111718575046e+06  -1.757669097887415e+06  -9.002503252475124e+05  -3.031925608755827e+05  -2.093669526402423e+06  -1.183109191471889e-02  8.188189109120222e-03  6.200301923383501e-03
  1.479999999999996e+01  -4.656700050517834e+06  -1.492126935433191e+06  -1.747148710820685e+06  -9.080366285235670e+05  -3.003255512872792e+05  -2.096912738115845e+06  -1.147990897267603e-02  6.411483546194873e-03  6.607926215825764e-03
  1.489999999999996e+01  -4.660767492948946e+06  -1.468893575773943e+06  -1.756403154531360e+06  -9.034338027388162e+05  -2.995595617612216e+05  -2.086375588790816e+06  -1.000456182059503e-02  2.152117360086759e-03  5.005181976820891e-03
  1.499999999999996e+01  -4.652406823729671e+06  -1.448624840239241e+06  -1.775904544703370e+06  -8.902342360343389e+05  -2.973684628099152e+05  -2.065492092762345e+06  -7.820347651221216e-03  -1.949216189470230e-03  1.619302506457993e-03
  1.509999999999996e+01  -4.638825917844005e+06  -1.450163389586399e+06  -1.796542689319824e+06  -8.744072746516627e+05  -2.892450672056344e+05  -2.041208131346034e+06  -5.345915967893384e-03  -3.427563151180047e-03  -2.829103481667468e-03
  1.519999999999996e+01  -4.632158259976394e+06  -1.474202111178678e+06  -1.814150407630301e+06  -8.615067781659006e+05  -2.775810556146501e+05  -2.021341567211766e+06  -2.764370453445882e-03  -2.525565590703401e-03  -6.997352294374046e-03
  1.529999999999996e+01  -4.636686834547022e+06  -1.502918165938484e+06  -1.828978622940473e+06  -8.537851250559194e+05  -2.711130969958190e+05  -2.011039048137709e+06  2.767760357536817e-04  -1.258804983041208e-03  -9.423095751785062e-03
  1.539999999999996e+01  -4.646423657273979e+06  -1.518164030603542e+06  -1.841855565492191e+06  -8.500323219083004e+05  -2.752381306454372e+05  -2.009240205840319e+06  4.084373606789377e-03  -6.842836636696566e-04  -9.434122642345161e-03
  1.549999999999996e+01  -4.652843832321942e+06  -1.515816267837818e+06  -1.849884642549678e+06  -8.478356909293595e+05  -2.853214594117833e+05  -2.009410817591329e+06  7.828003438199690e-03  -3.850132473403362e-04  -7.561921136076322e-03
  1.559999999999996e+01  -4.652646372061944e+06  -1.505267076738313e+06  -1.850516038575456e+06  -8.452550084662403e+05  -2.908179869002199e+05  -2.005440243065780e+06  9.691384554850579e-03  -5.469615170622126e-05  -5.144907983179540e-03
  1.569999999999996e+01  -4.647949727427439e+06  -1.498403549362393e+06  -1.848458385005604e+06  -8.414707742965573e+05  -2.857295455342159e+05  -1.996787628411185e+06  8.579205256300754e-03  -3.587167617738150e-04  -3.264676897956328e-03
  1.579999999999996e+01  -4.641711522692078e+06  -1.499732403478599e+06  -1.851540087939028e+06  -8.373801459318020e+05  -2.738162203655110e+05  -1.987715934420680e+06  5.263687283242804e-03  -2.197592338914678e-03  -1.964042908591475e-03
  1.589999999999996e+01  -4.635181406365117e+06  -1.507145587432455e+06  -1.861379183780203e+06  -8.352981960362585e+05  -2.637315805891011e+05  -1.982609102074636e+06  1.699748217827009e-03  -5.554920555473995e-03  -7.247481268142283e-04
  1.599999999999996e+01  -4.628684894179378e+06  -1.517987480618412e+06  -1.872228039302150e+06  -8.369432359824586e+05  -2.611072345013218e+05  -1.982219981405649e+06  -3.400591141650990e-04  -9.185601457773848e-03  5.183237590710492e-04
  1.609999999999996e+01  -4.623396133617341e+06  -1.530596095854524e+06  -1.876946866577904e+06  -8.414018362908810e+05  -2.650378340821910e+05  -1.983072580141013e+06  -1.409074398249941e-04  -1.127606357968394e-02  1.322847023230821e-03
  1.619999999999996e+01  -4.622499215255532e+06  -1.543173822502193e+06  -1.874976283533045e+06  -8.454468727173302e+05  -2.704522074134080e+05  -1.981283534782412e+06  1.861409234092619e-03  -1.036659410187246e-02  1.359874962697658e-03
  1.629999999999996e+01  -4.628394580340150e+06  -1.552946295037138e+06  -1.873768375322309e+06  -8.464781567977526e+05  -2.743116893079355e+05  -1.977657474479261e+06  4.638828163523285e-03  -6.116546034912511e-03  6.734388277021799e-04
  1.639999999999996e+01  -4.638928650648487e+06  -1.556281067667499e+06  -1.880389779879554e+06  -8.447865506785164e+05  -2.793342049221073e+05  -1.977641501659912e+06  7.032966083930402e-03  2.064261341198617e-04  -4.883618188521444e-04
  1.649999999999996e+01  -4.648782370695613e+06  -1.551882640979938e+06  -1.893875508629645e+06  -8.419966857656882e+05  -2.900080683824684e+05  -1.985928572463975e+06  7.941686445538896e-03  6.012807477656082e-03  -1.810561289163795e-03
  1.659999999999997e+01  -4.653604881772251e+06  -1.544031345473834e+06  -1.907132032490268e+06  -8.384510316098629e+05  -3.058430426002693e+05  -2.001689906902623e+06  6.914064385008216e-03  8.890104394019155e-03  -2.854163376286162e-03
  1.669999999999997e+01  -4.652051022814818e+06  -1.540035152745574e+06  -1.914674297354483e+06  -8.337729392190672e+05  -3.209879376378543e+05  -2.018487991343831e+06  4.859292703007171e-03  8.309925225632092e-03  -3.073537976944941e-03
  1.679999999999997e+01  -4.645915637296095e+06  -1.544074856325079e+06  -1.917768295384259e+06  -8.291791383058600e+05  -3.299584981254596e+05  -2.028173464603138e+06  3.554747290965789e-03  5.775269406327508e-03  -2.077059002898005e-03
  1.689999999999997e+01  -4.639376350819251e+06  -1.554331937236336e+06  -1.922436694358249e+06  -8.277112530623556e+05  -3.317343764291175e+05  -2.026175691644563e+06  4.005283022938300e-03  3.283742167148204e-03  1.066586702859832e-04
  1.699999999999997e+01  -4.636478319805391e+06  -1.565128675162059e+06  -1.932360836781588e+06  -8.316490580127541e+05  -3.289192048803401e+05  -2.015052744600422e+06  5.485623232097417e-03  1.858942425219143e-03  2.973708820863248e-03
  1.709999999999997e+01  -4.637890455660550e+06  -1.570593432722882e+06  -1.943083326117318e+06  -8.398598290811672e+05  -3.249485539218280e+05  -2.003338395936797e+06  6.435119976025236e-03  1.428218906396810e-03  5.718329604968203e-03
  1.719999999999997e+01  -4.640931709835229e+06  -1.567477481454701e+06  -1.944663637065897e+06  -8.478940018103251e+05  -3.221266630926551e+05  -1.999906393439043e+06  6.084201519235115e-03  1.552276050429409e-03  7.455079442133952e-03
  1.729999999999998e+01  -4.642923823284969e+06  -1.556784413900055e+06  -1.930729385027598e+06  -8.511405007943278e+05  -3.213834065649509e+05  -2.007971905761002e+06  4.939905208252836e-03  1.786455289903547e-03  7.537239667069403e-03
  1.739999999999998e+01  -4.643839890738271e+06  -1.543635838105781e+06  -1.904250214159991e+06  -8.483611519870298e+05  -3.233537808578454e+05  -2.023045096711241e+06  3.876886147099809e-03  1.613596447905271e-03  6.017638725376444e-03
  1.749999999999998e+01  -4.646136386174214e+06  -1.534463011496756e+06  -1.874319092527588e+06  -8.422962809956440e+05  -3.288743992740058e+05  -2.036298286084278e+06  3.125044517672132e-03  6.757327918159353e-04  3.792119588618198e-03
  1.759999999999998e+01  -4.652183131484048e+06  -1.532841280259879e+06  -1.848956823265220e+06  -8.372941629654197e+05  -3.373285295642813e+05  -2.040839323557072e+06  2.218223561664696e-03  -7.096713155889808e-04  2.013639695993218e-03
  1.769999999999998e+01  -4.660613583100420e+06  -1.537123118822107e+06  -1.831399668862566e+06  -8.367798130639541e+05  -3.448325538208774e+05  -2.035836265411243e+06  7.240041348636724e-04  -1.554584530592598e-03  1.272843359994514e-03
  1.779999999999998e+01  -4.665819543800390e+06  -1.542328792325187e+06  -1.821931942299836e+06  -8.420031913362050e+05  -3.457713351685134e+05  -2.025802938076757e+06  -1.145384992095452e-03  -9.796174814227163e-04  1.299123034982724e-03
  1.789999999999998e+01  -4.662428202675369e+06  -1.544193544380548e+06  -1.820513356871679e+06  -8.513342553099480e+05  -3.375888765096584e+05  -2.016600802834453e+06  -2.641586615203747e-03  9.606762267400697e-04  1.324269692222701e-03
  1.799999999999999e+01  -4.650240271215524e+06  -1.541148172462261e+06  -1.826530171420432e+06  -8.601811224475467e+05  -3.241438528180069e+05  -2.011610591772257e+06  -3.125530272659177e-03  3.183927374362643e-03  6.830772731337451e-04
  1.809999999999999e+01  -4.634344994010659e+06  -1.533808650610663e+06  -1.837321073379579e+06  -8.627980581959012e+05  -3.133280698680087e+05  -2.010529629816693e+06  -2.629896505158974e-03  4.260048392674617e-03  -7.234866809573067e-04
  1.819999999999999e+01  -4.620679895345132e+06  -1.524114864719491e+06  -1.847996774101923e+06  -8.560781889711817e+05  -3.106828639898493e+05  -2.011155981384317e+06  -1.835551142492476e-03  3.343932319467142e-03  -2.317902509761931e-03
  1.829999999999999e+01  -4.612396770007948e+06  -1.514953304199012e+06  -1.853490393050175e+06  -8.427687947737161e+05  -3.152513242235184e+05  -2.012142364473440e+06  -1.436631534419279e-03  6.696384890341169e-04  -3.235755905183639e-03
  1.839999999999999e+01  -4.610117765199106e+06  -1.509128706863063e+06  -1.852018531388127e+06  -8.308800646182991e+05  -3.212706468958122e+05  -2.013958439632905e+06  -1.521848631747084e-03  -2.658452469783915e-03  -3.056049875296249e-03
  1.849999999999999e+01  -4.613628026148615e+06  -1.507343424423957e+06  -1.846287393094380e+06  -8.287218921240579e+05  -3.233274387217831e+05  -2.017263894195169e+06  -1.614543734262722e-03  -5.248515145478721e-03  -2.212442580551300e-03
  1.859999999999999e+01  -4.622518918733194e+06  -1.507639464403067e+06  -1.840842652129723e+06  -8.389476413497425e+05  -3.199079113234825e+05  -2.021289465457623e+06  -1.258949202578965e-03  -5.977790545169726e-03  -1.696548779832202e-03
  1.870000000000000e+01  -4.635673695788094e+06  -1.507473542467880e+06  -1.837891476759670e+06  -8.564555804150176e+05  -3.127759566957756e+05  -2.024627574135656e+06  -5.074359937684704e-04  -4.437012700396360e-03  -2.350026011262612e-03
  1.880000000000000e+01  -4.650872163549262e+06  -1.506624721256694e+06  -1.836290761943450e+06  -8.719531458851825e+05  -3.041937516725653e+05  -2.027131634303528e+06  1.182559699619514e-04  -1.247353824399981e-03  -4.257070644747033e-03
  1.890000000000000e+01  -4.664657467628020e+06  -1.507278265868628e+06  -1.834369651876603e+06  -8.781674811640603e+05  -2.956420713526870e+05  -2.030041498402692e+06  3.598500028852734e-05  2.073894278818610e-03  -6.600250164394176e-03
  1.900000000000000e+01  -4.673148679826151e+06  -1.510820300968450e+06  -1.832780914831287e+06  -8.737488931155490e+05  -2.886273313424251e+05  -2.034319036209293e+06  -9.974528294480842e-04  3.913021461395134e-03  -8.126968595921262e-03
  1.910000000000000e+01  -4.674387315183800e+06  -1.514998959419610e+06  -1.834086529248920e+06  -8.626142663286475e+05  -2.851585935865758e+05  -2.039651358097845e+06  -2.746225142814218e-03  3.526374202007149e-03  -7.960757688134526e-03
  1.920000000000000e+01  -4.669952577205743e+06  -1.515142928828239e+06  -1.840546563169607e+06  -8.505560735157445e+05  -2.863712333975006e+05  -2.045094679202412e+06  -4.669313771014117e-03  1.384412264477913e-03  -6.200926347953660e-03
  1.930000000000000e+01  -4.663273161834234e+06  -1.508697529596904e+06  -1.852924725297241e+06  -8.423794016075515e+05  -2.909600048356972e+05  -2.049862456697128e+06  -6.226425920281011e-03  -1.341835298488969e-03  -3.803032869218047e-03
  1.940000000000001e+01  -4.656380538239210e+06  -1.498138423563146e+06  -1.870133809080693e+06  -8.408287316964584e+05  -2.957669836232010e+05  -2.053152594628957e+06  -7.100711211436098e-03  -3.602714394896205e-03  -1.855796952267404e-03
  1.950000000000001e+01  -4.649233484690927e+06  -1.488802876072142e+06  -1.888491822279805e+06  -8.462101329399019e+05  -2.980588878232749e+05  -2.053957109044561e+06  -7.252010872910620e-03  -4.908886693428070e-03  -8.978131842121835e-04
  1.960000000000001e+01  -4.642075841969051e+06  -1.484285993637308e+06  -1.902172055218165e+06  -8.559786673195345e+05  -2.971108592696207e+05  -2.051796586587436e+06  -6.802920573595218e-03  -5.200777694040331e-03  -7.695571742785208e-04
  1.970000000000001e+01  -4.636898909515078e+06  -1.484372140304252e+06  -1.906202686549295e+06  -8.652865803951977e+05  -2.940009908068901e+05  -2.047604793556169e+06  -5.886994947129716e-03  -4.520019160392393e-03  -9.740780792399354e-04
  1.980000000000001e+01  -4.636060325668174e+06  -1.486705329166563e+06  -1.900484538472434e+06  -8.692732414599033e+05  -2.905548795921258e+05  -2.043721729242557e+06  -4.635262495134469e-03  -2.959824477074577e-03  -1.150040230218963e-03
  1.990000000000001e+01  -4.639981093400981e+06  -1.489144457351768e+06  -1.890796788563282e+06  -8.659549067528865e+05  -2.887061591028079e+05  -2.042790313343885e+06  -3.303630576136254e-03  -9.105782274357408e-04  -1.259390402266701e-03
