TITLE = "Temporal Signal for receiver number 00439"
VARIABLES = "Time","xx","yy","zz","xy","yz","xz","u","v","w"
# x1       3.525946160000e+05
# x2       4.719184950000e+06
# x3       -3.000000000000e+03
  0.000000000000000e+00  0.000000000000000e+00  0.000000000000000e+00  0.000000000000000e+00  0.000000000000000e+00  0.000000000000000e+00  0.000000000000000e+00  0.000000000000000e+00  0.000000000000000e+00  0.000000000000000e+00
  1.000000000000000e-01  0.000000000000000e+00  0.000000000000000e+00  0.000000000000000e+00  0.000000000000000e+00  0.000000000000000e+00  0.000000000000000e+00  0.000000000000000e+00  0.000000000000000e+00  0.000000000000000e+00
  2.000000000000000e-01  0.000000000000000e+00  0.000000000000000e+00  0.000000000000000e+00  0.000000000000000e+00  0.000000000000000e+00  0.000000000000000e+00  0.000000000000000e+00  0.000000000000000e+00  0.000000000000000e+00
  3.000000000000000e-01  0.000000000000000e+00  0.000000000000000e+00  0.000000000000000e+00  0.000000000000000e+00  0.000000000000000e+00  0.000000000000000e+00  0.000000000000000e+00  0.000000000000000e+00  0.000000000000000e+00
  4.000000000000000e-01  5.463912755775452e-30  2.004931263309995e-29  2.466804637611686e-30  2.120936695354139e-30  1.175237095998634e-30  3.363198281137024e-31  3.510161838889377e-37  1.635415761640322e-36  5.733996039371409e-38
  5.000000000000000e-01  -2.426207851818216e-20  -5.323238237129102e-20  -4.645154147340241e-20  -3.701534528542242e-20  3.202349363351459e-20  1.227598125715511e-20  -5.742231021147950e-27  -4.886803644033199e-27  4.847311199080480e-27
  6.000000000000000e-01  4.723502471120370e-17  9.987593664547041e-17  5.524974203534477e-17  6.141035741182319e-17  -1.084384542792934e-17  -2.171572208684759e-17  9.654694311941709e-24  9.288491045460003e-24  -6.581532355223194e-25
  7.000000000000000e-01  8.257268648068437e-15  1.644946620794762e-14  7.973626335262508e-15  7.973100218675720e-15  4.261432721149768e-16  -2.642733545804122e-15  1.291609265252343e-21  1.670315180157797e-21  2.281804224647802e-23
  7.999999999999999e-01  3.861864993992738e-13  8.085864967231076e-13  3.779263234458299e-13  2.993881513403723e-13  -1.783688178090997e-14  -9.527339270653970e-14  4.881352117394588e-20  7.844758543218819e-20  -1.132133745838240e-20
  8.999999999999999e-01  6.337602354462527e-12  1.284710277183550e-11  7.544182955096139e-12  4.363000129184239e-12  -1.703204615964219e-12  -1.764520168959105e-12  7.770334594281651e-19  1.202673775696587e-18  -4.699400680322414e-19
  9.999999999999999e-01  3.366885755246907e-11  7.676549953189716e-11  4.875663654313803e-11  2.291929292633249e-11  -1.874723460148412e-11  -9.602763313676260e-12  4.395768948503202e-18  6.643646542612229e-18  -3.951952443668706e-18
  1.100000000000000e+00  6.121582541923288e-11  2.403506933096850e-10  1.080416495850221e-10  5.820768711328153e-11  -7.951581530566873e-11  -7.505996135127986e-12  8.999552470721790e-18  1.786044349595001e-17  -1.085110612331877e-17
  1.200000000000000e+00  5.893404475839427e-10  1.522945578720169e-09  7.488535804593152e-10  2.677171165945362e-10  -2.086917890416195e-10  7.247585318522162e-12  4.915494592620196e-17  1.241414078995979e-16  -3.093176548307209e-17
  1.300000000000000e+00  6.688310023884330e-10  1.395163476209886e-09  1.688178769513754e-09  1.606260693258132e-10  -7.170804616381008e-10  1.835035641219871e-11  1.457154701558530e-16  8.234343476633816e-17  -1.063567066587617e-16
  1.400000000000000e+00  -1.625804532736323e-08  -2.984576862657735e-08  -1.375502036044123e-08  -1.095523487736787e-08  -7.679100033203759e-09  1.926271332570499e-09  -1.702760931003668e-15  -3.017722519152398e-15  -7.242849155469773e-16
  1.500000000000000e+00  -2.182212264751266e-08  -3.904397144241333e-08  -5.517908465881273e-08  -2.367614098926473e-08  3.009823905455632e-08  2.933128371278314e-08  -5.751981827225989e-15  -4.790028760695635e-15  9.459004336105076e-15
  1.600000000000000e+00  1.788736908821407e-07  -8.767938514619277e-08  2.897175764849026e-07  1.754501285195565e-07  -5.569339784822262e-08  -1.080527714658652e-07  4.406216082072191e-14  4.330384037140964e-15  -2.561924047516862e-14
  1.700000000000000e+00  -2.145380029204185e-06  -2.780579505958418e-06  -2.628826728026276e-06  -1.174384508211979e-06  -1.341216397291175e-08  3.161079631997350e-07  -1.815341632827357e-13  -3.055250277466035e-13  4.218198485700378e-14
  1.800000000000000e+00  3.551945969528553e-06  4.583822157315565e-06  2.761855581445390e-06  2.244435339379550e-06  3.352268462035774e-06  9.168995992611147e-07  -3.509142315415363e-14  6.230565418441151e-13  6.554956616233383e-13
  1.900000000000001e+00  2.929651584471317e-05  4.863834098105575e-05  4.242232433984838e-05  1.492738549482153e-05  -2.486116468036098e-05  -1.610550012170445e-05  4.297357074386662e-12  3.719003024638792e-12  -5.730465705479449e-12
  2.000000000000000e+00  -2.018504671079252e-04  -3.002783860431609e-04  -2.638604364882264e-04  -1.039830790129626e-04  1.385071132704621e-04  8.016988513566248e-05  -2.100013643438015e-11  -2.638337642938212e-11  2.938534388387100e-11
  2.100000000000001e+00  4.004480317062131e-04  5.186111142085011e-04  5.277290919120332e-04  2.492437106481094e-04  -3.440248072684259e-04  -1.808286672019080e-04  3.558638754118054e-11  5.050629677118452e-11  -6.343795618914917e-11
  2.200000000000001e+00  8.945605011557494e-04  1.453828194294309e-03  1.094126682336160e-03  6.182428954166182e-05  -1.776787175180149e-04  -5.835165361455562e-05  8.566968754794735e-11  1.089362534055087e-10  -8.251846900566586e-11
  2.300000000000001e+00  -8.386633196420700e-03  -1.142061462382276e-02  -1.059791987298887e-02  -2.475965728619980e-03  3.844450215091215e-03  1.952835374820552e-03  -7.201766905729388e-10  -9.563008176521999e-10  9.727503755269801e-10
  2.400000000000001e+00  3.254308228404723e-02  4.193098144442409e-02  4.144020214345794e-02  1.058295060636429e-02  -1.652493966138311e-02  -8.469098240485652e-03  2.702105942666953e-09  3.590947668296462e-09  -3.966625917343610e-09
  2.500000000000001e+00  -8.932070513021122e-02  -1.122824823147996e-01  -1.114466028799258e-01  -2.814591127869518e-02  4.560758909355588e-02  2.389110173320162e-02  -7.188714506177668e-09  -9.553947872260084e-09  1.085424538642699e-08
  2.600000000000001e+00  1.817359907710400e-01  2.320451006527726e-01  2.214994724959142e-01  5.279208562216390e-02  -9.801109736353020e-02  -4.815910324339127e-02  1.465193443075060e-08  1.918334425542681e-08  -2.285956933586239e-08
  2.700000000000001e+00  -2.093905553916901e-01  -2.926445979759055e-01  -2.503433389788229e-01  -4.076053306415387e-02  1.368726590724247e-01  5.442604091524614e-02  -1.760415576950430e-08  -2.218677942079070e-08  3.093531969952406e-08
  2.800000000000001e+00  -2.016444338822828e-01  -1.666164622736864e-01  -2.244912697826097e-01  -1.403939424941906e-01  -2.901108506776450e-02  4.690643614940415e-02  -1.045221122731081e-08  -2.060212125830257e-08  -3.309523648208826e-09
  2.900000000000001e+00  1.813795246758789e+00  2.090060810394132e+00  1.900410884513226e+00  6.337257788979584e-01  -3.548761547793182e-01  -3.780640456978873e-01  1.219045229622448e-07  1.803879074307760e-07  -1.150752914153304e-07
  3.000000000000001e+00  -3.742872537825426e+00  -5.396440933500749e+00  -3.938272121622894e+00  -1.487712555664036e+00  1.042798856231069e+00  7.009801280565783e-01  -2.698785872315849e-07  -4.362576432105425e-07  2.525433372743911e-07
  3.100000000000001e+00  1.317809438446464e+00  3.183516323436669e+00  1.070875159785068e+00  8.913859258779184e-01  -3.050252462305764e-01  3.389617604741054e-01  1.167860568657155e-07  2.855587332140993e-07  3.190398736626552e-08
  3.200000000000002e+00  8.659985999340464e+00  1.295534855507009e+01  1.055670809587547e+01  3.557781021436948e+00  -4.461262837813175e+00  -2.333866023864066e+00  6.086865309625655e-07  1.054964608425825e-06  -8.986391656177868e-07
  3.300000000000002e+00  -2.817557780783809e+01  -4.162737326916574e+01  -2.934129931169099e+01  -1.339575292022426e+01  1.152712229932171e+01  6.662934264936843e+00  -2.228409193983182e-06  -3.592594948636695e-06  1.956629129635592e-06
  3.400000000000002e+00  -1.178870990549967e+02  -1.715972368195640e+02  -1.376800509606637e+02  -5.282808776589978e+01  6.673130930470221e+01  4.058008541263613e+01  -8.970114169891955e-06  -1.453001064626062e-05  1.185784815284075e-05
  3.500000000000002e+00  -2.498144331598301e+02  -3.713185716838173e+02  -2.686986145224596e+02  -1.227512596688369e+02  1.314574026257962e+02  8.077859250784400e+01  -1.975081306336672e-05  -3.188916313440121e-05  2.186009541743085e-05
  3.600000000000002e+00  -3.982313095544978e+02  -6.297906412086874e+02  -3.652500567334594e+02  -2.227283559338741e+02  1.718232026087784e+02  1.017889652847980e+02  -3.315541801001091e-05  -5.499252050156442e-05  2.508080694101523e-05
  3.700000000000002e+00  -4.605362073158730e+02  -8.004265295181021e+02  -3.832195785485312e+02  -2.922361088490980e+02  2.156290994040849e+02  1.185731774029621e+02  -4.023615860139634e-05  -7.073060935994709e-05  2.689615564002155e-05
  3.800000000000002e+00  -3.360241783825093e+02  -7.227212039349629e+02  -2.475309320478558e+02  -2.730425112869322e+02  2.457906758470660e+02  1.293479734784043e+02  -3.234609190778452e-05  -6.497290005333275e-05  2.400637870468507e-05
  3.900000000000002e+00  -5.337755603691091e+02  -1.067033454348659e+03  -4.696848049704948e+02  -3.786012709652807e+02  3.899672364006139e+02  2.103207238071064e+02  -4.937780241633194e-05  -9.502953149585601e-05  4.779801246016408e-05
  4.000000000000002e+00  -8.773505895440389e+02  -1.648493023398635e+03  -7.543192425839895e+02  -6.159651325085906e+02  5.500383027415106e+02  3.282952272853117e+02  -8.079692072684250e-05  -1.471609064649357e-04  6.997470245876973e-05
  4.100000000000001e+00  -2.389387102225018e+03  -3.994640752945686e+03  -2.282411979886699e+03  -1.385603012605654e+03  1.249569580920173e+03  7.479209711267968e+02  -2.060610137002274e-04  -3.478622315307779e-04  1.863864700444646e-04
  4.200000000000001e+00  -6.822116488574428e+03  -1.061354917780361e+04  -6.987229225261209e+03  -3.603849681775886e+03  3.510630816307994e+03  2.159811052503281e+03  -5.590144841177409e-04  -9.199694465041280e-04  5.652483068988576e-04
  4.300000000000001e+00  -1.685414875013144e+04  -2.607356588202190e+04  -1.764354895846625e+04  -8.759563771242687e+03  8.964354279756340e+03  5.405497448904148e+03  -1.367256452098823e-03  -2.255453127276299e-03  1.427904293485065e-03
  4.400000000000000e+00  -3.997056668669830e+04  -6.177946617235611e+04  -4.163116877537729e+04  -2.058163396273889e+04  2.067120099090532e+04  1.241014375551117e+04  -3.223079132498792e-03  -5.338712052343393e-03  3.314160785082807e-03
  4.500000000000000e+00  -7.338665719036982e+04  -1.150352440742766e+05  -7.498360692257859e+04  -3.904264639362514e+04  3.845608490902579e+04  2.284470268565278e+04  -5.992021960882697e-03  -1.000572968899127e-02  5.980328594511222e-03
  4.600000000000000e+00  -1.068088671019723e+05  -1.744618558913148e+05  -1.061367543786167e+05  -6.034409799237239e+04  5.918868151757700e+04  3.447830661096899e+04  -8.935448794885132e-03  -1.531538943937722e-02  8.595196648740214e-03
  4.699999999999999e+00  -1.349333443319754e+05  -2.323111007694134e+05  -1.311330071691387e+05  -8.158207351548085e+04  8.266417199644134e+04  4.684215045396765e+04  -1.166893910158026e-02  -2.065697492005814e-02  1.116025954775757e-02
  4.799999999999999e+00  -1.548621169025395e+05  -2.829339991845110e+05  -1.481700747275155e+05  -1.010356598560808e+05  1.085270279308778e+05  5.992963264192536e+04  -1.387772515832796e-02  -2.558409739452461e-02  1.361923696614413e-02
  4.899999999999999e+00  -1.575142974650197e+05  -3.149095181945802e+05  -1.442697989739637e+05  -1.161063637352074e+05  1.291110880564217e+05  6.948527733066898e+04  -1.513936991926049e-02  -2.903328445958347e-02  1.462235056197906e-02
  4.999999999999998e+00  -1.598620698069703e+05  -3.443236971552634e+05  -1.335661690173124e+05  -1.326251124226440e+05  1.459664598653737e+05  7.858755324059159e+04  -1.672259579691309e-02  -3.232127426276011e-02  1.514470626209236e-02
  5.099999999999998e+00  -1.654186674017079e+05  -3.765610373322165e+05  -1.257076126517272e+05  -1.513847396759993e+05  1.635328369535889e+05  8.894423368760114e+04  -1.846305298010075e-02  -3.590306700169613e-02  1.593805902656167e-02
  5.199999999999998e+00  -1.338893378720388e+05  -3.738597473957387e+05  -8.608339338310614e+04  -1.573805930627137e+05  1.689052836290721e+05  8.734866019873528e+04  -1.736077123525064e-02  -3.651008256124772e-02  1.404187468340075e-02
  5.299999999999997e+00  -6.480924317655268e+04  -3.358181165625563e+05  -1.739387946516275e+04  -1.472008806513598e+05  1.618102458344362e+05  7.322722909306230e+04  -1.314176725906669e-02  -3.385802190139936e-02  9.836993520823739e-03
  5.399999999999997e+00  6.380930338706173e+03  -2.956764563305012e+05  4.305647686826904e+04  -1.318231455281287e+05  1.542656675914917e+05  6.037000475252800e+04  -8.309841761884660e-03  -3.056040285055532e-02  6.370195150895791e-03
  5.499999999999996e+00  6.274955553359338e+04  -2.677810466547185e+05  7.688924389826752e+04  -1.172658841985785e+05  1.490934017593460e+05  5.154984273825266e+04  -4.055405591602688e-03  -2.786250096622435e-02  4.628861494569417e-03
  5.599999999999996e+00  1.098208124724445e+05  -2.442600664289646e+05  8.406844943801675e+04  -1.007165270574852e+05  1.483350440602114e+05  4.512303108919678e+04  -1.574782619830916e-04  -2.509733260684857e-02  4.981395066361174e-03
  5.699999999999996e+00  1.544768679458287e+05  -2.149040450262851e+05  7.410807047446589e+04  -8.005764859902693e+04  1.567297336546334e+05  4.612928382400736e+04  3.405092813825361e-03  -2.140080247253446e-02  7.644379647877826e-03
  5.799999999999995e+00  1.858137456511456e+05  -1.929772048354195e+05  6.358476413871608e+04  -6.400797330288200e+04  1.731863317912025e+05  5.741577064127255e+04  5.527850806059287e-03  -1.822070612938806e-02  1.090351993906939e-02
  5.899999999999995e+00  1.940824744101863e+05  -2.017470943682740e+05  6.279467085552928e+04  -6.343939038765864e+04  1.890611422749402e+05  7.242906036815842e+04  5.416900110968075e-03  -1.800017344604546e-02  1.184171289718494e-02
  5.999999999999995e+00  2.045198600559148e+05  -2.183546233963810e+05  6.860133188484111e+04  -6.518305905567655e+04  1.995532099143660e+05  8.035828759407357e+04  5.720768303243043e-03  -1.885417898434395e-02  1.028745903795873e-02
  6.099999999999994e+00  2.492418033312247e+05  -1.952935032468181e+05  5.402402844356367e+04  -4.029687154966142e+04  2.172302560237335e+05  8.199640947990199e+04  1.019292731076789e-02  -1.626314396675374e-02  1.177173595770957e-02
  6.199999999999994e+00  3.256504662708224e+05  -1.213383152032736e+05  2.764072663651143e+02  1.627099908184577e+04  2.513010237513510e+05  8.985738004144482e+04  1.827535181721920e-02  -8.849767264056231e-03  2.116180329762869e-02
  6.299999999999994e+00  3.931331995953401e+05  -2.893351553643822e+04  -4.879527826224489e+04  6.846876825648069e+04  2.790041784369716e+05  1.123421835249773e+05  2.354434106865535e-02  3.914422275716841e-04  3.363256395002165e-02
  6.399999999999993e+00  3.906684360594541e+05  3.634511476798900e+04  -7.672487029836636e+03  6.219457251054559e+04  2.615082854697266e+05  1.455863450882049e+05  1.726909806670346e-02  6.881447292471568e-03  3.699353444739218e-02
  6.499999999999993e+00  2.750963383521426e+05  5.042283426067622e+04  1.717462268064347e+05  -3.102064399338944e+04  1.777320100304003e+05  1.739511640708172e+05  -4.396154277177402e-03  8.140655956728155e-03  2.228383428909569e-02
  6.599999999999993e+00  6.040429702598135e+04  1.751494353425144e+04  4.497039163378510e+05  -1.884342853244349e+05  4.145613857191763e+04  1.774805554757663e+05  -3.578694404132354e-02  4.629719161824364e-03  -8.227482510396386e-03
  6.699999999999992e+00  -1.773080274627362e+05  -3.662691542177650e+04  7.259435475326492e+05  -3.485475313902253e+05  -9.964446921264623e+04  1.483474787313727e+05  -6.478266466955143e-02  -9.864090818522523e-04  -4.116292696478866e-02
  6.799999999999992e+00  -3.417837060319031e+05  -7.732432179704956e+04  9.070922805784472e+05  -4.488728817336944e+05  -1.859082013323982e+05  1.026018321823813e+05  -8.055180050056648e-02  -5.205849951493039e-03  -5.975432223513882e-02
  6.899999999999991e+00  -3.786550100227409e+05  -8.704296316620795e+04  9.459032760600002e+05  -4.625144792840441e+05  -1.802149489880580e+05  7.116756387013433e+04  -7.971358182749219e-02  -6.251593095248967e-03  -5.426319296019354e-02
  6.999999999999991e+00  -3.030347420941368e+05  -7.354511616903775e+04  8.426481818016866e+05  -4.041727100562190e+05  -9.013701631672888e+04  7.456101252627659e+04  -6.616264253216905e-02  -4.776703685894968e-03  -2.770896723390297e-02
  7.099999999999991e+00  -1.715824921581669e+05  -4.879996414648269e+04  6.373270197201605e+05  -3.063667727722422e+05  3.556865953413292e+04  1.052600657115597e+05  -4.666167387378443e-02  -1.878345046809050e-03  5.809539841334174e-03
  7.199999999999990e+00  -4.157412865488227e+04  -1.872428061719242e+04  3.918703232283824e+05  -1.999943463932444e+05  1.351977888397230e+05  1.359582730811643e+05  -2.755688912093905e-02  1.935499055563360e-03  2.916998055019698e-02
  7.299999999999990e+00  4.725750384727803e+04  1.301630974723218e+03  1.603692948368016e+05  -1.114010906880170e+05  1.687593026880895e+05  1.425906848969907e+05  -1.318555513621042e-02  5.193733866734502e-03  3.262561073832343e-02
  7.399999999999990e+00  8.533264621531089e+04  -8.693745024720654e+03  -2.211694367816928e+04  -5.756577937279843e+04  1.346969677829636e+05  1.205234174527078e+05  -4.863551170115482e-03  5.605082980421971e-03  1.792279489158780e-02
  7.499999999999989e+00  9.580314296817200e+04  -4.377669495529027e+04  -1.332679950429398e+05  -3.801518035810073e+04  6.186326581281660e+04  8.384827476712225e+04  -9.536855929236534e-04  3.039294494407048e-03  -5.361561371609840e-03
  7.599999999999989e+00  9.887223665057890e+04  -8.716334167226835e+04  -1.704287069855388e+05  -4.489716726493608e+04  -1.534555149254675e+04  4.954166128501073e+04  1.430506410026497e-04  -1.006147054208899e-03  -2.664141243788552e-02
  7.699999999999989e+00  7.451187944921220e+04  -1.549425278093495e+05  -1.630680123381193e+05  -8.139862267460645e+04  -7.704739469305878e+04  2.185451083570232e+04  -2.901700596177325e-03  -7.340382287877947e-03  -3.933575672551954e-02
  7.799999999999988e+00  -1.416211846708969e+04  -2.875501989896523e+05  -1.535226584185517e+05  -1.554283670855109e+05  -1.228186311658230e+05  -7.586223189385836e+03  -1.218648063816249e-02  -1.901177877788288e-02  -4.216528319529624e-02
  7.899999999999988e+00  -1.565524267676055e+05  -4.721691152437698e+05  -1.614039587657479e+05  -2.531923610009551e+05  -1.629028020226262e+05  -4.450117784891096e+04  -2.589843668951699e-02  -3.497619319333066e-02  -3.839007747465785e-02
  7.999999999999988e+00  -2.735905814975213e+05  -6.092600618481146e+05  -1.805055268297739e+05  -3.287153967151432e+05  -2.045905961127992e+05  -8.289353699693692e+04  -3.682418340965629e-02  -4.673788252295168e-02  -3.398331637872820e-02
  8.099999999999987e+00  -2.670608548631935e+05  -5.883574738393577e+05  -1.994969264852038e+05  -3.270116438107393e+05  -2.459440160736942e+05  -1.105083555365836e+05  -3.611707743680558e-02  -4.457638091469278e-02  -3.472752600515702e-02
  8.199999999999987e+00  -9.025675306269582e+04  -3.812450254879860e+05  -2.122935167455109e+05  -2.240199420634867e+05  -2.737621393050844e+05  -1.175231757613450e+05  -1.929802937856279e-02  -2.580290349643666e-02  -4.201640096504557e-02
  8.299999999999986e+00  2.085976012721994e+05  -8.082920898883948e+04  -2.154057866369339e+05  -5.176601314653859e+04  -2.745214496854935e+05  -1.031662873405846e+05  9.701166116892805e-03  1.841862565932425e-03  -5.124236926357566e-02
  8.399999999999986e+00  5.117896911335565e+05  1.606239812411886e+05  -1.990688158866276e+05  1.187523121274638e+05  -2.457675140668893e+05  -7.507702821391345e+04  4.005179744927932e-02  2.526201958550859e-02  -5.417106874924942e-02
  8.499999999999986e+00  7.060432555153260e+05  2.537231568243950e+05  -1.505104414587888e+05  2.232021321365659e+05  -1.899202093380284e+05  -4.429075977231098e+04  6.029049590755566e-02  3.606941820231193e-02  -4.313460747437236e-02
  8.599999999999985e+00  7.416660949805643e+05  2.267822099896734e+05  -5.395380749778368e+04  2.355817390687015e+05  -1.229674727187224e+05  -2.550135416147078e+04  6.352266301046433e-02  3.540822669327137e-02  -1.887044574416833e-02
  8.699999999999985e+00  6.339529602969630e+05  1.534770148522582e+05  7.830223517384724e+04  1.690260296972053e+05  -6.612424309851056e+04  -3.284189708159278e+04  4.918666717278922e-02  2.877645665695457e-02  9.260358319536635e-03
  8.799999999999985e+00  4.464559436634970e+05  1.062347623296727e+05  1.995683943281743e+05  6.983087472534661e+04  -2.854863097094014e+04  -7.584439392273237e+04  2.396098846069509e-02  2.297828081966902e-02  3.055946731693420e-02
  8.899999999999984e+00  2.538678531265603e+05  1.319180669206340e+05  2.549715892819773e+05  -5.997345086726856e+03  -1.213806747067293e+04  -1.551899608100969e+05  -1.643360006437273e-03  2.383766061338990e-02  3.792918889679726e-02
  8.999999999999984e+00  1.066692792424341e+05  2.321544906359233e+05  2.195251558206583e+05  -2.267446954987827e+04  -2.472275890618721e+04  -2.571862910915538e+05  -1.876731018750664e-02  3.306134502580915e-02  2.808116851864160e-02
  9.099999999999984e+00  1.779974331457679e+04  3.613889741586578e+05  1.028184813638817e+05  2.691958439181207e+04  -6.746389232370538e+04  -3.559151404877514e+05  -2.312468651101457e-02  4.702892652427716e-02  3.712586299979421e-03
  9.199999999999983e+00  -1.937558591284855e+04  4.684427607771232e+05  -6.367569928381577e+04  1.257344674430903e+05  -1.232872517569476e+05  -4.231814156301059e+05  -1.557076070422552e-02  6.037327299615853e-02  -2.593793367288056e-02
  9.299999999999983e+00  -5.491036733858264e+03  5.360440669031679e+05  -2.251390245506341e+05  2.407877580370822e+05  -1.684397576839915e+05  -4.387627717948387e+05  -8.155294823685142e-04  7.012984308876934e-02  -5.120382854419121e-02
  9.399999999999983e+00  5.133648378112588e+04  5.463135838408937e+05  -3.306349655451566e+05  3.418901483654765e+05  -1.813785092201087e+05  -3.993108421909967e+05  1.582709236318385e-02  7.363034806107231e-02  -6.650659727510695e-02
  9.499999999999982e+00  1.234480839194935e+05  4.810354933653105e+05  -3.620964292145703e+05  4.145727374003149e+05  -1.503192127287472e+05  -3.218943300617090e+05  3.087734619194009e-02  6.879751506484318e-02  -7.052477800002505e-02
  9.599999999999982e+00  1.772352958157441e+05  3.590908398740427e+05  -3.370065848120516e+05  4.488504217729576e+05  -8.558131453359911e+04  -2.336005504924915e+05  4.110050147789104e-02  5.741764194618679e-02  -6.525086309774594e-02
  9.699999999999982e+00  1.885195067094993e+05  2.239701990822183e+05  -2.998635242401242e+05  4.343984512160447e+05  -1.258905098806201e+04  -1.512068791998418e+05  4.297013935293127e-02  4.378474936697360e-02  -5.315924902476448e-02
  9.799999999999981e+00  1.572435761181657e+05  1.146377057094289e+05  -2.882712256805997e+05  3.779187763583371e+05  5.243124694464904e+04  -7.156882848177321e+04  3.607307320529714e-02  3.174452759119745e-02  -3.532019668722360e-02
  9.899999999999981e+00  1.013514787133767e+05  4.579345409281200e+04  -3.046361723267333e+05  3.006860347552412e+05  1.100258166526517e+05  1.369981469172470e+04  2.345431173035538e-02  2.305140777552186e-02  -1.342403932121627e-02
  9.999999999999980e+00  3.104699679128140e+04  -1.220499320136761e+03  -3.254650900684744e+05  2.107768393103365e+05  1.621571582280571e+05  9.730081845989446e+04  7.613623335350583e-03  1.692812654898250e-02  7.263928123717693e-03
  1.009999999999998e+01  -4.896913207576294e+04  -4.949471302389371e+04  -3.164810440781583e+05  1.003620387605747e+05  1.977096170748738e+05  1.575723244099721e+05  -1.081230147608884e-02  1.214096415773100e-02  1.885440611290881e-02
  1.019999999999998e+01  -1.229082690764675e+05  -1.034288978491927e+05  -2.546972237444304e+05  -2.471583106481972e+04  2.052415289952109e+05  1.813520163383098e+05  -2.973818074396499e-02  8.187716838104124e-03  1.733701302917433e-02
  1.029999999999998e+01  -1.699107541107749e+05  -1.607768436856955e+05  -1.525343349424454e+05  -1.278743122365129e+05  1.988426470110524e+05  1.772782681265398e+05  -4.336934298080539e-02  4.297237827756326e-03  7.971864177834985e-03
  1.039999999999998e+01  -1.783149492188847e+05  -2.115399804403136e+05  -4.829951141944379e+04  -1.687118233613776e+05  2.108235617938414e+05  1.645626926400386e+05  -4.577707601937930e-02  3.127451108353273e-04  1.271430025089635e-03
  1.049999999999998e+01  -1.577143050632373e+05  -2.395654466809355e+05  1.998096715111124e+04  -1.447951626414470e+05  2.555803988346103e+05  1.554771918859363e+05  -3.675848035834998e-02  -2.733655679904164e-03  3.120863359567410e-03
  1.059999999999998e+01  -1.368209537138869e+05  -2.420035191997745e+05  3.416678101873271e+04  -9.584656938267499e+04  3.105635304450178e+05  1.513558511392012e+05  -2.287828583994320e-02  -4.269983178580255e-03  1.035543907080681e-02
  1.069999999999998e+01  -1.379967219636154e+05  -2.290923486039217e+05  7.041023761350802e+03  -6.742426807859952e+04  3.351327427592427e+05  1.496153503107577e+05  -1.217135302495603e-02  -4.453981089356768e-03  1.556654304986451e-02
  1.079999999999998e+01  -1.558675500487114e+05  -2.111109496342781e+05  -2.571893118493675e+04  -7.480455917607853e+04  3.062845251975061e+05  1.495181837958114e+05  -8.170292884953216e-03  -3.608814738447246e-03  1.476789236492200e-02
  1.089999999999998e+01  -1.660999608905287e+05  -1.990623029646636e+05  -3.389390243946757e+04  -1.004128877229251e+05  2.383295028875709e+05  1.517261518556262e+05  -8.807078746930421e-03  -2.948495873607699e-03  1.073855921850313e-02
  1.099999999999998e+01  -1.484256748654050e+05  -2.039339383023574e+05  -1.174433648608065e+04  -1.193573608815878e+05  1.688909039549542e+05  1.546644768774012e+05  -1.000580999774717e-02  -4.371040334235418e-03  9.445025394227894e-03
  1.109999999999998e+01  -1.035055817668903e+05  -2.361392014184291e+05  2.542091443483538e+04  -1.234197199243298e+05  1.277408821560947e+05  1.534769635874292e+05  -9.824398035567500e-03  -9.554725327061244e-03  1.405885453611255e-02
  1.119999999999998e+01  -5.111680642015683e+04  -3.009839645624642e+05  5.698780167998913e+04  -1.218115589818578e+05  1.205780338023517e+05  1.429431633555184e+05  -8.996813764234042e-03  -1.883629546628937e-02  2.288259199367099e-02
  1.129999999999998e+01  -8.980426105191145e+03  -3.813661951877768e+05  7.548617677142246e+04  -1.230611461786245e+05  1.348993937508379e+05  1.220859992500615e+05  -8.256907531586496e-03  -2.958428271377415e-02  3.173240653506144e-02
  1.139999999999998e+01  1.873496014164803e+04  -4.460541023628460e+05  8.617100265713916e+04  -1.241215795337476e+05  1.563400457434176e+05  9.807171873835198e+04  -6.846037773929162e-03  -3.764967261525009e-02  3.771685322737470e-02
  1.149999999999998e+01  3.380577433822299e+04  -4.817877156597583e+05  9.064472183177918e+04  -1.166607540546059e+05  1.807377595595794e+05  8.398998751958208e+04  -3.734283250662364e-03  -4.114239065588242e-02  4.118515621936639e-02
  1.159999999999997e+01  4.157563024429851e+04  -4.891983227421680e+05  8.724044386427871e+04  -9.631054851344145e+04  2.087711991582612e+05  8.896215293133745e+04  1.004809201773335e-03  -4.057087829133741e-02  4.405998924206415e-02
  1.169999999999997e+01  5.197922799158334e+04  -4.572047442322974e+05  8.212764076245633e+04  -6.681490110665350e+04  2.339862216286439e+05  1.094474812513500e+05  6.136938753717131e-03  -3.631864239795451e-02  4.692087908172615e-02
  1.179999999999997e+01  6.810484136159744e+04  -3.768687722998786e+05  8.241725567008083e+04  -3.972127310595803e+04  2.450741853483117e+05  1.309651310201903e+05  9.848320715180712e-03  -2.883776866328666e-02  4.862805853736456e-02
  1.189999999999997e+01  8.028415965345259e+04  -2.673203906899479e+05  8.611994450560513e+04  -2.851930660278420e+04  2.359538152712531e+05  1.390114386937357e+05  1.062362066275026e-02  -2.015109130829695e-02  4.797304263312369e-02
  1.199999999999997e+01  8.047082224038691e+04  -1.616518544097141e+05  9.030188706475979e+04  -4.010863931993893e+04  2.090673895547375e+05  1.291665770997928e+05  8.208224883932554e-03  -1.274005556846229e-02  4.456195594280975e-02
  1.209999999999997e+01  7.558388130664868e+04  -7.734147360767324e+04  9.997137168546136e+04  -6.986513586450713e+04  1.728618594570907e+05  1.092947423128203e+05  3.989594262608170e-03  -7.582529497409727e-03  3.875296477427688e-02
  1.219999999999997e+01  8.066947645667361e+04  -1.377633562994705e+04  1.201351250038321e+05  -1.031200274037506e+05  1.378749959542729e+05  9.304552272525785e+04  4.478296539732418e-04  -4.285836542767169e-03  3.154547776544292e-02
  1.229999999999997e+01  1.035779736166631e+05  3.409556620459720e+04  1.444943308358096e+05  -1.233250447997398e+05  1.121460127970329e+05  8.957780151591127e+04  -1.862968556699156e-04  -2.188024104869617e-03  2.433037549723033e-02
  1.239999999999997e+01  1.401239551043636e+05  7.116486458121480e+04  1.592730696622279e+05  -1.214972743478729e+05  9.706452952660096e+04  9.790916063012985e+04  2.709883574745688e-03  -5.773409978799538e-04  1.824814672042083e-02
  1.249999999999997e+01  1.788399036599478e+05  1.016475733130104e+05  1.546258609500547e+05  -1.010072854483529e+05  8.770930833066610e+04  1.092224453428215e+05  7.736472146495975e-03  1.233844072599174e-03  1.357162078952592e-02
  1.259999999999997e+01  2.082007398743262e+05  1.263301742596367e+05  1.307988984475123e+05  -7.448645059625381e+04  7.722887171721066e+04  1.139943409882849e+05  1.229725647379726e-02  3.471424271415432e-03  9.754811894249588e-03
  1.269999999999997e+01  2.233730844769308e+05  1.432590456672722e+05  9.839109449009193e+04  -5.374116022522048e+04  6.081855964419664e+04  1.074755008282064e+05  1.425736886077046e-02  5.820443182890756e-03  5.924392993589165e-03
  1.279999999999997e+01  2.280050218082401e+05  1.507797122519162e+05  7.162437259872213e+04  -4.183994650344007e+04  3.867448646618929e+04  9.017856256865904e+04  1.323274376903685e-02  7.651552990802570e-03  1.620985429155588e-03
  1.289999999999997e+01  2.281770467932665e+05  1.468456102792528e+05  5.649421457561844e+04  -3.369439891675436e+04  1.595433839346444e+04  6.599338199760998e+04  1.042381276294765e-02  8.285399600970772e-03  -2.666374731107609e-03
  1.299999999999997e+01  2.270309034067830e+05  1.320583473404202e+05  4.893919858118528e+04  -2.417742338012155e+04  -1.278157692289704e+03  4.082979706809668e+04  7.286782956317959e-03  7.511360405692578e-03  -5.863869545762564e-03
  1.309999999999997e+01  2.262178910517818e+05  1.136025345477568e+05  4.469378633892800e+04  -1.495251355626322e+04  -1.025456542836484e+04  2.120760588033243e+04  4.415054465147889e-03  5.924948393589331e-03  -7.341746692446661e-03
  1.319999999999997e+01  2.278723519425887e+05  9.966635738338801e+04  4.440074130891843e+04  -1.151893993948010e+04  -1.204585456701999e+04  1.168895631425116e+04  1.814675505459597e-03  4.393210383464947e-03  -7.464388722009720e-03
  1.329999999999997e+01  2.337721532107551e+05  9.315838879499017e+04  4.936457805221708e+04  -1.593547517826979e+04  -8.768836422359795e+03  1.257064967430639e+04  -2.393977185992593e-04  3.356659187612538e-03  -7.060861471880363e-03
  1.339999999999997e+01  2.430948569512580e+05  9.162168505884577e+04  5.717424938004143e+04  -2.436559679214633e+04  -1.961845142792868e+03  1.981092714173910e+04  -1.102828518865315e-03  2.813760692170588e-03  -6.612029583622922e-03
  1.349999999999997e+01  2.512302957622872e+05  8.935137346906343e+04  6.377619636488979e+04  -3.076446670990478e+04  6.696293084918788e+03  2.753936939355768e+04  -3.773907206503176e-04  2.501124085211478e-03  -6.013049466393706e-03
  1.359999999999997e+01  2.505870875846125e+05  7.716792539101241e+04  6.690373832783751e+04  -3.165504032900185e+04  1.487260547632215e+04  3.117471547456269e+04  1.596381517857212e-03  1.865216053060142e-03  -4.944015546238102e-03
  1.369999999999997e+01  2.353443848096983e+05  4.869306421845360e+04  6.750454803463149e+04  -2.763228998157616e+04  2.013303225300751e+04  2.888860472274895e+04  3.905103782142214e-03  5.726137319820179e-04  -3.412778442920619e-03
  1.379999999999997e+01  2.080160863066881e+05  1.218949257244688e+04  7.040289256257494e+04  -2.297929799637051e+04  1.958123633612792e+04  2.128569321431139e+04  5.456656106102945e-03  -6.261531084449422e-04  -2.159504660638004e-03
  1.389999999999997e+01  1.784540204130326e+05  -1.391319272487464e+04  8.084344961936423e+04  -2.323305621581904e+04  9.682679703781989e+03  1.029592203694933e+04  5.453015618176585e-03  -3.884380445282171e-04  -2.468631259981049e-03
  1.399999999999997e+01  1.554037590006538e+05  -2.018958491890379e+04  9.725401540415367e+04  -3.087370152370339e+04  -1.070787859135406e+04  -1.676201932992301e+03  3.814720202045589e-03  1.601730265515230e-03  -5.178460205204701e-03
  1.409999999999997e+01  1.406531644520752e+05  -1.472707080549338e+04  1.096120417539385e+05  -4.341614300026040e+04  -3.754437711419914e+04  -1.214894823109887e+04  1.163798050122191e-03  4.072437011312529e-03  -9.792543556539671e-03
  1.419999999999997e+01  1.306788424426979e+05  -1.165378868031479e+04  1.074703728420101e+05  -5.508779883490215e+04  -6.303835473282577e+04  -1.950159607581364e+04  -1.537027025796923e-03  5.315130954525380e-03  -1.468873029724173e-02
  1.429999999999997e+01  1.211678850745539e+05  -1.794789664554291e+04  8.963405413420335e+04  -6.034839088905229e+04  -7.986511666289468e+04  -2.403995467227277e+04  -3.448732868472213e-03  4.526113662768634e-03  -1.817319546180089e-02
  1.439999999999996e+01  1.089694772305205e+05  -3.317019692341658e+04  6.518394468023681e+04  -5.684144804101343e+04  -8.433724053870904e+04  -2.788819256788581e+04  -4.148098371301199e-03  1.985961904504027e-03  -1.946872272770807e-02
  1.449999999999996e+01  9.283511040484301e+04  -5.363217799683595e+04  4.500415144885916e+04  -4.629190897065306e+04  -7.685533512631456e+04  -3.356014157262869e+04  -3.708719327767928e-03  -1.302083807713306e-03  -1.891271925373592e-02
  1.459999999999996e+01  7.436030431998763e+04  -7.413359759035039e+04  3.274827584606659e+04  -3.352458328862919e+04  -6.061538153630892e+04  -4.219531239011132e+04  -2.610082471996718e-03  -3.999070819339283e-03  -1.733702484932124e-02
  1.469999999999996e+01  5.790072122851857e+04  -8.934102416424990e+04  2.404105940384995e+04  -2.343477531908857e+04  -3.947352060928997e+04  -5.270093595001152e+04  -1.371625840783254e-03  -4.996244830136010e-03  -1.523692460581034e-02
  1.479999999999996e+01  4.836834008155076e+04  -9.657876186074602e+04  1.297308911120388e+04  -1.821713411963674e+04  -1.605609322321864e+04  -6.208676413604846e+04  -2.664061188536818e-04  -3.967346999953068e-03  -1.248137087234711e-02
  1.489999999999996e+01  4.739305719717328e+04  -9.941429795649284e+04  -2.313372637470008e+03  -1.734534391309752e+04  8.018412949914903e+03  -6.686774423729967e+04  6.312815906230990e-04  -1.746313594317503e-03  -8.752370737172836e-03
  1.499999999999996e+01  5.202954673272482e+04  -1.065565405271284e+05  -1.928280438876103e+04  -1.900919537149212e+04  3.036977453523483e+04  -6.474634227253470e+04  1.251080473560050e-03  3.315692368800832e-05  -4.229276252147027e-03
  1.509999999999996e+01  5.800419181309767e+04  -1.232683920412762e+05  -3.376830769370909e+04  -2.154667020168844e+04  4.767873906335730e+04  -5.558337517205633e+04  1.465937135339349e-03  1.373388906386866e-04  2.130982764179496e-04
  1.519999999999996e+01  6.316304648717598e+04  -1.460548865106892e+05  -4.301808779646493e+04  -2.415176313022662e+04  5.811941571006362e+04  -4.125028014376296e+04  1.221774622697342e-03  -1.495133144188957e-03  3.575694955180813e-03
  1.529999999999996e+01  6.806995592807699e+04  -1.672452002629520e+05  -4.714384650433554e+04  -2.613324923994748e+04  6.416479950563911e+04  -2.453540980072893e+04  7.033704545716053e-04  -4.089627902963648e-03  5.544590853079777e-03
  1.539999999999996e+01  7.543841583348850e+04  -1.805173339269934e+05  -4.788600501315007e+04  -2.561339239314643e+04  7.228801283445040e+04  -8.079521100950615e+03  3.914397970338993e-04  -6.691440412983105e-03  6.844063259776362e-03
  1.549999999999996e+01  8.900075144507762e+04  -1.821359492169941e+05  -4.659958719696045e+04  -1.994338650870658e+04  8.802613328060492e+04  5.935246183994900e+03  7.919754882870478e-04  -8.514569755285754e-03  8.635757523944744e-03
  1.559999999999996e+01  1.100984281828333e+05  -1.733159804319650e+05  -4.388514834866729e+04  -8.606261448107503e+03  1.102692948673800e+05  1.571446366228413e+04  1.935504960085442e-03  -9.265505075824982e-03  1.128513769489383e-02
  1.569999999999996e+01  1.346754407400917e+05  -1.619953344560389e+05  -4.046091139648267e+04  4.571228072620425e+03  1.307067103496546e+05  2.028284615673333e+04  3.190243493640586e-03  -9.303978138838789e-03  1.381248131357749e-02
  1.579999999999996e+01  1.551560584919014e+05  -1.569975850171099e+05  -3.738191133674668e+04  1.366676842660859e+04  1.399785736537011e+05  2.038432889552688e+04  3.763250173362194e-03  -9.134150702575792e-03  1.466734717356903e-02
  1.589999999999996e+01  1.649885478983182e+05  -1.607070246920722e+05  -3.599625145358039e+04  1.531577275010187e+04  1.350728698842763e+05  1.864981344488724e+04  3.434505954909926e-03  -8.868862692174599e-03  1.315560221846705e-02
  1.599999999999996e+01  1.616519694286172e+05  -1.691134417744344e+05  -3.722201425558471e+04  1.090678337439344e+04  1.212728355039230e+05  1.863911619621098e+04  2.760757453399588e-03  -8.332088461995580e-03  1.020255820105764e-02
  1.609999999999996e+01  1.474166175039685e+05  -1.769535879740034e+05  -3.877660573915672e+04  4.550825339716284e+03  1.065670486564502e+05  2.343837480420284e+04  2.562039130903022e-03  -7.547458603307024e-03  7.527794877018612e-03
  1.619999999999996e+01  1.282637021179529e+05  -1.818850231605889e+05  -3.330016811141557e+04  -3.995310193521776e+02  9.388054974560776e+04  3.436004075989570e+04  3.261485112427299e-03  -6.949261127914498e-03  6.142141576800674e-03
  1.629999999999996e+01  1.106820509732942e+05  -1.857246015166091e+05  -1.250932722824862e+04  -2.322066231797138e+03  8.014154657219970e+04  5.008205686496464e+04  4.726156138338024e-03  -7.190020446441281e-03  5.741416156253911e-03
  1.639999999999996e+01  9.852428426905337e+04  -1.908509790513797e+05  2.470485078632005e+04  4.699944613585145e+02  6.302190201089459e+04  6.644912811730501e+04  6.661577277965745e-03  -8.637486030820285e-03  5.606114208583510e-03
  1.649999999999996e+01  9.258509048347705e+04  -1.938146580777445e+05  6.843002210842469e+04  1.080385685025569e+04  4.742157241043963e+04  7.770635102031846e+04  9.010288408987764e-03  -1.073649635499345e-02  5.853973640697010e-03
  1.659999999999997e+01  9.145434139432594e+04  -1.846277008872398e+05  1.018445475815190e+05  3.035934144390804e+04  4.383396126482162e+04  7.912202432023168e+04  1.182464938776778e-02  -1.205197164209458e-02  7.429849369346184e-03
  1.669999999999997e+01  9.204934817123825e+04  -1.557585980527981e+05  1.108518944885854e+05  5.613858344655774e+04  5.928876335148148e+04  6.964742670934566e+04  1.479556009690781e-02  -1.124842966064193e-02  1.091032256937218e-02
  1.679999999999997e+01  9.103761471019065e+04  -1.108664032274414e+05  9.339771536190328e+04  7.957771183723460e+04  8.942468436065981e+04  5.306944827107019e+04  1.704102393055842e-02  -8.104149052088857e-03  1.534926293941251e-02
  1.689999999999997e+01  8.706003742819172e+04  -6.355365246020925e+04  6.163263601901674e+04  9.013205521600299e+04  1.195870210260572e+05  3.633707194327880e+04  1.743971235287613e-02  -3.663329432654323e-03  1.851128431517611e-02
  1.699999999999997e+01  8.125994150705496e+04  -2.985003267775986e+04  3.440689028585372e+04  8.115913940130954e+04  1.344098376318798e+05  2.586162481989073e+04  1.529647579075560e-02  3.796064552053578e-04  1.841574207935750e-02
  1.709999999999997e+01  7.574704046652323e+04  -2.033421088080570e+04  2.582802579989064e+04  5.388049684727526e+04  1.275743527874823e+05  2.415861474710301e+04  1.083163790430406e-02  2.562412944940833e-03  1.473337100001362e-02
  1.719999999999997e+01  7.240995764119060e+04  -3.442667613336547e+04  3.820877170782235e+04  1.723772091141788e+04  1.043522155910520e+05  2.890201815673932e+04  5.236125707345080e-03  2.438059452328092e-03  9.034282174938081e-03
  1.729999999999998e+01  7.285725698779171e+04  -5.932494628236512e+04  6.320866503959923e+04  -1.657205689721577e+04  7.564666097918767e+04  3.487130671472880e+04  1.663911907260297e-04  8.286188416756955e-04  3.609411541840751e-03
  1.739999999999998e+01  7.760531499995818e+04  -7.658749602743880e+04  8.765232156533303e+04  -3.811020633397323e+04  5.008757158844216e+04  3.713169329215965e+04  -3.037325615947641e-03  -7.068778173836638e-04  2.101955083319301e-05
  1.749999999999998e+01  8.446147809533491e+04  -7.401488042582372e+04  9.965188095782348e+04  -4.516006742976514e+04  3.034370850380972e+04  3.354520159643231e+04  -4.001976745358030e-03  -9.283713806300002e-04  -1.595016689206755e-03
  1.759999999999998e+01  8.888339547204028e+04  -5.235205363021770e+04  9.321264422682114e+04  -4.227929944604983e+04  1.552371358326421e+04  2.543827755894102e+04  -3.344143214798046e-03  3.695326900540270e-04  -2.098788004370755e-03
  1.769999999999998e+01  8.718356068672411e+04  -2.155154424362210e+04  7.068224685807884e+04  -3.651255393358994e+04  4.939089163986985e+03  1.661115034762455e+04  -2.104713403894244e-03  2.525219377435981e-03  -2.432834577369300e-03
  1.779999999999998e+01  7.947848298036755e+04  7.977096980551557e+03  4.177563779187276e+04  -3.267114668358526e+04  -8.513371874703074e+02  1.126315748313681e+04  -1.096972726978127e-03  4.686650725766039e-03  -3.077727557690397e-03
  1.789999999999998e+01  6.935442488440023e+04  3.068664733726524e+04  1.844132844867386e+04  -3.129234838205560e+04  -9.219036307915935e+02  1.179285775264284e+04  -5.764028495317421e-04  6.305411711879474e-03  -3.973228214086636e-03
  1.799999999999999e+01  6.069353568913253e+04  4.476121619640781e+04  8.139246437409283e+03  -3.021440219590027e+04  4.875999394991170e+03  1.779016657577039e+04  -3.518313373021741e-04  7.213672714122476e-03  -4.794785123201761e-03
  1.809999999999999e+01  5.534463453453383e+04  5.034774720926078e+04  1.027770582024900e+04  -2.730967234786638e+04  1.577891641562719e+04  2.651598019993094e+04  -1.001545072773331e-04  7.547970870467200e-03  -5.227272897242373e-03
  1.819999999999999e+01  5.328087040345935e+04  4.983991220763849e+04  1.836292229162953e+04  -2.236044646327659e+04  3.007463275708507e+04  3.450381720847009e+04  3.690566181285907e-04  7.685507073475750e-03  -5.120097806272866e-03
  1.829999999999999e+01  5.368803370439581e+04  4.731410602372061e+04  2.530749349272882e+04  -1.740666381298612e+04  4.502286346332598e+04  3.930252844354024e+04  9.729125522504214e-04  8.040725059184795e-03  -4.548415509571337e-03
  1.839999999999999e+01  5.521529206276112e+04  4.523369584439143e+04  2.734600933717425e+04  -1.573020275034946e+04  5.745648688329577e+04  4.042034823833949e+04  1.384567729531728e-03  8.692931729449457e-03  -3.723927810975193e-03
  1.849999999999999e+01  5.583012802205065e+04  4.137519497494537e+04  2.504069952903868e+04  -2.022270844624133e+04  6.478704132033644e+04  3.906775967744879e+04  1.202617494963295e-03  9.201855565356513e-03  -2.964792276794688e-03
  1.859999999999999e+01  5.398694149142591e+04  3.151596400695252e+04  2.215516514751946e+04  -3.177434497737212e+04  6.604231119840110e+04  3.687659097779925e+04  2.010744404577740e-04  8.990799586419409e-03  -2.625950568494457e-03
  1.870000000000000e+01  5.018185251389332e+04  1.534946896625375e+04  2.352299654956794e+04  -4.846078263006541e+04  6.211567160240662e+04  3.461932688490264e+04  -1.507710337623405e-03  7.923037770429183e-03  -2.946279307727710e-03
  1.880000000000000e+01  4.670104895591296e+04  -1.887948133337932e+03  3.193681770355661e+04  -6.638094638763595e+04  5.540739605505704e+04  3.190459008749035e+04  -3.536884337767643e-03  6.422044851289084e-03  -3.881110998589227e-03
  1.890000000000000e+01  4.555093612967888e+04  -1.407598775669061e+04  4.558808196485100e+04  -8.144148450269543e+04  4.888254125252258e+04  2.784979608993880e+04  -5.443084905910838e-03  5.025825387469725e-03  -5.020200607387951e-03
  1.900000000000000e+01  4.678994447966482e+04  -2.038615398565936e+04  5.858345790312455e+04  -9.082668783277614e+04  4.492858649440204e+04  2.204140110175230e+04  -6.908606451784227e-03  3.855607282523608e-03  -5.823497723225832e-03
  1.910000000000000e+01  4.926350941476726e+04  -2.562236931259406e+04  6.474927039045686e+04  -9.342683747661300e+04  4.452151939004378e+04  1.496342856504385e+04  -7.743923996487391e-03  2.627497538485462e-03  -5.955701594605782e-03
  1.920000000000000e+01  5.240229821823620e+04  -3.491210836496376e+04  6.178776755868125e+04  -8.947388776531405e+04  4.707580131537831e+04  7.671335768245730e+03  -7.841851654181182e-03  1.111955922948230e-03  -5.477020853810950e-03
  1.930000000000000e+01  5.670545654594774e+04  -4.911597768500000e+04  5.240388929390869e+04  -8.033270963187912e+04  5.112642161932876e+04  1.147891982224779e+03  -7.184514279010546e-03  -5.200171758918215e-04  -4.750114136114220e-03
  1.940000000000001e+01  6.266987216954551e+04  -6.490486630291721e+04  4.196691057264177e+04  -6.837443789933171e+04  5.511006922413333e+04  -4.132774416006167e+03  -5.913751105083874e-03  -1.798896604432533e-03  -4.124289403429730e-03
  1.950000000000001e+01  6.974320325368820e+04  -7.846975601365633e+04  3.492183256989945e+04  -5.650059742611687e+04  5.807430278824225e+04  -8.079517014981238e+03  -4.338552836452451e-03  -2.354191868458616e-03  -3.715204058363476e-03
  1.960000000000001e+01  7.674683168907081e+04  -8.817188814378979e+04  3.254146958471874e+04  -4.713296055482143e+04  5.990462835614115e+04  -1.053339066242991e+04  -2.799339260900759e-03  -2.175803224387764e-03  -3.360346010030440e-03
  1.970000000000001e+01  8.301787348352498e+04  -9.434030851196728e+04  3.289231040629293e+04  -4.126798743663936e+04  6.108086426858359e+04  -1.101116395518498e+04  -1.530017619383061e-03  -1.563813537709221e-03  -2.795861247249166e-03
  1.980000000000001e+01  8.892033344253864e+04  -9.752014279392445e+04  3.274409216554752e+04  -3.841996453104984e+04  6.214346824398195e+04  -8.991221034300179e+03  -6.122177745094822e-04  -8.907340435508288e-04  -1.898112429738124e-03
  1.990000000000001e+01  9.528557593786543e+04  -9.728065499591580e+04  3.009027162260432e+04  -3.728785826391344e+04  6.297956492824342e+04  -4.507691144212081e+03  -3.806722978829700e-05  -4.119676249169774e-04  -8.096127557856455e-04
