TITLE = "Temporal Signal for receiver number 02164"
VARIABLES = "Time","xx","yy","zz","xy","yz","xz","u","v","w"
# x1       3.685946160000e+05
# x2       4.736684950000e+06
# x3       -3.000000000000e+03
  0.000000000000000e+00  0.000000000000000e+00  0.000000000000000e+00  0.000000000000000e+00  0.000000000000000e+00  0.000000000000000e+00  0.000000000000000e+00  0.000000000000000e+00  0.000000000000000e+00  0.000000000000000e+00
  1.000000000000000e-01  0.000000000000000e+00  0.000000000000000e+00  0.000000000000000e+00  0.000000000000000e+00  0.000000000000000e+00  0.000000000000000e+00  0.000000000000000e+00  0.000000000000000e+00  0.000000000000000e+00
  2.000000000000000e-01  0.000000000000000e+00  0.000000000000000e+00  0.000000000000000e+00  0.000000000000000e+00  0.000000000000000e+00  0.000000000000000e+00  0.000000000000000e+00  0.000000000000000e+00  0.000000000000000e+00
  3.000000000000000e-01  1.050742950213501e-13  3.823653684047533e-14  -4.203093184920960e-15  3.285172059030659e-14  2.753288268318969e-14  3.115278283932284e-14  -1.055552929810307e-20  -6.045104161171333e-21  4.355371439831857e-22
  4.000000000000000e-01  2.132829554568424e-10  9.826533427465824e-10  2.843942861831839e-09  -3.208417602670591e-09  -4.077603904238634e-09  -6.588740443535913e-10  1.325975228478099e-17  5.820679415119585e-16  2.491109476888387e-17
  5.000000000000000e-01  -7.568162873008797e-07  -3.957558821262031e-07  -5.336138266311022e-07  4.281992972184972e-07  5.760371159523325e-07  -1.738635623497393e-07  6.662257236656584e-14  -9.632882281323629e-14  2.744640559877844e-14
  6.000000000000000e-01  7.983822800843549e-06  -1.416940636788010e-06  -7.533176595639714e-06  4.788153421992212e-06  6.904190931946869e-06  1.327026427235038e-06  -8.843154369000044e-13  -9.410585353163110e-13  8.968650526724573e-13
  7.000000000000000e-01  -9.144891235721491e-05  -4.883239114922937e-05  -2.487097198495552e-04  -6.211938079007458e-06  -3.001902241106481e-06  -1.028438392657270e-04  5.300651499632285e-12  1.498270219576036e-12  2.442942962980157e-11
  7.999999999999999e-01  1.653686858102381e-03  6.270194049625054e-04  -1.142932275281968e-03  1.225225743944608e-04  1.054006173535878e-05  3.553528103058112e-04  -1.846358459511402e-10  1.057702357934441e-11  1.028695171242661e-10
  8.999999999999999e-01  1.718489213716341e-02  5.319447453748228e-03  -1.415697789428164e-03  3.428946471151537e-04  -1.749237730966596e-04  5.519992052990248e-03  -1.662476777099462e-09  1.385990665429281e-10  2.756791184633603e-11
  9.999999999999999e-01  1.937332497121197e-02  8.209202259982368e-03  1.524837816942526e-03  -1.220539907672907e-02  -1.587869963980592e-02  4.933620469430436e-03  -1.888732596478019e-09  2.666890283485680e-09  -4.847360016968419e-10
  1.100000000000000e+00  -2.811732477041229e-01  -1.229520091977965e-01  -2.685428575865583e-01  -7.833032359035480e-02  -2.798969262912188e-02  -9.665603849803082e-02  2.312019065262773e-08  1.187387592389550e-08  1.842432055480681e-08
  1.200000000000000e+00  1.401391561459226e+00  4.263158100561340e-01  3.875227944529303e-01  3.095351035068916e-01  3.161951367728267e-01  6.350106690365348e-01  -1.296608733561298e-07  -5.106772742575886e-08  -5.897866278782955e-08
  1.300000000000000e+00  -3.131563399349658e+00  -1.381442451885608e+00  1.146869056063784e+00  -1.348321498466558e+00  -1.083383735731483e+00  -9.615243456951305e-01  2.808734963519031e-07  2.356823037498000e-07  -4.130682733038648e-08
  1.400000000000000e+00  9.305324241995537e+00  6.488612480129423e+00  -5.481280630779344e-01  4.564284561432890e+00  1.879667842204618e+00  1.217829936496150e+00  -7.613221433182468e-07  -8.456372041640893e-07  2.331101574678020e-07
  1.500000000000000e+00  -3.819967965434594e+01  -2.251505411670276e+01  -1.606413365303127e+01  -1.206218315781334e+01  -1.312659736105166e+00  -6.357315017017117e+00  3.158486497445268e-06  2.092048586073913e-06  6.187690957464013e-07
  1.600000000000000e+00  8.918930682096534e+01  4.754169622629288e+01  4.922946471073903e+01  2.733656215277378e+01  7.665143846189261e+00  2.214119513706150e+01  -7.863208132321876e-06  -3.544174912224473e-06  -3.701771097605188e-06
  1.700000000000000e+00  -9.096805129498174e+02  -5.056380938256333e+02  -4.759549517978077e+02  -2.762347712388657e+02  -9.425900929311902e+01  -1.766972424809125e+02  7.783623377653905e-05  3.769830240914931e-05  2.990857607897749e-05
  1.800000000000000e+00  -4.082647505126330e+03  -2.187564837609231e+03  -1.762411439597784e+03  -1.323984047895898e+03  -3.445921545443933e+02  -6.663195296937339e+02  3.439862601042148e-04  1.790505035826311e-04  8.977866822812138e-05
  1.900000000000001e+00  -4.123397491131502e+03  -1.950367503345878e+03  -1.375119585694922e+03  -1.583520572038010e+03  -3.109833146700215e+02  -5.759055416000996e+02  3.434662262773192e-04  1.822264131319194e-04  7.569191476217981e-05
  2.000000000000000e+00  -3.401658644013157e+03  -1.151575439907287e+03  -2.359405466048993e+02  -1.626422485324442e+03  -2.649418678194947e+02  -4.682605666102605e+02  2.827883196919119e-04  1.503347563297710e-04  3.707800053910420e-05
  2.100000000000001e+00  -4.372447699786159e+03  -1.442103231364474e+03  1.884800815162602e+00  -2.220557850128023e+03  -3.735623155805048e+02  -6.036492811790810e+02  3.593882985861925e-04  1.973413541001301e-04  2.236399857965367e-05
  2.200000000000001e+00  -9.306287843962136e+03  -3.626440830463917e+03  -1.299975608721556e+03  -4.018892967516743e+03  -6.678516169626287e+02  -1.176614614855523e+03  7.794434035594664e-04  4.020434247795102e-04  7.620138482574908e-05
  2.300000000000001e+00  -1.617001102002518e+04  -6.652188227510736e+03  -3.028245883821704e+03  -6.803562986186851e+03  -1.002308006663158e+03  -1.950966945242323e+03  1.338111773611104e-03  7.052739786305414e-04  1.673056328542382e-04
  2.400000000000001e+00  -2.560503847135401e+04  -1.078962926005863e+04  -5.628327116912385e+03  -1.073915770248823e+04  -1.565425540076049e+03  -2.979769110184247e+03  2.103232514928513e-03  1.107761623337223e-03  3.317585421082884e-04
  2.500000000000001e+00  -6.237838815768284e+04  -2.885622356960946e+04  -1.601445594307308e+04  -2.440882971561446e+04  -3.312087270167028e+03  -5.658347539518000e+03  5.175706098937815e-03  2.742027256131093e-03  5.824373928298997e-04
  2.600000000000001e+00  -1.328372621285427e+05  -6.262434429630380e+04  -3.613174011799777e+04  -5.094604459161017e+04  -5.865409195683842e+03  -1.036744913276323e+04  1.104873523222034e-02  5.795860646727012e-03  1.062417786746719e-03
  2.700000000000001e+00  -2.507364749667253e+05  -1.171101233268408e+05  -6.909617196565085e+04  -9.590426512068782e+04  -8.446649430294243e+03  -1.594313306090277e+04  2.083133079811793e-02  1.087812947060248e-02  1.792276393872339e-03
  2.800000000000001e+00  -3.909792746982272e+05  -1.761490181215568e+05  -9.979111354736195e+04  -1.534223111073775e+05  -7.924745431002670e+03  -1.611331401840965e+04  3.225698345186164e-02  1.678894745461980e-02  1.927487394778794e-03
  2.900000000000001e+00  -5.240219898933367e+05  -2.249830800833536e+05  -1.069658852592621e+05  -2.180528105490017e+05  -2.457334645956798e+03  -4.100344635193708e+03  4.306292322481029e-02  2.275165489663598e-02  4.523735651776999e-04
  3.000000000000001e+00  -6.838769089606563e+05  -2.792792079580955e+05  -9.948253989703374e+04  -3.002287556783322e+05  9.717621514790953e+03  2.164728258804966e+04  5.608292946997318e-02  2.995687507813887e-02  -3.035439592313981e-03
  3.100000000000001e+00  -8.802322621017244e+05  -3.398019196338464e+05  -9.718397308281329e+04  -3.962003380759045e+05  2.161867951795394e+04  4.153111178648818e+04  7.189455748217349e-02  3.805706780899570e-02  -4.956868336601199e-03
  3.200000000000002e+00  -1.083017714681765e+06  -3.963310817386304e+05  -8.905056025817910e+04  -5.003890853431199e+05  2.785324303145832e+04  5.048274201434680e+04  8.781923572750311e-02  4.634748620587029e-02  -4.430012346848052e-03
  3.300000000000002e+00  -1.270715282923667e+06  -4.407295546753192e+05  -5.982560926292220e+04  -6.119326921327050e+05  3.950068797405735e+04  7.311928411233521e+04  1.018999705665505e-01  5.423090594705803e-02  -5.944853564909953e-03
  3.400000000000002e+00  -1.475779635008736e+06  -4.824322728603671e+05  -3.415399790010358e+04  -7.320831910000208e+05  5.298929227625655e+04  1.032119780982344e+05  1.169985861903445e-01  6.200482547274685e-02  -9.744334694205440e-03
  3.500000000000002e+00  -1.686380263718851e+06  -5.123811926302802e+05  -4.064420569595396e+04  -8.349981917042208e+05  3.585676851781901e+04  6.778961111080690e+04  1.317490233951419e-01  6.711451492536798e-02  -3.520672340950683e-03
  3.600000000000002e+00  -1.891488984786605e+06  -5.326195646516454e+05  -6.215028224512327e+04  -9.048464301636168e+05  -3.030931681791123e+04  -7.711278913491385e+04  1.452914242315193e-01  6.870713628584600e-02  2.004174767403974e-02
  3.700000000000002e+00  -2.057888144033693e+06  -5.580047589072142e+05  -8.381452547516440e+04  -9.528450306915042e+05  -1.269493829016352e+05  -2.754680506432612e+05  1.550158905529567e-01  6.941802668282306e-02  5.102501658690702e-02
  3.800000000000002e+00  -2.168261022388988e+06  -5.757308559215845e+05  -8.332359221174677e+04  -9.838457370965448e+05  -2.018084166800304e+05  -4.232354667606669e+05  1.599172171164945e-01  6.883369681849016e-02  7.126277570625203e-02
  3.900000000000002e+00  -2.323863644081221e+06  -6.241014630443598e+05  -7.749061258769002e+04  -1.036057989903823e+06  -2.399992454671658e+05  -4.969353054397164e+05  1.688041891873593e-01  7.211275624849024e-02  7.773366101672220e-02
  4.000000000000002e+00  -2.522506181125967e+06  -6.850864273978899e+05  -1.172904508629818e+04  -1.115328106873327e+06  -2.585914981091554e+05  -5.370725550584395e+05  1.817989920413869e-01  7.857182568833027e-02  7.839528436291503e-02
  4.100000000000001e+00  -2.717449156540718e+06  -7.417109728829822e+05  6.866860773355684e+04  -1.199042446154409e+06  -2.997087159701656e+05  -6.279324830901971e+05  1.943713966915662e-01  8.456200988936198e-02  8.675334690538619e-02
  4.200000000000001e+00  -2.675862079158149e+06  -6.578888429200541e+05  3.132483563312015e+05  -1.222465509202766e+06  -3.119623453180013e+05  -6.400155484566020e+05  1.866825624888612e-01  7.981162853776233e-02  8.054742671648696e-02
  4.300000000000001e+00  -2.728615612564500e+06  -6.374246048063585e+05  4.781616442817062e+05  -1.252112468728062e+06  -3.106765021613429e+05  -6.159552521500426e+05  1.879911219354129e-01  7.915354853068590e-02  7.249766333981167e-02
  4.400000000000000e+00  -2.830521944596716e+06  -6.156859984523765e+05  6.026074872905314e+05  -1.302168115339069e+06  -2.829660867767279e+05  -5.419344052920592e+05  1.948059814684423e-01  8.090630875502720e-02  6.628137497775780e-02
  4.500000000000000e+00  -2.666107688375201e+06  -4.206754062014095e+05  8.179713485579703e+05  -1.359578689660074e+06  -2.327760585824481e+05  -4.435306287253411e+05  1.782832313515110e-01  7.907910116993866e-02  6.144647766686682e-02
  4.600000000000000e+00  -2.608874785655216e+06  -3.226680180912116e+05  9.058519229051390e+05  -1.405218918943132e+06  -1.946381091339597e+05  -3.997422654557044e+05  1.680524040350831e-01  7.650345963171294e-02  5.875690572818428e-02
  4.699999999999999e+00  -2.540727820818238e+06  -2.312651570930401e+05  9.321237839811709e+05  -1.430454633766100e+06  -1.788718836156155e+05  -3.689659861573608e+05  1.560588440894510e-01  7.264963480525767e-02  5.585914545420100e-02
  4.799999999999999e+00  -2.367727816339632e+06  -5.805887003265700e+04  9.463715839641581e+05  -1.428788077067057e+06  -1.760720236054542e+05  -3.545254295814200e+05  1.358708813989627e-01  6.110069224088106e-02  6.119084163736229e-02
  4.899999999999999e+00  -2.152428356939418e+06  1.406851397782852e+05  9.915900273169070e+05  -1.421648031515141e+06  -1.622650274667278e+05  -3.371776715652528e+05  1.119092834297166e-01  4.752883332333965e-02  7.217597455898529e-02
  4.999999999999998e+00  -2.040150295063667e+06  2.798391855483617e+05  1.080298295697947e+06  -1.444194376564127e+06  -1.315827421123584e+05  -3.104530955379434e+05  9.757322455306158e-02  4.120050274992286e-02  8.601081845100854e-02
  5.099999999999998e+00  -2.055479354199305e+06  3.510602370465767e+05  1.133225554617405e+06  -1.502383648433785e+06  -9.420342052773673e+04  -2.697803489671150e+05  9.529003647398664e-02  4.070202498322102e-02  9.985396811016917e-02
  5.199999999999998e+00  -2.069391845675204e+06  3.900528772999094e+05  1.105529393552524e+06  -1.538595554939501e+06  -6.406001473988622e+04  -2.044484008547260e+05  9.201150403918687e-02  3.617094974780715e-02  1.109776056356275e-01
  5.299999999999997e+00  -2.021027192205574e+06  4.693189755126912e+05  1.071456428928530e+06  -1.561850252991974e+06  -4.659273332698731e+04  -1.607048786663472e+05  8.146596847421482e-02  2.937077721093450e-02  1.170759806600595e-01
  5.399999999999997e+00  -1.931116620365955e+06  6.021886049725108e+05  1.047647403207509e+06  -1.623711929083401e+06  -3.304391148228211e+04  -1.871081351500490e+05  6.624607368419726e-02  2.745994152822389e-02  1.251183094826193e-01
  5.499999999999996e+00  -1.836277176017583e+06  6.351386095868436e+05  9.563885031378700e+05  -1.627394235688681e+06  4.768771462815852e+04  -9.645336307827817e+04  4.802200885690278e-02  2.330187258196678e-02  1.078789418925190e-01
  5.599999999999996e+00  -1.717034634703949e+06  4.585693714870304e+05  9.403911565676976e+05  -1.432362882551191e+06  2.228990249581989e+05  3.070351278085579e+05  2.371950677432926e-02  8.092812516362015e-03  4.026032823085456e-02
  5.699999999999996e+00  -1.583505334625183e+06  1.472868166003088e+05  1.084684715376413e+06  -1.105433594624389e+06  4.233991245554877e+05  8.365925695376110e+05  -1.360738163682928e-03  -9.888214608449720e-03  -4.321532543829319e-02
  5.799999999999995e+00  -1.464103296691773e+06  -1.167939365102451e+05  1.137441182367863e+06  -8.761750782882884e+05  5.729236692774993e+05  1.162076991165914e+06  -1.899608774016090e-02  -1.435878730201850e-02  -9.012878523670764e-02
  5.899999999999995e+00  -1.364257626060924e+06  -1.933322545673335e+05  9.888988255997457e+05  -8.363655001806332e+05  6.522123147718941e+05  1.249911504246645e+06  -2.498740934232991e-02  -6.590723293342998e-03  -8.859471790578931e-02
  5.999999999999995e+00  -1.273545282411222e+06  -1.134377014420110e+05  7.872715815007489e+05  -8.644767117869218e+05  7.027939643077146e+05  1.303888463489642e+06  -2.345084140506593e-02  -2.625338117411906e-03  -7.589422895980454e-02
  6.099999999999994e+00  -1.166307674850499e+06  -3.944651699987966e+04  6.111485430592980e+05  -8.461771568104579e+05  7.454550515915793e+05  1.415192730198076e+06  -2.578674120192720e-02  -6.501620647763586e-03  -8.871332479677312e-02
  6.199999999999994e+00  -9.779104416244148e+05  -3.590763563651405e+04  4.221717762618509e+05  -7.795152583453419e+05  7.673419823751263e+05  1.509732441942268e+06  -4.182944808278787e-02  -1.129031227284600e-02  -1.240667336776363e-01
  6.299999999999994e+00  -7.741603609989097e+05  -5.846438560358498e+04  1.920935996428276e+05  -7.104350936400131e+05  7.582707198915824e+05  1.489373249477184e+06  -6.282134368086749e-02  -1.449612322802790e-02  -1.497166612493434e-01
  6.399999999999993e+00  -6.885450514269490e+05  -5.294923608774151e+04  -2.072238218915461e+04  -6.716993988463517e+05  7.081587283415864e+05  1.365718440103859e+06  -7.316949917709754e-02  -1.800648449154755e-02  -1.477504425372370e-01
  6.499999999999993e+00  -7.235150938865121e+05  -8.279324838977320e+03  -1.861327651704000e+05  -6.611771977254035e+05  6.233483348668844e+05  1.223393360756019e+06  -7.069628891667797e-02  -2.154187709022568e-02  -1.279069340223613e-01
  6.599999999999993e+00  -8.156219411939766e+05  3.473167331597936e+04  -3.268791570787649e+05  -6.669453775527976e+05  5.410596649022343e+05  1.125949104308613e+06  -6.153005371866061e-02  -2.402475307505531e-02  -1.097290360667866e-01
  6.699999999999992e+00  -9.153486780173418e+05  4.690831427317248e+04  -4.373824147403050e+05  -6.882165279230579e+05  4.784915529212606e+05  1.071173425072622e+06  -5.269704367657382e-02  -2.584269370940975e-02  -1.037758783212692e-01
  6.799999999999992e+00  -1.010787196701330e+06  3.578737871821148e+04  -5.027828643204645e+05  -7.243967441771468e+05  4.330345604657445e+05  1.010775551762133e+06  -4.673563694626128e-02  -2.707072589358947e-02  -1.049140232567862e-01
  6.899999999999991e+00  -1.121989656648738e+06  1.104294825367962e+04  -5.423227007261734e+05  -7.612563693258001e+05  4.089365227579500e+05  9.199106335003802e+05  -4.051091387394920e-02  -2.697372017979479e-02  -1.008041446662625e-01
  6.999999999999991e+00  -1.215352065353041e+06  -1.707513611800401e+04  -5.702227317259846e+05  -7.799083880619652e+05  4.027884933354550e+05  8.405459733676128e+05  -3.486691666378556e-02  -2.504887274052550e-02  -9.000936852337570e-02
  7.099999999999991e+00  -1.294379587995961e+06  -5.851771813507367e+04  -5.988488448549677e+05  -7.741404105621196e+05  3.980989790436007e+05  7.982623065860057e+05  -2.938640399127099e-02  -2.291775199719044e-02  -7.923042338366415e-02
  7.199999999999990e+00  -1.371843010007704e+06  -1.225985926573606e+05  -6.148789581997468e+05  -7.516150333395051e+05  3.790392172963600e+05  7.516942017330243e+05  -2.454597709823281e-02  -2.334083576142488e-02  -7.041915876651733e-02
  7.299999999999990e+00  -1.424081991264037e+06  -1.993633378406441e+05  -5.993221215352961e+05  -7.174450711574034e+05  3.376029255800413e+05  6.628782619863926e+05  -2.410452802481928e-02  -2.724866668464374e-02  -6.140113611995259e-02
  7.399999999999990e+00  -1.436179247117405e+06  -2.572291849027194e+05  -5.497944445067148e+05  -6.819054389493688e+05  2.848385263347822e+05  5.394883280339980e+05  -2.885985048366453e-02  -3.094389518612367e-02  -5.011980426219450e-02
  7.499999999999989e+00  -1.442700492835107e+06  -2.752875530311340e+05  -4.564060315848278e+05  -6.601909270539932e+05  2.433923020211830e+05  4.013452611825187e+05  -3.322292289484305e-02  -3.021178599929842e-02  -3.515147991863043e-02
  7.599999999999989e+00  -1.470445600855761e+06  -2.813940567615516e+05  -3.236587507326748e+05  -6.560401358408973e+05  2.164388305731722e+05  2.638692255021839e+05  -3.401304306311500e-02  -2.479637756524058e-02  -1.700256952002453e-02
  7.699999999999989e+00  -1.500939219220217e+06  -3.090702981187127e+05  -1.843157225810075e+05  -6.631374039216819e+05  1.817262762241670e+05  1.420742934336289e+05  -3.387688503122802e-02  -1.784562453620491e-02  1.881986591345663e-03
  7.799999999999988e+00  -1.535070149072137e+06  -3.513225369728853e+05  -5.125743194757871e+04  -6.777987609904674e+05  1.242546275518705e+05  4.449919587237346e+04  -3.251339405842656e-02  -1.396010119303892e-02  1.808312616412621e-02
  7.899999999999988e+00  -1.615606396435183e+06  -3.970767750815420e+05  8.598127539363994e+04  -6.949212784407130e+05  5.411726601307378e+04  -3.594168848578483e+04  -2.661883849769631e-02  -1.537948792935676e-02  3.024903234514857e-02
  7.999999999999988e+00  -1.757323368911430e+06  -4.534214961810368e+05  2.158264858687108e+05  -7.049713428992812e+05  -7.711576818766910e+03  -1.112836159618029e+05  -1.686914611976575e-02  -1.942781465996467e-02  3.857622728185416e-02
  8.099999999999987e+00  -1.911745137058567e+06  -5.027423548503125e+05  3.134912095244459e+05  -7.076962330179962e+05  -5.290882387454744e+04  -1.832942780549509e+05  -7.191680409154245e-03  -2.107678022083734e-02  4.356588774075542e-02
  8.199999999999987e+00  -2.054601583319168e+06  -5.262752697185401e+05  3.676814647317515e+05  -7.193158436818448e+05  -8.731505764488458e+04  -2.387700309755780e+05  3.137846605213171e-03  -1.759252388361046e-02  4.680816037551334e-02
  8.299999999999986e+00  -2.214793640112279e+06  -5.332084258570195e+05  3.961793844267551e+05  -7.471869071481380e+05  -1.157752717486681e+05  -2.616625724374175e+05  1.803623958378446e-02  -1.204730207517531e-02  4.880957540323675e-02
  8.399999999999986e+00  -2.409278573685966e+06  -5.398116398276349e+05  4.264209489479308e+05  -7.822880147854303e+05  -1.374351673973507e+05  -2.568279372087110e+05  3.728756219712892e-02  -9.315146284884800e-03  4.906864440398776e-02
  8.499999999999986e+00  -2.578573901000722e+06  -5.438220394464452e+05  4.635183679887963e+05  -8.153821843291862e+05  -1.548934678621054e+05  -2.457882662674166e+05  5.321135963108117e-02  -9.356516170283879e-03  4.916168497435009e-02
  8.599999999999985e+00  -2.683895724272730e+06  -5.375772346480659e+05  4.648094336868576e+05  -8.432385822733333e+05  -1.709131632671167e+05  -2.702205569919319e+05  6.198874875769649e-02  -8.506633242794081e-03  5.438670665258432e-02
  8.699999999999985e+00  -2.659356136737583e+06  -4.755042931276939e+05  4.763978560654810e+05  -8.570170180094001e+05  -1.791733817384002e+05  -3.003972367733933e+05  5.939678733539772e-02  -5.806168336976940e-03  5.889556447020855e-02
  8.799999999999985e+00  -2.523489062261675e+06  -3.464597047617666e+05  5.446615991765558e+05  -8.396976627920925e+05  -1.760271212479157e+05  -2.934059170242071e+05  4.798784585492051e-02  -5.415653745413532e-03  5.549813314962455e-02
  8.899999999999984e+00  -2.483538581971910e+06  -2.566612659556420e+05  5.788353913901467e+05  -8.045377792382874e+05  -1.741788702754563e+05  -2.811444412626575e+05  4.421667430961342e-02  -7.180360778640290e-03  4.960368306594633e-02
  8.999999999999984e+00  -2.497060289848082e+06  -2.113865969801138e+05  5.851606099087226e+05  -7.704536385021494e+05  -1.644102529952993e+05  -2.574520665024313e+05  4.268191902133947e-02  -9.703580512823001e-03  4.332413990502976e-02
  9.099999999999984e+00  -2.502830518599299e+06  -1.826839861338782e+05  5.840390470713500e+05  -7.624089153408697e+05  -1.395004660987259e+05  -2.259530937603149e+05  3.940789604068273e-02  -1.022426293189183e-02  3.724551701145790e-02
  9.199999999999983e+00  -2.503955321539470e+06  -1.520800294576930e+05  5.964987276359654e+05  -7.732616128286511e+05  -1.110119350218083e+05  -1.966019614487829e+05  3.723499955733756e-02  -9.116780710055793e-03  3.353946325452546e-02
  9.299999999999983e+00  -2.496794657822270e+06  -1.215558654572130e+05  6.228185522481998e+05  -7.780464476578528e+05  -9.499351421225519e+04  -1.651629878324014e+05  3.662521898408601e-02  -8.130115391410257e-03  3.213899629176330e-02
  9.399999999999983e+00  -2.456368314690944e+06  -1.083254567198654e+05  6.225571157187899e+05  -7.763464999115579e+05  -8.979568535513178e+04  -1.356288807689134e+05  3.456634371840758e-02  -6.309245267915401e-03  3.293305828942446e-02
  9.499999999999982e+00  -2.367346048300104e+06  -1.077462335299935e+05  5.981283693286958e+05  -7.799889967758900e+05  -7.999694778974987e+04  -1.115804730720113e+05  2.943841980414351e-02  -1.879133433986447e-03  3.511054044895470e-02
  9.599999999999982e+00  -2.260883897452670e+06  -1.043078928670273e+05  5.754192452292810e+05  -7.912087518360880e+05  -5.856008056014918e+04  -8.900554533033533e+04  2.324554183834302e-02  3.029209080762461e-03  3.575058621701566e-02
  9.699999999999982e+00  -2.190925348678881e+06  -9.050912579427051e+04  5.501234364467519e+05  -8.104250985491455e+05  -3.436690267969397e+04  -6.011928653391210e+04  1.970651042618376e-02  6.739900107154129e-03  3.340842397027313e-02
  9.799999999999981e+00  -2.173982029827327e+06  -7.143575485919874e+04  5.074364323989936e+05  -8.359600698981570e+05  -1.504013652943991e+04  -1.753324233181215e+04  2.033698799658326e-02  9.861057070641294e-03  2.945516416014150e-02
  9.899999999999981e+00  -2.171257288196079e+06  -5.823204359224449e+04  4.669795312820678e+05  -8.579131344489570e+05  -3.212539609577876e+02  3.665533083329055e+04  2.146221398813915e-02  1.249483572827876e-02  2.529951099879764e-02
  9.999999999999980e+00  -2.149212965375740e+06  -6.771974937998189e+04  4.170021778856752e+05  -8.782707605003843e+05  1.708063901570734e+04  1.066721624635325e+05  2.037935654934712e-02  1.584559355648120e-02  1.743923138062451e-02
  1.009999999999998e+01  -2.100019002004386e+06  -8.178686634208010e+04  3.580324883183548e+05  -8.980911286645700e+05  3.282714750706457e+04  1.769364893130993e+05  1.753064201672594e-02  1.875260898377499e-02  8.702480168695632e-03
  1.019999999999998e+01  -2.068662527475428e+06  -7.447885123139560e+04  3.128995059369121e+05  -9.108118655905004e+05  4.183470694449059e+04  2.216049131627611e+05  1.722934505470701e-02  1.866708525454252e-02  4.847812621946162e-03
  1.029999999999998e+01  -2.035283547033941e+06  -3.806516876250895e+04  2.813258951000334e+05  -9.143890517390864e+05  5.296537060680240e+04  2.386864667151814e+05  1.643146034464944e-02  1.666387670118931e-02  5.499990371649377e-03
  1.039999999999998e+01  -1.984187040597224e+06  -7.039276830356641e+03  2.531297451388924e+05  -9.126142436238081e+05  6.379886196969587e+04  2.543565674761275e+05  1.377343130355557e-02  1.574249668258819e-02  8.454704975050577e-03
  1.049999999999998e+01  -1.956321994499175e+06  -1.117511413987003e+04  2.458650202920949e+05  -9.193343794090899e+05  6.199023980951417e+04  2.800231733964311e+05  1.352207377143221e-02  1.734596409030965e-02  1.228030448771735e-02
  1.059999999999998e+01  -1.942014971498856e+06  -2.715322820275795e+04  2.752338551124257e+05  -9.331936869760719e+05  5.447838688760820e+04  2.973870739496724e+05  1.279602066144699e-02  1.906390150336823e-02  1.304229378286393e-02
  1.069999999999998e+01  -1.902166666917870e+06  -2.614140238129504e+04  2.952955463434634e+05  -9.328489140736653e+05  5.972491391128446e+04  3.007154894227475e+05  6.306907158342371e-03  1.705942436266600e-02  7.830583937844370e-03
  1.079999999999998e+01  -1.820253685772027e+06  -5.922106723067789e+03  2.651739106459737e+05  -9.087752549701147e+05  7.976969761467022e+04  3.064810464680041e+05  -5.965402758036430e-03  1.188158916546516e-02  3.708313779893257e-04
  1.089999999999998e+01  -1.719348659120483e+06  1.810813393070002e+04  2.052784435788163e+05  -8.718711163977525e+05  1.045264639826559e+05  3.147961301737686e+05  -1.882451603411519e-02  6.759700868539225e-03  -2.971772079519719e-03
  1.099999999999998e+01  -1.657646848473832e+06  2.768179844050503e+04  1.559103753388807e+05  -8.336490811498612e+05  1.235226900986527e+05  3.148501687471346e+05  -2.562537956295171e-02  2.672074483234671e-03  -1.866679018126080e-03
  1.109999999999998e+01  -1.657339702893502e+06  2.094731589604358e+04  1.397204218671331e+05  -8.031141938190166e+05  1.279274835328679e+05  3.133380513850313e+05  -2.494980236353727e-02  -3.590599499090092e-04  -1.497826604469398e-03
  1.119999999999998e+01  -1.672837899292752e+06  1.814965390619687e+04  1.521125111071413e+05  -7.899985590686529e+05  1.185097706879394e+05  3.227784968031467e+05  -2.182737548312366e-02  -2.053373122404811e-03  -4.833633784596197e-03
  1.129999999999998e+01  -1.668258963005087e+06  3.093780056900431e+04  1.666620764125079e+05  -7.968814855660194e+05  1.081879220749282e+05  3.436881289688481e+05  -2.045017655840154e-02  -2.912847105916470e-03  -1.026844928029045e-02
  1.139999999999998e+01  -1.671090839455737e+06  4.570086559549167e+04  1.688945897278768e+05  -8.153488506667572e+05  1.093234783031791e+05  3.611252188405948e+05  -1.916856975209563e-02  -4.070853615265030e-03  -1.299912762021372e-02
  1.149999999999998e+01  -1.695348595411788e+06  5.453209983553793e+04  1.835729291033528e+05  -8.364442100379730e+05  1.183804132568414e+05  3.623667135910773e+05  -1.660043295552106e-02  -4.994095820015162e-03  -8.956642555927726e-03
  1.159999999999997e+01  -1.720908463484538e+06  5.746197109569592e+04  2.274554033471208e+05  -8.560721564898990e+05  1.242824365984173e+05  3.510443768052260e+05  -1.344443881944022e-02  -3.853261735738127e-03  -5.847813770042848e-04
  1.169999999999997e+01  -1.730051887887311e+06  5.311397767241637e+04  2.777995115804321e+05  -8.705661947590627e+05  1.268357667237887e+05  3.388180120388634e+05  -1.088114557764277e-02  -2.989958392110648e-04  6.017409932948483e-03
  1.179999999999997e+01  -1.717838268800867e+06  4.182191990635288e+04  3.050042164270164e+05  -8.827266767006848e+05  1.327449091403694e+05  3.287579189697645e+05  -1.023248685694211e-02  5.095648332555058e-03  9.188923642841554e-03
  1.189999999999997e+01  -1.688737631195046e+06  2.666834094701117e+04  3.098226907356006e+05  -9.005392804585892e+05  1.419558231317084e+05  3.186729617585061e+05  -1.215116208156588e-02  1.155540431633477e-02  1.027177190810779e-02
  1.199999999999997e+01  -1.650842409012099e+06  1.336379416852469e+04  3.197561028435349e+05  -9.178960531463532e+05  1.521425304096304e+05  3.121046979525794e+05  -1.610103259787496e-02  1.650555596144603e-02  8.508234210813499e-03
  1.209999999999997e+01  -1.607224498686886e+06  9.349253966606004e+03  3.503148293453844e+05  -9.210357566172667e+05  1.676957307121774e+05  3.130680548232110e+05  -2.068158889063967e-02  1.747488317976384e-02  2.731899296598644e-03
  1.219999999999997e+01  -1.559646725809567e+06  1.325148153417096e+04  3.865875097400198e+05  -9.123547322129544e+05  1.897012730189963e+05  3.199363067421495e+05  -2.448651884576675e-02  1.563361269718026e-02  -5.231230584934197e-03
  1.229999999999997e+01  -1.531363942555394e+06  4.545640974770654e+03  4.141859935245066e+05  -9.019000414763640e+05  2.106195743184128e+05  3.333096341283036e+05  -2.555488113231365e-02  1.378532778145859e-02  -1.252320458994841e-02
  1.239999999999997e+01  -1.546447625880385e+06  -3.393585612287486e+04  4.496767036421230e+05  -8.887782036445345e+05  2.269781146894861e+05  3.571109928493008e+05  -2.276945915912974e-02  1.219892041400969e-02  -1.768156529196657e-02
  1.249999999999997e+01  -1.588582883194848e+06  -9.014603678182050e+04  5.065076516420100e+05  -8.733651864755208e+05  2.423321469760261e+05  3.841095722126908e+05  -1.815906161153916e-02  1.013760153370520e-02  -1.954301385934453e-02
  1.259999999999997e+01  -1.622311940553123e+06  -1.343834579313566e+05  5.540410090710131e+05  -8.698963237559984e+05  2.547158359371689e+05  3.963091559888350e+05  -1.442793033582201e-02  9.104607666253053e-03  -1.815316881677988e-02
  1.269999999999997e+01  -1.638208065925159e+06  -1.484215680336491e+05  5.486762125775276e+05  -8.887726620335636e+05  2.530784884965065e+05  3.877566887260280e+05  -1.186937350813280e-02  1.071584056753943e-02  -1.708693077772172e-02
  1.279999999999997e+01  -1.652318045155657e+06  -1.414216817091266e+05  4.886197715080793e+05  -9.176647691794540e+05  2.307401462425126e+05  3.729228679868583e+05  -9.800830451944112e-03  1.325968747787596e-02  -2.042735600090949e-02
  1.289999999999997e+01  -1.674870446165656e+06  -1.363977740821670e+05  4.149858214535700e+05  -9.328932427061133e+05  1.952777391095616e+05  3.635428527418112e+05  -8.899586277346475e-03  1.338772586439453e-02  -2.727605366163864e-02
  1.299999999999997e+01  -1.696593664472424e+06  -1.418383830223141e+05  3.672778704022374e+05  -9.243258442675632e+05  1.615950389031559e+05  3.503367881657931e+05  -1.036808709325154e-02  1.032933939458592e-02  -3.220033260724549e-02
  1.309999999999997e+01  -1.706093284133042e+06  -1.475305465390037e+05  3.500441721306233e+05  -9.009373469087060e+05  1.411055613594145e+05  3.195220600650909e+05  -1.363819273233592e-02  6.350987518896276e-03  -3.104302961409839e-02
  1.319999999999997e+01  -1.710802574612232e+06  -1.467791650842905e+05  3.420870071832688e+05  -8.773100190390437e+05  1.375666868678493e+05  2.756229679779387e+05  -1.621111873539733e-02  3.623542593432041e-03  -2.437976761664131e-02
  1.329999999999997e+01  -1.728370107299778e+06  -1.467706701207253e+05  3.299011649830987e+05  -8.616738567155460e+05  1.461508615331963e+05  2.371234495643400e+05  -1.623784900595179e-02  2.307308560083698e-03  -1.568871262968068e-02
  1.339999999999997e+01  -1.764232310597581e+06  -1.558130290418901e+05  3.171426871694251e+05  -8.543416809212968e+05  1.556622887819880e+05  2.163911129655610e+05  -1.432627706908166e-02  1.537933387526034e-03  -8.363215481448203e-03
  1.349999999999997e+01  -1.811256832054054e+06  -1.732344287615679e+05  3.038698841593787e+05  -8.530142616748828e+05  1.556506393137192e+05  2.103481634275941e+05  -1.208068151798792e-02  8.724199856433503e-04  -4.594863810205818e-03
  1.359999999999997e+01  -1.861716785828077e+06  -1.922858975800160e+05  2.830908532957889e+05  -8.564468407824690e+05  1.431055289838170e+05  2.071638821959373e+05  -1.007589936171391e-02  1.551563428076619e-04  -4.772767204461038e-03
  1.369999999999997e+01  -1.910391767328915e+06  -2.054291248750590e+05  2.559191976277345e+05  -8.639620875514684e+05  1.219082880861777e+05  1.973199605175005e+05  -8.044265408064294e-03  -9.331457771730774e-04  -6.979459490020470e-03
  1.379999999999997e+01  -1.952327108126604e+06  -2.064627435754502e+05  2.310036487361745e+05  -8.743636711283444e+05  9.829940912774760e+04  1.802206059261802e+05  -5.950178961937919e-03  -2.467602863909925e-03  -8.199428061392474e-03
  1.389999999999997e+01  -1.985956022444281e+06  -1.935878580067857e+05  2.165963639435734e+05  -8.845552033964411e+05  7.916015993171428e+04  1.632205929349501e+05  -3.687087646989259e-03  -4.305407314051647e-03  -6.846912058004436e-03
  1.399999999999997e+01  -2.012991915486432e+06  -1.736007707137335e+05  2.182034269648886e+05  -8.900129663755057e+05  6.879880963922490e+04  1.565566963187204e+05  -8.882773740723932e-04  -6.565139629997302e-03  -4.506161560989050e-03
  1.409999999999997e+01  -2.030568936561149e+06  -1.611432963697323e+05  2.291310342077331e+05  -8.874773822178277e+05  6.294382850357561e+04  1.657072054808353e+05  1.975041714269162e-03  -9.453205748662787e-03  -4.544223298974069e-03
  1.419999999999997e+01  -2.029979852086332e+06  -1.691609181558489e+05  2.270286592861445e+05  -8.758615126617517e+05  5.118452208046932e+04  1.825932471754369e+05  3.357743351592789e-03  -1.294021566776777e-02  -7.986470971466897e-03
  1.429999999999997e+01  -2.004716230865827e+06  -1.969887086170292e+05  1.978063443820826e+05  -8.560131376283009e+05  2.923113238133677e+04  1.884773570549520e+05  1.929319240648917e-03  -1.683506033237342e-02  -1.183289643230867e-02
  1.439999999999996e+01  -1.961412957005180e+06  -2.310446976097360e+05  1.570858883607270e+05  -8.328310174989782e+05  4.603312473369880e+03  1.710744179828740e+05  -1.902899455238634e-03  -2.054698011439266e-02  -1.254232612833048e-02
  1.449999999999996e+01  -1.921879328118613e+06  -2.582240682454644e+05  1.342891548314989e+05  -8.163388646912950e+05  -1.172468686483318e+04  1.363404482575876e+05  -5.784596326557686e-03  -2.264004359978037e-02  -9.773131067749557e-03
  1.459999999999996e+01  -1.906081867048354e+06  -2.742460224440990e+05  1.410698716284460e+05  -8.156276202875527e+05  -1.459401892650382e+04  1.006561456134965e+05  -7.303746729358542e-03  -2.164769836824516e-02  -5.440570428277256e-03
  1.469999999999996e+01  -1.914548132742961e+06  -2.806869072537987e+05  1.625359540603959e+05  -8.311305770766450e+05  -5.302161543254338e+03  7.486195342325777e+04  -6.158569736777914e-03  -1.776554539905621e-02  -7.167476654674122e-04
  1.479999999999996e+01  -1.931866925559728e+06  -2.796088154141484e+05  1.769855258074614e+05  -8.553312413567824e+05  1.105229860238672e+04  6.075614926839056e+04  -4.188209822927591e-03  -1.299332242956173e-02  4.102667839550577e-03
  1.489999999999996e+01  -1.945070609734128e+06  -2.724237478846537e+05  1.790028453451757e+05  -8.791124701830121e+05  2.789939579760746e+04  5.805051217840959e+04  -3.297818613713336e-03  -9.415078924545040e-03  8.037767318776690e-03
  1.499999999999996e+01  -1.953778581333714e+06  -2.610810178818931e+05  1.801468200253161e+05  -8.955024377049142e+05  4.101007531775240e+04  6.641050759292499e+04  -3.757455267677372e-03  -7.715157228562832e-03  9.797668128323851e-03
  1.509999999999996e+01  -1.962360981842575e+06  -2.477471983504701e+05  1.916556107669243e+05  -9.010902958392678e+05  5.093458481009804e+04  8.214382297261526e+04  -4.599099362083100e-03  -7.181441890425055e-03  9.456136083667837e-03
  1.519999999999996e+01  -1.970159074396840e+06  -2.340720813199808e+05  2.130144537392252e+05  -8.974835807484169e+05  6.010131978453667e+04  9.866609017699190e+04  -4.874658898291724e-03  -6.678662147284612e-03  8.592563631209409e-03
  1.529999999999996e+01  -1.975325535553184e+06  -2.219141092902215e+05  2.348435991595536e+05  -8.902897373826969e+05  6.814498683303846e+04  1.112483686360791e+05  -3.959978061094602e-03  -5.556455892579760e-03  8.624376178751079e-03
  1.539999999999996e+01  -1.980992489731994e+06  -2.122768548198870e+05  2.483778930059618e+05  -8.852658737999612e+05  7.264673562458235e+04  1.193025841790649e+05  -1.486043981079361e-03  -3.838325186723690e-03  9.668441458401143e-03
  1.549999999999996e+01  -1.988789935773018e+06  -2.035599701117616e+05  2.526039364296473e+05  -8.853241027605485e+05  7.410378371878619e+04  1.242918317793132e+05  2.008302355537436e-03  -1.777549905722018e-03  1.105884854839176e-02
  1.559999999999996e+01  -1.993839541052312e+06  -1.955237139106190e+05  2.522262964733813e+05  -8.892766435914633e+05  7.680329538254942e+04  1.278972073034510e+05  5.028839933197552e-03  3.574609956245233e-04  1.210318887452145e-02
  1.569999999999996e+01  -1.992280901659264e+06  -1.924256902345354e+05  2.513628305802134e+05  -8.916244800725376e+05  8.402610206586288e+04  1.319293207134181e+05  6.493564045788006e-03  1.936776011095793e-03  1.235148553940610e-02
  1.579999999999996e+01  -1.987156510972879e+06  -1.969796491464364e+05  2.518598948380270e+05  -8.859364751026852e+05  9.468333925000696e+04  1.371292961544525e+05  6.620541598561939e-03  2.033087151595358e-03  1.193418736482467e-02
  1.589999999999996e+01  -1.983525251746776e+06  -2.038890183083323e+05  2.547578427049940e+05  -8.716808614099723e+05  1.049705578170492e+05  1.424959868993102e+05  6.199641430631690e-03  4.234871039440344e-04  1.150077983628134e-02
  1.599999999999996e+01  -1.981257467311065e+06  -2.031508389367036e+05  2.613261493794991e+05  -8.562445230522696e+05  1.115949542189223e+05  1.476147861990513e+05  5.607935906315161e-03  -1.759610920078037e-03  1.136752010985352e-02
  1.609999999999996e+01  -1.976421723611729e+06  -1.906385844884979e+05  2.719336726417651e+05  -8.472990256385308e+05  1.139748224287789e+05  1.540032551261744e+05  4.835462472273093e-03  -3.013454313527436e-03  1.106074837606183e-02
  1.619999999999996e+01  -1.967638101422568e+06  -1.737689359226106e+05  2.838687342751126e+05  -8.448810029223372e+05  1.148469990600749e+05  1.625641270472913e+05  3.923022086836723e-03  -2.986425054580834e-03  1.000992278064292e-02
  1.629999999999996e+01  -1.957685002017612e+06  -1.641003136185175e+05  2.936735713970203e+05  -8.436778198423355e+05  1.177836359142389e+05  1.710815428675627e+05  2.975044728474401e-03  -2.526584458865678e-03  8.391655068145681e-03
  1.639999999999996e+01  -1.950349187993994e+06  -1.646748527997985e+05  3.029713693729492e+05  -8.409210416257696e+05  1.230070042331479e+05  1.761936109800847e+05  2.020025114452457e-03  -2.397874686311932e-03  6.949145650721462e-03
  1.649999999999996e+01  -1.947476460378087e+06  -1.676206916147017e+05  3.180857782966197e+05  -8.384058992516787e+05  1.267368794132044e+05  1.778359507462594e+05  1.098280638835461e-03  -2.563063161293955e-03  6.108428614156644e-03
  1.659999999999997e+01  -1.947624408380422e+06  -1.647467258168713e+05  3.409197254864253e+05  -8.374184301958934e+05  1.256978637194970e+05  1.800116366726162e+05  2.885425746529352e-04  -2.791520478911470e-03  5.671359271057189e-03
  1.669999999999997e+01  -1.945575656788216e+06  -1.565049446821029e+05  3.629492493782713e+05  -8.357146324968259e+05  1.209062997752793e+05  1.865673971878996e+05  -5.035471254313598e-04  -3.280816440055258e-03  5.378169318137988e-03
  1.679999999999997e+01  -1.934812310805900e+06  -1.484856096139776e+05  3.719617302772233e+05  -8.311792392034887e+05  1.156394511862979e+05  1.971778192681693e+05  -1.514912938740837e-03  -4.233441200466459e-03  5.332919891848358e-03
  1.689999999999997e+01  -1.913202383772693e+06  -1.428664018535485e+05  3.638008607452993e+05  -8.255909257177390e+05  1.113334838416108e+05  2.080595273360823e+05  -2.717839379239363e-03  -5.224187520160154e-03  5.651851768795810e-03
  1.699999999999997e+01  -1.885421845102127e+06  -1.362600685430344e+05  3.461499142205846e+05  -8.225818055065017e+05  1.074258761309709e+05  2.160202367746781e+05  -3.733102835825900e-03  -5.468313683624465e-03  5.963263955709974e-03
  1.709999999999997e+01  -1.859962868131173e+06  -1.248724867124309e+05  3.323484191199064e+05  -8.237050536474121e+05  1.039741627840699e+05  2.211649215627934e+05  -4.168539399713525e-03  -4.608245797236376e-03  5.604255184943398e-03
  1.719999999999997e+01  -1.845497817054517e+06  -1.099964585735676e+05  3.327614097600579e+05  -8.280733089628007e+05  1.020749009147181e+05  2.257096499923062e+05  -3.771703488893380e-03  -2.985335105577408e-03  4.303385239631113e-03
  1.729999999999998e+01  -1.847395106780046e+06  -9.763469798299363e+04  3.488401904051542e+05  -8.339407496715946e+05  1.019691396594444e+05  2.307532715503249e+05  -2.442828301814895e-03  -1.312112629985954e-03  2.485108830613576e-03
  1.739999999999998e+01  -1.863301196369688e+06  -9.295908280064755e+04  3.718721071761069e+05  -8.391872412655619e+05  1.021914228673657e+05  2.349007687371894e+05  -4.889890507916648e-04  -2.589905809734616e-04  8.068814453105843e-04
  1.749999999999998e+01  -1.882795030059084e+06  -9.562007195057836e+04  3.879386515169488e+05  -8.420468913607505e+05  1.005566308336982e+05  2.360635184216075e+05  1.313163078287395e-03  -1.189111489922613e-04  -4.032268909076409e-04
  1.759999999999998e+01  -1.894637730701536e+06  -1.003853395642493e+05  3.875821296546687e+05  -8.430516657769796e+05  9.562832472661760e+04  2.342952228817288e+05  2.296890814210834e-03  -5.858879476816085e-04  -1.205050086153924e-03
  1.769999999999998e+01  -1.894607162908271e+06  -1.017843179029513e+05  3.729536304785594e+05  -8.452169643912022e+05  8.782690637175310e+04  2.327969995414438e+05  2.462863677090757e-03  -9.345641324601500e-04  -1.858096992983678e-03
  1.779999999999998e+01  -1.885985361105095e+06  -9.868653354760467e+04  3.543897593017368e+05  -8.505259317276132e+05  7.969556154388530e+04  2.354294704829323e+05  2.271752027913018e-03  -6.585275874620255e-04  -2.616823255195834e-03
  1.789999999999998e+01  -1.874848735902367e+06  -9.511422749471881e+04  3.400568345499394e+05  -8.568709440230433e+05  7.444317637837680e+04  2.426793158129034e+05  2.091643806753014e-03  8.019266809949717e-05  -3.498499964664246e-03
  1.799999999999999e+01  -1.866119740109767e+06  -9.601515625298514e+04  3.308389362997754e+05  -8.603353184366832e+05  7.322149833026571e+04  2.508065767420512e+05  2.006725941162971e-03  7.792482857746426e-04  -4.238735366025203e-03
  1.809999999999999e+01  -1.862024713500901e+06  -1.021205100184714e+05  3.238865387727207e+05  -8.603485220887377e+05  7.401572449173623e+04  2.552969904649202e+05  1.984756760698753e-03  1.269098449724719e-03  -4.534977240826720e-03
  1.819999999999999e+01  -1.861708921858655e+06  -1.092589468769786e+05  3.176184438515980e+05  -8.609597858009728e+05  7.387323728852645e+04  2.541695914985652e+05  1.973655139057281e-03  1.856900353510283e-03  -4.324477042300169e-03
  1.829999999999999e+01  -1.862363609956099e+06  -1.125481346474095e+05  3.119643447935648e+05  -8.666165626199103e+05  7.195916247729621e+04  2.476023313549843e+05  1.843126393504312e-03  2.838869510673324e-03  -3.764595548847645e-03
  1.839999999999999e+01  -1.861902973296259e+06  -1.108991511558827e+05  3.062027176613554e+05  -8.776448265246502e+05  6.992772835845583e+04  2.363644443074371e+05  1.452208807185982e-03  4.067650988632958e-03  -2.995644432795681e-03
  1.849999999999999e+01  -1.860898037649651e+06  -1.076525727839909e+05  2.992247011648625e+05  -8.901149726613698e+05  6.978019615918395e+04  2.226833872567246e+05  8.634337048109816e-04  5.059386107136989e-03  -2.106106415910736e-03
  1.859999999999999e+01  -1.861832656484844e+06  -1.072868760484534e+05  2.910402946087457e+05  -8.994124394432554e+05  7.202823604936294e+04  2.116628838024934e+05  4.464939405086557e-04  5.437247004029975e-03  -1.335194641804936e-03
  1.870000000000000e+01  -1.866567634444883e+06  -1.111324077622196e+05  2.827882830598837e+05  -9.036502798214003e+05  7.574135029482437e+04  2.093028635521138e+05  6.882752970480497e-04  5.228872884068230e-03  -1.115036519218772e-03
  1.880000000000000e+01  -1.874778309951679e+06  -1.159237308549229e+05  2.756564410641964e+05  -9.043657629807374e+05  7.963982590154110e+04  2.176885769577965e+05  1.831818736116410e-03  4.799379879123129e-03  -1.723036443295901e-03
  1.890000000000000e+01  -1.884643088861607e+06  -1.168038622509936e+05  2.703634107663722e+05  -9.046481093896533e+05  8.302087477588226e+04  2.320312028112083e+05  3.683582665629794e-03  4.522223347549811e-03  -2.822530647482358e-03
  1.900000000000000e+01  -1.893967776630584e+06  -1.119266251019554e+05  2.673568234407557e+05  -9.064367150852988e+05  8.608527520768340e+04  2.429918483854874e+05  5.686845454859528e-03  4.482942146029872e-03  -3.469351739287664e-03
  1.910000000000000e+01  -1.900210353675294e+06  -1.042293836031485e+05  2.664560319339610e+05  -9.092258480615171e+05  8.947939321138883e+04  2.427863414175592e+05  7.155712948967374e-03  4.506158767412294e-03  -2.786746998171037e-03
  1.920000000000000e+01  -1.900566494331690e+06  -9.879077795267224e+04  2.661443226289265e+05  -9.109268604049712e+05  9.357184805006915e+04  2.304345162004985e+05  7.553458792981575e-03  4.443946689737623e-03  -8.134007579432220e-04
  1.930000000000000e+01  -1.893660762224108e+06  -9.841923755361242e+04  2.643431152127535e+05  -9.097665129293617e+05  9.833057361980531e+04  2.125032898366277e+05  6.725575097270739e-03  4.393859331430957e-03  1.292987632304949e-03
  1.940000000000001e+01  -1.881922930133539e+06  -1.017826043704689e+05  2.608789592439924e+05  -9.056077404639889e+05  1.036821800601112e+05  1.988914336225055e+05  4.997131299938382e-03  4.593071955760729e-03  2.091952756620344e-03
  1.950000000000001e+01  -1.871961496587525e+06  -1.057426751454289e+05  2.587727735681607e+05  -8.996694473687207e+05  1.096243868770889e+05  1.962033619465105e+05  3.063269638935184e-03  5.059751596225760e-03  1.157011097515039e-03
  1.960000000000001e+01  -1.870972864454227e+06  -1.089381553044662e+05  2.620102147906367e+05  -8.933811684333427e+05  1.157977455689484e+05  2.032357736539847e+05  1.649894595989693e-03  5.406343286298284e-03  -4.023927688209197e-04
  1.970000000000001e+01  -1.881359156577906e+06  -1.129370156176156e+05  2.714841408755720e+05  -8.878444199300888e+05  1.211905783059378e+05  2.122883787043944e+05  1.068050833748016e-03  5.102608645923369e-03  -8.383478680701751e-04
  1.980000000000001e+01  -1.898697231340956e+06  -1.205004447475607e+05  2.829113472374717e+05  -8.840857595018599e+05  1.247698030582334e+05  2.151586012559754e+05  1.003768053452352e-03  3.953574082542743e-03  6.976925563779038e-04
  1.990000000000001e+01  -1.915348215350118e+06  -1.330410864240268e+05  2.891467641492618e+05  -8.832899632386173e+05  1.264671988211558e+05  2.087617971451704e+05  7.935860080744035e-04  2.342325411469503e-03  3.427080314474853e-03
