TITLE = "Temporal Signal for receiver number 00584"
VARIABLES = "Time","xx","yy","zz","xy","yz","xz","u","v","w"
# x1       3.540946160000e+05
# x2       4.729184950000e+06
# x3       -3.000000000000e+03
  0.000000000000000e+00  0.000000000000000e+00  0.000000000000000e+00  0.000000000000000e+00  0.000000000000000e+00  0.000000000000000e+00  0.000000000000000e+00  0.000000000000000e+00  0.000000000000000e+00  0.000000000000000e+00
  1.000000000000000e-01  0.000000000000000e+00  0.000000000000000e+00  0.000000000000000e+00  0.000000000000000e+00  0.000000000000000e+00  0.000000000000000e+00  0.000000000000000e+00  0.000000000000000e+00  0.000000000000000e+00
  2.000000000000000e-01  0.000000000000000e+00  0.000000000000000e+00  0.000000000000000e+00  0.000000000000000e+00  0.000000000000000e+00  0.000000000000000e+00  0.000000000000000e+00  0.000000000000000e+00  0.000000000000000e+00
  3.000000000000000e-01  -2.748111341946051e-22  -3.309140107745655e-23  -1.075926601257481e-22  -1.912937125946749e-23  -7.168348080180949e-23  -1.262049112019686e-22  -2.692610196981245e-29  -1.209640858730486e-29  -8.345546713434336e-30
  4.000000000000000e-01  -2.341826798422652e-10  -4.130354437938559e-11  -1.248364417912421e-10  -9.867206204266982e-11  -5.929194151750655e-11  -5.460407238847351e-11  -2.177262362639092e-17  -2.617257340384074e-17  1.476458389434509e-18
  5.000000000000000e-01  -9.978965733855134e-08  -3.896649339955769e-09  1.207943089660136e-08  -3.127341222207570e-09  -2.047804577630819e-08  -4.282773305118119e-08  -7.235874142425110e-15  -1.961085588209690e-15  -1.533069444116569e-15
  6.000000000000000e-01  -1.841624187152203e-06  -7.191828982723143e-07  -2.508078708075386e-07  -8.562935468955747e-08  1.876285230899488e-07  1.409170716101909e-07  -1.644771781027952e-13  -5.554957617153641e-15  3.828053321690978e-14
  7.000000000000000e-01  -3.075598660691501e-06  -1.531218117974198e-06  -3.994054316147395e-06  -4.299094120841233e-07  1.893029077394596e-06  3.185726937179036e-06  -8.331140037379113e-14  -1.757784825659584e-13  6.056944447007824e-13
  7.999999999999999e-01  2.104031279149831e-05  2.073630521786498e-05  2.308269410916574e-05  7.117630148104080e-06  -9.728187252594260e-06  -2.278816171810929e-05  1.088112427957129e-12  1.064826904856597e-12  -2.986056708183455e-12
  8.999999999999999e-01  -3.695870474300040e-04  -2.348667227771738e-04  -1.266201255437801e-04  -1.440440359929394e-04  5.062549556510338e-05  1.282048604171005e-04  -3.219636118379515e-11  -1.557755066587303e-11  6.892455783508054e-12
  9.999999999999999e-01  1.684565183860405e-03  1.114758608174807e-03  5.137285374819157e-04  5.730126192433821e-04  8.924059727574407e-05  -3.553091419210428e-04  2.020502603158813e-10  4.666472694122406e-11  2.770375447231629e-11
  1.100000000000000e+00  -2.688181880290256e-03  -9.989142019818720e-04  3.312797211581154e-04  -1.040733497050624e-03  -1.152055252047721e-03  -7.778060982205849e-04  -4.693962263639382e-10  7.855732492081180e-11  -4.122330392283903e-10
  1.200000000000000e+00  3.498384805457525e-03  -3.935348443441527e-03  -4.836149906625092e-03  -3.273981273178742e-03  4.834393852309874e-03  6.962635593143886e-03  1.219327474764236e-09  -1.190678647164923e-09  1.458628767808880e-09
  1.300000000000000e+00  8.901407204963799e-02  7.490627643653655e-02  6.379512615346301e-02  3.879370853159753e-02  -2.107720364797520e-02  -5.466199891213574e-02  5.080848433439507e-09  7.455001746688554e-09  -7.755578324013786e-09
  1.400000000000000e+00  -4.346727371700005e-01  -3.063918298945043e-01  -1.487193386076049e-01  -2.125829878574292e-01  1.586088960047724e-02  1.730438972301949e-01  -3.672643426087548e-08  -2.790462048127607e-08  1.166930349604490e-08
  1.500000000000000e+00  2.651304742031313e+00  1.571721009152505e+00  8.037918914280775e-01  9.569756735593860e-01  -3.238100552702258e-02  -5.119592857956220e-01  2.326918578714013e-07  1.241392169697251e-07  -1.989112277731877e-08
  1.600000000000000e+00  -9.900781724177053e+00  -5.289617231644988e+00  -3.190493695494670e+00  -3.078159675612848e+00  1.994167115004275e-01  1.582056019041797e+00  -8.932475117531738e-07  -3.827465000944358e-07  1.072705068667152e-07
  1.700000000000000e+00  2.860003550325294e+01  1.435395450254601e+01  1.001484243575485e+01  8.493875954896055e+00  -1.116073866167856e+00  -4.828647726800549e+00  2.591255025561626e-06  9.991955215312733e-07  -4.414177414547496e-07
  1.800000000000000e+00  -7.071154937722243e+01  -4.196634415767164e+01  -3.176253824185589e+01  -1.963545920805812e+01  5.372070292745050e+00  1.249072125604278e+01  -6.148898084725587e-06  -2.977921008993891e-06  1.600122789547609e-06
  1.900000000000001e+00  1.235539034564699e+02  8.728516986703478e+01  6.879145137105468e+01  3.487386272894396e+01  -1.376063445613662e+01  -2.519144963047606e+01  1.013942815715133e-05  6.605789545200178e-06  -3.660109694716834e-06
  2.000000000000000e+00  -5.317953337025815e+02  -3.486258282940743e+02  -3.726363029728637e+02  -1.536944856080563e+02  9.508443355116177e+01  1.760164111394173e+02  -4.488769689885194e-05  -2.645230096353952e-05  2.820130958010687e-05
  2.100000000000001e+00  -2.056043419739525e+03  -1.207124345987036e+03  -1.218892281941823e+03  -6.394597555910951e+02  3.011305171633285e+02  5.596808724176209e+02  -1.750531006446295e-04  -9.421246099205335e-05  8.708477968435897e-05
  2.200000000000001e+00  -2.672828922362266e+03  -1.447393037500403e+03  -1.396218371336637e+03  -9.354071559198696e+02  3.834701525900484e+02  7.036770871194608e+02  -2.301500367577821e-04  -1.224586781970259e-04  1.023762385525812e-04
  2.300000000000001e+00  -1.438115427822348e+03  -6.442560689570106e+02  -5.366752829629236e+02  -6.967177118349257e+02  3.528538370116165e+02  6.227547466072203e+02  -1.285891927464438e-04  -7.760299449596552e-05  7.002300779056231e-05
  2.400000000000001e+00  -1.678356797041475e+03  -7.567237148539546e+02  -4.892525635444096e+02  -8.722124026026402e+02  5.672310399219631e+02  1.006453571785273e+03  -1.570186622110678e-04  -9.972181536088230e-05  9.494426461251532e-05
  2.500000000000001e+00  -3.506960772333817e+03  -1.645356587939260e+03  -1.241069246627464e+03  -1.582905240391139e+03  8.478192380380984e+02  1.532812542110220e+03  -3.250682882642961e-04  -1.821426396443049e-04  1.462046241535230e-04
  2.600000000000001e+00  -5.393103794835186e+03  -2.743193539645249e+03  -2.328916519178651e+03  -2.337544692269633e+03  1.209248158172123e+03  2.118158695347845e+03  -4.811207912407043e-04  -2.890089975607957e-04  2.302213767330082e-04
  2.700000000000001e+00  -1.178754664910169e+04  -6.100226708764389e+03  -5.748252596977410e+03  -4.552283955498744e+03  2.302838495308590e+03  4.232728765855980e+03  -1.049557279445511e-03  -5.697251694703691e-04  5.279163584184795e-04
  2.800000000000001e+00  -2.793758458764211e+04  -1.541580983605878e+04  -1.576245989795624e+04  -1.003364720756299e+04  5.428732761448186e+03  9.948514098174097e+03  -2.446373569269665e-03  -1.343189197374764e-03  1.370114437191445e-03
  2.900000000000001e+00  -7.472349978353042e+04  -4.297617044700146e+04  -4.513362668896034e+04  -2.532532309724284e+04  1.404447893689512e+04  2.573261194777691e+04  -6.448961552661028e-03  -3.596779281246731e-03  3.720275413275250e-03
  3.000000000000001e+00  -1.621114109893818e+05  -9.318358682786465e+04  -1.011482055372269e+05  -5.461323760967559e+04  3.140102272537833e+04  5.732687297603276e+04  -1.408573989160643e-02  -7.722360824746112e-03  8.441060639903684e-03
  3.100000000000001e+00  -2.476215606786301e+05  -1.416615888422732e+05  -1.609961821361044e+05  -8.696432078637379e+04  5.535731177097739e+04  9.940348107335698e+04  -2.167926614712852e-02  -1.221017982546862e-02  1.439785113030521e-02
  3.200000000000002e+00  -3.132121349474643e+05  -1.779308546551872e+05  -2.189172606959970e+05  -1.163073572374739e+05  8.667436288758832e+04  1.535494656849917e+05  -2.806516197598396e-02  -1.617960494819018e-02  2.147903139514566e-02
  3.300000000000002e+00  -3.334621997817924e+05  -1.839868057402963e+05  -2.508019016559596e+05  -1.347701300899787e+05  1.189593743848374e+05  2.086316770986837e+05  -3.123517873145337e-02  -1.845724592281689e-02  2.731285796166562e-02
  3.400000000000002e+00  -3.346403973920239e+05  -1.795095574226327e+05  -2.812847252440603e+05  -1.482666047631450e+05  1.567627454161533e+05  2.704851985782404e+05  -3.335662623485273e-02  -2.037580285168799e-02  3.313007943412216e-02
  3.500000000000002e+00  -2.862136923209748e+05  -1.478264453599056e+05  -2.894738380432989e+05  -1.512181020972002e+05  1.905138981047139e+05  3.266540648936938e+05  -3.210538693910332e-02  -2.059178945392275e-02  3.735973307819903e-02
  3.600000000000002e+00  -2.651589042583138e+05  -1.526980169586327e+05  -3.968370297500821e+05  -1.547873026564834e+05  2.541476563404345e+05  4.229269133210941e+05  -3.328448794284408e-02  -2.333967807200292e-02  5.088319438244228e-02
  3.700000000000002e+00  -2.319375756325601e+05  -1.287896134265839e+05  -4.950166408325843e+05  -1.510488093367358e+05  3.101995079749820e+05  5.232682676943812e+05  -3.442052094272351e-02  -2.366708529711225e-02  6.312195636495793e-02
  3.800000000000002e+00  -1.469986633618344e+05  -7.446363238944249e+04  -4.979381132783201e+05  -1.460087897642099e+05  3.431036644881975e+05  5.840686775094640e+05  -3.224401007943947e-02  -2.330923377201563e-02  6.466804926404235e-02
  3.900000000000002e+00  -4.156934664463110e+04  -3.037318171451207e+04  -5.557186906821493e+05  -1.295620357746939e+05  4.008842573783349e+05  6.766685536975892e+05  -2.919716532014604e-02  -2.360619055078031e-02  7.240571380364465e-02
  4.000000000000002e+00  1.359908617727753e+05  5.560620624684878e+04  -6.818269027693572e+05  -7.307155218394917e+04  4.736394425167757e+05  7.943366702737975e+05  -1.902512906975690e-02  -1.884055538067072e-02  9.031267025321901e-02
  4.100000000000001e+00  2.218682533921524e+05  1.457569121586566e+05  -6.620690557264655e+05  -4.305659536392086e+04  4.886895077401969e+05  8.549422036467954e+05  -1.717735174076910e-02  -1.306570335595460e-02  9.047537803081175e-02
  4.200000000000001e+00  7.611317676927330e+04  1.722563731596580e+05  -3.711691460816477e+05  -9.841217544385412e+04  4.082510347185908e+05  7.861019681529249e+05  -3.614643017394514e-02  -1.390737945957747e-02  5.194313629051117e-02
  4.300000000000001e+00  -2.835754965235978e+05  1.051971273310975e+05  -4.467933304724535e+01  -2.261601583532226e+05  2.978373923625384e+05  6.557039815436504e+05  -7.170739002331963e-02  -2.332394847652407e-02  6.540173584292531e-04
  4.400000000000000e+00  -7.974113043132281e+05  -2.461209510889328e+04  5.318995975318336e+05  -4.520676008994360e+05  2.183863504824602e+05  5.770445670985926e+05  -1.235264160918008e-01  -4.408610572349657e-02  -5.813587884341369e-02
  4.500000000000000e+00  -1.234044977139100e+06  -7.152556737541148e+04  1.312540461050516e+06  -7.177981951077507e+05  1.720968363626909e+05  5.688613495300659e+05  -1.742872219290710e-01  -6.601970801111055e-02  -1.260589132460001e-01
  4.600000000000000e+00  -1.387073903945167e+06  -3.254967459226388e+04  1.754926857823129e+06  -8.516891293788779e+05  1.640519096413071e+05  5.868008770482613e+05  -1.914404684562497e-01  -7.364463073907525e-02  -1.525976722103028e-01
  4.699999999999999e+00  -1.185324614023264e+06  5.162185445127841e+04  1.547563396512603e+06  -7.778458111471694e+05  1.715240788052091e+05  5.359259932684696e+05  -1.589877870614447e-01  -6.157349236268071e-02  -1.220155671868172e-01
  4.799999999999999e+00  -8.888239390600419e+05  1.090638867356998e+05  1.057560379647096e+06  -6.262027672235678e+05  1.614755125382321e+05  4.229924418580417e+05  -1.113005188940260e-01  -4.224296608397787e-02  -7.991438196012261e-02
  4.899999999999999e+00  -7.653704716835116e+05  9.182962480265505e+04  7.337177852852789e+05  -5.588875163337797e+05  1.272398424113174e+05  3.225916527402431e+05  -8.675635246179063e-02  -3.268517549538427e-02  -6.341161821859008e-02
  4.999999999999998e+00  -8.169533253560637e+05  2.507194676056158e+04  6.269844177666506e+05  -5.796830325189098e+05  9.233782523291193e+04  2.310358053068216e+05  -8.452646339200137e-02  -3.591214552802123e-02  -7.150108483204214e-02
  5.099999999999998e+00  -9.485403914342014e+05  -4.212393224338452e+04  5.588875094178518e+05  -6.126397888849902e+05  6.098199959483313e+04  1.222695158531539e+05  -9.016333666198606e-02  -4.000660991114360e-02  -8.912604303106637e-02
  5.199999999999998e+00  -1.037243477626671e+06  -1.015691725769091e+05  4.798557851842991e+05  -6.408658460740980e+05  1.001063301701649e+04  4.313842872462883e+04  -9.075412051189011e-02  -3.849029121705733e-02  -9.868828842221448e-02
  5.299999999999997e+00  -1.022293525301758e+06  -1.183303934383911e+05  4.403650877749819e+05  -6.454897129162810e+05  -1.080783240580223e+04  2.162339429906091e+04  -7.915891754447048e-02  -3.427927406853255e-02  -9.073380638676681e-02
  5.399999999999997e+00  -1.065095755234922e+06  -1.064934014344894e+05  5.480845426651263e+05  -6.563696592295105e+05  1.918933775468906e+04  -2.198032896270861e+02  -7.389960271739149e-02  -3.424898540913569e-02  -8.863454975058943e-02
  5.499999999999996e+00  -1.277119977611696e+06  -1.663066208725437e+05  8.086014188171463e+05  -7.586345733074426e+05  1.095349680301870e+04  -4.476919117167465e+04  -9.214044672557727e-02  -4.250424031960206e-02  -1.094788638790515e-01
  5.599999999999996e+00  -1.347714538414373e+06  -2.432512353824951e+05  8.676224140675707e+05  -8.396150424139752e+05  -5.762311290964171e+04  -8.088363887660373e+04  -9.566133023919790e-02  -4.243942099194135e-02  -1.124975328282151e-01
  5.699999999999996e+00  -9.942220691312692e+05  -2.170237047612350e+05  3.933709904112736e+05  -7.018927157926036e+05  -1.015678184653416e+05  -1.047011269789654e+05  -4.367750675195221e-02  -1.937323589719689e-02  -5.943594440691298e-02
  5.799999999999995e+00  -4.523844922171282e+05  -1.085797820590435e+05  -3.111744855949036e+05  -4.170718115428551e+05  -9.010496424755106e+04  -1.099577869255107e+05  3.219426353765593e-02  1.377453395531075e-02  1.360780216676323e-02
  5.899999999999995e+00  -1.602313399397628e+05  -8.643651880199564e+04  -7.046648934123839e+05  -2.288433684608226e+05  -4.878192553208106e+04  -7.413863871541666e+04  7.130747742516139e-02  2.884176347056328e-02  5.006408563453572e-02
  5.999999999999995e+00  -1.687293553363315e+05  -1.821380231412570e+05  -6.912425810772338e+05  -2.025235381243661e+05  7.315597300052087e+03  -3.348728013478337e+04  6.753994979934196e-02  2.124184014707947e-02  4.354471257368542e-02
  6.099999999999994e+00  -2.454521354662597e+05  -2.910589400467027e+05  -5.780605223364886e+05  -2.283684462356766e+05  4.836421172371552e+04  -6.701478733530614e+04  5.512443362085490e-02  9.140168508273667e-03  1.839833939806622e-02
  6.199999999999994e+00  -2.600918404804919e+05  -3.379009318543766e+05  -5.673824794782188e+05  -2.446738717019662e+05  4.335397524878348e+04  -1.720463305395139e+05  4.932436092230619e-02  4.237864091127136e-03  -1.035830189789227e-02
  6.299999999999994e+00  -2.033587008470965e+05  -3.104086637858025e+05  -6.212799366492446e+05  -2.121082196367691e+05  3.095535508954594e+04  -2.838879394383320e+05  5.084951761339498e-02  6.327497303770501e-03  -3.359334854874506e-02
  6.399999999999993e+00  -1.259171355052930e+05  -2.203863189622050e+05  -6.453682624772843e+05  -1.083112226608319e+05  2.751599106971594e+04  -3.891047761656428e+05  5.563933368993459e-02  1.541900692661842e-02  -4.944193533956490e-02
  6.499999999999993e+00  -1.151968698746104e+05  -1.391546042964644e+05  -6.325092902366848e+05  -5.246106142976014e+04  1.516531831818823e+04  -4.889160792749607e+05  4.940883413540084e-02  2.635401052117931e-02  -6.280751024163202e-02
  6.599999999999993e+00  -1.095061194378707e+05  -1.306538344511500e+05  -6.732367359289192e+05  -4.051797256967298e+04  4.626238356582597e+04  -5.349610995161696e+05  4.151606598574181e-02  3.094496022410571e-02  -6.971691708910038e-02
  6.699999999999992e+00  2.881191519882474e+04  -1.378785925954588e+05  -7.514780389532630e+05  9.881586444285819e+04  1.056984786350256e+05  -5.533137790496007e+05  5.730542457985845e-02  3.386267865266608e-02  -7.251796627165398e-02
  6.799999999999992e+00  1.362164259785208e+05  -3.310431931550629e+04  -8.706900078252460e+05  2.452707412907427e+05  1.762780835744612e+05  -5.982771138870086e+05  7.186109509768775e-02  4.183017601353191e-02  -7.413760233868920e-02
  6.899999999999991e+00  -5.476748225991963e+04  4.070203374253147e+05  -9.902353191953116e+05  7.031470235610641e+04  8.012054967112484e+04  -5.917179797428618e+05  2.499265152751298e-02  7.494998168810967e-02  -9.144068513004536e-02
  6.999999999999991e+00  -4.206891334918448e+05  9.232991485228833e+05  -9.718062421455258e+05  -3.572866138101658e+05  -3.043365811189671e+05  -4.530472437858746e+05  -6.353496486004127e-02  1.191081876852443e-01  -1.362674563410458e-01
  7.099999999999991e+00  -5.294044437004295e+05  8.794118643182840e+05  -1.041243234329207e+06  -5.129350246839218e+05  -5.739177124349650e+05  -3.276653937511493e+05  -8.087566350409159e-02  1.141506355321065e-01  -1.528574688754087e-01
  7.199999999999990e+00  -1.387655273185683e+05  4.405611682156722e+05  -1.095930541952808e+06  -2.151840856621657e+05  -5.189707360552744e+05  -3.268991693091797e+05  -1.230407570834679e-03  6.491275959567400e-02  -1.292544362053599e-01
  7.299999999999990e+00  4.699809751631756e+05  2.608106879759219e+05  -8.769789995952912e+05  1.083313896714790e+05  -4.175528439755132e+05  -3.097441512609399e+05  8.047956631357991e-02  3.456109670142408e-02  -1.111987615267506e-01
  7.399999999999990e+00  6.904257351436424e+05  2.092342480185977e+05  -7.591402225784953e+05  1.840926322013986e+05  -3.293162620354183e+05  -1.813594422020605e+05  1.013395554633625e-01  1.984227258521030e-02  -8.871799622699478e-02
  7.499999999999989e+00  6.289949563206874e+05  1.745684725600891e+05  -5.263673120716630e+05  1.373850475496017e+05  -3.058093849484940e+05  -1.163924401758009e+04  8.049496776900072e-02  8.105981384423810e-03  -7.817279692356018e-02
  7.599999999999989e+00  4.719895358811216e+05  5.674087329941052e+04  -3.603500630924989e+05  1.291125113106691e+05  -1.989454326284962e+05  1.181043412220775e+05  5.717555632437904e-02  -4.436818780005090e-03  -5.284609975127891e-02
  7.699999999999989e+00  3.227764552426834e+05  -1.546708024314166e+05  -3.294326571094409e+05  1.241272876099996e+05  1.019932923280514e+04  2.409867012130619e+05  4.023946998610747e-02  -1.585143454166569e-02  -1.520733337494275e-02
  7.799999999999988e+00  2.045990667993539e+05  -3.772466324144013e+05  -3.768396579487158e+05  1.292814053802529e+05  1.406523598687290e+05  3.435586130728920e+05  3.398961074329082e-02  -2.688606068105832e-02  1.436624203208353e-02
  7.899999999999988e+00  1.160801516571565e+05  -4.356937834599369e+05  -4.979069356769925e+05  1.343000596060010e+05  1.166021749010966e+05  4.110229914806201e+05  2.969806858330774e-02  -2.771797849323678e-02  3.537314719745828e-02
  7.999999999999988e+00  2.895104322930372e+04  -3.717568260800524e+05  -7.070516253340235e+05  1.108842134826816e+05  3.212687187326271e+04  4.655554441582010e+05  1.991847464777562e-02  -1.478458843679307e-02  4.876101988091280e-02
  8.099999999999987e+00  -3.814420306971815e+04  -3.074323658946374e+05  -9.063838123166186e+05  1.079726780624976e+05  2.195188080804557e+03  5.244943448905458e+05  1.346190370723096e-02  3.086087227587150e-03  5.524583925037130e-02
  8.199999999999987e+00  -7.919069044126717e+04  -3.107651341583911e+05  -9.320064290887982e+05  1.259662523878799e+05  3.984516522200828e+04  5.879840244146150e+05  1.450524690265982e-02  1.186531693412009e-02  5.346710128666628e-02
  8.299999999999986e+00  -1.516367473828392e+05  -4.112639261595626e+05  -7.878009464449015e+05  1.155625859586792e+05  8.322610583219989e+04  6.334705502324515e+05  1.671790144105561e-02  5.690303171977143e-03  4.603048037120975e-02
  8.399999999999986e+00  -2.346699058288452e+05  -5.203667722569029e+05  -6.128033180562463e+05  7.854515125146610e+04  9.208323615252943e+04  6.326483412804755e+05  1.541283684920992e-02  -6.470600267275920e-03  4.143681122783541e-02
  8.499999999999986e+00  -2.751630772934748e+05  -5.775961997525282e+05  -5.178820867220080e+05  3.099009115203642e+04  7.978098643432070e+04  5.963696389131282e+05  5.811190614169438e-03  -1.590667067122796e-02  4.163977102333516e-02
  8.599999999999985e+00  -2.817074558233446e+05  -5.931762419768953e+05  -4.750543680055590e+05  -2.067450515663838e+04  6.282281518842028e+04  5.589255899536448e+05  -1.277604642898191e-02  -1.890829221215343e-02  4.294496970808945e-02
  8.699999999999985e+00  -2.934301199723937e+05  -5.749308883526899e+05  -4.610751504822852e+05  -5.238644807634223e+04  2.631189437987588e+04  5.214862812684539e+05  -3.036836921148026e-02  -1.509674455158560e-02  4.296628647713228e-02
  8.799999999999985e+00  -3.348505482786817e+05  -5.719897771571578e+05  -5.413842121165795e+05  -6.384793424393464e+04  -2.870073849924984e+04  4.901431657616640e+05  -4.041162398742037e-02  -1.177079236996651e-02  3.393522415052033e-02
  8.899999999999984e+00  -3.289207720742564e+05  -5.466886848237476e+05  -6.033605876966608e+05  -7.976621994531459e+04  -7.749715465426601e+04  5.145176820967799e+05  -4.087122177602782e-02  -1.070428932887819e-02  2.231920852912023e-02
  8.999999999999984e+00  -2.333003058366001e+05  -4.331374799564445e+05  -5.480709437424988e+05  -8.484258274728782e+04  -8.929186144334177e+04  5.986266450887872e+05  -3.105305357055370e-02  -6.275737106316756e-03  2.568004463411865e-02
  9.099999999999984e+00  -1.480910031627298e+05  -3.065212218117191e+05  -4.944404007605601e+05  -7.663396677269865e+04  -6.877666135966111e+04  6.821821536309633e+05  -2.184861129245138e-02  8.358926293806191e-04  3.569364146259055e-02
  9.199999999999983e+00  -1.225184473666944e+05  -2.414821431557790e+05  -4.954483872718671e+05  -8.102467991046891e+04  -4.359802937796724e+04  7.172590047575634e+05  -2.205141637573938e-02  6.551714050964932e-03  3.671116211311648e-02
  9.299999999999983e+00  -1.367754855932917e+05  -2.455584117835253e+05  -5.105176832457205e+05  -1.093093796543340e+05  -2.168839220039182e+04  7.055008682449188e+05  -2.796994280814587e-02  7.147398784481140e-03  3.301193356263115e-02
  9.399999999999983e+00  -1.614322612722719e+05  -2.709688553464396e+05  -5.000897696331793e+05  -1.399823224413393e+05  1.638802431387523e+04  6.864251212807064e+05  -3.117816811041674e-02  5.232332265476561e-03  3.374164279057752e-02
  9.499999999999982e+00  -1.762262895619522e+05  -2.327618684030577e+05  -4.461603562095167e+05  -1.455365999345738e+05  7.311720717169906e+04  6.839639728935304e+05  -2.812148700622547e-02  9.607762421663250e-03  3.834182013479726e-02
  9.599999999999982e+00  -1.977545237012028e+05  -1.216669182944209e+05  -3.668594445591320e+05  -1.268096010713479e+05  1.073108517164371e+05  6.866885396186739e+05  -2.125116885028567e-02  2.060795184439947e-02  4.099193128091653e-02
  9.699999999999982e+00  -2.440746356482208e+05  -2.121914657799725e+04  -2.835521722020336e+05  -1.093380168194677e+05  1.118546769508880e+05  6.760612825663162e+05  -1.454764952380026e-02  2.792770786554630e-02  4.046489555870123e-02
  9.799999999999981e+00  -2.871322033321102e+05  5.099819986647813e+04  -1.963699257460672e+05  -1.212472111115020e+05  1.221803211498305e+05  6.481230154881160e+05  -1.054866910756745e-02  2.908645448794611e-02  4.005911046590586e-02
  9.899999999999981e+00  -3.106712221098975e+05  1.387462971341993e+05  -1.200913142475383e+05  -1.654645022846117e+05  1.439390132282670e+05  6.080076264058558e+05  -8.806255340313651e-03  3.069487938348531e-02  4.218840931001195e-02
  9.999999999999980e+00  -3.359581449351523e+05  2.348851095638082e+05  -5.222764226236108e+04  -2.172700800563174e+05  1.503559937077055e+05  5.555824822587360e+05  -6.956018370050299e-03  3.456274313610740e-02  4.351261083271683e-02
  1.009999999999998e+01  -3.682122924481295e+05  2.948338872384851e+05  2.040291069656196e+04  -2.448606504577870e+05  1.460477243790935e+05  4.853658855840556e+05  -3.191602448057967e-03  3.633427665591779e-02  4.101124094395760e-02
  1.019999999999998e+01  -3.828014968922971e+05  3.215592175051385e+05  6.288449989982734e+04  -2.396943697144056e+05  1.533572841679993e+05  4.054416799196976e+05  1.575993395620673e-03  3.539583203113623e-02  3.742701586847429e-02
  1.029999999999998e+01  -3.627893943028610e+05  3.512751331064866e+05  6.094565572981135e+04  -2.195337409835493e+05  1.719005696998212e+05  3.397716920516068e+05  5.689364503274623e-03  3.464098236230795e-02  3.500299629733212e-02
  1.039999999999998e+01  -3.213198724872935e+05  3.892099570381648e+05  7.149565092257712e+04  -2.030967759936398e+05  1.941400236392891e+05  3.038378821936362e+05  8.948986527988237e-03  3.406187729198647e-02  3.251100140578119e-02
  1.049999999999998e+01  -2.882591963608286e+05  4.013020224486529e+05  1.301812003991004e+05  -2.042760025796705e+05  2.124386428187404e+05  2.891084818252729e+05  9.915913350206607e-03  3.047980069427431e-02  2.928629045306426e-02
  1.059999999999998e+01  -2.679431449595205e+05  3.833859953782107e+05  1.999373335222341e+05  -2.175198598778661e+05  2.121217498134242e+05  2.698076672571875e+05  8.166213397369108e-03  2.371785122295229e-02  2.655170596212972e-02
  1.069999999999998e+01  -2.454965759184157e+05  3.686643547368844e+05  2.040399672942555e+05  -2.191039064890600e+05  1.770703073765356e+05  2.276917920450866e+05  7.300921728598416e-03  1.686817856247577e-02  2.418643647225333e-02
  1.079999999999998e+01  -2.086273484751667e+05  3.804245501777040e+05  1.234869701009209e+05  -2.088711958846315e+05  1.103350436871043e+05  1.792196489752223e+05  8.431286768479975e-03  1.123714407603075e-02  2.057437970167722e-02
  1.089999999999998e+01  -1.541629781695503e+05  4.086983914147108e+05  2.465268633321277e+04  -2.091380712653373e+05  3.601392579571689e+04  1.483884856441790e+05  7.554228830044032e-03  5.386651287765052e-03  1.469669995939582e-02
  1.099999999999998e+01  -1.027545801968857e+05  4.093614136724255e+05  -3.730011772272347e+04  -2.200780373241297e+05  -2.587902701950193e+04  1.208393009006264e+05  3.280192703714147e-03  -2.028417648103744e-03  6.242109702262586e-03
  1.109999999999998e+01  -7.530851675665416e+04  3.551154315195042e+05  -6.494819242121751e+04  -2.236690789564937e+05  -6.283118517704364e+04  6.786417049022074e+04  -1.402241234294846e-03  -9.293099881806379e-03  -2.740789618880483e-03
  1.119999999999998e+01  -6.207741515411855e+04  2.694787501438982e+05  -8.373566612710666e+04  -2.162770611746684e+05  -6.526527842958090e+04  -3.596396627529143e+03  -5.117892572629045e-03  -1.296493613991954e-02  -8.559129893854872e-03
  1.129999999999998e+01  -4.366496850677347e+04  1.843697624716387e+05  -1.139018755129930e+05  -2.059272227974865e+05  -3.911018269401747e+04  -5.891857626385664e+04  -9.016405264897305e-03  -1.263689757827973e-02  -1.079502441587659e-02
  1.139999999999998e+01  -1.811437306740538e+04  1.092472813204409e+05  -1.640707165445283e+05  -1.954126916148490e+05  -6.914688085502167e+03  -7.601618283186197e+04  -1.291397242619170e-02  -1.170442382043048e-02  -1.237553447110654e-02
  1.149999999999998e+01  1.155409672541327e+04  4.713776021335784e+04  -2.274239012662214e+05  -1.839872392113145e+05  1.406115528476453e+04  -6.067749530032328e+04  -1.459729806363216e-02  -1.317804190973074e-02  -1.501761229537692e-02
  1.159999999999997e+01  4.120436281267994e+04  4.738752200521502e+03  -2.939759350595099e+05  -1.735810032166331e+05  2.549335005523780e+04  -3.488889436355930e+04  -1.302950081418314e-02  -1.644549990400483e-02  -1.758977666093408e-02
  1.169999999999997e+01  5.952257163894817e+04  -1.212192084857839e+04  -3.578582803098778e+05  -1.663343754644062e+05  3.681256249635176e+04  -1.756510275569994e+04  -8.661752071384700e-03  -1.837898736424494e-02  -1.807954164784631e-02
  1.179999999999997e+01  5.663165832030167e+04  -6.260286058452799e+03  -4.077771300966960e+05  -1.622643548264468e+05  4.824927427042111e+04  -4.874960815887102e+03  -2.290132816031517e-03  -1.706500840263754e-02  -1.607329470935626e-02
  1.189999999999997e+01  3.362143672796850e+04  3.297114819389400e+03  -4.324705300038385e+05  -1.591282604731513e+05  5.213347730217523e+04  2.331085457831393e+04  4.250098931999466e-03  -1.420281896579674e-02  -1.338904658174840e-02
  1.199999999999997e+01  3.188903083585642e+03  -2.683435469795706e+02  -4.283989247017953e+05  -1.525456757373647e+05  4.619615371889825e+04  7.288063022115720e+04  9.082952094243014e-03  -1.238631980357319e-02  -1.175676105955075e-02
  1.209999999999997e+01  -2.427781839120187e+04  -1.379854700371936e+04  -4.014183989629854e+05  -1.399787360038022e+05  4.114297874817185e+04  1.297600891421227e+05  1.242615862702980e-02  -1.170639191289810e-02  -9.679085472252802e-03
  1.219999999999997e+01  -4.962304539817737e+04  -3.270740992543680e+04  -3.675393915284539e+05  -1.244685187839769e+05  4.892980028186407e+04  1.780989399447625e+05  1.614069555426900e-02  -1.165645188902881e-02  -4.458481041546320e-03
  1.229999999999997e+01  -7.647242212748931e+04  -6.226146215146115e+04  -3.424222027724007e+05  -1.116860050259514e+05  6.579559041366183e+04  2.121459717829413e+05  2.081391003218925e-02  -1.337268280603649e-02  3.760084548060235e-03
  1.239999999999997e+01  -9.822203914908622e+04  -9.871554303583702e+04  -3.284747106588751e+05  -1.032564689150805e+05  7.766320187955076e+04  2.339564881244244e+05  2.472399994413936e-02  -1.777147391536274e-02  1.278779884037659e-02
  1.249999999999997e+01  -1.041436172163396e+05  -1.278926713455793e+05  -3.196097909100287e+05  -9.667822449055460e+04  7.504181057041092e+04  2.465500245956540e+05  2.559031082514557e-02  -2.347935232310118e-02  2.037598150019250e-02
  1.259999999999997e+01  -9.723502909088675e+04  -1.440159827876614e+05  -3.108984444060150e+05  -9.063533168727226e+04  5.987103164092494e+04  2.525526285495996e+05  2.263198180717418e-02  -2.725128854066610e-02  2.486293638255921e-02
  1.269999999999997e+01  -9.312761198600195e+04  -1.573261554810456e+05  -2.995823244778337e+05  -8.731376095622305e+04  4.402210411719003e+04  2.541497779468810e+05  1.747221709182615e-02  -2.684724268742769e-02  2.579816774931176e-02
  1.279999999999997e+01  -1.079711924227811e+05  -1.840637539070128e+05  -2.893409064301188e+05  -9.023268382110805e+04  3.662968996117121e+04  2.533702814264969e+05  1.234112173559044e-02  -2.366226891508690e-02  2.340742539306645e-02
  1.289999999999997e+01  -1.428252328365698e+05  -2.199900192648655e+05  -2.881858808729953e+05  -9.902858877565575e+04  3.282130365809672e+04  2.510883080171423e+05  8.016891630541449e-03  -2.081847954202819e-02  1.774394428137835e-02
  1.299999999999997e+01  -1.783713701060284e+05  -2.337509979890297e+05  -2.994389836562938e+05  -1.084014595213948e+05  1.948749198990524e+04  2.466347021315180e+05  3.921426160258160e-03  -1.940224125387938e-02  9.274764989712605e-03
  1.309999999999997e+01  -1.922609188704965e+05  -2.033008918100187e+05  -3.185794818991655e+05  -1.119517038294017e+05  -8.751910469054652e+03  2.407101713679183e+05  -1.018986315188861e-04  -1.849312599582556e-02  -8.119793655649824e-05
  1.319999999999997e+01  -1.779417966256656e+05  -1.448768042436098e+05  -3.357880279277872e+05  -1.047866453217587e+05  -4.024442934235178e+04  2.365025761833364e+05  -2.369229511334555e-03  -1.733562349861988e-02  -6.745341471254520e-03
  1.329999999999997e+01  -1.472468773193515e+05  -9.760935414581883e+04  -3.427575406816454e+05  -8.756791792531195e+04  -5.471693164226605e+04  2.373178280793692e+05  -9.887824019662896e-04  -1.595842665706276e-02  -7.374460302119848e-03
  1.339999999999997e+01  -1.199819197946022e+05  -8.934671064782077e+04  -3.358275215555163e+05  -6.825943686566764e+04  -4.192659491694160e+04  2.430632321509914e+05  3.415255850806989e-03  -1.461231813500713e-02  -1.818496020036337e-03
  1.349999999999997e+01  -1.126346054172452e+05  -1.145415900464712e+05  -3.133879870119639e+05  -5.548870488562012e+04  -1.013484140431778e+04  2.498177093098677e+05  7.924024773359529e-03  -1.290403592030858e-02  6.537541159465512e-03
  1.359999999999997e+01  -1.305371029993102e+05  -1.378537095259662e+05  -2.769513230295358e+05  -5.319689546238547e+04  2.377940965603813e+04  2.537295097290959e+05  1.006005201986559e-02  -9.610951694802862e-03  1.381170789190106e-02
  1.369999999999997e+01  -1.664526678078870e+05  -1.267131018420587e+05  -2.358463450060013e+05  -6.310942443232624e+04  4.791272464784390e+04  2.551763838666476e+05  9.482597953237380e-03  -4.366203134602588e-03  1.828246602291528e-02
  1.379999999999997e+01  -2.066153080714887e+05  -8.299796941694178e+04  -2.015160743961017e+05  -8.664178497237632e+04  5.768769876905320e+04  2.583132538269174e+05  7.251951587894826e-03  8.554218699551217e-04  1.966275296187705e-02
  1.389999999999997e+01  -2.380461830315467e+05  -3.554111988025335e+04  -1.752760066991246e+05  -1.202152152088680e+05  5.231504583032100e+04  2.656636659914477e+05  4.512073719915041e-03  3.357585261555259e-03  1.758091922780147e-02
  1.399999999999997e+01  -2.535298229494861e+05  -5.377976004184251e+03  -1.522255510195642e+05  -1.526161120257142e+05  3.381212422242165e+04  2.727677380809297e+05  1.895501736894990e-03  2.689024981424984e-03  1.228888250099014e-02
  1.409999999999997e+01  -2.531328099107899e+05  1.178364262813138e+04  -1.353719031605325e+05  -1.729708752768458e+05  7.866208432885501e+03  2.709149039942762e+05  -6.862161202514348e-04  1.145876109557936e-03  5.903679464327603e-03
  1.419999999999997e+01  -2.407265799254431e+05  3.141414410986036e+04  -1.336447365485594e+05  -1.807791383657768e+05  -1.697782578392689e+04  2.574428223614028e+05  -3.683232310041688e-03  1.382617564015709e-03  1.394799454238287e-03
  1.429999999999997e+01  -2.203028730216768e+05  5.730472905882809e+04  -1.471235139832370e+05  -1.856119437151592e+05  -3.260558388909621e+04  2.398494604314675e+05  -6.819051965105797e-03  3.815062203494462e-03  1.629671977452869e-04
  1.439999999999996e+01  -1.957634841601654e+05  7.680088799295634e+04  -1.640720024885811e+05  -1.965566821855379e+05  -3.477570744317648e+04  2.276901386655477e+05  -8.758037105759916e-03  6.485523288881721e-03  1.400650898998919e-03
  1.449999999999996e+01  -1.711032105101206e+05  7.756779532829853e+04  -1.720427784962850e+05  -2.128843563360306e+05  -2.594494776362542e+04  2.237756581063720e+05  -8.475413034985058e-03  7.363034443335935e-03  3.408756924988439e-03
  1.459999999999996e+01  -1.505053643725622e+05  6.272565551525926e+04  -1.667638992211001e+05  -2.248940270232165e+05  -1.450522246353688e+04  2.249848336467093e+05  -6.374515808818074e-03  6.332429215658974e-03  4.771796162385492e-03
  1.469999999999996e+01  -1.383061442560214e+05  4.728221533711116e+04  -1.529136935726182e+05  -2.223186571577071e+05  -8.067785617209420e+03  2.279906021625574e+05  -3.588173929216521e-03  4.847459244022818e-03  4.685559461939682e-03
  1.479999999999996e+01  -1.377615311589109e+05  4.336571822881929e+04  -1.400364057823205e+05  -2.034001787389645e+05  -7.510712736189614e+03  2.313711003610669e+05  -9.207014592190811e-04  4.088656575004737e-03  3.018474348042438e-03
  1.489999999999996e+01  -1.472435809788497e+05  5.133569417864714e+04  -1.351877697668552e+05  -1.781401171521212e+05  -8.245891515163263e+03  2.346156506644491e+05  1.047599627499171e-03  3.990633731855592e-03  3.390231721101680e-04
  1.499999999999996e+01  -1.578347332740073e+05  6.280469188858563e+04  -1.388880272248741e+05  -1.618354986315318e+05  -6.094585095094615e+03  2.373122857137385e+05  1.506932231577079e-03  3.979344905990299e-03  -2.604244169745977e-03
  1.509999999999996e+01  -1.581023613348709e+05  6.952534099703516e+04  -1.497291131799281e+05  -1.629880266607086e+05  -1.839009769023446e+03  2.380523102604589e+05  6.549231426091383e-05  4.022189002132824e-03  -5.570266141303403e-03
  1.519999999999996e+01  -1.429898672064350e+05  7.046069545133959e+04  -1.693084463955970e+05  -1.766031490943145e+05  -2.833005980405899e+02  2.347484782204404e+05  -2.339859878360660e-03  4.673410216378271e-03  -8.509430712015341e-03
  1.529999999999996e+01  -1.199348773237653e+05  7.060927355677675e+04  -1.994832888618497e+05  -1.892166095733708e+05  -4.443406049682468e+03  2.280113383661430e+05  -3.994257556974996e-03  6.292292579568311e-03  -1.079249230868067e-02
  1.539999999999996e+01  -1.044126703992804e+05  7.450442712132243e+04  -2.363691160172664e+05  -1.897527961346830e+05  -1.110739514133686e+04  2.225014660365614e+05  -3.903680700231037e-03  8.517528324775453e-03  -1.160881610900491e-02
  1.549999999999996e+01  -1.072074192709359e+05  8.232810764565907e+04  -2.699541059402588e+05  -1.770293645125423e+05  -1.273339438458463e+04  2.229194855953937e+05  -2.535456113235212e-03  1.056568576102752e-02  -1.115568597919714e-02
  1.559999999999996e+01  -1.273539074963635e+05  8.924561741087123e+04  -2.921361059785530e+05  -1.597837210204180e+05  -4.177551642333233e+03  2.294013730075238e+05  -1.269301762848289e-03  1.172207981189105e-02  -1.074247449292857e-02
  1.569999999999996e+01  -1.548683626767405e+05  8.833229972685470e+04  -3.046058429546229e+05  -1.495432201665834e+05  1.182804583869511e+04  2.374732949341142e+05  -1.182990547188242e-03  1.160586665292266e-02  -1.162218920785452e-02
  1.579999999999996e+01  -1.774755518257639e+05  7.685056625601515e+04  -3.156959531015375e+05  -1.511946639146053e+05  2.677768133496584e+04  2.416300117596724e+05  -2.136064295610205e-03  1.036297583210908e-02  -1.385603769343934e-02
  1.589999999999996e+01  -1.873308905566132e+05  5.974259599905511e+04  -3.300810363040001e+05  -1.596639746969428e+05  3.493455716397412e+04  2.389247692530155e+05  -2.944127961787927e-03  8.620383697130519e-03  -1.614802278812361e-02
  1.599999999999996e+01  -1.843855721326448e+05  4.618531231861184e+04  -3.441410722735577e+05  -1.660815732236418e+05  3.757677873916414e+04  2.304928052137881e+05  -2.506514399119387e-03  7.053613768311538e-03  -1.688656184023443e-02
  1.609999999999996e+01  -1.754913145092762e+05  4.158753984027316e+04  -3.519850177711353e+05  -1.661842017754515e+05  3.782690708141788e+04  2.208313200959599e+05  -7.088747673336892e-04  5.849263672589612e-03  -1.553758470025148e-02
  1.619999999999996e+01  -1.700198755984037e+05  4.282337194522506e+04  -3.533507791703161e+05  -1.623351306041941e+05  3.498959960718422e+04  2.153949481245928e+05  1.731371561563655e-03  4.615271391771103e-03  -1.295118689825077e-02
  1.629999999999996e+01  -1.734569972136105e+05  4.207221849965360e+04  -3.530155157659042e+05  -1.593495497650333e+05  2.675551149931043e+04  2.172474424283456e+05  3.943089838051166e-03  2.971705426530851e-03  -1.036764392877333e-02
  1.639999999999996e+01  -1.838218029558475e+05  3.397157130361757e+04  -3.544008222181246e+05  -1.599349867121761e+05  1.483858693489326e+04  2.248403445650599e+05  5.275386077517979e-03  1.078882886142059e-03  -8.296543040362842e-03
  1.649999999999996e+01  -1.949781242540848e+05  1.793626071818574e+04  -3.568404173141039e+05  -1.635301040117670e+05  5.437958191532003e+03  2.332479996989596e+05  5.334503395195198e-03  -6.032827805864744e-04  -6.343305965807298e-03
  1.659999999999997e+01  -2.028037100513802e+05  -3.297550385649331e+03  -3.578308692393656e+05  -1.680578027585204e+05  3.496357654346845e+03  2.381237346218203e+05  4.080015473245474e-03  -1.825964654194985e-03  -3.993577526742179e-03
  1.669999999999997e+01  -2.072892974192100e+05  -2.493642761030826e+04  -3.553615227362344e+05  -1.718829200568698e+05  7.455863376113944e+03  2.386289427806965e+05  2.007675043186923e-03  -2.575343815245518e-03  -1.476831171878816e-03
  1.679999999999997e+01  -2.099320186827306e+05  -4.137304966387783e+04  -3.482345471280721e+05  -1.741186933948583e+05  1.087072418553857e+04  2.366394813049849e+05  3.133790741800390e-05  -2.758529178366238e-03  2.403024790607865e-04
  1.689999999999997e+01  -2.109709068644071e+05  -4.822619339769426e+04  -3.360141019649291e+05  -1.739543197348496e+05  9.390085578296414e+03  2.339847321595287e+05  -9.652098297357572e-04  -2.181286431190278e-03  4.100796737340610e-04
  1.699999999999997e+01  -2.100145849518791e+05  -4.457173754157893e+04  -3.205934423675231e+05  -1.707403500152331e+05  5.173114441620639e+03  2.312089255549513e+05  -5.408908605837642e-04  -9.383757474795851e-04  -6.189898752741445e-04
  1.709999999999997e+01  -2.079455665452601e+05  -3.368516223749614e+04  -3.075452326393294e+05  -1.651212636874053e+05  3.930959352477013e+03  2.279890378403273e+05  1.092070957270814e-03  3.760698192822755e-04  -1.560106480625449e-03
  1.719999999999997e+01  -2.067551830483786e+05  -2.143969834796365e+04  -3.038350297053593e+05  -1.597534910437627e+05  8.501951760443997e+03  2.239407028666662e+05  3.095449768531980e-03  1.027613491620332e-03  -1.205965290097954e-03
  1.729999999999998e+01  -2.078365633635348e+05  -1.340755720396551e+04  -3.128127729070084e+05  -1.583489029549367e+05  1.658363281269951e+04  2.194220780872531e+05  4.301932377624864e-03  6.723503705383014e-04  7.374561427125273e-04
  1.739999999999998e+01  -2.115039124872140e+05  -1.205485255132242e+04  -3.306060418678255e+05  -1.629685883529357e+05  2.388931676348675e+04  2.161585583269870e+05  3.857324361881855e-03  -4.738141650145012e-04  3.574898850464866e-03
  1.749999999999998e+01  -2.176128826838063e+05  -1.529153645431036e+04  -3.471503367659082e+05  -1.715086674547522e+05  2.802728811858271e+04  2.165222099913390e+05  1.829657585217143e-03  -1.871805670715745e-03  6.163606214918041e-03
  1.759999999999998e+01  -2.258409350153539e+05  -1.844572484088271e+04  -3.519658924434769e+05  -1.784016352150355e+05  2.930265923831328e+04  2.215467242036418e+05  -8.259307932372466e-04  -3.014125790822508e-03  7.603873651044106e-03
  1.769999999999998e+01  -2.351690210446805e+05  -1.813631360083489e+04  -3.402097393464093e+05  -1.787626984777044e+05  2.882481127025311e+04  2.297197049282817e+05  -3.012945106135969e-03  -3.660732283151225e-03  7.607228003301053e-03
  1.779999999999998e+01  -2.436531951596400e+05  -1.442329720014605e+04  -3.143715085689966e+05  -1.722284744317792e+05  2.684866584550502e+04  2.377160362094691e+05  -4.230214575297098e-03  -3.861307806242234e-03  6.495742188829434e-03
  1.789999999999998e+01  -2.496021378245336e+05  -9.966979591152916e+03  -2.817637022636145e+05  -1.627786718452932e+05  2.314560771063142e+04  2.423600392030554e+05  -4.603529622945295e-03  -3.818045156316826e-03  4.979227986326463e-03
  1.799999999999999e+01  -2.522295576602617e+05  -7.102465745699818e+03  -2.501252414116143e+05  -1.551136401734879e+05  1.822083439265650e+04  2.423660986594433e+05  -4.411185338719214e-03  -3.712731438438711e-03  3.795257969725030e-03
  1.809999999999999e+01  -2.511981163903454e+05  -5.500263116039808e+03  -2.243530171524867e+05  -1.516784612437832e+05  1.369471892413929e+04  2.390033557064348e+05  -3.827415455610322e-03  -3.572885092299190e-03  3.306221355123360e-03
  1.819999999999999e+01  -2.466442368444147e+05  -2.635480860692224e+03  -2.066203593682347e+05  -1.523178271988032e+05  1.153014239556274e+04  2.354991558686856e+05  -3.054994102604433e-03  -3.270408823777430e-03  3.334367946581587e-03
  1.829999999999999e+01  -2.392819450936593e+05  3.609870488283821e+03  -1.986163210894501e+05  -1.550013394190120e+05  1.280168144134501e+04  2.351534141075851e+05  -2.380072782743165e-03  -2.661725687605433e-03  3.416785386130874e-03
  1.839999999999999e+01  -2.299903945757345e+05  1.278645515281336e+04  -2.019203197047239e+05  -1.564797159246443e+05  1.677287951952562e+04  2.389913458124403e+05  -1.945185564160750e-03  -1.783739624473004e-03  3.226219424835981e-03
  1.849999999999999e+01  -2.197719438444369e+05  2.159269703639047e+04  -2.157330160063333e+05  -1.537829786483535e+05  2.104608742474754e+04  2.449185639952928e+05  -1.580749415785562e-03  -9.685220021976995e-04  2.771834884399007e-03
  1.859999999999999e+01  -2.100053871331142e+05  2.566286242904412e+04  -2.347911730654030e+05  -1.466132895216427e+05  2.321574607445726e+04  2.495294248226669e+05  -1.017598576579345e-03  -6.922071533517008e-04  2.253836414693211e-03
  1.870000000000000e+01  -2.019227088233425e+05  2.274051971153536e+04  -2.501653908655432e+05  -1.383208386408188e+05  2.281782650732637e+04  2.511101134703832e+05  -2.738257321829993e-04  -1.184864855580878e-03  1.826948867414258e-03
  1.880000000000000e+01  -1.954985601818146e+05  1.490875371585534e+04  -2.536242259398811e+05  -1.338557241880948e+05  2.151320848656416e+04  2.509658912206194e+05  2.424294815561204e-04  -2.164977506575509e-03  1.490891986828503e-03
  1.890000000000000e+01  -1.896108281788236e+05  7.405722711331095e+03  -2.430165637799212e+05  -1.362625717997038e+05  2.121382000486808e+04  2.517702454042462e+05  4.829577796443472e-05  -2.995607032959631e-03  1.093982280885203e-03
  1.900000000000000e+01  -1.837545615025669e+05  4.556717730099550e+03  -2.241372300862679e+05  -1.446891117566048e+05  2.217732378596374e+04  2.547623612726545e+05  -9.625813178209339e-04  -3.147296999102697e-03  4.605248740120850e-04
  1.910000000000000e+01  -1.790865589666801e+05  6.582669670422517e+03  -2.066589707626894e+05  -1.553013764711067e+05  2.315149309360782e+04  2.586083082639237e+05  -2.381605126241102e-03  -2.542296251879927e-03  -4.314698967949111e-04
  1.920000000000000e+01  -1.776333719889022e+05  1.006921810838652e+04  -1.974101105410308e+05  -1.638981898216313e+05  2.306532702586369e+04  2.606597455936869e+05  -3.589100347674533e-03  -1.516604686710857e-03  -1.363360488777876e-03
  1.930000000000000e+01  -1.805893266062888e+05  1.120765302341769e+04  -1.971362547154865e+05  -1.681829740100681e+05  2.215931701382856e+04  2.590751889688045e+05  -4.187261649034926e-03  -5.083269765189884e-04  -2.007706739768338e-03
  1.940000000000001e+01  -1.869309999897148e+05  8.905642923938374e+03  -2.026882983384246e+05  -1.686542760277364e+05  2.171453510854122e+04  2.539446486336984e+05  -4.167974710375079e-03  2.457124176749960e-04  -2.222978188879835e-03
  1.950000000000001e+01  -1.934280143224933e+05  5.404346851019483e+03  -2.111641109916491e+05  -1.680003294140250e+05  2.301361016101592e+04  2.468703666816149e+05  -3.714411077337374e-03  7.958196207470926e-04  -2.185850732606293e-03
  1.960000000000001e+01  -1.964512251604184e+05  4.101581152624458e+03  -2.218766730456770e+05  -1.693024127925014e+05  2.634857942105051e+04  2.397703175839494e+05  -2.935139787162533e-03  1.338577950732107e-03  -2.201082566830962e-03
  1.970000000000001e+01  -1.944155946275679e+05  6.641081393952266e+03  -2.351825664189988e+05  -1.738682008735102e+05  3.067675220619979e+04  2.337971630756004e+05  -1.804833395442591e-03  1.997900288669231e-03  -2.383411396443224e-03
  1.980000000000001e+01  -1.885211710475847e+05  1.175668304336613e+04  -2.503235538396969e+05  -1.800736753137883e+05  3.410336185555063e+04  2.288670854999635e+05  -3.006669520027574e-04  2.710795609400833e-03  -2.539716087337430e-03
  1.990000000000001e+01  -1.810437614434209e+05  1.648704054780850e+04  -2.651559289316384e+05  -1.842666771055326e+05  3.493671295378862e+04  2.241830946906365e+05  1.427752607766915e-03  3.287486058781738e-03  -2.408593712244124e-03
