TITLE = "Temporal Signal for receiver number 00230"
VARIABLES = "Time","xx","yy","zz","xy","yz","xz","u","v","w"
# x1       3.510946160000e+05
# x2       4.741184950000e+06
# x3       -3.000000000000e+03
  0.000000000000000e+00  0.000000000000000e+00  0.000000000000000e+00  0.000000000000000e+00  0.000000000000000e+00  0.000000000000000e+00  0.000000000000000e+00  0.000000000000000e+00  0.000000000000000e+00  0.000000000000000e+00
  1.000000000000000e-01  0.000000000000000e+00  0.000000000000000e+00  0.000000000000000e+00  0.000000000000000e+00  0.000000000000000e+00  0.000000000000000e+00  0.000000000000000e+00  0.000000000000000e+00  0.000000000000000e+00
  2.000000000000000e-01  0.000000000000000e+00  0.000000000000000e+00  0.000000000000000e+00  0.000000000000000e+00  0.000000000000000e+00  0.000000000000000e+00  0.000000000000000e+00  0.000000000000000e+00  0.000000000000000e+00
  3.000000000000000e-01  0.000000000000000e+00  0.000000000000000e+00  0.000000000000000e+00  0.000000000000000e+00  0.000000000000000e+00  0.000000000000000e+00  0.000000000000000e+00  0.000000000000000e+00  0.000000000000000e+00
  4.000000000000000e-01  1.817726642920245e-27  -2.285520719433695e-27  6.317380589205152e-28  7.364357423596924e-28  -2.173069902753118e-28  -2.373192935475365e-28  1.442291199616055e-34  1.836298917879697e-34  -6.409778607021696e-35
  5.000000000000000e-01  4.675672959392777e-20  1.977881608346891e-20  2.462128957921847e-20  -1.131384305096682e-20  6.087722103648709e-21  -8.542239432806230e-21  3.960240522191629e-27  -1.363195029683800e-27  -1.222152829004304e-27
  6.000000000000000e-01  -3.914828764070285e-17  -1.257475883257159e-17  -3.028142749168166e-17  9.539732629410128e-18  -1.199873126097569e-17  1.303584209910448e-17  -3.575797529022608e-24  1.542988335783553e-25  2.140841030604078e-24
  7.000000000000000e-01  -1.403977685728224e-14  -1.294062529931339e-14  -4.074338797579638e-15  5.387898504070936e-15  7.895902495373802e-16  -2.163229163095271e-15  -1.198367348081302e-21  1.088035197327047e-21  -2.580063059492851e-22
  7.999999999999999e-01  9.321347870669262e-13  5.115894992268089e-13  3.396722169082303e-13  -2.026639005469681e-13  -5.273263902228307e-14  2.712559734481888e-13  8.338407861816355e-20  -2.920564685709840e-20  3.640885842623462e-20
  8.999999999999999e-01  1.194638965451645e-12  9.168903963561660e-12  -3.603801323581488e-12  -4.908193017825556e-12  2.081056700609948e-12  -7.325119007002742e-12  -1.067530499143264e-19  -1.186576200118757e-18  -1.180899883475104e-18
  9.999999999999999e-01  -3.226157328397386e-11  -2.589182873145965e-11  -1.713640146334628e-11  8.428797335740932e-12  -3.414014484251548e-11  -1.391129938422856e-11  -3.369483937318723e-18  1.877368349568011e-18  9.264449102896722e-19
  1.100000000000000e+00  -4.728001852239915e-10  -1.266948521096493e-09  -8.414251084643463e-11  5.460858312975966e-10  -3.505430526372844e-10  4.753759915550703e-10  -3.118165092860159e-17  1.329228478269527e-16  9.577215599537481e-17
  1.200000000000000e+00  -8.698921635693976e-09  -9.333288199564725e-09  -1.564326128786154e-09  4.937260021356977e-09  -2.806028329784997e-09  3.596798390239692e-09  -7.023485010395502e-16  7.872093697594639e-16  7.096529630152555e-16
  1.300000000000000e+00  4.851726934184032e-08  3.872449642553797e-08  6.311568612916422e-08  1.992507578951380e-09  -2.129692604766829e-08  2.935004680842957e-08  3.875410596996913e-15  -1.711766853171056e-15  5.374565573963979e-15
  1.400000000000000e+00  9.858776950917346e-07  6.699274958551459e-07  7.370546321997487e-07  -1.504431891401817e-07  -1.284113773759789e-07  1.946885431798423e-07  7.918322545179165e-14  -3.549128334410735e-14  3.419376318899639e-14
  1.500000000000000e+00  6.253112121697416e-06  3.855837688939513e-06  3.996242259455294e-06  -6.976367420882277e-07  -5.997165908720586e-07  8.367725220933676e-07  4.885864083626341e-13  -1.694319166474804e-13  1.570956699013006e-13
  1.600000000000000e+00  1.791545239273703e-05  1.003832695838113e-05  1.065543638207077e-05  1.208240697501960e-06  -1.590845193385666e-06  2.403960658869847e-06  1.251361921340411e-12  -4.623220020305864e-14  5.056631664817211e-13
  1.700000000000000e+00  -3.304768237667559e-05  -2.533057872596196e-05  -2.003184472041021e-05  2.786233255905288e-05  -3.045561986981448e-07  -6.377142289316013e-07  -3.987215894058606e-12  3.987616069765839e-12  2.771120029856211e-13
  1.800000000000000e+00  -4.320772289162563e-04  -3.117124734468397e-04  -2.908874394778524e-04  1.209801759154099e-04  1.167639966698669e-05  -5.412122897606903e-05  -3.928889694694533e-11  2.293370814466581e-11  -6.961906037616770e-12
  1.900000000000001e+00  -1.156370109984334e-03  -6.993581786586808e-04  -7.203979578097989e-04  2.434750036553236e-04  4.842559052037165e-05  -1.640138060315126e-04  -9.017456168846939e-11  4.467835039032963e-11  -2.222588780434193e-11
  2.000000000000000e+00  -5.748714529660608e-04  7.673981989465540e-04  4.267151827285518e-04  -1.530804141863451e-05  -1.593841806497189e-04  3.230727087261184e-04  -1.324712651707829e-11  -8.145876833437132e-11  4.789211395327474e-11
  2.100000000000001e+00  1.278753856192426e-02  7.944249257087848e-03  5.645204096975905e-03  -4.668997338560947e-03  -4.457261342329442e-04  1.474688623560171e-03  1.070285497378876e-09  -6.937054406286845e-10  2.358181992091937e-10
  2.200000000000001e+00  1.994412152004381e-03  -8.252765737499756e-03  2.888147281589953e-03  4.823744849467719e-03  4.009638846007071e-03  -4.841620330222342e-03  6.732556970386518e-11  1.047710982997302e-09  -1.129960286855049e-09
  2.300000000000001e+00  -1.096524206573238e-01  -5.994576550353710e-02  -6.944465324615888e-02  2.895375576410550e-02  -1.752445043319585e-02  9.596446809981823e-03  -9.587875884989638e-09  4.430770280895108e-09  3.358974244332419e-09
  2.400000000000001e+00  3.548496146231314e-01  2.873185088938421e-01  2.623445446333261e-01  -1.326888093808152e-01  8.296763088805517e-02  -4.298370224258408e-02  3.299655039146795e-08  -2.359015094682779e-08  -1.307101299562427e-08
  2.500000000000001e+00  -8.011101568090183e-01  -5.718003255533755e-01  -5.711353447593570e-01  3.196134886495098e-01  -1.667720876333102e-01  1.345579802902451e-01  -7.096918148993505e-08  5.496282790139299e-08  3.950163657333882e-08
  2.600000000000001e+00  1.706388902075632e+00  1.298602370840157e+00  1.027537694674385e+00  -6.663978601482049e-01  2.872048723856171e-01  -3.101553614439247e-01  1.496193401622559e-07  -1.027406735337062e-07  -7.099418120565202e-08
  2.700000000000001e+00  -1.464433868576932e+01  -1.201461572859935e+01  -1.199722537570171e+01  5.336677665806081e+00  -3.888346394581424e+00  4.898644729385715e+00  -1.285910082797671e-06  1.006076658177887e-06  9.306545935346359e-07
  2.800000000000001e+00  -1.033161099438589e+02  -9.239498928307555e+01  -8.664361878973436e+01  4.230358919476174e+01  -3.274017281053898e+01  3.694799589987220e+01  -8.813107669359611e-06  7.782905450157134e-06  7.045599490620108e-06
  2.900000000000001e+00  -2.789076360090123e+02  -2.591458258446299e+02  -2.106753499645496e+02  1.279293231566616e+02  -8.069657131030165e+01  8.269180367805350e+01  -2.407500254402282e-05  2.259333098186387e-05  1.564274193877645e-05
  3.000000000000001e+00  -4.071231004183970e+02  -4.065153690471642e+02  -2.670752174481109e+02  2.171780272851040e+02  -1.056920009067097e+02  9.251983279669703e+01  -3.593346132193001e-05  3.700569507039490e-05  1.717935825174365e-05
  3.100000000000001e+00  -3.028214595865373e+02  -3.942174427272851e+02  -1.908389969379280e+02  2.269827151905709e+02  -1.245523097432137e+02  9.380335250027088e+01  -2.863131487298326e-05  3.841267534872210e-05  1.600596137308339e-05
  3.200000000000002e+00  -2.050525372705258e+02  -3.787377761251540e+02  -1.405282875264921e+02  2.291217689960898e+02  -1.771256672158931e+02  1.363327695456650e+02  -2.246545220407856e-05  3.903177591142758e-05  2.053320384504633e-05
  3.300000000000002e+00  -5.346542104942642e+02  -6.990294047690625e+02  -3.256409156143679e+02  4.037095753955963e+02  -2.490182008745071e+02  1.921609390823842e+02  -5.262215888397426e-05  6.819760896662753e-05  2.871351057898184e-05
  3.400000000000002e+00  -1.002656143987777e+03  -1.195476042224755e+03  -6.378063948865075e+02  6.712486947342749e+02  -3.911203120050487e+02  3.230515616332726e+02  -9.632663010001009e-05  1.131976566475703e-04  5.294481763017496e-05
  3.500000000000002e+00  -2.430451386335003e+03  -2.571599169193374e+03  -1.817385021030129e+03  1.344701650252425e+03  -8.910734615428184e+02  8.569138801337646e+02  -2.238895023769815e-04  2.351998927737642e-04  1.562478193853274e-04
  3.600000000000002e+00  -7.717182496041865e+03  -7.354818779882798e+03  -5.856849530496946e+03  3.697125817596484e+03  -2.430496204987744e+03  2.615466088580177e+03  -6.823253504260492e-04  6.439979085517872e-04  4.676647982906831e-04
  3.700000000000002e+00  -2.209553101532278e+04  -2.028175000438827e+04  -1.692650224972282e+04  1.003589208011609e+04  -6.655179790975332e+03  7.193752539709984e+03  -1.937907476742969e-03  1.768365813178955e-03  1.329727624159478e-03
  3.800000000000002e+00  -4.900906555050644e+04  -4.566891821526914e+04  -3.684644792934098e+04  2.308465987677004e+04  -1.489585067383914e+04  1.583927268894717e+04  -4.288870985105936e-03  4.006971357985447e-03  2.861671629282829e-03
  3.900000000000002e+00  -8.449671685451487e+04  -8.183833882283603e+04  -6.410719498642233e+04  4.196609613792655e+04  -2.781433154557686e+04  2.792814715033180e+04  -7.498952125633107e-03  7.350675101597240e-03  5.125899695391796e-03
  4.000000000000002e+00  -1.166620497167753e+05  -1.226659637642676e+05  -9.254868926626320e+04  6.416701257315847e+04  -4.670335082997276e+04  4.432514085502648e+04  -1.049917850158226e-02  1.126271317437800e-02  7.919012595078467e-03
  4.100000000000001e+00  -1.192972324144048e+05  -1.455724336888785e+05  -1.016688377919494e+05  7.829299481038339e+04  -6.489511153293961e+04  5.595929560709555e+04  -1.135354660403129e-02  1.407004500941410e-02  9.817439606637730e-03
  4.200000000000001e+00  -1.088656795280271e+05  -1.649522733098958e+05  -1.067859283995304e+05  9.105874430781892e+04  -8.774998594824605e+04  7.032373609495276e+04  -1.121810079525005e-02  1.667420410420793e-02  1.170505923176828e-02
  4.300000000000001e+00  -7.222667743646450e+04  -1.798468791261741e+05  -1.087833381623566e+05  9.812588051120838e+04  -1.180763828144434e+05  8.372985460264199e+04  -9.170876133212446e-03  1.931477771168644e-02  1.414741510597641e-02
  4.400000000000000e+00  7.445995472249800e+03  -1.781735073425204e+05  -8.018181223987756e+04  9.793049908406693e+04  -1.444493695283121e+05  8.529392220604686e+04  -3.931290212317003e-03  2.076844836171700e-02  1.374662754968325e-02
  4.500000000000000e+00  1.102307517329497e+05  -1.464452794095415e+05  -1.862887052537775e+04  8.236439949267161e+04  -1.575271160583840e+05  8.092931363107853e+04  3.043904373476474e-03  1.929523791865913e-02  1.132227142298152e-02
  4.600000000000000e+00  1.527348616006697e+05  -1.502004889287038e+05  8.928833512296516e+03  8.036058290046826e+04  -1.715830842489737e+05  8.423881068829111e+04  4.904568059022133e-03  1.930759490782445e-02  9.395096731452380e-03
  4.699999999999999e+00  1.664380085084940e+05  -1.693572056372306e+05  1.158056675648108e+04  8.332995366139880e+04  -1.833821575498265e+05  8.412940708108241e+04  4.515722641826967e-03  2.020177620048879e-02  8.377432448709737e-03
  4.799999999999999e+00  2.460041980566976e+05  -1.676259905220377e+05  1.529407739498530e+04  6.846944313530970e+04  -2.059751083475001e+05  8.948435039812097e+04  1.046008860109092e-02  1.974606029740305e-02  1.075137024382677e-02
  4.899999999999999e+00  3.445644976384555e+05  -1.523685004544649e+05  1.706902582942829e+04  3.498005359395930e+04  -2.324452762018229e+05  9.538697232722149e+04  1.763041663677479e-02  1.614919828099164e-02  1.311400026274451e-02
  4.999999999999998e+00  3.528337877310780e+05  -1.087982480215844e+05  4.689129256815852e+04  1.294371374611241e+04  -1.987864650221822e+05  8.405854459662325e+04  1.567019548523063e-02  9.782093424225419e-03  5.732977778616095e-03
  5.099999999999998e+00  3.710624745539161e+05  -1.442492566910790e+05  4.725533338205548e+04  2.544492234095078e+04  -1.875450925282598e+05  5.139189553821876e+04  1.689070674063645e-02  1.647679534598853e-02  5.250594393405203e-03
  5.199999999999998e+00  4.978470607088488e+05  -2.859284655431894e+05  -9.677239704601438e+04  1.901044146201247e+04  -3.005628947256346e+05  6.956949064682952e+04  2.778326195855254e-02  2.612134296258572e-02  2.528004088014086e-02
  5.299999999999997e+00  3.755633747657159e+05  -1.936404992987242e+05  -1.455314216371012e+05  -3.899913134827721e+04  -2.814462553981417e+05  1.774447765502351e+05  1.402648688299160e-02  1.542336852261083e-03  3.066652623863386e-02
  5.399999999999997e+00  -3.920521000704373e+05  1.833483534013191e+05  3.046504613095676e+05  -3.429689752437046e+04  1.081156694717187e+05  2.340278008417015e+05  -6.021925391682233e-02  -4.759148803291800e-02  -1.936869442113369e-02
  5.499999999999996e+00  -1.263277855068921e+06  4.176056978171759e+05  1.002173952960975e+06  1.156855114993145e+05  5.237909291181969e+05  1.705586698665276e+05  -1.490573549622775e-01  -7.378413827648705e-02  -9.482739493161406e-02
  5.599999999999996e+00  -1.338486434530590e+06  3.157098163357185e+05  1.152893261612491e+06  2.867059472514371e+05  4.996849660065642e+05  9.757546991643134e+04  -1.611045187645371e-01  -5.737414105322617e-02  -1.159009965510319e-01
  5.699999999999996e+00  -6.882231895348545e+05  8.280328441136447e+04  5.755161928620102e+05  3.153283072332862e+05  1.595950064815469e+05  7.909677365120663e+04  -8.886764945581718e-02  -2.123331028728841e-02  -6.142716920931122e-02
  5.799999999999995e+00  -9.565095773868886e+04  -8.674559441359864e+04  -1.765672982829943e+03  2.549260886213775e+05  -7.821265566442927e+04  9.025457432612614e+04  -1.417571057699371e-02  5.788342839997429e-03  1.292710318221856e-02
  5.899999999999995e+00  -1.097610876833005e+04  -2.108396147024196e+05  -8.282211283917990e+04  2.765024333299413e+05  -1.437674935732603e+05  1.431400272185473e+05  -8.872037276027110e-04  1.998060007342984e-02  6.042613088224092e-02
  5.999999999999995e+00  -7.097474853647128e+04  -2.532198476262644e+05  8.562951955534998e+04  3.225049213398146e+05  -1.961472638840440e+05  2.170691843885718e+05  -1.565482532327910e-02  2.072208942022003e-02  6.720451487728875e-02
  6.099999999999994e+00  1.206377716919203e+05  -1.433122018120240e+05  1.191666331886419e+05  2.420410174607853e+05  -2.459822959049206e+05  2.189755113618220e+05  -4.504172758333765e-03  3.292831541668646e-03  3.983509025008408e-02
  6.199999999999994e+00  3.737519978146353e+05  2.644078951758406e+04  2.591017003595359e+04  1.182945664453092e+05  -2.355501986495199e+05  1.615705557769175e+05  2.137538826254359e-02  -1.543652576711661e-02  6.370104270235791e-03
  6.299999999999994e+00  5.385747778594223e+05  7.598645872382689e+04  5.329417199169172e+04  4.672261183637576e+04  -2.699010741183314e+05  1.309584003548367e+05  4.036434811926982e-02  -1.619087119455519e-02  6.720090967958549e-04
  6.399999999999993e+00  4.686273146907652e+05  3.373045937660589e+05  2.807258165429750e+05  -8.344148930686939e+04  -2.750881794627928e+05  1.090369140581227e+05  3.097055619774805e-02  -4.979520994048334e-02  4.861103223709490e-03
  6.499999999999993e+00  -4.113385092297602e+04  1.015580987271678e+06  6.591857888279576e+05  -2.579670191912642e+05  1.013207264115693e+05  -4.757131188422850e+04  -1.829408140301705e-02  -1.274021628595862e-01  -4.491754103692774e-02
  6.599999999999993e+00  -6.705706196597802e+05  1.471079836132616e+06  1.168535806769529e+06  -3.018172356911944e+05  7.580952790403198e+05  -3.877050087117522e+05  -7.198137314409842e-02  -1.697007767802484e-01  -1.450695149093282e-01
  6.699999999999992e+00  -9.173594933588463e+05  1.291004478639026e+06  1.721737743072966e+06  -1.745968734883242e+05  1.179377072837341e+06  -6.935700330880381e+05  -9.038939159528844e-02  -1.531578391539641e-01  -2.358830902679879e-01
  6.799999999999992e+00  -8.240446148467803e+05  8.609981263031585e+05  2.130984543060636e+06  -3.124821219988002e+04  1.228781153551209e+06  -8.066570462552581e+05  -7.783883145403138e-02  -1.145152757439617e-01  -2.824801048050417e-01
  6.899999999999991e+00  -7.465076375928416e+05  5.955641364782332e+05  2.294613414856385e+06  3.690627026315290e+04  1.125912897824430e+06  -8.278399550163855e+05  -6.601817373479489e-02  -7.711450083898792e-02  -2.914824874522515e-01
  6.999999999999991e+00  -8.402453060641473e+05  4.974678559055538e+05  2.219169281255414e+06  5.173540238230304e+04  1.084238965426009e+06  -8.958505268781510e+05  -6.932757160057620e-02  -5.342444342594040e-02  -2.903928041070357e-01
  7.099999999999991e+00  -1.027400593807428e+06  2.620405689968848e+05  1.854849544723861e+06  3.895757430030241e+04  1.119070803474603e+06  -9.402072517082144e+05  -8.056310917162342e-02  -4.282238465050726e-02  -2.873577324069924e-01
  7.199999999999990e+00  -1.074358757846927e+06  9.453379924914130e+03  1.638185102207634e+06  -5.207681137149631e+04  1.150378259282314e+06  -9.266225592695402e+05  -8.258988344952151e-02  -4.007257466989261e-02  -2.962296622160898e-01
  7.299999999999990e+00  -8.854575720531082e+05  -1.447335673638264e+05  1.481328997837584e+06  -1.430418955214021e+05  1.127769852905411e+06  -8.224159732915042e+05  -6.941362556189612e-02  -3.377809938909384e-02  -2.982453946428159e-01
  7.399999999999990e+00  -4.643792797273780e+05  -5.767646207759215e+04  6.688470189653215e+05  1.017895127930858e+05  1.242476752551835e+06  -7.644830107721066e+05  -1.088559556000419e-02  8.756769487336597e-03  -2.139278542590301e-01
  7.499999999999989e+00  -1.807998096436354e+05  3.477251877264932e+03  -1.058513527551531e+05  4.208100673311818e+05  1.373453443682331e+06  -8.222589613427644e+05  2.964732174632996e-02  5.172562879194035e-02  -1.336691678774979e-01
  7.599999999999989e+00  -7.781255009279787e+04  -9.712423208980939e+04  -3.668236584407291e+05  5.227425111067384e+05  1.363501767617316e+06  -9.036248399726870e+05  3.217441784250957e-02  6.873147137066156e-02  -1.062895287361070e-01
  7.699999999999989e+00  3.330169178781156e+04  -1.863970903164935e+05  -4.483692226775789e+05  5.327718518049767e+05  1.320871050203408e+06  -9.885968851902812e+05  3.924248815891335e-02  7.333042778236834e-02  -7.770791992258623e-02
  7.799999999999988e+00  1.365573022602115e+05  -9.386725261899931e+04  -5.102559111855660e+05  5.591724278812390e+05  1.329568897261078e+06  -1.007375654774860e+06  4.534620655227441e-02  6.398971522368095e-02  -3.906460087513817e-02
  7.899999999999988e+00  1.410418332546635e+05  2.040454407594646e+05  -6.391328469445105e+05  5.910274939386909e+05  1.346260092119575e+06  -9.827466824284502e+05  2.942605168130060e-02  2.910372180186079e-02  -8.342896961552269e-03
  7.999999999999988e+00  3.323049463874486e+04  5.089703324410500e+05  -8.984503670969784e+05  5.658492979446942e+05  1.359795861244000e+06  -1.018245076522440e+06  -9.107521584349592e-03  -2.739611641413409e-02  -4.846960782450435e-03
  8.099999999999987e+00  -1.264831100455607e+05  6.296485470437756e+05  -1.169824907295231e+06  4.701793994231855e+05  1.413877823112258e+06  -1.163792476606833e+06  -4.555730555438531e-02  -7.494056540858811e-02  -3.819264192885213e-02
  8.199999999999987e+00  -2.435921373801367e+05  5.428917900971558e+05  -1.334908545494127e+06  3.567334813989830e+05  1.495532287872850e+06  -1.329975433241551e+06  -5.353774898400497e-02  -9.062357304458296e-02  -8.513047568833661e-02
  8.299999999999986e+00  -2.451238371896622e+05  3.310795097886817e+05  -1.432229802385172e+06  3.264260658811242e+05  1.555066515924489e+06  -1.331510435140119e+06  -3.453792316012924e-02  -7.412261431278445e-02  -1.062610428061576e-01
  8.399999999999986e+00  -1.280576353973414e+05  9.008751048873433e+04  -1.465935561328554e+06  4.375836152566969e+05  1.607440516183644e+06  -1.177803518336211e+06  -4.301235729057219e-03  -3.316991088429545e-02  -9.216558212190328e-02
  8.499999999999986e+00  -1.287097691533160e+04  -1.846027486073313e+05  -1.370266989992374e+06  6.103064857331701e+05  1.646316429876774e+06  -1.032139038949317e+06  2.291362489574108e-02  1.605907545674200e-02  -7.029473840199775e-02
  8.599999999999985e+00  2.500314285180896e+04  -4.225237094830612e+05  -1.246064399896505e+06  7.029802112864853e+05  1.638456388091922e+06  -9.541680114420697e+05  3.817079735481686e-02  5.400744316797153e-02  -5.721503079534399e-02
  8.699999999999985e+00  4.010830407486707e+04  -4.914563540543959e+05  -1.247370141071666e+06  6.703001897735741e+05  1.579479437307938e+06  -9.203000731840442e+05  4.064364568651632e-02  6.273320598189738e-02  -4.735028192733357e-02
  8.799999999999985e+00  6.900162416828895e+04  -3.849814791839526e+05  -1.377040527192031e+06  5.553497772387529e+05  1.507809188396696e+06  -9.576393596305179e+05  3.832631401524619e-02  4.738731197240875e-02  -4.607770768600474e-02
  8.899999999999984e+00  1.310048273675553e+05  -2.046598396519633e+05  -1.494977589222627e+06  4.303161579533755e+05  1.470006539426673e+06  -1.031514691293456e+06  3.757406949621531e-02  2.401164275242723e-02  -5.315123969402390e-02
  8.999999999999984e+00  1.786232430036087e+05  -7.299637043265064e+04  -1.490993065818452e+06  3.772547185668750e+05  1.467549140541552e+06  -1.050884213630228e+06  3.894193759501126e-02  1.840589562419640e-03  -5.655654587556355e-02
  9.099999999999984e+00  1.339489552585810e+05  -3.131035260001112e+04  -1.511721302637921e+06  4.112839714715796e+05  1.468973544711725e+06  -1.021373782971034e+06  3.379883839552443e-02  -7.154457853741943e-03  -5.617018898291170e-02
  9.199999999999983e+00  1.201569618547855e+05  5.179798754787493e+03  -1.624872137220609e+06  5.214250730253177e+05  1.463307751454798e+06  -1.021890417604386e+06  1.227908251212156e-02  -4.773104941258960e-03  -5.753764301937043e-02
  9.299999999999983e+00  2.314858625692871e+05  4.110510103299849e+04  -1.742839639596281e+06  6.734592968424624e+05  1.470624006167017e+06  -1.019726862849131e+06  -1.554248258983784e-02  -3.650326678609607e-03  -6.642244851619297e-02
  9.399999999999983e+00  3.318877139455811e+05  2.256731888449260e+04  -1.831642007842313e+06  7.596764369546878e+05  1.487072979428179e+06  -8.955405156834314e+05  -2.480916893295164e-02  -4.196379250769178e-03  -7.693488933424095e-02
  9.499999999999982e+00  2.958518733492588e+05  -3.004812113089360e+04  -1.786979800151310e+06  6.895281209198800e+05  1.462486064861203e+06  -6.140547662571443e+05  -3.369159275215575e-03  -5.228446608921885e-03  -6.963238893582063e-02
  9.599999999999982e+00  1.146850137911453e+05  -7.297106461493750e+04  -1.531635296528940e+06  4.994516089317441e+05  1.356513136033846e+06  -2.931726310708092e+05  3.923913800845582e-02  -6.932667777573251e-03  -3.274897433408686e-02
  9.699999999999982e+00  -1.400039692302393e+05  -9.520589421945771e+04  -1.129810273149806e+06  3.084426211031730e+05  1.194891001935886e+06  -8.077725914291713e+04  8.022389729032230e-02  -7.464656064727661e-03  2.095587333976268e-02
  9.799999999999981e+00  -3.831000398971789e+05  -1.203837122108130e+05  -6.837822053059225e+05  2.064756592120985e+05  1.048487167525208e+06  -1.162779498689127e+04  9.840269240628753e-02  -8.897708010868515e-03  6.569980726152698e-02
  9.899999999999981e+00  -5.722297081639371e+05  -1.310688932904978e+05  -2.914629129275223e+05  2.077690713874516e+05  9.507573594495406e+05  -3.181037972114091e+04  9.200955914246506e-02  -1.388711349134995e-02  8.869462719266748e-02
  9.999999999999980e+00  -6.946788512133686e+05  -8.471213924698842e+04  -3.280476446611444e+04  2.759235966571880e+05  8.979491218811173e+05  -8.713777624064332e+04  7.531956071314420e-02  -2.013432577493837e-02  9.526604383291787e-02
  1.009999999999998e+01  -7.448233860712451e+05  -6.974611978759817e+03  8.652257207896878e+04  3.609643593755438e+05  8.921953942799704e+05  -1.542703324304544e+05  5.990992457382179e-02  -2.573200132232849e-02  9.471525455352756e-02
  1.019999999999998e+01  -7.178803879793660e+05  5.085078718021607e+04  1.723243508108810e+05  4.164978236775119e+05  9.171685174982398e+05  -2.219527401336789e+05  4.691712462591149e-02  -3.292232330138622e-02  9.284274211743505e-02
  1.029999999999998e+01  -6.729780943397724e+05  5.824969495979011e+04  3.091121623259261e+05  4.401461340244116e+05  9.271260648510193e+05  -2.804727836281415e+05  3.194482181002196e-02  -3.750544817502424e-02  9.115560487243902e-02
  1.039999999999998e+01  -6.920259866565401e+05  3.284178757818533e+04  4.796943145582862e+05  4.675453869623109e+05  9.023650472497040e+05  -3.321921777284578e+05  1.311427521972464e-02  -3.348627867879108e-02  8.958268313206312e-02
  1.049999999999998e+01  -7.557602273645692e+05  2.879331443134393e+04  6.578766553315091e+05  5.000910711772923e+05  8.713637153004454e+05  -3.857173592014559e+05  -4.934027802345242e-03  -2.698728481517007e-02  8.975607273761824e-02
  1.059999999999998e+01  -8.188135707571576e+05  3.379353181556873e+04  8.365462725581942e+05  5.127181013441187e+05  8.577412577522277e+05  -4.439580040024743e+05  -1.544941129441332e-02  -2.299694055992491e-02  9.117194572119622e-02
  1.069999999999998e+01  -8.567042648726396e+05  -1.599435515083657e+03  9.945804776425067e+05  4.961532021706494e+05  8.629120139518800e+05  -4.950288782584025e+05  -1.640542107801653e-02  -1.619017324295061e-02  9.199663601619150e-02
  1.079999999999998e+01  -8.107736475367100e+05  -7.881068841817605e+04  1.097460077292639e+06  4.726019495651229e+05  8.797391066091325e+05  -5.150636159387999e+05  -1.361128554782087e-02  -1.590064644121670e-03  9.665578922442614e-02
  1.089999999999998e+01  -6.693919654709665e+05  -1.760744721945651e+05  1.140833679307572e+06  4.840622962431407e+05  8.890236907767882e+05  -4.975198484353346e+05  -1.427922363881625e-02  2.049849654031897e-02  1.089200207173780e-01
  1.099999999999998e+01  -5.149029918350929e+05  -2.700355053976242e+05  1.174264828154453e+06  5.437739619307879e+05  8.731146049515649e+05  -4.690654971622469e+05  -1.954580241314634e-02  4.553829786232906e-02  1.236205247029141e-01
  1.109999999999998e+01  -4.203584319193905e+05  -3.281603377086454e+05  1.228077711310646e+06  6.165453109085002e+05  8.433034199697658e+05  -4.623926409938030e+05  -2.876376721899099e-02  6.477007648334183e-02  1.331881789732453e-01
  1.119999999999998e+01  -3.865618417311483e+05  -3.292405766091682e+05  1.254116632016830e+06  6.634212058228294e+05  8.365908901591779e+05  -4.938999567067757e+05  -4.302035494596137e-02  7.063660115451040e-02  1.320028637684877e-01
  1.129999999999998e+01  -3.825770173130491e+05  -2.785182964183664e+05  1.182236669024520e+06  6.787864273741497e+05  8.736582785215247e+05  -5.680071982441877e+05  -6.101740105468858e-02  6.441480263057313e-02  1.144680974153416e-01
  1.139999999999998e+01  -3.689402646439276e+05  -1.897595971618627e+05  1.003062522327292e+06  6.689733544344851e+05  9.431310716937905e+05  -6.701685389031493e+05  -7.687806144952818e-02  5.356672452835948e-02  8.092919242044051e-02
  1.149999999999998e+01  -3.162528015929615e+05  -9.180603402359193e+04  7.748500699175316e+05  6.370841785455366e+05  1.020287136006386e+06  -7.630676994069169e+05  -8.409343553415784e-02  4.426330940301633e-02  4.281176447650007e-02
  1.159999999999997e+01  -2.424827180845776e+05  -2.487613876533989e+04  5.787998224395927e+05  5.954572650719776e+05  1.074173401480481e+06  -8.130391130117544e+05  -7.992926057427062e-02  3.752781875403408e-02  1.467806539585988e-02
  1.169999999999997e+01  -2.031126440855369e+05  3.195046687212084e+03  4.801964763895720e+05  5.588618445349452e+05  1.075822121056564e+06  -8.163344214812138e+05  -6.646750567027426e-02  3.105240971502254e-02  3.896571793672902e-03
  1.179999999999997e+01  -2.379409124208017e+05  1.768078547851222e+04  4.930245875301733e+05  5.279177060557704e+05  1.027628311434221e+06  -8.003023680357320e+05  -4.836277190474080e-02  2.488449468715205e-02  7.890767716959995e-03
  1.189999999999997e+01  -3.336018964866895e+05  4.341897273823863e+04  5.589841465671677e+05  4.915776661738853e+05  9.716423822107798e+05  -8.024764669611809e+05  -3.043435489683288e-02  2.202005468422632e-02  1.830275371377180e-02
  1.199999999999997e+01  -4.428473360592283e+05  7.607792680366561e+04  5.812651343960922e+05  4.483649420587525e+05  9.564602880918252e+05  -8.390286616491730e+05  -1.750127541437185e-02  2.369153794383903e-02  2.759609551331455e-02
  1.209999999999997e+01  -5.057279300983907e+05  9.286901277370981e+04  5.205389276847403e+05  4.087923555225058e+05  9.997691725347836e+05  -8.958180343820518e+05  -1.057063070781549e-02  2.679993627145527e-02  3.135925712232391e-02
  1.219999999999997e+01  -4.871356659765707e+05  8.578786946379575e+04  4.329147358982252e+05  3.749333891881977e+05  1.074871128890608e+06  -9.453000895055447e+05  -4.746555295716261e-03  2.704827428427725e-02  2.828573435746554e-02
  1.229999999999997e+01  -4.264564486501495e+05  7.018159186811089e+04  3.882018067791018e+05  3.351227658470424e+05  1.135075623810610e+06  -9.667070044181101e+05  4.627021835994295e-03  2.334155462568240e-02  2.092083034065066e-02
  1.239999999999997e+01  -3.938422159469745e+05  6.559394537207410e+04  3.892863830847384e+05  2.831793349666103e+05  1.158367518806343e+06  -9.566533162501036e+05  1.678248120483140e-02  1.788370600987287e-02  1.375721632756301e-02
  1.249999999999997e+01  -4.041939534977238e+05  7.203607008957001e+04  3.812960472695916e+05  2.330774311976965e+05  1.164502163285078e+06  -9.248847668572023e+05  2.726408879852885e-02  1.312534587663745e-02  9.430287531635833e-03
  1.259999999999997e+01  -4.167888762648876e+05  7.758751303464541e+04  3.229935214303424e+05  2.072111063510304e+05  1.185725330018162e+06  -8.898871911369995e+05  3.279811484597390e-02  9.972889313430508e-03  6.480345825082834e-03
  1.269999999999997e+01  -4.019560401727272e+05  8.135315349458484e+04  2.288783120884256e+05  2.145157568791780e+05  1.225796327232939e+06  -8.702961803160225e+05  3.333190965196749e-02  8.048477490955774e-03  1.177132328553628e-03
  1.279999999999997e+01  -3.696055110241065e+05  9.382477759395348e+04  1.404157043767535e+05  2.431011716150361e+05  1.259273580605248e+06  -8.692109343848556e+05  3.024382333778620e-02  6.592001165858717e-03  -8.133089348987743e-03
  1.289999999999997e+01  -3.440957687273831e+05  1.195848628508788e+05  7.875091496146350e+04  2.741101186468255e+05  1.266004168657091e+06  -8.734440891254029e+05  2.407872719240863e-02  5.468404084382358e-03  -1.904231324998363e-02
  1.299999999999997e+01  -3.327537940833133e+05  1.543667493176140e+05  3.915385482645762e+04  2.979750956005273e+05  1.250800478469273e+06  -8.691772580991372e+05  1.545500028518754e-02  5.032937733813534e-03  -2.724647899127250e-02
  1.309999999999997e+01  -3.265254952903696e+05  1.901522559760500e+05  1.021262281648894e+04  3.150529478632177e+05  1.232146306804434e+06  -8.557629259274219e+05  6.887892291768780e-03  5.088794317837620e-03  -3.061662527568472e-02
  1.319999999999997e+01  -3.228416672747025e+05  2.148921791732189e+05  -1.589669454066844e+04  3.242133482173441e+05  1.223652348219067e+06  -8.440166895470665e+05  1.284897105220342e-03  4.322235787044195e-03  -3.100450820296177e-02
  1.329999999999997e+01  -3.283497894742938e+05  2.248715776156275e+05  -3.827224807825858e+04  3.184603833363635e+05  1.227806340732575e+06  -8.437342004143742e+05  -6.012666811173752e-04  1.195350357210265e-03  -3.164821172946514e-02
  1.339999999999997e+01  -3.510085339083137e+05  2.328091038010041e+05  -5.496513327438838e+04  2.965488100087202e+05  1.238729249744252e+06  -8.537411799026231e+05  -8.504026103242485e-04  -4.269522035826374e-03  -3.302673429145373e-02
  1.349999999999997e+01  -3.917843072774569e+05  2.538365361369878e+05  -7.163553782261278e+04  2.716918400844037e+05  1.245819783704266e+06  -8.633665231679211e+05  -2.362236494918480e-03  -1.054779556583266e-02  -3.326047361587382e-02
  1.359999999999997e+01  -4.367772514642927e+05  2.870684519344097e+05  -9.487739592146757e+04  2.619275069471664e+05  1.240951068122521e+06  -8.622443991819192e+05  -5.514113368385339e-03  -1.641585419230621e-02  -3.190892285015901e-02
  1.369999999999997e+01  -4.658993633137713e+05  3.111110183841960e+05  -1.229605889796358e+05  2.729428114168594e+05  1.225843151667687e+06  -8.450241895803123e+05  -7.638711684124892e-03  -2.104555447266939e-02  -3.049902666415328e-02
  1.379999999999997e+01  -4.686558850724304e+05  3.028718890903899e+05  -1.430989255651651e+05  2.928735096695691e+05  1.208777405837496e+06  -8.120612155657045e+05  -5.957708549072024e-03  -2.310058621270171e-02  -3.010789517521081e-02
  1.389999999999997e+01  -4.520987420104455e+05  2.614635401885270e+05  -1.430827538231731e+05  3.060226139007224e+05  1.194556598330442e+06  -7.748082095280990e+05  -6.981062368357434e-04  -2.187338324268926e-02  -3.033009791679139e-02
  1.399999999999997e+01  -4.342890160655549e+05  2.095959294006838e+05  -1.280533953906486e+05  3.088527074902750e+05  1.179904249399661e+06  -7.539025466934516e+05  4.883108669716365e-03  -1.903547206432711e-02  -3.000815647763521e-02
  1.409999999999997e+01  -4.258782832046772e+05  1.725403672143504e+05  -1.133328440311188e+05  3.097512653771751e+05  1.158423440070010e+06  -7.617456225212573e+05  7.489050935219901e-03  -1.756002866884506e-02  -2.805098513875040e-02
  1.419999999999997e+01  -4.221881094855903e+05  1.578080577619210e+05  -1.022284100338830e+05  3.164930543277867e+05  1.129722732005507e+06  -7.893740924193566e+05  6.168963890210012e-03  -1.855522152186545e-02  -2.414760806939607e-02
  1.429999999999997e+01  -4.160898666571851e+05  1.543845611167457e+05  -8.423940385144106e+04  3.273795117312133e+05  1.101898920708500e+06  -8.146665698585409e+05  1.968533955407754e-03  -1.997645952992347e-02  -1.898397476118221e-02
  1.439999999999996e+01  -4.083180411711093e+05  1.483813076600734e+05  -5.063480450106307e+04  3.338331584721269e+05  1.083842112883207e+06  -8.204014528760090e+05  -3.259483943264733e-03  -1.901168618408308e-02  -1.334494559524926e-02
  1.449999999999996e+01  -4.045627702382238e+05  1.360631887991845e+05  -5.003147884165102e+03  3.299099956535668e+05  1.076782528698217e+06  -8.035181886163395e+05  -6.924257470596218e-03  -1.527785851548382e-02  -7.442138206047849e-03
  1.459999999999996e+01  -4.095037417506769e+05  1.244867233808948e+05  4.041187068342765e+04  3.179343319208094e+05  1.073791372952113e+06  -7.723142258185617e+05  -6.290965198806235e-03  -1.114911242596997e-02  -1.364037782543993e-03
  1.469999999999996e+01  -4.232137767178174e+05  1.227779048234340e+05  7.797084293011308e+04  3.058069843229629e+05  1.067150042973540e+06  -7.389175043808299e+05  -1.166866416619950e-03  -9.262574142324932e-03  4.241100707765473e-03
  1.479999999999996e+01  -4.431283993475191e+05  1.313071270758070e+05  1.097194454057239e+05  3.007511431997503e+05  1.056350799464966e+06  -7.147024287514201e+05  4.755688661597793e-03  -1.002333890328396e-02  8.147814207430132e-03
  1.489999999999996e+01  -4.662569196266824e+05  1.413759435594183e+05  1.424909833482371e+05  3.036723166925730e+05  1.047593174546727e+06  -7.069665001600584e+05  6.962869914855796e-03  -1.156947841913335e-02  9.486362834594057e-03
  1.499999999999996e+01  -4.877975646090541e+05  1.444683594425454e+05  1.794591208957477e+05  3.085722654985012e+05  1.046386917314113e+06  -7.138759663652459e+05  4.304936479327945e-03  -1.183400821980252e-02  8.551078831197160e-03
  1.509999999999996e+01  -5.027726742748414e+05  1.379921192607237e+05  2.109216037647965e+05  3.097757907997108e+05  1.052310318153267e+06  -7.246525435154757e+05  -4.931988814640233e-04  -1.018051111851172e-02  6.375048062733447e-03
  1.519999999999996e+01  -5.087684368178427e+05  1.254132049950382e+05  2.203261548397761e+05  3.087748769260898e+05  1.059797211734112e+06  -7.281373549044395e+05  -3.871225540194677e-03  -7.401935848645414e-03  4.039659667840733e-03
  1.529999999999996e+01  -5.053280368655999e+05  1.133726581261916e+05  2.045942965941546e+05  3.122679177991413e+05  1.063804259661431e+06  -7.222969808903417e+05  -4.276240631446448e-03  -4.632117362150334e-03  2.520085407971435e-03
  1.539999999999996e+01  -4.929990322509321e+05  1.062863304984344e+05  1.819845719899878e+05  3.247785417137939e+05  1.065414848164163e+06  -7.149699009003950e+05  -2.694244662151427e-03  -2.427659507227500e-03  2.227132008808255e-03
  1.549999999999996e+01  -4.751894967434726e+05  1.027001332510023e+05  1.755088152442808e+05  3.441329949093974e+05  1.069955371892228e+06  -7.139861941388622e+05  -1.437455445097790e-03  -1.015185218227770e-03  2.574728820645168e-03
  1.559999999999996e+01  -4.596952023621502e+05  9.779443783396973e+04  1.895922268028091e+05  3.634409691177588e+05  1.079506245346872e+06  -7.186684032113666e+05  -2.208552314331041e-03  -8.072821497840510e-04  2.606539092306761e-03
  1.569999999999996e+01  -4.552230131450127e+05  8.960787232623425e+04  2.070249062810938e+05  3.762886061169501e+05  1.089958174892175e+06  -7.227983317418424e+05  -4.541521753071411e-03  -1.955452568349906e-03  1.913142813040951e-03
  1.579999999999996e+01  -4.651865242830061e+05  8.126674793687335e+04  2.096411761912835e+05  3.801379837734594e+05  1.095275434998559e+06  -7.230201885924226e+05  -5.952152383992785e-03  -3.699915250393906e-03  7.697517576990383e-04
  1.589999999999996e+01  -4.839783740976975e+05  7.717557800654357e+04  1.976150794342295e+05  3.768276882086664e+05  1.092766991056441e+06  -7.215510694807699e+05  -3.989022270468894e-03  -4.733742616389629e-03  -2.800900051993495e-04
  1.599999999999996e+01  -5.007540042269323e+05  7.856807454884467e+04  1.859360713315260e+05  3.712352519222122e+05  1.084171858710625e+06  -7.217608003628409e+05  1.343650977948945e-03  -4.284331411773802e-03  -7.422206655529958e-04
  1.609999999999996e+01  -5.077259385915980e+05  8.227912524171582e+04  1.858211170703662e+05  3.688315905086852e+05  1.073795146503216e+06  -7.239378519313211e+05  7.059060992772525e-03  -2.628740488238485e-03  -3.683290719201895e-04
  1.619999999999996e+01  -5.030464863825697e+05  8.320616251877281e+04  1.949553423109553e+05  3.731619956599125e+05  1.067091442890269e+06  -7.259488211129174e+05  9.517474800251283e-03  -6.192840630244950e-04  5.881695277756909e-04
  1.629999999999996e+01  -4.904110371135388e+05  7.810129308726442e+04  2.025230838875699e+05  3.846065237352826e+05  1.069011736208390e+06  -7.262515841954036e+05  7.343161000677992e-03  1.076344313494679e-03  1.415078312678770e-03
  1.639999999999996e+01  -4.775490361255420e+05  6.758491923846332e+04  1.984086384991311e+05  4.002712971872237e+05  1.080386266503174e+06  -7.249501482920464e+05  2.220755621684454e-03  2.379400569548269e-03  1.468480152701228e-03
  1.649999999999996e+01  -4.695693449345984e+05  5.529510631442379e+04  1.804751722632808e+05  4.142042247698767e+05  1.095728838259624e+06  -7.227867594256763e+05  -2.585352874162347e-03  3.599442773622238e-03  6.619771261691309e-04
  1.659999999999997e+01  -4.643012741046702e+05  4.439977118954713e+04  1.568910070216552e+05  4.194647048955281e+05  1.107350203640906e+06  -7.203694153819722e+05  -4.629886696327301e-03  4.879586156408344e-03  -4.932702402479930e-04
  1.669999999999997e+01  -4.567007663373568e+05  3.485143263264514e+04  1.404154653584098e+05  4.125859015336707e+05  1.112557820278171e+06  -7.180245847561066e+05  -3.752487046498391e-03  6.006934381123351e-03  -1.259652968217559e-03
  1.679999999999997e+01  -4.467180110087288e+05  2.502312911975020e+04  1.375709961302751e+05  3.962945464931861e+05  1.115267716923891e+06  -7.161219329192574e+05  -1.659404840453756e-03  6.738234945460810e-03  -1.198762969112732e-03
  1.689999999999997e+01  -4.394405934519629e+05  1.539002004461421e+04  1.429700498547410e+05  3.774177097841665e+05  1.120225037301386e+06  -7.156188570143104e+05  -2.427309380996199e-04  7.160678634145674e-03  -5.238810813025868e-04
  1.699999999999997e+01  -4.376568654562343e+05  9.043917283478644e+03  1.447508819746414e+05  3.619218684133366e+05  1.127043963930434e+06  -7.180399500653982e+05  -9.856278539177876e-05  7.692151490510405e-03  5.586948571516387e-05
  1.709999999999997e+01  -4.382280393144707e+05  7.856319057021518e+03  1.352750046513379e+05  3.514729094224194e+05  1.131260007780428e+06  -7.244984598500505e+05  -5.518161276678532e-04  8.635308136501641e-03  -3.622212974065881e-05
  1.719999999999997e+01  -4.353701732738319e+05  9.637867810260270e+03  1.178847383695161e+05  3.444757218099139e+05  1.129992695636193e+06  -7.349236019263280e+05  -7.285178140530961e-04  9.843903144716198e-03  -7.773755143228296e-04
  1.729999999999998e+01  -4.272500175148337e+05  9.819211680013970e+03  1.023745495336742e+05  3.390791911400146e+05  1.125066349093699e+06  -7.483387463433172e+05  -4.973722054913119e-04  1.069706482252078e-02  -1.646693020356017e-03
  1.739999999999998e+01  -4.172125656225956e+05  6.563515962531744e+03  9.490544579458650e+04  3.347996386838881e+05  1.121079185501653e+06  -7.637157385126206e+05  -2.563238160486430e-04  1.050387546227920e-02  -2.184188494207311e-03
  1.749999999999998e+01  -4.096147335770475e+05  4.139336028033807e+03  9.285974109637168e+04  3.321986716779317e+05  1.121441263715414e+06  -7.798861021450586e+05  -1.945005043221817e-04  9.074249647112070e-03  -2.292128544231141e-03
  1.759999999999998e+01  -4.056944260197479e+05  9.309557817713954e+03  8.798773787902964e+04  3.321273465043898e+05  1.126475275792576e+06  -7.946520712404771e+05  -4.852331511279272e-06  7.030980273173970e-03  -2.025723170441427e-03
  1.769999999999998e+01  -4.041121910828276e+05  2.386259127261390e+04  7.409031144132772e+04  3.348804203867218e+05  1.134230479219313e+06  -8.045173851991324e+05  7.672225106007913e-04  5.408590895514297e-03  -1.405358166510558e-03
  1.779999999999998e+01  -4.043788893227854e+05  4.208764567581807e+04  5.263345202070849e+04  3.391677758815998e+05  1.142171735665791e+06  -8.060007491261803e+05  2.225264525460321e-03  4.689513748292093e-03  -5.739824025952947e-04
  1.789999999999998e+01  -4.072236026500142e+05  5.610373250661286e+04  3.164291620222747e+04  3.421249545114261e+05  1.148326533668510e+06  -7.980713216802670e+05  3.999797414707035e-03  4.284359844870867e-03  -1.629696364005766e-05
  1.799999999999999e+01  -4.124982051027382e+05  6.273815202840564e+04  1.920271811845023e+04  3.410756971274698e+05  1.151638455266786e+06  -7.836626773984494e+05  5.388489780877348e-03  3.075077725501227e-03  -4.302493272667188e-04
  1.809999999999999e+01  -4.183818235338174e+05  6.489071283892381e+04  1.815766432234155e+04  3.357405472536796e+05  1.152004773183499e+06  -7.687892002368600e+05  5.673348620037552e-03  4.690989569719687e-04  -2.135162856202134e-03
  1.819999999999999e+01  -4.227813700480695e+05  6.702721611126614e+04  2.659277012048529e+04  3.289086500307797e+05  1.150118814311606e+06  -7.593269192815239e+05  4.580792096712897e-03  -2.974007545896626e-03  -4.539836898745105e-03
  1.829999999999999e+01  -4.254280235622539e+05  7.048156585474919e+04  4.110490141769437e+04  3.246980900371699e+05  1.146943504702759e+06  -7.575890194248755e+05  2.521262526105311e-03  -5.834916041835176e-03  -6.301410563410371e-03
  1.839999999999999e+01  -4.277375177404730e+05  7.348211137222864e+04  5.799343291038088e+04  3.254456685038465e+05  1.142993776831169e+06  -7.615113162519014e+05  4.465370645656855e-04  -6.790617013649004e-03  -6.202346536175891e-03
  1.849999999999999e+01  -4.310097723113276e+05  7.472488457849722e+04  7.294864777729390e+04  3.296483326610340e+05  1.138183697147444e+06  -7.668165744592259e+05  -6.967097214218174e-04  -5.511961496302635e-03  -4.126139446120928e-03
  1.859999999999999e+01  -4.356123622080911e+05  7.561304388799515e+04  8.214135372471131e+04  3.330355407988118e+05  1.132616796178852e+06  -7.703230324286113e+05  -5.881263699553095e-04  -2.917797530583231e-03  -1.259318289794872e-03
  1.870000000000000e+01  -4.415769656499969e+05  7.844464566164483e+04  8.444909495701782e+04  3.322895274466132e+05  1.127225755121706e+06  -7.716117571447119e+05  2.998977649858997e-04  -5.970393371646374e-04  7.290265240683877e-04
  1.880000000000000e+01  -4.486896141509233e+05  8.323312794478526e+04  8.277358472104695e+04  3.278561373377947e+05  1.123167535689406e+06  -7.714915044565179e+05  1.160160361456014e-03  1.701025863029728e-04  8.681906233795016e-04
  1.890000000000000e+01  -4.560242151769383e+05  8.725084325395335e+04  8.241109550636275e+04  3.233500110471537e+05  1.120662850592567e+06  -7.694857152840187e+05  1.523702572558831e-03  -8.768604839429597e-04  -5.252504295588178e-04
  1.900000000000000e+01  -4.625064922688831e+05  8.790263968180747e+04  8.754101435053657e+04  3.226373922657134e+05  1.118798000746947e+06  -7.635540750511904e+05  1.486008742221790e-03  -2.935784099597894e-03  -2.247279710175262e-03
  1.910000000000000e+01  -4.679798973805101e+05  8.572278072179195e+04  9.865461272336543e+04  3.271612462469625e+05  1.116702586853231e+06  -7.523760267873103e+05  1.360848507481744e-03  -4.759409209291267e-03  -3.184296680556122e-03
  1.920000000000000e+01  -4.729990147459726e+05  8.427252449771921e+04  1.123116049315887e+05  3.354270679165592e+05  1.114555447596897e+06  -7.378508514144475e+05  1.280824691235685e-03  -5.449126694512192e-03  -3.039769126460745e-03
  1.930000000000000e+01  -4.772472638463033e+05  8.684058065592816e+04  1.236786760469033e+05  3.444664006946702e+05  1.112987052002902e+06  -7.247300888844415e+05  1.162368135022513e-03  -4.827947340408864e-03  -2.255637499801304e-03
  1.940000000000001e+01  -4.789728906820650e+05  9.314195344441607e+04  1.304474633271594e+05  3.515254657170422e+05  1.111758738955305e+06  -7.174846392166170e+05  8.752060251865287e-04  -3.271460786394856e-03  -1.373631394813756e-03
  1.950000000000001e+01  -4.766052936658331e+05  9.941530360313696e+04  1.347429900017722e+05  3.551292923935058e+05  1.109627857302025e+06  -7.176477553474997e+05  3.661127663316974e-04  -1.333038433372160e-03  -5.476893822074725e-04
  1.960000000000001e+01  -4.706118817661409e+05  1.013033539717271e+05  1.406025181606598e+05  3.554963961464177e+05  1.105832280365308e+06  -7.232411594196976e+05  -3.295293696264771e-04  4.723819266374041e-04  4.015245821424665e-04
  1.970000000000001e+01  -4.636448362496659e+05  9.677253636538630e+04  1.492606437376828e+05  3.543522410761270e+05  1.101215213170457e+06  -7.301291319802790e+05  -1.128083501819828e-03  1.711100996859083e-03  1.634352999203315e-03
  1.980000000000001e+01  -4.589033410638153e+05  8.721612692254339e+04  1.576835852051160e+05  3.542043306639110e+05  1.097650436822078e+06  -7.345236906404919e+05  -1.878136566887228e-03  2.139744717231773e-03  3.047818862770613e-03
  1.990000000000001e+01  -4.581432578928809e+05  7.639723157252635e+04  1.619277138599936e+05  3.567253236752141e+05  1.096542323727187e+06  -7.349464011080768e+05  -2.362868398311993e-03  1.824858083547748e-03  4.282950716901090e-03
