TITLE = "Temporal Signal for receiver number 01190"
VARIABLES = "Time","xx","yy","zz","xy","yz","xz","u","v","w"
# x1       3.595946160000e+05
# x2       4.728684950000e+06
# x3       -3.000000000000e+03
  0.000000000000000e+00  0.000000000000000e+00  0.000000000000000e+00  0.000000000000000e+00  0.000000000000000e+00  0.000000000000000e+00  0.000000000000000e+00  0.000000000000000e+00  0.000000000000000e+00  0.000000000000000e+00
  1.000000000000000e-01  0.000000000000000e+00  0.000000000000000e+00  0.000000000000000e+00  0.000000000000000e+00  0.000000000000000e+00  0.000000000000000e+00  0.000000000000000e+00  0.000000000000000e+00  0.000000000000000e+00
  2.000000000000000e-01  0.000000000000000e+00  0.000000000000000e+00  0.000000000000000e+00  0.000000000000000e+00  0.000000000000000e+00  0.000000000000000e+00  0.000000000000000e+00  0.000000000000000e+00  0.000000000000000e+00
  3.000000000000000e-01  9.053886507580882e-09  4.771188943574120e-08  8.040602949044184e-09  -1.140592437574422e-09  6.137030322394282e-09  2.621072265341790e-09  5.702353336936468e-16  4.206239391296202e-15  -1.484094945084502e-17
  4.000000000000000e-01  -7.102226648345978e-05  -1.922976002340134e-04  -3.219407123078552e-05  2.043062745197074e-05  -3.424958392830915e-05  -5.082779029781556e-06  1.083387107727789e-12  -1.507579799207775e-11  -1.650524903547449e-12
  5.000000000000000e-01  -1.453869467641765e-03  -3.291217768885489e-03  -1.261731395813136e-03  8.828930049304955e-05  -2.674254065621341e-04  3.867569065475590e-05  -4.770210949147978e-11  -2.783725510366391e-10  1.970664892228669e-11
  6.000000000000000e-01  -5.828233692614347e-04  1.065537865723989e-02  -1.788769260732062e-03  1.987104593477027e-03  2.678890003905998e-03  2.405615314397488e-03  2.375685392137523e-10  1.002806049190459e-09  7.503414954700449e-10
  7.000000000000000e-01  1.637894175622843e-02  -1.263981488665137e-02  9.661464895406062e-03  4.212125215303755e-03  -2.171534469587104e-02  -6.364582651154503e-03  -2.108373597505315e-10  -1.489127189573803e-10  -2.110901866765700e-09
  7.999999999999999e-01  -1.297282432511010e-01  -2.710527742643721e-01  -7.704423036587627e-02  -2.137918465157296e-02  5.808274088312376e-02  2.356276159429947e-02  -2.914243046681052e-09  -2.699493481451491e-08  1.301030938239177e-08
  8.999999999999999e-01  9.053184003712619e-02  6.552024304778362e-01  -8.462717866773463e-02  -1.519468063892644e-01  -1.775187004276065e-01  2.724101439398726e-02  -3.003058396864144e-08  7.348114791253379e-08  -2.756131155877998e-08
  9.999999999999999e-01  1.941332975430115e+00  2.355019113546410e+00  2.204663172923421e+00  1.683077536458737e+00  -2.132126517780397e-02  -3.909539870646180e-01  2.730752045118584e-07  1.850262337667008e-07  5.452295419039991e-08
  1.100000000000000e+00  -1.070605559776801e+01  -1.754465068472646e+01  -9.490541902046477e+00  -6.843782189273865e+00  -3.232175477677811e-01  9.695826919944019e-01  -1.000282437066737e-06  -1.316408378938859e-06  -8.305514744123239e-08
  1.200000000000000e+00  2.943004022383167e+01  4.476079842664707e+01  2.440673795141433e+01  1.720513075111850e+01  -2.512302107075153e+00  -7.567331452577216e+00  2.068896703230402e-06  3.274834326829264e-06  -2.581563337789415e-07
  1.300000000000000e+00  -7.711540021955463e+01  -1.222477091241842e+02  -6.763280596036728e+01  -3.527856311834445e+01  2.992973703735154e+01  2.377921296285731e+01  -4.438861013844853e-06  -9.630491997109570e-06  4.626818590989969e-06
  1.400000000000000e+00  -8.722676880220005e+02  -1.710696771880882e+03  -1.001049554282523e+03  -4.674899833754684e+02  5.397496443830512e+02  2.459521583022220e+02  -6.583240214749208e-05  -1.465154207856317e-04  7.843894964856342e-05
  1.500000000000000e+00  -5.872178362673924e+02  -2.057676020099784e+03  -1.305499811502284e+03  -3.889649929893461e+02  1.105548484713803e+03  4.053473652554473e+02  -3.971818189846649e-05  -1.737447819572045e-04  1.463074102979867e-04
  1.600000000000000e+00  5.525145766345726e+02  -1.395549423755416e+03  -8.439717702255236e+02  2.158466904266173e+02  1.642806098787531e+03  4.908963853472331e+02  6.309824221751671e-05  -1.182429759614520e-04  1.850374274728608e-04
  1.700000000000000e+00  9.028813107764870e+02  -1.428566379768777e+03  -4.157457860584636e+02  2.220962589561859e+02  2.127841983403941e+03  6.625329806883481e+02  5.541941997635705e-05  -1.163805317122893e-04  1.758612178159389e-04
  1.800000000000000e+00  2.132645050705739e+02  -3.246742540285481e+03  -1.242136541099564e+03  -3.216714249978185e+02  3.169502569564201e+03  1.033938226982427e+03  -3.676493030884599e-05  -2.729312192917321e-04  2.368223496334944e-04
  1.900000000000001e+00  5.476487780076711e+02  -5.751955078764232e+03  -2.468074666938324e+03  -8.842520995368423e+01  5.458884123186921e+03  1.744249694687974e+03  2.976637150761733e-05  -4.875218145108330e-04  4.639045692838654e-04
  2.000000000000000e+00  4.512740629312392e+02  -1.101941967142250e+04  -3.653008465538187e+03  -4.760403700127024e+02  9.151233181649673e+03  2.941007299953712e+03  4.648014292753378e-05  -9.265645362524851e-04  7.900752945170954e-04
  2.100000000000001e+00  -3.514474167483954e+03  -2.027505358709495e+04  -6.882307893036224e+03  -3.846658328793704e+03  1.381490580522931e+04  5.179872089627874e+03  -4.618148108543511e-04  -1.683331676421133e-03  1.172595522644653e-03
  2.200000000000001e+00  -1.747225379442864e+04  -4.539016267096311e+04  -2.319926697417932e+04  -1.277046486440092e+04  2.450244042518125e+04  1.085385043725388e+04  -1.858205011962306e-03  -3.808819101192299e-03  2.468807604154415e-03
  2.300000000000001e+00  -3.466484204976347e+04  -9.057839663339985e+04  -6.004315998284250e+04  -2.254271064882706e+04  5.165063028514033e+04  2.210876887878049e+04  -3.207952170026635e-03  -7.719343724850812e-03  6.092109967157618e-03
  2.400000000000001e+00  -2.123560049027553e+04  -1.095537453125082e+05  -9.594740059970049e+04  -1.450584703414458e+04  9.379478449547224e+04  3.517789641046725e+04  -1.628969649892956e-03  -9.554423096454226e-03  1.144314332322527e-02
  2.500000000000001e+00  1.430983384806276e+04  -1.061144118143719e+05  -1.308637784873995e+05  6.675271904668471e+03  1.469962943366558e+05  4.858525926651068e+04  1.437656822370656e-03  -9.823336277568281e-03  1.727521106280154e-02
  2.600000000000001e+00  9.304807704483496e+04  -4.093619489830382e+04  -1.416585064730606e+05  5.116250734717755e+04  1.910483308317331e+05  5.502587757734751e+04  7.132070950247114e-03  -5.127726119519393e-03  2.027648770085911e-02
  2.700000000000001e+00  2.102232484796767e+05  7.178151020513168e+04  -1.334733258350260e+05  1.243116752413510e+05  2.201709883737503e+05  4.502125489024410e+04  1.639558659994286e-02  2.747739755931552e-03  1.935466784413279e-02
  2.800000000000001e+00  3.605689175995666e+05  2.276043540584680e+05  -1.183925144404065e+05  2.262116758930652e+05  2.443626563727792e+05  2.237304749590007e+04  2.893153087078017e-02  1.415610951092400e-02  1.801178413002577e-02
  2.900000000000001e+00  4.934762082795322e+05  4.409052667364332e+05  -9.616758988711976e+04  3.200984180525557e+05  2.035372404693851e+05  -1.930468944332887e+04  3.761014815095421e-02  3.208227129896780e-02  1.252568435021530e-02
  3.000000000000001e+00  4.803179581197221e+05  6.629969653236202e+05  5.333550992668343e+04  3.097195291486097e+05  -3.021723290487569e+04  -8.253198751224777e+04  2.430827588068612e-02  5.268365713208827e-02  -1.923664051016341e-02
  3.100000000000001e+00  2.946876511160763e+05  7.632621621207302e+05  4.668161877764992e+05  1.823974056311030e+05  -4.342493740373398e+05  -2.021323500271064e+05  -7.626774776021066e-03  6.259507851515624e-02  -8.854781333512940e-02
  3.200000000000002e+00  8.220364021680724e+04  7.520397691259729e+05  1.074227098059675e+06  1.918992319199274e+04  -8.536713746880756e+05  -3.365144261770748e+05  -4.070812090214183e-02  6.222204332340183e-02  -1.694809449099744e-01
  3.300000000000002e+00  -2.939615386882920e+05  3.723207581959365e+05  1.153046438280816e+06  -1.312207792256456e+05  -9.959593487516541e+05  -4.365188246862024e+05  -6.715998031586905e-02  3.000216109849145e-02  -1.903594541005669e-01
  3.400000000000002e+00  -5.282426879927572e+05  8.175654920672457e+04  1.325221141785698e+06  -2.469222674145592e+05  -1.008431859223072e+06  -5.179763232080028e+05  -8.678170134012880e-02  -3.146671985936088e-04  -2.077601724018116e-01
  3.500000000000002e+00  -6.397922887456483e+05  -1.627939540355190e+05  1.462058364239854e+06  -3.341539653823705e+05  -9.339468072679136e+05  -5.349516163885274e+05  -1.034510732209302e-01  -3.044016591377718e-02  -2.184101720651448e-01
  3.600000000000002e+00  -5.984157198747006e+05  -2.999985519721693e+05  1.614374233496608e+06  -4.280585617616537e+05  -8.250188325661115e+05  -5.547656862527136e+05  -1.115063529115240e-01  -5.686047581625236e-02  -2.360406394370350e-01
  3.700000000000002e+00  -8.379678480780114e+05  -4.547326166454480e+05  1.619834129428500e+06  -5.136143199518097e+05  -6.872924480092506e+05  -5.363304278377545e+05  -1.434653926823821e-01  -8.206177114697487e-02  -2.502181177118085e-01
  3.800000000000002e+00  -1.071485299922772e+06  -6.969059409010463e+05  1.358612525114019e+06  -5.576224857314539e+05  -4.622691179955121e+05  -4.212780408114913e+05  -1.794256391164218e-01  -1.091055222064949e-01  -2.406715066577101e-01
  3.900000000000002e+00  -1.198942312477899e+06  -9.064845245377584e+05  1.007942535421501e+06  -5.848750661560734e+05  -1.758083205036504e+05  -2.372452795207114e+05  -2.077293869380118e-01  -1.321361463062063e-01  -2.169386597170680e-01
  4.000000000000002e+00  -1.392161174542094e+06  -7.718099583183035e+05  8.787695261471465e+05  -5.747834733697212e+05  -1.839903683141015e+04  -1.771799860955037e+05  -2.348405114663449e-01  -1.262648062452559e-01  -2.186046935049894e-01
  4.100000000000001e+00  -1.351390057573238e+06  -4.209031574296964e+05  5.573570302787054e+05  -4.357794038845751e+05  -1.558837299929321e+05  -2.211873459357994e+05  -2.202942320917762e-01  -7.916563522949296e-02  -1.983692284904197e-01
  4.200000000000001e+00  -8.137092949923851e+05  -2.595230884245915e+05  -3.731361808610789e+05  -2.178024123252867e+05  -4.112827142366712e+05  -2.687544273390996e+05  -1.394995123496490e-01  -2.852651296647575e-02  -1.130440524404400e-01
  4.300000000000001e+00  -1.875019372329709e+05  -2.678214819151250e+05  -1.228814047799545e+06  -9.425368174335244e+04  -5.624309415058779e+05  -2.703456688350335e+05  -6.088759026087931e-02  -6.715121914963399e-03  -3.930551639854290e-02
  4.400000000000000e+00  1.832047946326147e+05  -3.209629594331639e+05  -1.642621886515778e+06  -7.576413632875370e+04  -5.897001117496474e+05  -2.477006364917796e+05  -2.108281186121675e-02  -7.531832537583807e-03  -6.876210382735080e-03
  4.500000000000000e+00  3.841768232939998e+05  -4.180889522789889e+05  -1.893569302634192e+06  -7.440487880809022e+04  -6.095138554825562e+05  -3.426186346404021e+05  1.411016853054307e-02  -1.106086395861378e-02  1.264720414024620e-02
  4.600000000000000e+00  4.313627596106944e+05  -5.573820511721967e+05  -2.032555970873066e+06  -1.052268413226085e+05  -6.944113417578411e+05  -5.134586350614227e+05  3.519883991709465e-02  -1.357400211184303e-02  4.349873984592002e-03
  4.699999999999999e+00  3.323424103970056e+05  -7.231202248808810e+05  -1.986918661441847e+06  -1.782602031861309e+05  -7.623422565340775e+05  -6.038138101612985e+05  2.416271769268095e-02  -2.727061991294739e-02  -3.484290740779653e-02
  4.799999999999999e+00  2.062671343877841e+05  -9.006380546861301e+05  -1.879225845349301e+06  -2.314273966851647e+05  -7.938036675787672e+05  -6.321687999406576e+05  6.832327488773680e-03  -4.379592200318390e-02  -6.562367308013238e-02
  4.899999999999999e+00  8.619356038569365e+04  -1.053533846910414e+06  -1.852595639858002e+06  -2.628052758500779e+05  -8.730094779928630e+05  -6.334171063870172e+05  -3.501674326541946e-03  -5.059178695114884e-02  -7.853813246228816e-02
  4.999999999999998e+00  -3.724462923192776e+04  -1.204399610864019e+06  -1.924628638003812e+06  -3.057928749683275e+05  -9.990205747105564e+05  -5.939131121086268e+05  -1.791946073607860e-02  -5.865135007094158e-02  -9.166831056625066e-02
  5.099999999999998e+00  -8.559442825017950e+04  -1.262514837873430e+06  -1.898537356534250e+06  -3.306039594265862e+05  -1.090921655970433e+06  -5.612627569374854e+05  -3.415871847401401e-02  -6.357793768893326e-02  -1.016595537475431e-01
  5.199999999999998e+00  -1.926284767303321e+04  -1.166267041719113e+06  -1.805104902054785e+06  -3.056579393603484e+05  -1.077326217515518e+06  -5.813116473613322e+05  -3.435519169739835e-02  -5.019215513304112e-02  -9.425375897499971e-02
  5.299999999999997e+00  1.389837532147233e+05  -1.048841958342503e+06  -1.757621516813616e+06  -2.737855047429286e+05  -1.033683571727811e+06  -5.821582826247679e+05  -2.063181930922825e-02  -3.098364333770064e-02  -8.527129274257761e-02
  5.399999999999997e+00  2.835640033389686e+05  -1.071025140376021e+06  -1.731859566458082e+06  -2.715880528828563e+05  -1.057299476369197e+06  -5.091936171243441e+05  -8.450186625748762e-03  -2.777265618412818e-02  -9.352130181672090e-02
  5.499999999999996e+00  3.556855983712370e+05  -1.049235561801415e+06  -1.772862538346288e+06  -2.451233240197660e+05  -1.082539560971994e+06  -4.768592295422107e+05  4.483705445298525e-03  -2.166526060146550e-02  -9.916093087146134e-02
  5.599999999999996e+00  3.600841066461671e+05  -7.652848159037291e+05  -2.024874234550675e+06  -1.613978661721029e+05  -1.009965954259532e+06  -5.604143981141552e+05  2.393538389394356e-02  1.395294023463868e-02  -8.059267260621708e-02
  5.699999999999996e+00  3.298334604045429e+05  -3.498586176674809e+05  -2.351049868184696e+06  -7.657603773517066e+04  -8.740916928298249e+05  -6.487640698280861e+05  4.363604394052391e-02  6.388271858244553e-02  -5.284102838023895e-02
  5.799999999999995e+00  2.959475649509911e+05  -6.167288543509781e+04  -2.429809132750748e+06  -2.885960020023838e+04  -7.731706752353170e+05  -6.587843057711634e+05  5.843539352159306e-02  9.544538757034836e-02  -3.798175762579530e-02
  5.899999999999995e+00  2.212092375245385e+05  8.111624506725218e+03  -2.297211968882635e+06  1.195601727211239e+04  -7.353669425340061e+05  -6.376826776237456e+05  6.567127794632208e-02  1.026253372726205e-01  -4.419168475069209e-02
  5.999999999999995e+00  1.252932203677730e+05  -1.230579770790205e+04  -2.237023555410163e+06  7.017473258785410e+04  -7.166014988434163e+05  -6.423722072756205e+05  6.616906415926196e-02  1.052830690196569e-01  -6.664057780672955e-02
  6.099999999999994e+00  9.197378282301665e+04  -1.304541764601754e+04  -2.292988649770408e+06  1.210000181829324e+05  -6.773051719969375e+05  -6.485196990193682e+05  6.522296322866111e-02  1.126164481130310e-01  -8.741367659780210e-02
  6.199999999999994e+00  1.011312054260924e+05  -3.278058333342547e+04  -2.269466982496352e+06  1.585750174144135e+05  -6.191064823071276e+05  -5.924269745784262e+05  6.547439108894398e-02  1.146222488020297e-01  -8.801100387041287e-02
  6.299999999999994e+00  1.195300612103639e+05  -7.538744557013194e+04  -2.039052482446355e+06  2.122313625897654e+05  -5.371517408615493e+05  -4.877476342978384e+05  6.855324685489285e-02  1.090979347828877e-01  -6.392429261890356e-02
  6.399999999999993e+00  1.694326476140555e+05  -1.035880150420035e+05  -1.695430113171799e+06  2.791569314517544e+05  -4.122538602140048e+05  -4.045270701830047e+05  7.476954524009127e-02  1.049871646618994e-01  -2.431854697699903e-02
  6.499999999999993e+00  2.374720980489718e+05  -1.046755627741362e+05  -1.352304282250245e+06  3.013439136053073e+05  -2.620380553780790e+05  -3.685139739085759e+05  7.341057565829255e-02  1.032690145967134e-01  1.499998403843970e-02
  6.599999999999993e+00  2.522510356392559e+05  -8.334563526232641e+04  -1.039261541952872e+06  2.671110455048509e+05  -1.302712048748376e+05  -3.709220121415734e+05  5.854420774122911e-02  9.789448730418600e-02  4.803698258033050e-02
  6.699999999999992e+00  1.856151442714843e+05  -7.474138648252546e+04  -7.730491297012304e+05  2.464140261424576e+05  -6.424367578620571e+04  -4.040500026679030e+05  4.072244358430178e-02  8.740387051215225e-02  7.483153056724504e-02
  6.799999999999992e+00  1.069981388588473e+05  -1.186490388284349e+05  -5.675925456633789e+05  2.452584924804111e+05  -6.401102445667494e+04  -4.719392054576383e+05  2.047373689760540e-02  7.226967369926976e-02  9.555180752911875e-02
  6.899999999999991e+00  5.522079303415888e+04  -2.022042362018610e+05  -3.965296636527624e+05  2.195844639069693e+05  -9.961935399785217e+04  -5.720564358012694e+05  -6.289903331796676e-03  5.181326408146130e-02  1.103813526631168e-01
  6.999999999999991e+00  -1.798009273502382e+04  -3.371974749309039e+05  -2.365971608536706e+05  1.785888642943010e+05  -1.528526177681009e+05  -6.462364488004220e+05  -3.289144645946226e-02  2.515121341120143e-02  1.177886626810422e-01
  7.099999999999991e+00  -1.144859695010584e+05  -5.045166939847828e+05  -1.010056968242727e+05  1.377798828424025e+05  -1.720950502277744e+05  -6.460278930435898e+05  -5.171729685724284e-02  9.299204078115564e-04  1.232080572868870e-01
  7.199999999999990e+00  -1.609654189464400e+05  -6.305691981692258e+05  -2.679987982808247e+04  9.081826381630458e+04  -1.151616886877656e+05  -5.587823861062016e+05  -6.145275908516227e-02  -1.061724055069730e-02  1.332283571277973e-01
  7.299999999999990e+00  -1.383271159326512e+05  -6.730964495718470e+05  1.368744941818047e+04  6.189962742836877e+04  -4.482104859833369e+04  -3.836693774260338e+05  -5.830199298595429e-02  -1.031960268005802e-02  1.416042543805678e-01
  7.399999999999990e+00  -1.228757437757793e+05  -6.716359481077814e+05  7.828619666669660e+04  8.662950569208368e+04  -1.361326014903751e+04  -1.845877868919446e+05  -3.837066134468748e-02  -7.801050723916591e-03  1.406857183291685e-01
  7.499999999999989e+00  -1.443542371637620e+05  -6.692557668168853e+05  1.572292710221624e+05  1.299623323765376e+05  1.425771977883141e+04  -4.948142181920099e+04  -1.069005230798687e-02  -1.028791472899382e-02  1.350024632898866e-01
  7.599999999999989e+00  -1.487389595040798e+05  -6.711830868433375e+05  2.000882042507077e+05  1.165719434624571e+05  4.746762194940559e+04  1.312174655768712e+04  1.049703103791629e-02  -1.828737915247855e-02  1.314658835969654e-01
  7.699999999999989e+00  -8.573966553670110e+04  -6.743660895387109e+05  2.023098502151651e+05  4.216979982374770e+04  2.364012402917862e+04  6.509820257319958e+04  1.856177809211899e-02  -2.714539311162196e-02  1.223867771498787e-01
  7.799999999999988e+00  -1.658111812796093e+04  -6.874866419837284e+05  1.579165157190061e+05  -8.234292651600425e+03  -5.314305095209993e+04  9.957019232813659e+04  2.223200003368449e-02  -3.228192030500959e-02  1.033640493707192e-01
  7.899999999999988e+00  7.052885727761573e+03  -6.971334529716286e+05  1.062966308534276e+05  2.594874964349404e+04  -1.017043161421494e+05  8.021578872500944e+04  3.117904708907002e-02  -3.360585876835169e-02  8.363445510282094e-02
  7.999999999999988e+00  2.825218814243362e+04  -7.012025333950946e+05  1.012128362221295e+05  1.106616276447305e+05  -7.467452461353039e+04  3.421995981294418e+04  4.317318631968065e-02  -3.658397252444186e-02  7.524783723371911e-02
  8.099999999999987e+00  6.287461455152412e+04  -7.101506343953192e+05  1.205003891248720e+05  1.702596116960392e+05  -1.216308168711116e+04  -1.173182567870962e+02  5.197203680852111e-02  -4.206857309546922e-02  7.750776686325173e-02
  8.199999999999987e+00  7.627531821699710e+04  -7.213726349903912e+05  1.159836290041075e+05  1.560804639455385e+05  1.093421397844318e+04  -2.735265477222500e+04  5.270051455469733e-02  -4.440353139665928e-02  8.200776922995338e-02
  8.299999999999986e+00  5.194856313439461e+04  -7.255069527923334e+05  1.080528360508390e+05  7.906818255554618e+04  -4.338558642044350e+04  -5.829905165034459e+04  4.533825713464164e-02  -4.194087546252465e-02  7.747682883655553e-02
  8.399999999999986e+00  -8.506369365461336e+02  -7.087561837683172e+05  1.487919559661370e+05  -8.733976726408149e+03  -1.570346683723936e+05  -9.508469002881009e+04  3.594066538325880e-02  -4.010075484846255e-02  5.980454332461051e-02
  8.499999999999986e+00  -4.406399726476584e+04  -6.715096335106934e+05  1.969668602890612e+05  -8.120665469214832e+04  -2.778263501256360e+05  -1.407068905119847e+05  2.745735850054676e-02  -4.072821794351295e-02  3.633082347835819e-02
  8.599999999999985e+00  -4.628289946982857e+03  -6.230416766115314e+05  1.775008300074452e+05  -1.508515053085726e+05  -3.652873936884439e+05  -1.805669914425808e+05  1.537577738150199e-02  -3.976791995962640e-02  1.542215739665224e-02
  8.699999999999985e+00  1.214906462280069e+05  -5.655250474398908e+05  7.753216997067566e+04  -2.136908860182798e+05  -4.162764649614712e+05  -2.066236903976056e+05  -3.067395351603329e-04  -3.517247416262272e-02  1.421775245569892e-03
  8.799999999999985e+00  2.522477058746406e+05  -4.993141601865938e+05  -6.317614879637033e+04  -2.501928468891486e+05  -4.537527258485254e+05  -2.359353375927815e+05  -1.421904791571741e-02  -2.986432528558929e-02  -6.094912713647934e-03
  8.899999999999984e+00  3.063151185680443e+05  -4.407878608148348e+05  -2.062876630799286e+05  -2.616008122843654e+05  -5.006184577756268e+05  -2.731853056266091e+05  -2.221191612497754e-02  -2.782238791175548e-02  -1.114410072512196e-02
  8.999999999999984e+00  2.937984304431427e+05  -3.991756207089351e+05  -3.068427829284467e+05  -2.743412323906496e+05  -5.543942800809368e+05  -3.133731037601058e+05  -2.700435153940471e-02  -2.881700030593962e-02  -1.430652960824867e-02
  9.099999999999984e+00  2.843551404236377e+05  -3.572484172976344e+05  -3.355069086018736e+05  -3.046052439972167e+05  -5.999508445748426e+05  -3.556257149447875e+05  -3.335714181293997e-02  -2.647844578689231e-02  -1.696169293037932e-02
  9.199999999999983e+00  2.978378477575050e+05  -3.101159482877692e+05  -3.385591309612709e+05  -3.332731679749920e+05  -6.310784346695739e+05  -3.934436377486085e+05  -3.847189955825875e-02  -1.793859650645466e-02  -2.159766040238548e-02
  9.299999999999983e+00  3.110406405039906e+05  -2.795357608129483e+05  -3.876998470843566e+05  -3.356710221072910e+05  -6.558551685806324e+05  -4.272502141333410e+05  -3.804315819654498e-02  -8.359084330552992e-03  -2.575965522914746e-02
  9.399999999999983e+00  3.230147166008651e+05  -2.703777094002310e+05  -4.925033644568275e+05  -3.227847169350556e+05  -6.789077812064082e+05  -4.687823890109709e+05  -3.460946072227267e-02  -3.086359497262923e-03  -2.592267987456081e-02
  9.499999999999982e+00  3.241523428384477e+05  -2.679618826001997e+05  -6.057331188610514e+05  -3.182949635618425e+05  -6.979210139005899e+05  -5.158620970451596e+05  -3.168806903148359e-02  -2.337156495828279e-03  -2.507878899698704e-02
  9.599999999999982e+00  2.944577177720513e+05  -2.564816382594374e+05  -6.896981448302543e+05  -3.201082605210534e+05  -7.029159605380761e+05  -5.486933898068303e+05  -3.035811598001398e-02  -2.630255506131242e-03  -2.709573919847665e-02
  9.699999999999982e+00  2.548634291222961e+05  -2.204232901507166e+05  -7.505787575612029e+05  -3.061532145699511e+05  -6.861251543816772e+05  -5.554456782818601e+05  -3.048054147203586e-02  2.791347278975089e-04  -3.050181859326918e-02
  9.799999999999981e+00  2.339164202288328e+05  -1.788579117410140e+05  -8.148954698508175e+05  -2.588918010134625e+05  -6.566064170901291e+05  -5.395983873808038e+05  -2.953544743854898e-02  6.401505874075342e-03  -3.366302836234122e-02
  9.899999999999981e+00  2.349297812606328e+05  -1.586207520825202e+05  -8.896884768651930e+05  -1.886329851676600e+05  -6.343431987537651e+05  -5.083503644770481e+05  -2.377180412034581e-02  1.280481194974722e-02  -3.801078542562725e-02
  9.999999999999980e+00  2.559561972349642e+05  -1.596910895395562e+05  -9.652100785735545e+05  -1.267912228737688e+05  -6.307169807700136e+05  -4.679752866596438e+05  -1.268980657745249e-02  1.655818460336343e-02  -4.376052126518653e-02
  1.009999999999998e+01  3.066378675232054e+05  -1.603964543533017e+05  -1.022332967484885e+06  -9.563275921289492e+04  -6.337435808868764e+05  -4.295789649348801e+05  -3.265984781154069e-04  1.662624886705010e-02  -4.864153189479244e-02
  1.019999999999998e+01  3.668839281985052e+05  -1.441105383106776e+05  -1.061978672062601e+06  -9.383906576077234e+04  -6.191396374775071e+05  -4.029258594854063e+05  9.128896330101466e-03  1.551720839228890e-02  -4.966624952568967e-02
  1.029999999999998e+01  3.980431204218167e+05  -1.111038313902324e+05  -1.089447400676678e+06  -1.024563971136261e+05  -5.818141184166131e+05  -3.862380757950695e+05  1.465491044768649e-02  1.699289241314319e-02  -4.664173411622876e-02
  1.039999999999998e+01  3.883928402203546e+05  -8.496731379224495e+04  -1.095503766105389e+06  -1.053661275859778e+05  -5.410013862253601e+05  -3.660875214202651e+05  1.598202807342874e-02  2.112940321523313e-02  -4.247150861342220e-02
  1.049999999999998e+01  3.714839894492035e+05  -8.003755478232168e+04  -1.065042057221714e+06  -1.049137347009546e+05  -5.089909813467872e+05  -3.353574913717817e+05  1.263249081374078e-02  2.508545020546580e-02  -3.928280082457357e-02
  1.059999999999998e+01  3.738186084621651e+05  -8.405496564300393e+04  -9.982356558588215e+05  -1.017569482798792e+05  -4.742570098473706e+05  -3.056595024952573e+05  7.924076833972428e-03  2.660657621483652e-02  -3.487354544414624e-02
  1.069999999999998e+01  3.806066177017722e+05  -7.526609134631381e+04  -9.147864301263044e+05  -8.929515241627231e+04  -4.322820352968384e+05  -2.853502028091613e+05  6.472511745168158e-03  2.647345710757425e-02  -2.738472317054870e-02
  1.079999999999998e+01  3.629008148799751e+05  -5.753366608144381e+04  -8.408518249995974e+05  -6.974224912222456e+04  -3.949996997922540e+05  -2.668146846955990e+05  8.026224491688735e-03  2.626465016409156e-02  -1.822447518055231e-02
  1.089999999999998e+01  3.076256546995648e+05  -5.349824943925669e+04  -7.853739808030380e+05  -5.037187606717149e+04  -3.690081890602592e+05  -2.483500125476853e+05  1.079399898897092e-02  2.624939340694852e-02  -8.878103697913730e-03
  1.099999999999998e+01  2.305260014871976e+05  -6.668777241340028e+04  -7.317761438408147e+05  -3.926706786301414e+04  -3.506600975374596e+05  -2.388684423291157e+05  1.410198818966827e-02  2.633350556373055e-02  2.002331772730282e-04
  1.109999999999998e+01  1.688568048694855e+05  -8.419861017107518e+04  -6.618443974733452e+05  -4.306471752152234e+04  -3.343967236416186e+05  -2.374941241880525e+05  1.612939116989983e-02  2.564051103965116e-02  8.641727671556503e-03
  1.119999999999998e+01  1.427029228589856e+05  -1.009953288734254e+05  -5.822264845395333e+05  -5.824759194276958e+04  -3.145888456587105e+05  -2.384496676696543e+05  1.490205322830173e-02  2.264103364542269e-02  1.643016014622682e-02
  1.129999999999998e+01  1.406568113328044e+05  -1.203409855874772e+05  -5.157532962627214e+05  -7.211732502649342e+04  -2.926745307403776e+05  -2.459469966239846e+05  1.070415130780362e-02  1.812391600378050e-02  2.266877118613211e-02
  1.139999999999998e+01  1.431820488965809e+05  -1.519184344127680e+05  -4.783807199363979e+05  -7.449394040086443e+04  -2.818274325452916e+05  -2.674383482159974e+05  5.958228957127284e-03  1.441471616112355e-02  2.494428853805194e-02
  1.149999999999998e+01  1.454010251985399e+05  -2.000712812522796e+05  -4.649851921977328e+05  -6.902231101035063e+04  -2.903476307457009e+05  -3.038638349353228e+05  2.651339377303269e-03  1.219631610179514e-02  2.277294427911287e-02
  1.159999999999997e+01  1.576650522233859e+05  -2.490519448462736e+05  -4.583233900823171e+05  -7.079540891494078e+04  -3.118299349730171e+05  -3.443507370436460e+05  2.169403854766905e-04  1.030511798637062e-02  1.859780190676989e-02
  1.169999999999997e+01  1.800443192694634e+05  -2.822629856200043e+05  -4.543256542598386e+05  -8.858199150827230e+04  -3.323510732361833e+05  -3.734184924830552e+05  -2.764060157096743e-03  6.869353765122098e-03  1.507044579342488e-02
  1.179999999999997e+01  1.958674052914850e+05  -3.077945819177968e+05  -4.612171392040518e+05  -1.167147255757627e+05  -3.419718428423275e+05  -3.851288962203374e+05  -6.110475916218922e-03  1.114066343029643e-03  1.328528241249407e-02
  1.189999999999997e+01  1.953981260318227e+05  -3.444986097957818e+05  -4.798831880900792e+05  -1.472347251134427e+05  -3.442957279943862e+05  -3.855821441607346e+05  -8.533693335650825e-03  -4.988694684838741e-03  1.251189155811942e-02
  1.199999999999997e+01  1.827267296631130e+05  -3.881018989591771e+05  -5.000150815856419e+05  -1.752974886245134e+05  -3.539005394879523e+05  -3.842627097127845e+05  -8.982071985819235e-03  -7.587102943683650e-03  1.058341104778806e-02
  1.209999999999997e+01  1.591720424283071e+05  -4.195830496295164e+05  -5.156855792730129e+05  -1.888669889918814e+05  -3.781324932610694e+05  -3.843934173360749e+05  -6.449671301376687e-03  -5.180102989233213e-03  5.918311241679773e-03
  1.219999999999997e+01  1.237762708258647e+05  -4.417759559300658e+05  -5.344496034266844e+05  -1.732673308950815e+05  -4.029138154591208e+05  -3.845470105750753e+05  -3.317189086056036e-04  -1.494670551838222e-03  3.693106795152892e-04
  1.229999999999997e+01  9.413508834616830e+04  -4.653431051981493e+05  -5.564207625061338e+05  -1.347922857594772e+05  -4.054245741672911e+05  -3.855375330709973e+05  7.257845259850377e-03  -1.024902643468635e-03  -2.141712698583580e-03
  1.239999999999997e+01  9.124230730820609e+04  -4.812749467909317e+05  -5.663043525888425e+05  -9.972196172043675e+04  -3.808769916338450e+05  -3.865144642035890e+05  1.202730543301844e-02  -3.878579904063344e-03  -5.188271015357212e-04
  1.249999999999997e+01  1.077649560829694e+05  -4.795309952876415e+05  -5.572782067247911e+05  -8.269020800046680e+04  -3.480130170436820e+05  -3.814845684582085e+05  1.217972705541933e-02  -7.535294101047924e-03  2.295679439338154e-03
  1.259999999999997e+01  1.245851636546302e+05  -4.679249129097866e+05  -5.405727241866009e+05  -7.346103257566330e+04  -3.292898526602263e+05  -3.699107480395163e+05  9.987484681940965e-03  -1.018644111246663e-02  3.158855010570170e-03
  1.269999999999997e+01  1.394765811306746e+05  -4.603408508662709e+05  -5.322090859087344e+05  -5.995814276605609e+04  -3.309897149933598e+05  -3.628207860521394e+05  7.765652421026135e-03  -1.093334538861017e-02  2.519424645638234e-03
  1.279999999999997e+01  1.539102912737712e+05  -4.612852890720509e+05  -5.371167098933278e+05  -4.529916317190333e+04  -3.436206236906901e+05  -3.693329417146648e+05  5.711616176112625e-03  -9.482761662514482e-03  3.100676349796608e-03
  1.289999999999997e+01  1.553950767034903e+05  -4.657266137190892e+05  -5.432563320686524e+05  -3.557780171674368e+04  -3.552779993758459e+05  -3.846426424058857e+05  4.128032880435396e-03  -6.851760291864943e-03  5.932707049456021e-03
  1.299999999999997e+01  1.359754002503694e+05  -4.687400066354623e+05  -5.330149576412026e+05  -2.885593889543724e+04  -3.618846858057955e+05  -3.959406794831558e+05  3.829375946553198e-03  -5.373749815329655e-03  9.361982203327684e-03
  1.309999999999997e+01  1.098310537726647e+05  -4.722611854766683e+05  -5.045671462331501e+05  -2.240314074628072e+04  -3.690732225873524e+05  -3.949215778040987e+05  4.422441589431923e-03  -7.093916503383550e-03  1.125264060942432e-02
  1.319999999999997e+01  9.655298192740662e+04  -4.789314194402625e+05  -4.764530235726644e+05  -1.790262974088449e+04  -3.830879812550587e+05  -3.848070827026648e+05  5.170430468265827e-03  -1.169708952548707e-02  1.128622112982889e-02
  1.329999999999997e+01  9.782462828012448e+04  -4.837425122207541e+05  -4.673171660430255e+05  -1.510463695919544e+04  -4.011834709559691e+05  -3.746963803954043e+05  6.478789408066891e-03  -1.653301099720043e-02  1.046736708386556e-02
  1.339999999999997e+01  1.020951260285460e+05  -4.815392708401444e+05  -4.779604035350913e+05  -1.007640605593428e+04  -4.167151272809138e+05  -3.669114497734356e+05  8.278641001581198e-03  -1.938916694039510e-02  8.774094240372430e-03
  1.349999999999997e+01  1.043360708648173e+05  -4.771748754678250e+05  -4.957258417325360e+05  -3.810499491036996e+03  -4.281016538457830e+05  -3.577214770421618e+05  8.483279476788964e-03  -2.030083316533070e-02  5.360314618564265e-03
  1.359999999999997e+01  1.072747516803061e+05  -4.769540652230366e+05  -5.104581832283625e+05  -4.392340092480508e+03  -4.362446751061993e+05  -3.492708367264116e+05  5.340797018064469e-03  -1.997623581250902e-02  1.082942424854344e-03
  1.369999999999997e+01  1.086257545635718e+05  -4.772970251052165e+05  -5.210894936297302e+05  -1.577531317426364e+04  -4.406161652534019e+05  -3.485701440013405e+05  4.969663986882534e-04  -1.822528151340225e-02  -1.639092596147759e-03
  1.379999999999997e+01  1.029402408995224e+05  -4.708537863487501e+05  -5.307188913272555e+05  -3.031708150738615e+04  -4.421509247920385e+05  -3.560256268668462e+05  -2.266968926933324e-03  -1.497603299029827e-02  -1.707666191070704e-03
  1.389999999999997e+01  9.481465245710102e+04  -4.566962141625238e+05  -5.438275604036826e+05  -3.795556365708693e+04  -4.430666035104839e+05  -3.666412772653565e+05  -1.438211530123154e-03  -1.135062685904764e-02  -1.360142428511150e-04
  1.399999999999997e+01  9.765749490838367e+04  -4.395222019890008e+05  -5.647192414892582e+05  -3.934724578394111e+04  -4.428914216942660e+05  -3.796516694868189e+05  5.853905758608589e-04  -8.773844693088777e-03  1.653226234536092e-03
  1.409999999999997e+01  1.179156651198090e+05  -4.227689410764851e+05  -5.905280535177481e+05  -4.399430384864518e+04  -4.395106138635181e+05  -3.970768346375581e+05  6.696272332369007e-04  -7.540898690167603e-03  2.894690459405342e-03
  1.419999999999997e+01  1.456455636806643e+05  -4.066641755924617e+05  -6.114810298801216e+05  -5.647657892122278e+04  -4.322987242448829e+05  -4.157790777630366e+05  -1.474659986216258e-03  -6.850021115376107e-03  3.570613786964513e-03
  1.429999999999997e+01  1.630978153033271e+05  -3.912772896003505e+05  -6.225986891887324e+05  -7.106593257037069e+04  -4.222087807476912e+05  -4.277740708221230e+05  -3.602334420691359e-03  -5.938409682793455e-03  4.083628314941018e-03
  1.439999999999996e+01  1.621854575156984e+05  -3.782804578050972e+05  -6.287151839089551e+05  -8.079325402337268e+04  -4.125067393306338e+05  -4.273792446113535e+05  -3.969419298391336e-03  -4.741029693460324e-03  4.313670486819019e-03
  1.449999999999996e+01  1.509867806381009e+05  -3.698501288453079e+05  -6.354518556799578e+05  -8.603064735863965e+04  -4.092900591514546e+05  -4.154223560263444e+05  -3.070749870781882e-03  -3.621216111777876e-03  3.296515537262740e-03
  1.459999999999996e+01  1.434035196706890e+05  -3.669010655081545e+05  -6.415791810919329e+05  -9.150513807852421e+04  -4.161335914102190e+05  -3.977353098006721e+05  -2.542129013797194e-03  -2.888739947595796e-03  6.304645659027574e-04
  1.469999999999996e+01  1.469829767853940e+05  -3.700739598697898e+05  -6.429173442809881e+05  -9.855547995217072e+04  -4.294987414377971e+05  -3.805572698806907e+05  -3.296975652199237e-03  -2.761091374277498e-03  -2.485859548243872e-03
  1.479999999999996e+01  1.606285393804453e+05  -3.811590523408945e+05  -6.393311669569432e+05  -1.041856751977904e+05  -4.428346582580132e+05  -3.665785617132846e+05  -5.018298161111464e-03  -3.392238709000936e-03  -4.464715864174578e-03
  1.489999999999996e+01  1.781468917108937e+05  -3.970304539680208e+05  -6.349423632496109e+05  -1.062086337543330e+05  -4.513822832947681e+05  -3.560723893385121e+05  -6.708405184734283e-03  -4.353840024268147e-03  -4.681286846110020e-03
  1.499999999999996e+01  1.917850634641558e+05  -4.038719274391651e+05  -6.333522885677085e+05  -1.056262302080433e+05  -4.522590748556159e+05  -3.508046668705510e+05  -7.340078357982158e-03  -4.385074831465375e-03  -3.239566220645060e-03
  1.509999999999996e+01  1.951405969136218e+05  -3.895791614616013e+05  -6.368400850117482e+05  -1.038244543667394e+05  -4.458943358553646e+05  -3.532524793818482e+05  -6.341317921806955e-03  -2.590084886831453e-03  -6.618475545401727e-04
  1.519999999999996e+01  1.872612762075935e+05  -3.600989611661206e+05  -6.464630857704898e+05  -1.008054013830917e+05  -4.385233938925006e+05  -3.617937123860778e+05  -3.930414118032924e-03  3.259217422122652e-04  1.809913403947657e-03
  1.529999999999996e+01  1.749766175120881e+05  -3.319496370207301e+05  -6.567821529696952e+05  -9.766122250386508e+04  -4.375521748031238e+05  -3.701396667979019e+05  -1.139561139768828e-03  2.810458945269973e-03  2.885997851637410e-03
  1.539999999999996e+01  1.655552669899159e+05  -3.134550535054148e+05  -6.569437845860370e+05  -9.761291540704048e+04  -4.427414193484231e+05  -3.727805260884743e+05  8.540587359389989e-04  4.140739474132927e-03  2.642995396582083e-03
  1.549999999999996e+01  1.562736327176721e+05  -3.017434433179133e+05  -6.424261979520951e+05  -1.026668815044079e+05  -4.468923052491846e+05  -3.690132435772989e+05  1.736479661669849e-03  4.803599423072499e-03  2.318770180034250e-03
  1.559999999999996e+01  1.379368032770275e+05  -2.924861974458342e+05  -6.200773055606643e+05  -1.113230308225679e+05  -4.468096665806119e+05  -3.610611155019735e+05  2.169575713782316e-03  5.539581415590927e-03  2.475417106724208e-03
  1.569999999999996e+01  1.093026801200523e+05  -2.862215146324080e+05  -5.995498790590483e+05  -1.205760146725411e+05  -4.482539241041836e+05  -3.502609771012825e+05  2.719168571828624e-03  6.489489437411670e-03  2.224442163260095e-03
  1.579999999999996e+01  8.219657278467748e+04  -2.861062060461250e+05  -5.841306822896547e+05  -1.285125975982576e+05  -4.564350796793358e+05  -3.370989287231033e+05  3.106063490451911e-03  7.172486338251175e-03  7.484668996771025e-04
  1.589999999999996e+01  6.956513576748337e+04  -2.934237787207433e+05  -5.712862860239487e+05  -1.339102461615850e+05  -4.656565921156981e+05  -3.242558431427281e+05  2.842443873159682e-03  6.949989647347673e-03  -1.076347259982598e-03
  1.599999999999996e+01  7.226255352477793e+04  -3.061923053678901e+05  -5.587988706425778e+05  -1.354251650900401e+05  -4.644831078525179e+05  -3.163043554136927e+05  2.054676833640685e-03  5.568805021573015e-03  -1.446900936002464e-03
  1.609999999999996e+01  8.162441153912237e+04  -3.194703861613811e+05  -5.474360942683441e+05  -1.333331242831124e+05  -4.500214597466114e+05  -3.155976934683463e+05  1.210721680679613e-03  3.475971184925365e-03  1.679796729061161e-04
  1.619999999999996e+01  9.175719055007947e+04  -3.276582560842196e+05  -5.391974119072956e+05  -1.307305905342865e+05  -4.313247925374216e+05  -3.206473515640665e+05  3.271353184943085e-04  1.497867668077611e-03  2.463983303310483e-03
  1.629999999999996e+01  1.039967055402501e+05  -3.290470586043293e+05  -5.360745495064849e+05  -1.310240686576685e+05  -4.183892891640516e+05  -3.284771815758547e+05  -1.160580420316405e-03  1.633992791799188e-04  3.982764682401393e-03
  1.639999999999996e+01  1.198889749378103e+05  -3.277102304705823e+05  -5.396364802859741e+05  -1.342569141092003e+05  -4.129506287925865e+05  -3.366111931998240e+05  -3.600631225583776e-03  -4.855751554415250e-04  4.497310538661069e-03
  1.649999999999996e+01  1.344613644172961e+05  -3.294448072314573e+05  -5.487414169689501e+05  -1.370434301252608e+05  -4.112057166807625e+05  -3.429933950211351e+05  -6.283594057954955e-03  -5.051760319611214e-04  4.497125802981295e-03
  1.659999999999997e+01  1.392198087018439e+05  -3.359453209981877e+05  -5.576085406497143e+05  -1.366915640230776e+05  -4.108564717578685e+05  -3.460030750136517e+05  -7.703879218481311e-03  2.205287366007899e-04  4.008720292545644e-03
  1.669999999999997e+01  1.302903395548594e+05  -3.442232162354150e+05  -5.595729025470412e+05  -1.343714249651766e+05  -4.124324442486949e+05  -3.454015678434640e+05  -6.858234175654756e-03  1.731951604849259e-03  2.570372512177677e-03
  1.679999999999997e+01  1.115929267107314e+05  -3.509818347419075e+05  -5.541653626442446e+05  -1.332913376490096e+05  -4.157714079428528e+05  -3.426795746422866e+05  -4.198517015809083e-03  3.586777868075300e-03  1.872148022272647e-04
  1.689999999999997e+01  9.121651747100549e+04  -3.552813850955163e+05  -5.478355520125831e+05  -1.350566154458164e+05  -4.185303149039695e+05  -3.402155780176397e+05  -1.298503056413015e-03  4.911774660777172e-03  -2.274525311562123e-03
  1.699999999999997e+01  7.661571045597270e+04  -3.568464376646442e+05  -5.469364122840756e+05  -1.391303076046606e+05  -4.183428603307586e+05  -3.401384131337031e+05  2.732608238873148e-04  4.984971009229113e-03  -3.835409017452736e-03
  1.709999999999997e+01  7.178502453364451e+04  -3.541720545997967e+05  -5.525103511105849e+05  -1.445869354084147e+05  -4.147782934375438e+05  -3.434163894242565e+05  -9.220542887512064e-05  3.825997162398680e-03  -4.404895806417262e-03
  1.719999999999997e+01  7.614693918817073e+04  -3.465184103818500e+05  -5.621362474580142e+05  -1.503647301154261e+05  -4.090686732620526e+05  -3.493531392613147e+05  -1.821999145911092e-03  2.115549556883847e-03  -4.764087734546173e-03
  1.729999999999998e+01  8.493788708348281e+04  -3.376846705759712e+05  -5.734080147103267e+05  -1.542142933695228e+05  -4.030489324936026e+05  -3.557292606623925e+05  -3.644470900830800e-03  4.698347912171255e-04  -5.613767752589532e-03
  1.739999999999998e+01  9.242486822396472e+04  -3.349334687506611e+05  -5.837392847248364e+05  -1.533901357991404e+05  -3.988344820056556e+05  -3.597926283155642e+05  -4.509853523260129e-03  -1.079416358475710e-03  -6.799632175908155e-03
  1.749999999999998e+01  9.604974678065744e+04  -3.424771756879670e+05  -5.891933883841207e+05  -1.473360538292745e+05  -3.981229321882019e+05  -3.597879579413735e+05  -4.319983562210543e-03  -2.805058166672409e-03  -7.423080897339941e-03
  1.759999999999998e+01  9.744968034211075e+04  -3.575602541589781e+05  -5.870598336973113e+05  -1.387848378599628e+05  -4.004173905340223e+05  -3.565821258295838e+05  -3.865238944844020e-03  -4.708997118382343e-03  -6.549657144018401e-03
  1.769999999999998e+01  9.964129534429597e+04  -3.731222796326816e+05  -5.792085254387510e+05  -1.312910884683842e+05  -4.026500475294825e+05  -3.539849540239495e+05  -3.957794384006950e-03  -6.351872844245243e-03  -4.011886843328088e-03
  1.779999999999998e+01  1.032662042957755e+05  -3.826960586895504e+05  -5.708520861211777e+05  -1.259843430637940e+05  -4.018733879677608e+05  -3.565822954860295e+05  -4.575694793891194e-03  -7.110958730939922e-03  -7.639798316605934e-04
  1.789999999999998e+01  1.056790611856392e+05  -3.833323908301313e+05  -5.664808514985329e+05  -1.214356653137723e+05  -3.982092263975529e+05  -3.663331002003075e+05  -4.935941793837191e-03  -6.569772714404824e-03  1.638790150456138e-03
  1.799999999999999e+01  1.043673320034226e+05  -3.765557518419995e+05  -5.674838666839922e+05  -1.164317744461927e+05  -3.946089367540206e+05  -3.808791308630444e+05  -4.382887251628389e-03  -4.836575855203033e-03  2.116039320529206e-03
  1.809999999999999e+01  1.006904320831196e+05  -3.677257830782000e+05  -5.721323721706321e+05  -1.114711754195438e+05  -3.939574139109070e+05  -3.950221653363960e+05  -3.062407872527837e-03  -2.599942324566403e-03  7.369147895963222e-04
  1.819999999999999e+01  9.856614920411365e+04  -3.630597160891531e+05  -5.768709227893304e+05  -1.071084708501318e+05  -3.967686344177366e+05  -4.036344262890020e+05  -1.699528405689271e-03  -8.059338681025920e-04  -1.548817596367697e-03
  1.829999999999999e+01  9.980198446219355e+04  -3.652836483381602e+05  -5.787042917105384e+05  -1.024305736815295e+05  -4.014230980325844e+05  -4.037227243969431e+05  -8.353805187306012e-04  -8.949277107393139e-05  -3.682278793188669e-03
  1.839999999999999e+01  1.025632380725757e+05  -3.711685887910721e+05  -5.774019874101457e+05  -9.669215147616655e+04  -4.060343755122363e+05  -3.954442111708203e+05  -4.080696678830056e-04  -3.412470683308142e-04  -4.999814548512420e-03
  1.849999999999999e+01  1.043410457460528e+05  -3.740234557202178e+05  -5.754041606757495e+05  -9.162664663732245e+04  -4.097686925371642e+05  -3.825990186200617e+05  -8.212703078028795e-06  -8.124476954334700e-04  -5.247051974548203e-03
  1.859999999999999e+01  1.046621254744343e+05  -3.698686726603257e+05  -5.754606762058273e+05  -9.023984113215389e+04  -4.126830415320107e+05  -3.715412361020406e+05  6.869961763911412e-04  -7.515192974797444e-04  -4.452747727416247e-03
  1.870000000000000e+01  1.048195174616347e+05  -3.611180111501187e+05  -5.782641273822550e+05  -9.309433302036367e+04  -4.149331438717302e+05  -3.675890085847569e+05  1.762838629403656e-03  1.105167575481058e-07  -2.923938250074976e-03
  1.880000000000000e+01  1.066210981345100e+05  -3.538534399821899e+05  -5.824927027932936e+05  -9.702685297415550e+04  -4.164433957115895e+05  -3.712193971550356e+05  3.142014072820833e-03  1.022542907473695e-03  -1.254112035445768e-03
  1.890000000000000e+01  1.116372500289470e+05  -3.518091167451241e+05  -5.869015077594675e+05  -9.824991545691033e+04  -4.170490247565091e+05  -3.776479388061183e+05  4.609321309395313e-03  1.840182585530174e-03  -1.408058713338057e-04
  1.900000000000000e+01  1.202232840035689e+05  -3.536273740483054e+05  -5.914454235705938e+05  -9.610501281499889e+04  -4.166325819296464e+05  -3.804418381146409e+05  5.779807096138319e-03  2.321019957861760e-03  -2.541102535837309e-05
  1.910000000000000e+01  1.302867627192970e+05  -3.559242218176047e+05  -5.959395324012846e+05  -9.305512747206088e+04  -4.154220339107596e+05  -3.761107760005657e+05  6.263448795100167e-03  2.577811304392203e-03  -8.279279739293940e-04
  1.920000000000000e+01  1.377206511626015e+05  -3.577702235567043e+05  -5.985229152768865e+05  -9.148887841496539e+04  -4.144127825600318e+05  -3.661402053572249e+05  5.955503695062313e-03  2.651628277551415e-03  -1.977265506170823e-03
  1.930000000000000e+01  1.396851944671800e+05  -3.607920790833996e+05  -5.962241696096732e+05  -9.152071766712850e+04  -4.150350182977553e+05  -3.554445379281605e+05  5.097516946470814e-03  2.499248263163533e-03  -2.744063713445745e-03
  1.940000000000001e+01  1.373974202874884e+05  -3.655009240138540e+05  -5.876947395395850e+05  -9.184607355700721e+04  -4.178800322794025e+05  -3.488817227941709e+05  4.065789223845992e-03  2.255903704114456e-03  -2.666435261571754e-03
  1.950000000000001e+01  1.348207737016607e+05  -3.693562596388250e+05  -5.755927451100184e+05  -9.162837740897290e+04  -4.218688669251986e+05  -3.485819809092277e+05  3.174966302786636e-03  2.284033189610494e-03  -1.775743922045260e-03
  1.960000000000001e+01  1.346159191718427e+05  -3.692170546349070e+05  -5.658160483907514e+05  -9.094944986973179e+04  -4.251462166915821e+05  -3.535900763641609e+05  2.646200991293605e-03  2.828522981238122e-03  -5.157302475233204e-04
  1.970000000000001e+01  1.356887941610248e+05  -3.648883781676844e+05  -5.637686828993813e+05  -9.004683508244221e+04  -4.267410055152798e+05  -3.612523811357531e+05  2.578002438586114e-03  3.644958380109192e-03  5.621058417887556e-04
  1.980000000000001e+01  1.346710780707984e+05  -3.592559855219742e+05  -5.708826338332570e+05  -8.898281599496296e+04  -4.268802288051997e+05  -3.688623513416133e+05  2.820937923166563e-03  4.105273638640530e-03  1.114507270131296e-03
  1.990000000000001e+01  1.294003282722743e+05  -3.549614930843399e+05  -5.843700301271278e+05  -8.811039509743045e+04  -4.258441026793444e+05  -3.744979286597288e+05  2.981534472589669e-03  3.788447952936896e-03  1.129945487174708e-03
