TITLE = "Temporal Signal for receiver number 02036"
VARIABLES = "Time","xx","yy","zz","xy","yz","xz","u","v","w"
# x1       3.675946160000e+05
# x2       4.745684950000e+06
# x3       -3.000000000000e+03
  0.000000000000000e+00  0.000000000000000e+00  0.000000000000000e+00  0.000000000000000e+00  0.000000000000000e+00  0.000000000000000e+00  0.000000000000000e+00  0.000000000000000e+00  0.000000000000000e+00  0.000000000000000e+00
  1.000000000000000e-01  0.000000000000000e+00  0.000000000000000e+00  0.000000000000000e+00  0.000000000000000e+00  0.000000000000000e+00  0.000000000000000e+00  0.000000000000000e+00  0.000000000000000e+00  0.000000000000000e+00
  2.000000000000000e-01  0.000000000000000e+00  0.000000000000000e+00  0.000000000000000e+00  0.000000000000000e+00  0.000000000000000e+00  0.000000000000000e+00  0.000000000000000e+00  0.000000000000000e+00  0.000000000000000e+00
  3.000000000000000e-01  0.000000000000000e+00  0.000000000000000e+00  0.000000000000000e+00  0.000000000000000e+00  0.000000000000000e+00  0.000000000000000e+00  0.000000000000000e+00  0.000000000000000e+00  0.000000000000000e+00
  4.000000000000000e-01  -3.919969599288193e-23  -4.274955809582001e-22  -5.397741083476871e-23  6.214865675174192e-23  -1.059156709442552e-22  9.442737689534777e-23  -1.727018713922619e-29  4.452516819730590e-29  2.191470387708789e-30
  5.000000000000000e-01  -1.271769861599411e-17  -1.122204111687501e-16  -2.712705381595790e-17  3.541755004852065e-17  1.498838293258173e-17  3.964049201474929e-17  -5.497617199461841e-24  9.343424926263936e-24  2.784744478877300e-24
  6.000000000000000e-01  -2.153048785087435e-14  -8.322430764572265e-15  1.582295516573125e-14  -4.675027711937938e-14  -2.165316849740006e-14  -3.256954087708525e-14  6.238319881221160e-21  5.497664543809445e-22  -3.456344330010301e-21
  7.000000000000000e-01  4.580160791796594e-12  1.359952951769138e-11  4.464868419903998e-12  -8.299813550473392e-13  2.442313936253700e-12  -1.684320471342645e-12  -4.692602821032153e-20  -1.391565986681739e-18  -3.501069291744426e-19
  7.999999999999999e-01  1.940765172089052e-11  1.066184674429957e-10  -1.044281725420063e-10  3.847607003497366e-11  2.680206032141365e-11  -6.608874876732728e-12  -5.469949073005808e-19  -1.509712709811136e-17  1.620591023680595e-17
  8.999999999999999e-01  -1.796445148310373e-09  -1.877055343145983e-09  -3.140278732673773e-09  -3.409725464510122e-10  -6.883784113334896e-10  -5.304206448430117e-10  1.830361631233911e-16  9.632130919023787e-17  3.787321013054582e-16
  9.999999999999999e-01  -1.730207790260382e-08  -1.404794307467106e-08  -2.251314437891962e-08  -6.678185181753942e-09  -5.698381158294777e-09  -6.388353604706400e-09  2.247458926636224e-15  9.870129497388741e-16  3.233526803750556e-15
  1.100000000000000e+00  -3.451669659566902e-08  1.002819314551649e-08  -7.112595640369931e-09  -4.736090685700492e-08  -4.987632285662936e-10  -3.374892375982388e-08  8.954426367182969e-15  -4.050272522670414e-15  4.722313698943590e-15
  1.200000000000000e+00  7.211825659218829e-08  1.264389513963713e-08  4.406533166119139e-07  -1.614523062051026e-07  1.338257545678127e-07  -1.305196495220436e-07  1.335880760626316e-14  -1.395747221410420e-14  -4.389345579180025e-14
  1.300000000000000e+00  2.043795937114572e-06  1.435778416313090e-06  3.303032972894145e-06  5.933284415326839e-07  1.116998896874136e-06  3.793919482009767e-07  -2.084107476857508e-13  -1.335385396715166e-13  -3.904972616971592e-13
  1.400000000000000e+00  2.412533069422707e-05  2.798095804991513e-05  1.595570569217357e-05  9.096485967166711e-06  5.352910698711036e-06  4.931024866220263e-06  -1.834237157428353e-12  -2.532143544514672e-12  -1.387138692485631e-12
  1.500000000000000e+00  8.043029215740984e-05  1.314654764613052e-04  4.983373864588909e-05  2.959007699307971e-05  1.601853297372099e-05  1.754803674987687e-05  -5.701861222062672e-12  -1.061380029135131e-11  -2.540052755768785e-12
  1.600000000000000e+00  -3.455869858583662e-04  -2.981326995539132e-04  -1.861758747816650e-04  -1.176727480437312e-04  -7.330463279383723e-05  -6.553214228879015e-05  2.250157557592892e-11  3.317302565259798e-11  1.724025770305055e-11
  1.700000000000000e+00  -1.633139207525329e-03  -2.566604195030829e-03  -1.492649428296705e-03  -6.091505721279975e-04  -5.222381897638772e-04  -3.834159138341456e-04  1.234869647288328e-10  2.151972592183847e-10  1.127794758273101e-10
  1.800000000000000e+00  4.421427916890452e-03  5.086564611625400e-03  2.779185167409692e-03  1.701092684087712e-03  9.744483255481869e-04  8.763390541654402e-04  -2.977806260855244e-10  -5.147897721775093e-10  -1.898657706098463e-10
  1.900000000000001e+00  2.034465818687136e-03  5.328240486071639e-03  4.437823767002118e-03  1.087986982198987e-03  1.258271777606986e-03  8.304022149698378e-04  -1.958777533968139e-10  -3.544016025383074e-10  -3.884281005574489e-10
  2.000000000000000e+00  -2.211436613284075e-02  -3.403674755991248e-02  -2.360256855168913e-02  -9.628315489129569e-03  -7.197916023867297e-03  -5.604841260945123e-03  1.630616468152631e-09  3.186802145605108e-09  1.700531339662156e-09
  2.100000000000001e+00  4.104278359456923e-02  6.009653203609937e-02  4.239387436843193e-02  1.675853676927615e-02  1.492425087389728e-02  1.189109566532844e-02  -2.979133021634414e-09  -5.884112458130593e-09  -3.143040608001295e-09
  2.200000000000001e+00  -7.053296500413345e-02  -8.353967243752057e-02  -5.678598558648140e-02  -2.389646384945136e-02  -2.800964551674448e-02  -2.685361746918777e-02  5.421343237862568e-09  7.585745250931283e-09  5.123475280296540e-09
  2.300000000000001e+00  1.080237416967810e-01  1.141102745184877e-01  7.497280473297945e-02  3.079862031851080e-02  5.079069719773454e-02  5.847705422552620e-02  -9.836705209532594e-09  -9.070397055799477e-09  -8.296601183179752e-09
  2.400000000000001e+00  -3.565336126752245e-01  -4.195935619300351e-01  -1.708006125533018e-01  -1.310577410654054e-01  -1.052226799764257e-01  -1.247171913458754e-01  3.351179817233614e-08  2.986550088031882e-08  1.465070438886722e-08
  2.500000000000001e+00  5.797085048039556e-01  1.100227246218968e+00  1.005934795490243e-01  2.888127586668674e-01  -4.397754810923680e-02  1.146054743566189e-02  -6.239147818492851e-08  -6.636606735528706e-08  3.046314560601016e-08
  2.600000000000001e+00  -1.779014600176947e-01  -5.061676050500690e-01  7.370106103758955e-01  -6.169567724819141e-01  4.159912954828555e-01  7.788978890131902e-02  8.357644051986467e-08  3.120011533608651e-09  -1.427809292853594e-07
  2.700000000000001e+00  9.600635113859209e+00  2.265864291226713e+01  1.507738396138795e+01  5.270100440600195e+00  8.130767415714164e+00  3.863980160426918e+00  -6.819513856921337e-07  -1.808135454431061e-06  -1.452763869952813e-06
  2.800000000000001e+00  1.093538475242264e+01  7.507322022025673e+00  -2.330731388838905e+00  9.956973465094077e+00  -6.503906244407760e+00  6.276476744438013e-01  -1.760678059276086e-06  -6.158161433797098e-07  1.261203502417383e-06
  2.900000000000001e+00  -1.362107417001211e+02  -3.193453699970155e+02  -1.629270657289319e+02  -6.159572310767980e+01  -6.874923085427108e+01  -1.496353376942470e+01  7.994534555040398e-06  2.612731939694778e-05  1.055347933837901e-05
  3.000000000000001e+00  -3.434312792730050e+02  -8.124942185020531e+02  -3.473360558590862e+02  -1.701645557244844e+02  -1.129872732852727e+02  -2.176270993873468e+01  2.186043849302641e-05  6.736380866867027e-05  1.511401555274799e-05
  3.100000000000001e+00  -3.173057635171048e+02  -9.262043359597586e+02  -3.006688600651114e+02  -1.786925332561951e+02  -1.137396753810435e+02  -1.421637996828755e+01  1.929716566625220e-05  7.684720787468524e-05  1.216839381191918e-05
  3.200000000000002e+00  -1.230431557676230e+02  -7.504911838658505e+02  -1.007931910084760e+02  -1.212138880712637e+02  -1.045296890262992e+02  2.961849507630557e+00  7.104143341219918e-06  6.083105004217672e-05  7.177455136238864e-06
  3.300000000000002e+00  -1.976920959117273e+02  -1.050449878686733e+03  -1.282471451308175e+02  -1.882165236738086e+02  -1.223979774006496e+02  1.406420673259222e+01  1.463877978972596e-05  8.483771034165435e-05  7.498450234014544e-06
  3.400000000000002e+00  -5.009887466925548e+02  -1.912504936311585e+03  -3.810705586607078e+02  -3.654102598090851e+02  -1.541145772150684e+02  2.773024341304551e+01  3.521626592529738e-05  1.557964840707474e-04  1.109508413116794e-05
  3.500000000000002e+00  -9.602416778384953e+02  -3.256619492507602e+03  -8.525092076814375e+02  -6.141661270222822e+02  -3.305627441199101e+02  -4.444994060324601e+00  6.211532813401360e-05  2.651761116578902e-04  3.701179465579895e-05
  3.600000000000002e+00  -2.154427514897192e+03  -6.417104185087626e+03  -2.239241374914379e+03  -1.243750516796184e+03  -9.526889699597541e+02  -1.735737307636911e+02  1.345727899550767e-04  5.237055707707094e-04  1.304166470159404e-04
  3.700000000000002e+00  -6.479885311706184e+03  -1.651162547643507e+04  -6.819990797297684e+03  -3.490146623433165e+03  -2.764860453307925e+03  -7.395162027508148e+02  4.242673424036888e-04  1.360499039813400e-03  3.976619265464624e-04
  3.800000000000002e+00  -1.554575851412151e+04  -3.780429692177290e+04  -1.579024144938226e+04  -8.518962995423390e+03  -6.159046434072640e+03  -1.833130635107039e+03  1.059143824077271e-03  3.129029146547233e-03  8.688528008301541e-04
  3.900000000000002e+00  -2.996270460851024e+04  -7.306923909607706e+04  -2.900700352155834e+04  -1.717234980401709e+04  -1.103481837646520e+04  -3.474488387559189e+03  2.117774638273156e-03  6.059250076356421e-03  1.500362476256627e-03
  4.000000000000002e+00  -4.769151577501853e+04  -1.196221311272494e+05  -4.365027114559288e+04  -2.914763903516060e+04  -1.706958419901818e+04  -5.539356830237392e+03  3.503254927701717e-03  9.925798399037013e-03  2.212608839347120e-03
  4.100000000000001e+00  -6.687519939550286e+04  -1.744359230611601e+05  -5.711577636788708e+04  -4.431074105584034e+04  -2.355420369889881e+04  -7.802548163616367e+03  5.168371798262781e-03  1.447858299161683e-02  2.896576111428627e-03
  4.200000000000001e+00  -9.006465168314251e+04  -2.424040315871119e+05  -7.082462383519225e+04  -6.450049330978787e+04  -3.050588473235724e+04  -1.049027552214856e+04  7.360996195748851e-03  2.012000596346474e-02  3.590456089634137e-03
  4.300000000000001e+00  -1.183228554102696e+05  -3.276642679880778e+05  -8.581171493798138e+04  -9.094971895624483e+04  -3.793941057529444e+04  -1.353775486921076e+04  1.016046914447504e-02  2.717963239117477e-02  4.274109441449947e-03
  4.400000000000000e+00  -1.573574335408292e+05  -4.332712863865159e+05  -1.051245697239286e+05  -1.267995704241531e+05  -4.726893871432508e+04  -1.819055375976234e+04  1.413899141292369e-02  3.591524216937599e-02  5.288459864277111e-03
  4.500000000000000e+00  -1.878645867767777e+05  -5.370534533094016e+05  -1.156048237033421e+05  -1.633637729387744e+05  -5.619697930656148e+04  -2.286795466418046e+04  1.769226830748748e-02  4.445599088498214e-02  6.082333507858650e-03
  4.600000000000000e+00  -2.244542723693272e+05  -6.550640920766121e+05  -1.236130750029085e+05  -2.096494657207887e+05  -6.349221167917551e+04  -2.753229976875368e+04  2.225061437297999e-02  5.412805398720171e-02  6.330518285636911e-03
  4.699999999999999e+00  -2.662027554742874e+05  -7.769263635939684e+05  -1.181731696026881e+05  -2.658225031294626e+05  -6.437441615694640e+04  -2.662301947679239e+04  2.789200009968604e-02  6.411874431062026e-02  5.004410302250388e-03
  4.799999999999999e+00  -2.338628777786446e+05  -8.314288636100278e+05  -6.567379583720041e+04  -2.910543639396520e+05  -5.806622733188174e+04  -1.986585037355644e+04  2.713628550512341e-02  6.827806102379404e-02  2.362029984192823e-03
  4.899999999999999e+00  -1.272021820285295e+05  -8.177760676299876e+05  3.620188153843644e+04  -2.803600438707422e+05  -4.296770672586840e+04  -3.913052858076131e+03  2.025827623663471e-02  6.609253066871544e-02  -2.361385038751439e-03
  4.999999999999998e+00  -3.859758138138578e+04  -8.072465019150815e+05  1.488110978162900e+05  -2.807963709826709e+05  -1.122301625160955e+04  2.412363311405023e+04  1.551767878125693e-02  6.373416434769248e-02  -1.030234694978815e-02
  5.099999999999998e+00  2.167845046620542e+04  -8.150182538221647e+05  2.465783519052636e+05  -2.943272145846312e+05  2.709951532658779e+04  5.302864575526580e+04  1.309720684338848e-02  6.239616715067806e-02  -1.817863197620832e-02
  5.199999999999998e+00  9.871044977305840e+04  -8.094711719806950e+05  3.354841744761174e+05  -2.911158387208869e+05  5.881469173558677e+04  7.498103690911531e+04  8.689051182549614e-03  5.902720220916146e-02  -2.402606544026439e-02
  5.299999999999997e+00  1.785946902740824e+05  -8.164989629788134e+05  4.018322105562127e+05  -2.773868024710743e+05  8.711842716115354e+04  9.007344312869626e+04  3.056212892908726e-03  5.595962268297634e-02  -2.869794026992810e-02
  5.399999999999997e+00  2.285301007037047e+05  -8.627404949431105e+05  4.218712792899866e+05  -2.729540626648869e+05  1.071996554605497e+05  9.471108903490895e+04  -6.482674805036405e-04  5.591177960529388e-02  -3.083963240458244e-02
  5.499999999999996e+00  2.264539578661879e+05  -9.080472828683315e+05  3.862232579396294e+05  -2.917848373464312e+05  1.008525374333903e+05  7.155713799586879e+04  1.343908104152191e-03  5.566680219832804e-02  -2.680216153069236e-02
  5.599999999999996e+00  1.674036362171126e+05  -8.961708697750375e+05  3.029676903271910e+05  -3.373588875714039e+05  6.454459547519137e+04  1.223946936432100e+04  1.118773877177127e-02  5.077407414995381e-02  -1.568749528574383e-02
  5.699999999999996e+00  7.463000608433240e+04  -8.212500289597297e+05  1.977952012417996e+05  -3.960587018449156e+05  1.149460264188820e+04  -6.501417755058531e+04  2.639357040839843e-02  4.148359903271993e-02  -4.192160756119951e-04
  5.799999999999995e+00  -1.770972230547889e+04  -6.941187122637599e+05  9.528994686326750e+04  -4.355635883655634e+05  -5.289548619408411e+04  -1.498706255990793e+05  4.124906796769080e-02  2.881748009435804e-02  1.795499627064416e-02
  5.899999999999995e+00  -9.069360484528042e+04  -5.274666187535996e+05  -9.307663265099576e+03  -4.182348380462895e+05  -1.347788105448444e+05  -2.585645093612428e+05  5.078629946713648e-02  1.298139506402841e-02  4.252894990152082e-02
  5.999999999999995e+00  -1.315877594631516e+05  -3.594726093602309e+05  -1.167699057912460e+05  -3.345953335002305e+05  -2.137945456192882e+05  -3.850205865070927e+05  5.306942875934299e-02  -3.642426917798631e-03  7.066430146937849e-02
  6.099999999999994e+00  -1.281744237168527e+05  -2.678583022162956e+05  -1.748064341834253e+05  -2.293218914879222e+05  -2.380691917206183e+05  -4.672344968012710e+05  4.908450305049820e-02  -1.348030846886772e-02  8.807336037069738e-02
  6.199999999999994e+00  -8.647729508144505e+04  -3.237856231334186e+05  -1.303099198855341e+05  -1.707765599775225e+05  -1.744134997096453e+05  -4.369116142497928e+05  4.159968726777444e-02  -8.075072763370297e-03  8.158666050886648e-02
  6.299999999999994e+00  -2.481860845738485e+04  -4.741638884474927e+05  -1.137750908499547e+04  -1.835323130845345e+05  -4.844224613339447e+04  -3.029224268869841e+05  3.427831313938799e-02  8.992893022300436e-03  5.568906513605121e-02
  6.399999999999993e+00  3.973224029019149e+04  -5.782104646578248e+05  8.980932808933579e+04  -2.276078195967034e+05  7.558679501231888e+04  -1.558369456787406e+05  2.969724238265465e-02  2.403144652234880e-02  2.904270184474565e-02
  6.499999999999993e+00  9.198206402913270e+04  -5.595515781664408e+05  9.699941613253356e+04  -2.466936570692554e+05  1.547734439579137e+05  -8.128901862125272e+04  2.825613786701794e-02  2.699304494107541e-02  1.634966215805291e-02
  6.599999999999993e+00  1.188848124533657e+05  -4.508202198571490e+05  2.328320740475325e+04  -2.265445333758129e+05  1.951436139936858e+05  -8.524240150049940e+04  2.934636089519603e-02  1.863234945533505e-02  1.582512394677455e-02
  6.699999999999992e+00  1.162775815959395e+05  -3.370248799094142e+05  -5.709290674372971e+04  -1.963117389939814e+05  2.225711709374437e+05  -1.109204995890022e+05  3.188719495152856e-02  7.688042405446612e-03  1.591875769113310e-02
  6.799999999999992e+00  1.019489098214332e+05  -2.738459752999736e+05  -9.986533503016581e+04  -1.814994481466684e+05  2.465150277674510e+05  -1.077393904675996e+05  3.398729318471332e-02  1.382504614826799e-03  1.086807460734883e-02
  6.899999999999991e+00  1.200829260473327e+05  -2.726902033305649e+05  -1.059554470318632e+05  -1.726615395390415e+05  2.528955206892373e+05  -7.077831175705280e+04  3.115965343713757e-02  1.974187730118099e-03  4.512603782172467e-03
  6.999999999999991e+00  2.068106711195264e+05  -3.445169975118143e+05  -9.445588747817055e+04  -1.473088539199350e+05  2.256173106618107e+05  -3.561099476277673e+04  1.915682957501290e-02  9.902641868913761e-03  3.360752553196835e-03
  7.099999999999991e+00  3.615050079747721e+05  -4.792929185949698e+05  -7.330570188797574e+04  -1.074498788679781e+05  1.686861269661752e+05  -4.176380593745941e+04  -5.700088894673744e-04  2.287610390319085e-02  1.021898090287737e-02
  7.199999999999990e+00  5.327287744700960e+05  -6.151470818993977e+05  -3.387172202905560e+04  -8.702949973509503e+04  1.032716408905719e+05  -8.864817290141048e+04  -1.940616751753640e-02  3.431219680314039e-02  2.202819838445542e-02
  7.299999999999990e+00  6.187871514846624e+05  -6.758569567942769e+05  1.711367314119783e+04  -1.260437049428865e+05  5.141770191466746e+04  -1.352731241586863e+05  -2.377183357891418e-02  3.632254238662579e-02  3.148224768605492e-02
  7.399999999999990e+00  5.504920323750523e+05  -6.111706356501483e+05  5.889521537472429e+04  -2.268992934373319e+05  3.136365897423877e+04  -1.295818748111483e+05  -6.582885101971078e-03  2.455008280510235e-02  3.052180452944570e-02
  7.499999999999989e+00  3.447855906809028e+05  -4.231302081545360e+05  8.066456390470488e+04  -3.538247963893065e+05  4.974283605318472e+04  -4.239738186676171e+04  2.646070570338855e-02  1.478690229219656e-03  1.590835085312804e-02
  7.599999999999989e+00  9.429143333128323e+04  -1.641402455656462e+05  8.792838592299735e+04  -4.587841753554365e+05  9.099204725888731e+04  1.029847822467407e+05  6.158387355206293e-02  -2.560270929605189e-02  -6.393752453556700e-03
  7.699999999999989e+00  -8.206119192022998e+04  8.524892926586323e+04  8.592112325553443e+04  -5.050801317973447e+05  1.325119652687686e+05  2.489670424813829e+05  8.359224554751246e-02  -4.775465402323235e-02  -2.486804378290790e-02
  7.799999999999988e+00  -1.280643696438905e+05  2.405714015903667e+05  7.016297688150343e+04  -4.898736693010037e+05  1.587266185462866e+05  3.444312985330998e+05  8.554873431885313e-02  -5.795289998231647e-02  -3.122418052382478e-02
  7.899999999999988e+00  -6.461533038148969e+04  2.543069877953377e+05  4.610447426431173e+04  -4.353355370876591e+05  1.635866086615253e+05  3.682715757866660e+05  7.126830875110814e-02  -5.481038174473628e-02  -2.515547729724659e-02
  7.999999999999988e+00  5.913397577765708e+04  1.563759780407916e+05  3.359353430372333e+04  -3.733015114227198e+05  1.502583977840013e+05  3.364194669173143e+05  4.974545867369048e-02  -4.318379074064085e-02  -1.233180044686116e-02
  8.099999999999987e+00  1.846330275606514e+05  2.144193699577731e+04  4.250527278599577e+04  -3.305258470142712e+05  1.281924771162422e+05  2.884656811896182e+05  3.054451154934482e-02  -3.088911699676943e-02  -1.158199055802946e-03
  8.199999999999987e+00  2.560926999960328e+05  -1.021950584903714e+05  5.935796809558340e+04  -3.155329553678506e+05  1.174658774053903e+05  2.652101758105881e+05  1.947321511477990e-02  -2.227755568958359e-02  6.871385742391666e-04
  8.299999999999986e+00  2.560585057602233e+05  -1.948024186772704e+05  7.668352445349934e+04  -3.154617677963661e+05  1.339805839082852e+05  2.841878916423671e+05  1.559231941404416e-02  -1.742333720046053e-02  -9.441657532964097e-03
  8.399999999999986e+00  2.250770734691299e+05  -2.385320478960203e+05  1.152254793283921e+05  -2.984156465227975e+05  1.660645527527264e+05  3.294108999881183e+05  1.224184718033283e-02  -1.620491375069695e-02  -2.658317560790949e-02
  8.499999999999986e+00  2.069191083741719e+05  -2.190366177732766e+05  1.778510273617882e+05  -2.465332063385256e+05  1.846466909273780e+05  3.665726597768369e+05  4.679400858771104e-03  -1.906737999914831e-02  -4.108325456047135e-02
  8.599999999999985e+00  1.921854354766604e+05  -1.469619436917783e+05  2.231380192256594e+05  -1.824746684295131e+05  1.713833311922382e+05  3.720958685028041e+05  -3.827618564495411e-03  -2.535726976454153e-02  -4.704898156661155e-02
  8.699999999999985e+00  1.245676269387696e+05  -7.113824644916816e+04  2.032084889704868e+05  -1.545034311324273e+05  1.340011120487864e+05  3.491742936298669e+05  -4.214097399819621e-03  -3.193176986541545e-02  -4.620289539085744e-02
  8.799999999999985e+00  -2.798904155151207e+04  -4.304503768732020e+04  1.202850306234456e+05  -1.954018601479224e+05  9.570519317008722e+04  3.214725882221035e+05  8.366636420412859e-03  -3.459411389115873e-02  -4.437060135001247e-02
  8.899999999999984e+00  -2.568750330559035e+05  -1.053915181391631e+05  1.404567931707099e+04  -3.053903946887117e+05  6.449657031697591e+04  3.043453224851619e+05  3.140833871356857e-02  -2.890195428981471e-02  -4.426386802422057e-02
  8.999999999999984e+00  -4.670951304704146e+05  -2.190833834694653e+05  -4.048779265216047e+04  -4.344595771427139e+05  4.007449635095881e+04  3.017495888556569e+05  5.329973126387398e-02  -1.735456640045337e-02  -4.623589285188624e-02
  9.099999999999984e+00  -5.833675887835532e+05  -3.190257168571406e+05  -2.147044907831769e+04  -5.238386874433767e+05  1.612418161630420e+04  2.924346166112465e+05  6.449550223840368e-02  -5.976778125914895e-03  -4.702682065291885e-02
  9.199999999999983e+00  -6.098190439925189e+05  -3.729566141407707e+05  2.469549891751395e+04  -5.488081718779678e+05  -1.321277621088077e+04  2.457430903741800e+05  6.422402734235390e-02  1.460146735579570e-03  -4.248968377183874e-02
  9.299999999999983e+00  -5.746634064471258e+05  -3.766102458510740e+05  6.198580865424730e+04  -5.171986182893499e+05  -3.724560352896493e+04  1.654637653308225e+05  5.538694608788724e-02  3.886605405293189e-03  -3.407314889644925e-02
  9.399999999999983e+00  -5.251279079763718e+05  -3.725588305811639e+05  7.262702600135699e+04  -4.690010084801816e+05  -4.176105455712391e+04  8.190822315170178e+04  4.295814699023548e-02  5.269466352662679e-03  -2.632864959729979e-02
  9.499999999999982e+00  -4.759469459456968e+05  -3.863853363728167e+05  7.761359699713817e+04  -4.387185924222621e+05  -2.638351497576004e+04  2.462058246140703e+04  3.031042866741621e-02  8.890714500035375e-03  -2.171282149000146e-02
  9.599999999999982e+00  -4.212023352196403e+05  -4.064334625867393e+05  1.014640218360524e+05  -4.320097746203885e+05  -7.298099229573844e+03  -2.345951548194070e+03  1.864542286770388e-02  1.357426172870927e-02  -1.877069841576151e-02
  9.699999999999982e+00  -3.859039132379880e+05  -4.209579202414685e+05  1.304123862070016e+05  -4.400436117957355e+05  -3.212039438825749e+03  -1.559891126350942e+04  1.085986377480118e-02  1.687063363408362e-02  -1.428380835360018e-02
  9.799999999999981e+00  -3.886076076118897e+05  -4.238627882263587e+05  1.485083102997599e+05  -4.476932194279673e+05  -1.760286943913599e+04  -2.401880819773893e+04  8.661712637637054e-03  1.751974697895040e-02  -7.223435878878634e-03
  9.899999999999981e+00  -4.122045151921062e+05  -4.208969860178396e+05  1.591268593497167e+05  -4.480904992950340e+05  -3.572079416799615e+04  -2.402157931771781e+04  1.024615515175720e-02  1.724541065544679e-02  7.285280184850721e-04
  9.999999999999980e+00  -4.307120363231076e+05  -4.309420138476116e+05  1.690584304686611e+05  -4.419422103526721e+05  -4.061872591206154e+04  -1.524989301969734e+04  1.255145973427144e-02  1.910464146268901e-02  8.501358525979138e-03
  1.009999999999998e+01  -4.281476428320965e+05  -4.651843330509193e+05  1.802076361599173e+05  -4.255949200076836e+05  -2.708503853705942e+04  -8.271062788340672e+03  1.253331216579447e-02  2.407098027476137e-02  1.672067549147989e-02
  1.019999999999998e+01  -4.135459188312949e+05  -5.169194302025170e+05  1.843767968198895e+05  -4.005111724374137e+05  -3.895831521019892e+03  -1.566504650232828e+04  9.607831879967820e-03  3.086404536244684e-02  2.586416692945775e-02
  1.029999999999998e+01  -4.030344286501998e+05  -5.646270401759224e+05  1.660508703725133e+05  -3.678112676656667e+05  2.003263539564779e+04  -3.966153029873729e+04  4.414488063978407e-03  3.664373996845477e-02  3.343728086794907e-02
  1.039999999999998e+01  -3.926810818011567e+05  -5.890109485223223e+05  1.152218112655735e+05  -3.250912332094382e+05  4.380772613297835e+04  -7.184994924554920e+04  -2.744737698999630e-03  3.895720129424740e-02  3.564990589792458e-02
  1.049999999999998e+01  -3.698405751149573e+05  -5.930299624403173e+05  2.947041052788250e+04  -2.784756456967231e+05  6.871922506415895e+04  -1.025560325844367e+05  -1.078490963860114e-02  3.820879437405836e-02  3.135130262749139e-02
  1.059999999999998e+01  -3.317899635081236e+05  -5.979016896797220e+05  -8.611565122600232e+04  -2.435754785262611e+05  9.538290123459591e+04  -1.271559831389170e+05  -1.774217990880899e-02  3.703022763855238e-02  2.311618672952800e-02
  1.069999999999998e+01  -2.856606164969451e+05  -6.096283967353305e+05  -2.090393087596445e+05  -2.361165509916375e+05  1.183755496959924e+05  -1.459918105664650e+05  -2.103948347959525e-02  3.694192209406461e-02  1.639729375813581e-02
  1.079999999999998e+01  -2.433434805108563e+05  -6.108301797915933e+05  -3.080777247023128e+05  -2.602704800899056e+05  1.271840400153972e+05  -1.634434958025320e+05  -1.893876894434994e-02  3.701130335043332e-02  1.590482771464720e-02
  1.089999999999998e+01  -2.128545075503962e+05  -5.772257932980257e+05  -3.606640266560288e+05  -3.031836382870293e+05  1.155265351969135e+05  -1.821388960145563e+05  -1.192591522155582e-02  3.448618133959944e-02  2.257115790638216e-02
  1.099999999999998e+01  -1.955411730997717e+05  -5.034967773833511e+05  -3.680749122815687e+05  -3.419404020848707e+05  9.105067027005502e+04  -1.963051777944190e+05  -2.783523101860321e-03  2.742778940963792e-02  3.281614782165171e-02
  1.109999999999998e+01  -1.825512841165687e+05  -4.127673195721252e+05  -3.525745224635481e+05  -3.600318446150256e+05  6.947628691472259e+04  -1.961144350092089e+05  4.422713224360759e-03  1.688069190187240e-02  4.095440116969811e-02
  1.119999999999998e+01  -1.522697399883603e+05  -3.331283897764980e+05  -3.335486021338661e+05  -3.576807706418470e+05  5.456862938423274e+04  -1.805670058597044e+05  7.082918225514976e-03  5.521621036912189e-03  4.474144417418258e-02
  1.129999999999998e+01  -8.775855375048079e+04  -2.796883815011891e+05  -3.174324318839583e+05  -3.452370479956641e+05  3.435391712372670e+04  -1.609662156038765e+05  5.094071185871909e-03  -4.204992752101007e-03  4.639745110779440e-02
  1.139999999999998e+01  7.026969011790059e+03  -2.463139131377574e+05  -2.978497329678214e+05  -3.295519438751382e+05  -1.934395126962473e+03  -1.472189357562537e+05  -2.163924036229942e-04  -1.158377994245492e-02  4.816982784884102e-02
  1.149999999999998e+01  1.019203734351716e+05  -2.199173882740309e+05  -2.633420551469754e+05  -3.131429060477587e+05  -4.703913227062089e+04  -1.364333913734384e+05  -6.380853885093633e-03  -1.690514971251567e-02  4.911842805174078e-02
  1.159999999999997e+01  1.629722733313474e+05  -1.979545767181308e+05  -2.063251834579502e+05  -3.000689451359060e+05  -8.105831476339327e+04  -1.180437012869344e+05  -1.113338970244293e-02  -2.013238919181286e-02  4.657033746302324e-02
  1.169999999999997e+01  1.811923888533460e+05  -1.876869162537029e+05  -1.253244579843211e+05  -2.949791198787264e+05  -9.133389219611598e+04  -8.844770368590479e+04  -1.375941518009028e-02  -2.079672944565800e-02  4.046088118143303e-02
  1.179999999999997e+01  1.755945400236346e+05  -1.936908052944602e+05  -2.304275013349224e+04  -2.991841499105284e+05  -8.059910278155046e+04  -5.457557544894447e+04  -1.504599022756771e-02  -1.862581969964105e-02  3.363198534925110e-02
  1.189999999999997e+01  1.739378439157986e+05  -2.112229247657894e+05  9.642532108460224e+04  -3.090797601079743e+05  -5.696050877076235e+04  -1.981494029828121e+04  -1.626066616385545e-02  -1.417044597664519e-02  2.796152402571511e-02
  1.199999999999997e+01  1.817898177608942e+05  -2.361056323222083e+05  2.201437115653667e+05  -3.194065523867822e+05  -2.467585803109112e+04  2.215619339763544e+04  -1.749156971397627e-02  -8.477490917307054e-03  2.230926141976215e-02
  1.209999999999997e+01  1.851271870534225e+05  -2.643090208087029e+05  3.268509620265384e+05  -3.258812529830573e+05  1.527202264837157e+04  8.130306400225034e+04  -1.790120623563302e-02  -3.134738941673377e-03  1.395244948668525e-02
  1.219999999999997e+01  1.728514553435111e+05  -2.868948607961700e+05  4.027939668873621e+05  -3.265034715444407e+05  6.272755112671653e+04  1.612228872139292e+05  -1.684802219986967e-02  1.416191380199086e-04  1.584685748794272e-03
  1.229999999999997e+01  1.412413019267732e+05  -2.954587836077737e+05  4.444127930552232e+05  -3.242929019816223e+05  1.151180598189155e+05  2.496586264809397e+05  -1.403599271851276e-02  4.658123299897768e-04  -1.306055092406688e-02
  1.239999999999997e+01  9.329926691168851e+04  -2.900140081000596e+05  4.531871891478295e+05  -3.234298863947283e+05  1.659164136057268e+05  3.236478032074379e+05  -9.693434623988528e-03  -1.560793275808472e-03  -2.622340504659332e-02
  1.249999999999997e+01  4.578746285419509e+04  -2.749320494896030e+05  4.371905759436088e+05  -3.215588567644104e+05  2.071631228434659e+05  3.640036168422283e+05  -5.413106201148109e-03  -4.607689253920677e-03  -3.486093338922873e-02
  1.259999999999997e+01  2.312828683308801e+04  -2.517598543900002e+05  4.105439871116051e+05  -3.134323141781726e+05  2.322930053760449e+05  3.660318463951290e+05  -3.400033062342472e-03  -7.856010520113461e-03  -3.809087456912753e-02
  1.269999999999997e+01  3.723591520572520e+04  -2.240910543579512e+05  3.849971497531797e+05  -2.979833816881850e+05  2.362941522903232e+05  3.382043999107998e+05  -4.835541976200673e-03  -1.090132046795038e-02  -3.665157096336961e-02
  1.279999999999997e+01  8.083791327156538e+04  -1.957592342440140e+05  3.616898704056692e+05  -2.765028619248544e+05  2.185409751954481e+05  2.935907720987797e+05  -9.678608425995817e-03  -1.404436311000749e-02  -3.210347336558712e-02
  1.289999999999997e+01  1.389453121697723e+05  -1.636918890527698e+05  3.409000359263818e+05  -2.468192244756435e+05  1.877484851897809e+05  2.463839844241193e+05  -1.731851685058552e-02  -1.822646349775137e-02  -2.687786099495876e-02
  1.299999999999997e+01  1.953273405217746e+05  -1.268165117693709e+05  3.294100004061956e+05  -2.066266831924253e+05  1.581668224885472e+05  2.109290325359522e+05  -2.647638259470401e-02  -2.358580825411886e-02  -2.358241046887798e-02
  1.309999999999997e+01  2.258405242952401e+05  -9.672166263574803e+04  3.310931324565986e+05  -1.654358799037038e+05  1.384110396926980e+05  1.949326161322515e+05  -3.419777670813592e-02  -2.848978077977054e-02  -2.311509877693071e-02
  1.319999999999997e+01  2.060958130792150e+05  -9.401021356030030e+04  3.346235887063621e+05  -1.415521811923352e+05  1.272534158959961e+05  1.940757003885396e+05  -3.717749734848511e-02  -3.028724139694056e-02  -2.434688448683648e-02
  1.329999999999997e+01  1.361451352117078e+05  -1.321889233470926e+05  3.187760285460841e+05  -1.450227494033679e+05  1.195684662068929e+05  1.981117285414113e+05  -3.461119481760599e-02  -2.743895393939079e-02  -2.566407559275390e-02
  1.339999999999997e+01  5.072613900111803e+04  -2.025126179788419e+05  2.729795842717257e+05  -1.687778267428207e+05  1.145458419279598e+05  2.009232682562092e+05  -2.908073595032185e-02  -2.080752630214361e-02  -2.674559731258752e-02
  1.349999999999997e+01  -2.155287032014011e+03  -2.784738088344789e+05  2.027726981284315e+05  -1.941452305167006e+05  1.165895839081542e+05  2.039737701172081e+05  -2.474411776816992e-02  -1.306364983562457e-02  -2.850579147891705e-02
  1.359999999999997e+01  2.560939367782047e+03  -3.370302616048838e+05  1.204568962724964e+05  -2.050128270954145e+05  1.278770274744831e+05  2.100192901752992e+05  -2.439889857993062e-02  -6.765076461437691e-03  -3.155676467743695e-02
  1.369999999999997e+01  5.271615173672916e+04  -3.737987017242058e+05  3.321761574031498e+04  -1.959859490168222e+05  1.432976873393836e+05  2.138941764470346e+05  -2.827333839974613e-02  -3.053846785499285e-03  -3.522603594622509e-02
  1.379999999999997e+01  1.159078184383304e+05  -3.992048390672425e+05  -5.836440952341018e+04  -1.711988053295350e+05  1.528041867956578e+05  2.049419878176489e+05  -3.472439038658988e-02  -1.835490423487457e-03  -3.777400108585981e-02
  1.389999999999997e+01  1.624092515674514e+05  -4.240815945165147e+05  -1.508157388569473e+05  -1.400414833895204e+05  1.487629959882366e+05  1.760030448840271e+05  -4.137529801996333e-02  -2.358934572457388e-03  -3.782083793976743e-02
  1.399999999999997e+01  1.760436814833530e+05  -4.507430342667034e+05  -2.354333714352932e+05  -1.125123621788122e+05  1.311534353415146e+05  1.283235419750109e+05  -4.589059241585650e-02  -3.751918862138584e-03  -3.524719511109479e-02
  1.409999999999997e+01  1.578166328068766e+05  -4.727843234215665e+05  -3.010186597140317e+05  -9.573435567786157e+04  1.048558904169445e+05  7.030108470085988e+04  -4.687593803769469e-02  -5.373725827010160e-03  -3.082913499641356e-02
  1.419999999999997e+01  1.225679485640356e+05  -4.842548422599080e+05  -3.417043716235997e+05  -9.196467506376078e+04  7.508358560656801e+04  1.047872017211767e+04  -4.455037623797661e-02  -6.748753065328354e-03  -2.537843398323524e-02
  1.429999999999997e+01  8.736225869901053e+04  -4.880715886174821e+05  -3.608853981046987e+05  -9.956430434454967e+04  4.382145664845865e+04  -4.603371731689483e+04  -4.005687691497187e-02  -7.369359795415509e-03  -1.897084639388711e-02
  1.439999999999996e+01  5.886636036953657e+04  -4.932557430440298e+05  -3.658748703899877e+05  -1.158119382954059e+05  9.507257504247824e+03  -9.751433307503941e+04  -3.427674531219624e-02  -6.880109797638753e-03  -1.127111933704844e-02
  1.449999999999996e+01  3.161389958682760e+04  -5.043374357163409e+05  -3.598723779681875e+05  -1.380586159951557e+05  -2.888160970331644e+04  -1.436345613994221e+05  -2.748990724448696e-02  -5.683084804894071e-03  -2.423348652093830e-03
  1.459999999999996e+01  -2.427683797647543e+03  -5.167928494676441e+05  -3.392406133135493e+05  -1.641634915023520e+05  -6.801001121120143e+04  -1.818376519349650e+05  -1.980389284066615e-02  -4.653556215414601e-03  6.364835842358269e-03
  1.469999999999996e+01  -4.855625892729674e+04  -5.252689438714859e+05  -3.022964268282796e+05  -1.928169074207989e+05  -1.002824246852038e+05  -2.079655518148896e+05  -1.156573071810353e-02  -4.136532680867275e-03  1.329122775046295e-02
  1.479999999999996e+01  -1.061984881269089e+05  -5.286541839549234e+05  -2.538713715562405e+05  -2.219947110291587e+05  -1.190565558543648e+05  -2.197371387623721e+05  -3.473203891815862e-03  -3.768787157810611e-03  1.740066929027827e-02
  1.489999999999996e+01  -1.674300092276669e+05  -5.285129579645735e+05  -2.014148441494534e+05  -2.481904064773631e+05  -1.238133393479996e+05  -2.180319055205412e+05  3.577562729054178e-03  -2.950189196201791e-03  1.936501576334597e-02
  1.499999999999996e+01  -2.193459616351945e+05  -5.249474163510707e+05  -1.483194285559453e+05  -2.677278712804222e+05  -1.200266446294246e+05  -2.070648766517837e+05  8.861901225308975e-03  -1.607425991217284e-03  2.077122128510197e-02
  1.509999999999996e+01  -2.513902594428394e+05  -5.184786149350875e+05  -9.418332041336654e+04  -2.800908188171116e+05  -1.142336749715451e+05  -1.926709501828724e+05  1.236170270779765e-02  -6.313474611070941e-05  2.300190426838200e-02
  1.519999999999996e+01  -2.632054972108208e+05  -5.120041020582933e+05  -4.072538531073572e+04  -2.892601490899922e+05  -1.103273900665830e+05  -1.799954275225543e+05  1.477946937322697e-02  1.388508671266981e-03  2.650773946968006e-02
  1.529999999999996e+01  -2.630371477142840e+05  -5.074910549043956e+05  6.341886760184768e+03  -3.005076990746774e+05  -1.075843030936282e+05  -1.721847732413524e+05  1.697287356534902e-02  2.499474861923387e-03  3.064695246437182e-02
  1.539999999999996e+01  -2.611513595684589e+05  -5.043573020825599e+05  4.212893693648801e+04  -3.163007189009259e+05  -1.020295270019733e+05  -1.683057366777811e+05  1.940490210515329e-02  3.324192336683120e-03  3.414659746629012e-02
  1.549999999999996e+01  -2.642162501577425e+05  -4.997797453534103e+05  6.733608856118143e+04  -3.347261988572416e+05  -9.038196814689250e+04  -1.639603431467992e+05  2.193409521665350e-02  4.085511264499714e-03  3.563524289841803e-02
  1.559999999999996e+01  -2.715083936906763e+05  -4.909676023406425e+05  8.872330229009347e+04  -3.511075652480693e+05  -7.298700464892598e+04  -1.549015215864940e+05  2.397794394301729e-02  4.924693152409572e-03  3.455734593173243e-02
  1.569999999999996e+01  -2.776741018845350e+05  -4.760567409508899e+05  1.147803905579681e+05  -3.616987639570543e+05  -5.376236677273464e+04  -1.398811779878107e+05  2.498503404659084e-02  5.759091874234852e-03  3.163847642632375e-02
  1.579999999999996e+01  -2.782478691106961e+05  -4.545972949885513e+05  1.487133559312266e+05  -3.659155566384678e+05  -3.613446499124435e+04  -1.208299197145492e+05  2.485205394776691e-02  6.260692283869945e-03  2.822351677744120e-02
  1.589999999999996e+01  -2.727914372077858e+05  -4.288453766950508e+05  1.862566463145984e+05  -3.666034756920314e+05  -1.998779105968744e+04  -9.978635323487029e+04  2.403212819590539e-02  6.267965338185618e-03  2.538669402658351e-02
  1.599999999999996e+01  -2.651031128167043e+05  -4.035585475637930e+05  2.181112070106836e+05  -3.677664600944959e+05  -2.015712995846302e+03  -7.614313298383202e+04  2.313319256568818e-02  5.966966081904587e-03  2.309845487342177e-02
  1.609999999999996e+01  -2.582030798035813e+05  -3.835740597374566e+05  2.353672351011090e+05  -3.716690816696108e+05  2.162894783938029e+04  -4.682835487554007e+04  2.246463892306087e-02  5.787078235444884e-03  2.025710763827597e-02
  1.619999999999996e+01  -2.507557336083330e+05  -3.696772123305739e+05  2.357455995581751e+05  -3.780677212346764e+05  5.111274517394954e+04  -9.845550203875699e+03  2.187928470648876e-02  6.062545307214079e-03  1.579912805327931e-02
  1.629999999999996e+01  -2.383008651633778e+05  -3.585677991114527e+05  2.234050519955809e+05  -3.845367680104600e+05  8.120814523489773e+04  3.220496542550029e+04  2.086833529385557e-02  6.690385486382290e-03  9.642423833955723e-03
  1.639999999999996e+01  -2.171323848532710e+05  -3.479440835097564e+05  2.042832552628520e+05  -3.880328069069440e+05  1.041318342499506e+05  7.298701035275000e+04  1.899843587435387e-02  7.277073362809403e-03  2.806321888923637e-03
  1.649999999999996e+01  -1.883612938543804e+05  -3.388815332976814e+05  1.818311275202192e+05  -3.862384584888375e+05  1.144738502375207e+05  1.054179548221859e+05  1.610250608972625e-02  7.465379098439317e-03  -3.335469669038537e-03
  1.659999999999997e+01  -1.565343348011412e+05  -3.339872570036478e+05  1.561993397344518e+05  -3.787012591259718e+05  1.134860136064472e+05  1.259818682774608e+05  1.231804478028429e-02  7.205678676350975e-03  -8.042670990867402e-03
  1.669999999999997e+01  -1.260357832859674e+05  -3.335113580253879e+05  1.290760029582992e+05  -3.670748977820523e+05  1.079743955346340e+05  1.360066488987587e+05  8.087348678571620e-03  6.704916720177890e-03  -1.137629832353750e-02
  1.679999999999997e+01  -1.002605207583664e+05  -3.347781658822292e+05  1.045957960036116e+05  -3.544324017463378e+05  1.058147668436142e+05  1.391884544614377e+05  4.062465774826333e-03  6.182364105513935e-03  -1.371328450248758e-02
  1.689999999999997e+01  -8.117503600205047e+04  -3.351298676475998e+05  8.714678016523506e+04  -3.437127110061301e+05  1.113019203380271e+05  1.394664264396022e+05  9.732430312163757e-04  5.672229683148882e-03  -1.521452537708496e-02
  1.699999999999997e+01  -7.157401022126000e+04  -3.339128086704228e+05  7.714410950585642e+04  -3.364363718281263e+05  1.226825303859018e+05  1.382958625018738e+05  -6.114046197311736e-04  4.989056375867956e-03  -1.557762994913537e-02
  1.709999999999997e+01  -7.270601241582280e+04  -3.324329894561659e+05  6.970025400264440e+04  -3.318078345600621e+05  1.337917453098565e+05  1.350459624019232e+05  -7.015879126091795e-04  3.921622394600443e-03  -1.439610003999563e-02
  1.719999999999997e+01  -7.987840940306277e+04  -3.317762695444279e+05  5.975657559101151e+04  -3.270157225086391e+05  1.378963750070044e+05  1.293031096414917e+05  1.882162783292097e-05  2.399756627543406e-03  -1.166272126243652e-02
  1.729999999999998e+01  -8.367791033943290e+04  -3.315503615207284e+05  4.674548500386724e+04  -3.194162346907805e+05  1.314112506744494e+05  1.217924805564509e+05  4.321049003216879e-04  6.374313437355109e-04  -8.003065508670462e-03
  1.739999999999998e+01  -7.451413667895908e+04  -3.305599198647356e+05  3.520822539846471e+04  -3.082214356815661e+05  1.158570065964743e+05  1.151955626933269e+05  -3.753920502311303e-04  -9.876514680141647e-04  -4.430432852505259e-03
  1.749999999999998e+01  -5.180682903329073e+04  -3.283888760080430e+05  2.984868044285319e+04  -2.957878072265678e+05  9.650700102655691e+04  1.113253269218148e+05  -2.369150436601092e-03  -2.176151586289114e-03  -1.762815305802258e-03
  1.759999999999998e+01  -2.388127827012508e+04  -3.259608450205474e+05  3.076951614051498e+04  -2.861196809127342e+05  7.886580146196760e+04  1.096569910100396e+05  -4.774188549985820e-03  -2.726172744813880e-03  -1.858169926755458e-04
  1.769999999999998e+01  -9.194408325926827e+02  -3.235201925951085e+05  3.275189714699354e+04  -2.817346000136186e+05  6.593079577980439e+04  1.072687640500872e+05  -6.631273108543375e-03  -2.756725179840658e-03  7.464999595738949e-04
  1.779999999999998e+01  1.175055135802626e+04  -3.198312991039262e+05  3.037769446938295e+04  -2.820514994361524e+05  5.737167634458399e+04  1.003225796623521e+05  -7.420676549234308e-03  -2.592629062441932e-03  1.628731679166157e-03
  1.789999999999998e+01  1.629582318022613e+04  -3.143006567402802e+05  2.188641627516432e+04  -2.838070672005729e+05  5.109675647453257e+04  8.711395296644195e+04  -7.384695955698226e-03  -2.448778038287025e-03  2.700803019051414e-03
  1.799999999999999e+01  1.695150825078422e+04  -3.095976747198703e+05  9.673973493384641e+03  -2.837860644216863e+05  4.551516916973690e+04  6.856310872008688e+04  -7.075896892212649e-03  -2.301736632833778e-03  3.734215203683175e-03
  1.809999999999999e+01  1.623057780990846e+04  -3.100940035313654e+05  -4.741428358274744e+02  -2.813184772952363e+05  4.076829625467685e+04  4.793970500901780e+04  -6.970547140014256e-03  -1.827404377663400e-03  4.260552765242513e-03
  1.819999999999999e+01  1.413304880738272e+04  -3.175078659134615e+05  -3.266799113321212e+03  -2.785335713402337e+05  3.824725652715275e+04  2.889127789208270e+04  -7.211455578556031e-03  -7.558850874449842e-04  3.937438257878288e-03
  1.829999999999999e+01  8.367875406662093e+03  -3.291278688326456e+05  3.621925506689081e+03  -2.791896826210524e+05  3.879296089600992e+04  1.365112921512226e+04  -7.465793387939772e-03  9.184063643434062e-04  2.881388468662234e-03
  1.839999999999999e+01  -2.967127990156243e+03  -3.394959906101048e+05  1.847396947446125e+04  -2.865886049985058e+05  4.158784647885292e+04  2.898750720340076e+03  -7.271003553295125e-03  3.000084599238038e-03  1.488073676926328e-03
  1.849999999999999e+01  -1.986276346561938e+04  -3.445105358148059e+05  3.563600933524921e+04  -3.013491130566043e+05  4.486224914164592e+04  -3.388192084334498e+03  -6.335684625035154e-03  5.117406558955018e-03  1.935078138374952e-04
  1.859999999999999e+01  -3.972589381393860e+04  -3.442931769291689e+05  4.888411238735700e+04  -3.202339184474494e+05  4.766582168139368e+04  -4.821304803943091e+03  -4.765471627678499e-03  6.869053250589472e-03  -8.628409505346253e-04
  1.870000000000000e+01  -5.821382303336528e+04  -3.419098232450149e+05  5.420894681525516e+04  -3.378969049429065e+05  5.117056749063059e+04  -1.126466434176054e+03  -3.043290523431758e-03  7.956887175812671e-03  -1.920963206026474e-03
  1.880000000000000e+01  -7.109610925280640e+04  -3.401069844557965e+05  5.126513469964785e+04  -3.490774173805859e+05  5.713299097254933e+04  6.908585743723142e+03  -1.728808789434958e-03  8.130734922434692e-03  -3.220272845498935e-03
  1.890000000000000e+01  -7.606634537996644e+04  -3.392480472477088e+05  4.305856908698502e+04  -3.512530028352129e+05  6.564991214603966e+04  1.633592507007734e+04  -1.180032083443796e-03  7.293646580785579e-03  -4.702647618153065e-03
  1.900000000000000e+01  -7.406402508286602e+04  -3.371974672517336e+05  3.331191213270462e+04  -3.456894857099903e+05  7.432112579218399e+04  2.307659358514109e+04  -1.384135425749117e-03  5.521150497480061e-03  -5.852166453987991e-03
  1.910000000000000e+01  -6.931553532827173e+04  -3.329229534533953e+05  2.468165861056160e+04  -3.357374164373860e+05  7.951046471118421e+04  2.482559444980224e+04  -1.940007598121926e-03  3.083911057362157e-03  -6.117816844561069e-03
  1.920000000000000e+01  -6.812026707270982e+04  -3.285016420343903e+05  1.795816112785659e+04  -3.254130464655131e+05  7.943778131860269e+04  2.224315835421239e+04  -2.243344646954540e-03  4.736242831203026e-04  -5.350976555107544e-03
  1.930000000000000e+01  -7.498763698925517e+04  -3.276781431607047e+05  1.365933479859292e+04  -3.173625732725419e+05  7.517514752257171e+04  1.887799732532878e+04  -1.859220330155799e-03  -1.805582632442795e-03  -3.922424247657304e-03
  1.940000000000001e+01  -8.970774593643639e+04  -3.331791345497493e+05  1.323578616642671e+04  -3.121159888970723e+05  6.961823927405343e+04  1.862577104454545e+04  -7.540079600079230e-04  -3.437866217466830e-03  -2.489870629663996e-03
  1.950000000000001e+01  -1.076067690299556e+05  -3.435974292813117e+05  1.853406683232939e+04  -3.086166361884924e+05  6.543581390106159e+04  2.298147616895948e+04  7.122548523288505e-04  -4.465704888495008e-03  -1.440534966493501e-03
  1.960000000000001e+01  -1.224552832162197e+05  -3.546183489849660e+05  3.073401466653573e+04  -3.052991336300839e+05  6.308559593631939e+04  3.057950567285547e+04  2.077105497269210e-03  -5.165034182976562e-03  -7.050452346193170e-04
  1.970000000000001e+01  -1.297477225101040e+05  -3.623269419633787e+05  4.749783163026846e+04  -3.008202995728189e+05  6.114552511206019e+04  3.783056609831296e+04  2.955329625451637e-03  -5.844731026919311e-03  1.183605168312360e-04
  1.980000000000001e+01  -1.279003313630748e+05  -3.656195002726708e+05  6.374719030958833e+04  -2.944957916135153e+05  5.788902121872496e+04  4.125031639525999e+04  3.132743440542161e-03  -6.630063735308653e-03  1.438431861330253e-03
  1.990000000000001e+01  -1.177643627184826e+05  -3.667411948617157e+05  7.353099479311604e+04  -2.865924790408809e+05  5.296189432269211e+04  3.955856081457141e+04  2.558455719698833e-03  -7.379507162702368e-03  3.177659370846820e-03
