TITLE = "Temporal Signal for receiver number 01969"
VARIABLES = "Time","xx","yy","zz","xy","yz","xz","u","v","w"
# x1       3.665946160000e+05
# x2       4.724184950000e+06
# x3       -3.000000000000e+03
  0.000000000000000e+00  0.000000000000000e+00  0.000000000000000e+00  0.000000000000000e+00  0.000000000000000e+00  0.000000000000000e+00  0.000000000000000e+00  0.000000000000000e+00  0.000000000000000e+00  0.000000000000000e+00
  1.000000000000000e-01  0.000000000000000e+00  0.000000000000000e+00  0.000000000000000e+00  0.000000000000000e+00  0.000000000000000e+00  0.000000000000000e+00  0.000000000000000e+00  0.000000000000000e+00  0.000000000000000e+00
  2.000000000000000e-01  0.000000000000000e+00  0.000000000000000e+00  0.000000000000000e+00  0.000000000000000e+00  0.000000000000000e+00  0.000000000000000e+00  0.000000000000000e+00  0.000000000000000e+00  0.000000000000000e+00
  3.000000000000000e-01  0.000000000000000e+00  0.000000000000000e+00  0.000000000000000e+00  0.000000000000000e+00  0.000000000000000e+00  0.000000000000000e+00  0.000000000000000e+00  0.000000000000000e+00  0.000000000000000e+00
  4.000000000000000e-01  -9.519409088330998e-18  -2.541392892014837e-17  -6.231763539982220e-18  -4.089130280893590e-19  -2.622629994524375e-18  -3.336018313711658e-20  7.761031670329906e-27  -2.055801154651029e-24  -6.029897688316904e-25
  5.000000000000000e-01  -1.635802490208386e-14  3.360586850653681e-14  -2.315065496661783e-14  5.417473675025051e-15  6.229979617602387e-14  -9.762838049269369e-15  8.336805005793062e-22  2.127179990035670e-21  1.147304686862649e-20
  6.000000000000000e-01  -2.686101598089340e-11  -7.529028768028861e-11  -3.320859449090641e-11  1.033544771333701e-11  5.087890011061183e-12  2.144706765960549e-12  1.012201978931230e-18  -5.906065055249476e-18  -2.156392400241665e-19
  7.000000000000000e-01  1.891325249370645e-09  4.498068131811964e-09  2.647962290599049e-09  -3.493825413504634e-10  -1.276390826649530e-09  -2.154356383028269e-11  -2.785254127341326e-17  3.634944846283174e-16  -1.508263254385537e-16
  7.999999999999999e-01  -3.024147758371850e-10  2.704899160885424e-08  9.151627039566970e-09  -2.152294981943862e-09  1.693046690032328e-10  -1.772673056011982e-09  3.786869952647109e-16  2.011732246219981e-15  4.267881205812278e-16
  8.999999999999999e-01  -7.420078362966574e-08  4.176597999303223e-08  4.809934810435702e-08  5.558435202072720e-08  -9.320021585510264e-09  -3.500564433215608e-08  9.681101537962617e-15  2.291223153223985e-15  -1.209600488173664e-16
  9.999999999999999e-01  -3.138418856210580e-07  4.839661076311909e-07  6.740078182112695e-07  6.533560846777516e-07  -4.739506714058242e-07  -2.816136584963792e-07  9.711008142287190e-14  2.171127034451765e-14  -6.908745407211066e-14
  1.100000000000000e+00  -7.780896836200868e-07  5.883039966482489e-07  4.744785357720497e-06  3.812878303092162e-06  -5.311678009945631e-06  -1.226239075561713e-06  4.372555564497904e-13  -1.486681000933395e-13  -8.423803118899629e-13
  1.200000000000000e+00  -5.451049064627984e-06  1.102411843306517e-05  1.056559518508524e-05  1.541627543771446e-05  -9.384568162402715e-06  -3.310066412036805e-06  1.449647769805050e-12  6.000780159465548e-14  -2.199824231211729e-12
  1.300000000000000e+00  -1.606133290005569e-04  -8.802974625218797e-05  -1.361525670212836e-04  1.091091787650341e-04  1.255100921041035e-04  -6.090777793876966e-07  1.542456228949139e-11  -4.665485692420161e-12  9.953222522227234e-12
  1.400000000000000e+00  -3.918639220863421e-04  -1.050752910676564e-03  -1.071093571889731e-03  1.598659329892789e-04  9.462620162018671e-04  7.013226980037887e-05  1.644381042873896e-11  -6.187286114935889e-11  9.979083796110667e-11
  1.500000000000000e+00  6.991369847915572e-03  1.008369603029737e-02  3.086856579175695e-03  -4.745708601516077e-03  -5.146970328248046e-05  6.839691201916844e-04  -6.773868178198175e-10  7.832471859231646e-10  8.059546131231726e-11
  1.600000000000000e+00  1.821535512885063e-02  3.904245171654065e-02  2.353256709469416e-02  -8.047387688554668e-03  -1.951161368618129e-02  2.859434547695306e-03  -9.861103479995883e-10  2.801808776861016e-09  -2.233193875238987e-09
  1.700000000000000e+00  -1.105895689924256e-01  -2.032782337238094e-01  -9.332439205398560e-02  7.417625465076599e-02  2.889015660644247e-02  -5.071705165268928e-03  9.271585408194060e-09  -1.572421398499438e-08  2.327903514800468e-09
  1.800000000000000e+00  6.352084755335190e-02  6.439078281857737e-02  8.175241669178455e-02  -7.697517757847264e-02  7.810373178565343e-02  -1.323110568347020e-02  -1.055066779944721e-08  8.809542538576578e-09  7.603039052983864e-09
  1.900000000000001e+00  3.045689921278252e-01  1.088998682360060e+00  1.086130020612186e-01  -6.198246977998314e-02  -2.698686638182013e-01  -7.723857287700650e-02  6.682493365698080e-09  6.032186298505999e-08  -1.400389365420539e-08
  2.000000000000000e+00  -6.027744398273812e-01  -3.000576702740948e+00  -1.409517698331779e-01  -4.409711004767813e-02  2.082966838098754e-01  4.623063976228248e-01  -5.995084134070974e-08  -1.714291753838200e-07  -3.119602545881639e-08
  2.100000000000001e+00  5.399476802087995e-01  3.438712863244770e+00  -2.995407001145897e-01  2.014071672836453e-01  7.945697604589997e-01  -7.239696815517692e-01  1.613687683775002e-07  2.007056605683032e-07  1.976836074021024e-07
  2.200000000000001e+00  3.807049258804702e+01  6.818802345511084e+01  4.697141279505789e+01  -1.665841965952037e+01  -2.679398338541405e+01  1.058828283200106e+01  -2.747170151516823e-06  5.884482095007952e-06  -4.079772377512243e-06
  2.300000000000001e+00  1.886480308350998e+01  5.606039694986954e+01  3.421332449552899e+01  -1.229835186762310e+01  -1.425323677715969e+01  6.192919468120334e+00  -1.303121119104223e-06  4.726792392587451e-06  -2.459381398742552e-06
  2.400000000000001e+00  -1.336640697870872e+01  2.444999794662888e+01  -2.930025076506729e+00  -8.043222731773145e+00  9.678385488111966e+00  -1.738779050999683e+01  8.812377616856104e-07  1.941492036945521e-06  2.766107963958931e-06
  2.500000000000001e+00  -1.168043475582070e+01  1.970488950156489e+01  -3.657130643306429e+01  -3.565593494707917e+01  3.172349844464973e+01  -2.835941725921048e+01  -2.354495277892977e-06  2.787787515988780e-06  7.066807807375578e-06
  2.600000000000001e+00  -1.711046535070274e+01  1.881399494925388e+00  -3.398859457684670e+01  -6.137026629169210e+01  3.565260107632400e+01  -2.903913104545884e+01  -4.279032146222248e-06  8.686744613894464e-07  6.186511657919745e-06
  2.700000000000001e+00  -1.304489917177589e+01  3.049660442187066e+01  4.216159442137348e+00  -9.387613254728772e+01  4.793605407068329e+01  -4.944735216858971e+01  -5.641748581766067e-06  3.250129655925840e-06  5.441237594538042e-06
  2.800000000000001e+00  2.675716706514843e+01  1.350487935813387e+02  9.911832326998613e+01  -1.385991714131352e+02  2.228970749503141e+01  -6.958082171306631e+01  -8.506541433792324e-06  1.220779668775400e-05  -1.303478701106626e-06
  2.900000000000001e+00  9.067944482715518e+01  2.597785576962086e+02  1.586741376889801e+02  -2.601689657344160e+02  5.587372498434677e+01  -7.779389760166596e+01  -2.086508928596745e-05  2.549995526019675e-05  5.830140196697337e-07
  3.000000000000001e+00  1.367907529958607e+02  4.878672437654641e+02  2.874355918825764e+02  -3.889100917019415e+02  2.394050057712482e+01  -1.443417211693177e+02  -2.769587391083361e-05  4.245580683227314e-05  2.458255635437114e-07
  3.100000000000001e+00  -3.842114592363786e+02  -1.250573723079787e+02  -1.522302810583871e+00  -3.600128882389795e+02  1.891284913988015e+02  -3.527231359197447e+02  1.114136697785574e-08  -7.782564182441981e-06  2.993433459815740e-05
  3.200000000000002e+00  -2.549502807967094e+03  -4.114203879119216e+03  -2.168500635886915e+03  8.665379226182144e+01  1.897507791903996e+03  -1.036104906196984e+03  1.041632853107669e-04  -3.318555863019444e-04  2.543260162877448e-04
  3.300000000000002e+00  -3.518440326621586e+03  -5.186007964217913e+03  -3.857894484690338e+03  -6.547855596216810e+02  3.579967735885148e+03  -2.479021368340372e+03  1.114875241317789e-04  -4.360354207383921e-04  5.684862899185306e-04
  3.400000000000002e+00  -2.355544598441036e+03  -1.183739944800806e+04  -6.200030756318226e+03  -4.867883968690748e+03  9.129937561353447e+03  -3.609804300446207e+03  -4.271948359547926e-04  -8.901299555813309e-04  1.113926445183283e-03
  3.500000000000002e+00  5.525786451125107e+03  -4.741344700204645e+03  -5.628817959701936e+03  -1.529864566874460e+04  1.608932798854038e+04  -6.692233941681023e+03  -1.502451363150434e-03  -3.223164067337635e-04  2.018590631799720e-03
  3.600000000000002e+00  2.747741803176705e+04  -5.827156920079015e+03  -5.681009593764816e+03  -4.096921883202222e+04  3.020090639931209e+04  -7.935951876371604e+03  -4.749013086002872e-03  -4.443622099264936e-05  3.174506746549483e-03
  3.700000000000002e+00  7.541724343122356e+04  2.859990886941605e+04  4.345236327747193e+03  -8.924055407351918e+04  4.990661186671161e+04  -8.962786968754053e+03  -1.059535939264185e-02  3.049533728005873e-03  5.187407495127947e-03
  3.800000000000002e+00  1.288138226518266e+05  3.764338301632633e+04  -4.754787389371391e+03  -1.545983029487591e+05  8.152019148582967e+04  -1.364173110135357e+04  -1.764914859832453e-02  4.889304233223223e-03  8.058078038574452e-03
  3.900000000000002e+00  1.606314914680537e+05  -1.684690552759019e+04  1.536812974681794e+04  -2.114434194963093e+05  9.759173664245203e+04  -9.716967488898537e+03  -2.302247411585491e-02  3.829953313256542e-04  6.195469862296285e-03
  4.000000000000002e+00  2.066604784011375e+05  1.469497742354494e+03  8.097101344340527e+02  -2.818613222371367e+05  1.488101765393283e+05  -1.152987896454993e+04  -2.938572437084500e-02  3.995299104967953e-03  1.083857949953172e-02
  4.100000000000001e+00  2.573041745073046e+05  5.705276298923913e+03  -1.655081594709545e+04  -3.421848178149386e+05  2.197577531574136e+05  -6.434470360890600e+04  -3.024097341574942e-02  5.328948258441222e-03  1.983577678246817e-02
  4.200000000000001e+00  3.347625496420044e+05  -7.151213057279601e+04  7.482976864745218e+04  -4.327043582766139e+05  1.872037589613367e+05  -5.053118715231298e+04  -3.977353760722607e-02  -5.201693968435057e-04  5.208566644962071e-03
  4.300000000000001e+00  4.388728353165609e+05  -4.038449361615825e+04  9.824870522524083e+04  -6.022809240203717e+05  3.393656577666186e+05  -5.641993293262697e+02  -6.010037090022797e-02  8.806675486749153e-03  1.556306718044101e-02
  4.400000000000000e+00  3.678772499345333e+05  1.570060718940574e+05  2.406802035621127e+04  -6.641833101366061e+05  5.166969409989371e+05  -2.016703693733220e+05  -4.650438272397200e-02  2.477793798192997e-02  5.560895066269530e-02
  4.500000000000000e+00  1.755521521998185e+05  3.235697019025093e+05  8.605808569174417e+04  -4.605317997939137e+05  2.324009570298423e+05  -3.239565369700569e+05  3.448126692391852e-03  3.141794691360687e-02  2.212049091000401e-02
  4.600000000000000e+00  8.738903488501324e+04  3.062242547506375e+05  1.672258655413437e+05  -1.591524395947742e+05  -1.102410185301467e+05  -9.349392805707017e+04  4.129192891601512e-02  3.403282740415611e-02  -4.967139878735178e-02
  4.699999999999999e+00  1.580663357054187e+05  7.140957866290807e+04  2.609088916597997e+05  4.914328181652564e+04  4.140429244095015e+03  8.360506438277785e+04  4.505040581488872e-02  1.893815552397832e-02  -4.476349644875501e-02
  4.799999999999999e+00  2.336635322724606e+05  -1.344749144154755e+05  3.752027713155342e+05  1.366800660508905e+05  2.380463005539267e+05  -7.237287321147900e+04  4.102393933961294e-02  -9.415069007003425e-03  2.364291834398030e-03
  4.899999999999999e+00  1.857506150156166e+05  -2.816975718819706e+04  2.056007489524114e+05  1.083176472034873e+05  1.315270260623813e+05  -1.983440870615503e+05  4.386069627874394e-02  -1.208071686346072e-02  7.022699764692993e-06
  4.999999999999998e+00  6.886871439607434e+04  2.299044484439792e+05  -2.240865793614255e+05  1.735430572975785e+04  -1.769025943067159e+05  -6.949875944070834e+04  4.427857071891838e-02  1.622290415458909e-02  -4.411305424051785e-02
  5.099999999999998e+00  -5.833476536625755e+04  2.421509885391554e+05  -3.192350561915201e+05  1.786995262231405e+04  -3.384395747829696e+05  6.998787830290325e+04  5.060811821457448e-02  2.968679861668659e-02  -7.971714922905192e-02
  5.199999999999998e+00  -1.381645418866652e+05  9.161415350009351e+03  -5.288585686320839e+04  1.460262459068234e+05  -2.726727483930402e+05  7.929643910311660e+04  6.068108801326206e-02  5.832846313225224e-03  -7.485528473194986e-02
  5.299999999999997e+00  1.923806363452825e+04  -1.395837064170321e+05  -3.471087203011840e+04  2.484576198801222e+05  -1.219752266601864e+05  1.446326560442020e+05  4.597474871407577e-02  -2.354150472029452e-02  -3.695333904225266e-02
  5.399999999999997e+00  3.248382869827407e+05  -1.343958306126790e+05  -3.668964432934613e+05  2.393715151784779e+05  1.369299179689065e+04  2.785202664402542e+05  1.225807939922559e-02  -3.212668997094206e-02  -1.586892205336662e-03
  5.499999999999996e+00  4.537614330235879e+05  -1.388440493056075e+05  -5.873818832893594e+05  1.893131685927223e+05  1.006953653345430e+05  3.180661158602580e+05  -4.951818580205384e-03  -2.709933218759138e-02  6.570142065100125e-03
  5.599999999999996e+00  3.866433123121159e+05  -1.896711671034328e+05  -5.258405011375027e+05  1.701875463439781e+05  1.187802738780850e+05  2.785321247409736e+05  2.563804929656354e-03  -2.249210395887980e-02  -3.755799596699516e-03
  5.699999999999996e+00  3.502604908652609e+05  -1.824077650282931e+05  -3.760709678368621e+05  1.913820138366788e+05  8.195505449746658e+04  2.603881003868362e+05  1.347045455696950e-02  -1.951421816964589e-02  -7.493705699417682e-03
  5.799999999999995e+00  3.922870100853005e+05  -1.043821574598478e+05  -2.496378761397334e+05  2.333759575072257e+05  4.757058265670371e+04  2.666284347798173e+05  1.457023964179260e-02  -1.348849244056722e-02  2.097228447788417e-03
  5.899999999999995e+00  3.904616101070142e+05  -5.544282892316279e+04  -1.760175438875090e+05  2.638368068110112e+05  3.973590045106455e+04  2.760954349034395e+05  1.273164159491900e-02  -7.060588616216895e-03  6.233933188016463e-03
  5.999999999999995e+00  3.544244083303293e+05  -5.351116928639499e+04  -1.678025872532182e+05  2.534495464323541e+05  3.419103181952205e+04  2.804862888981008e+05  1.096649862743044e-02  -4.293478044252605e-03  -4.652485134070070e-03
  6.099999999999994e+00  3.907586060230185e+05  -6.230621330368165e+03  -1.700277720621313e+05  2.087701547627054e+05  2.415012734664180e+04  2.298535940530132e+05  2.625581673635887e-03  -1.343310797471305e-03  -1.307479968830623e-02
  6.199999999999994e+00  4.868225331340262e+05  1.448233538852575e+05  -1.150590063803550e+05  1.695788367104529e+05  2.576422113494770e+04  1.275000768464306e+05  -1.181459984226574e-02  9.757726850104551e-03  -9.446573086594339e-03
  6.299999999999994e+00  5.602381354240944e+05  3.485996398484003e+05  -4.247893304290131e+04  1.525537585121595e+05  4.395292386108132e+04  6.699144344149530e+04  -2.466637936206386e-02  2.887568369279780e-02  -4.646275871117805e-03
  6.399999999999993e+00  5.827356526093013e+05  5.028413873456095e+05  -2.187824470806919e+04  1.179694044011699e+05  7.098157253090723e+04  8.915285548185608e+04  -3.171733646374326e-02  4.750654276337869e-02  -7.330168628401020e-03
  6.499999999999993e+00  5.591254704725315e+05  5.470142959788269e+05  -3.314052772150113e+04  2.554142042893280e+04  1.172199346234179e+05  1.236395499170036e+05  -3.403691634078010e-02  5.877691616698845e-02  -1.297367501026793e-02
  6.599999999999993e+00  5.061863326558340e+05  5.099882757415517e+05  -3.357066327906716e+04  -1.037215680516057e+05  1.858278524302055e+05  1.011687842655650e+05  -3.696731151346934e-02  6.262515719169369e-02  -1.304958009126410e-02
  6.699999999999992e+00  4.539517519938535e+05  4.599941048426073e+05  -2.791058638731201e+04  -2.052606039241914e+05  2.472697445482035e+05  4.676409368914852e+04  -4.413908358807812e-02  6.275131660407607e-02  -8.380396812030424e-03
  6.799999999999992e+00  4.147794088724578e+05  4.416841979333672e+05  -3.879903491323994e+04  -2.381403876871649e+05  2.672538736300205e+05  2.544392162773643e+04  -4.903037194397081e-02  6.454596119289814e-02  -8.291553725592321e-03
  6.899999999999991e+00  3.887962501783565e+05  4.746473769278977e+05  -7.418806618883605e+04  -2.222078449899855e+05  2.434214627760928e+05  5.612771183281300e+04  -4.265299681283510e-02  7.213696423432962e-02  -1.750751901395342e-02
  6.999999999999991e+00  3.787662890680385e+05  5.630137234484467e+05  -1.502265885014214e+05  -1.969704226840548e+05  1.963745261049117e+05  1.188049695926703e+05  -2.636164534028749e-02  8.227405869280267e-02  -3.075811076749236e-02
  7.099999999999991e+00  3.678687916984088e+05  6.814187966305548e+05  -2.753974999751131e+05  -1.707205428416139e+05  1.465680498539215e+05  1.886135399236671e+05  -8.047006366672806e-03  8.630236674850569e-02  -3.960939073597265e-02
  7.199999999999990e+00  3.250121322188716e+05  7.538692408846569e+05  -3.971960130629728e+05  -1.408614784424347e+05  1.153703547065014e+05  2.356735186150057e+05  6.227379466307690e-03  7.973895257967534e-02  -4.071422087985928e-02
  7.299999999999990e+00  2.804765233430073e+05  7.192497239345375e+05  -4.210959162788909e+05  -1.380765907856589e+05  1.161020832153113e+05  2.517169915523014e+05  9.604919614254253e-03  6.863221559516482e-02  -3.716995548843375e-02
  7.399999999999990e+00  2.974975811414274e+05  5.966862469073436e+05  -3.534164514047701e+05  -1.932795130517291e+05  1.490207007613018e+05  2.438248664552268e+05  -2.053617000246029e-04  5.970871230050055e-02  -3.014075622712498e-02
  7.499999999999989e+00  3.904505012118462e+05  4.544717173972430e+05  -3.190540948499388e+05  -2.843639366113491e+05  2.014681383442898e+05  2.019169577653556e+05  -1.594223282874829e-02  5.049437496951852e-02  -1.900188595136097e-02
  7.599999999999989e+00  5.429671456504067e+05  3.387353322367998e+05  -3.799832585159741e+05  -3.489963559142097e+05  2.489037326935109e+05  1.251772845618589e+05  -3.143134291105952e-02  3.466632395998326e-02  -9.640565916491857e-03
  7.699999999999989e+00  7.129152782925090e+05  2.472092313523604e+05  -4.835782123947059e+05  -3.381666874743946e+05  2.584053169393834e+05  3.430637366054550e+04  -4.394222307380053e-02  1.132780639109198e-02  -8.206700080428442e-03
  7.799999999999988e+00  8.324427061152472e+05  1.739685366675380e+05  -5.609301590330974e+05  -2.593752458663194e+05  2.097556806754613e+05  -3.517320453881899e+04  -4.943013188042108e-02  -1.073984110863617e-02  -1.284675674629015e-02
  7.899999999999988e+00  8.438581159438661e+05  1.297286368064659e+05  -5.812292555019554e+05  -1.592412673924390e+05  1.285137130859365e+05  -4.050125885544535e+04  -4.348982182772652e-02  -2.150735049723139e-02  -1.744251461199832e-02
  7.999999999999988e+00  7.513842456615278e+05  1.335326417883960e+05  -5.282812686548897e+05  -8.502446336036776e+04  7.775375768368960e+04  3.258546457140498e+04  -2.713629495823932e-02  -1.987695108179707e-02  -1.674244863910583e-02
  8.099999999999987e+00  5.835407324712020e+05  1.671198143282581e+05  -4.177576675064042e+05  -3.971420324377842e+04  9.222877207462836e+04  1.425587660958904e+05  -3.838459323881150e-03  -1.485867641604559e-02  -9.477528969125015e-03
  8.199999999999987e+00  3.777395967223810e+05  1.817930834334769e+05  -3.015963735295169e+05  1.070486482142317e+04  1.437866219031487e+05  2.305720241243215e+05  2.320212285792304e-02  -1.526210174732206e-02  -4.199998004779735e-04
  8.299999999999986e+00  1.899755051161761e+05  1.447516345538386e+05  -2.334313075459191e+05  9.009102051518139e+04  1.815062248531583e+05  2.702303377903946e+05  4.949870643507068e-02  -2.236861694075429e-02  5.215298344319695e-03
  8.399999999999986e+00  8.344888917229199e+04  8.109969231949850e+04  -2.330840694846557e+05  1.761017555049027e+05  1.832889747900038e+05  2.682353785840168e+05  6.815781616598235e-02  -3.014700112646779e-02  9.546134172582137e-03
  8.499999999999986e+00  6.073203865758531e+04  3.669833940503783e+04  -2.742994662617107e+05  2.347375168538149e+05  1.647334029553982e+05  2.416348107974489e+05  7.609137657249468e-02  -3.262153411281538e-02  1.744382494738573e-02
  8.599999999999985e+00  7.464673086568681e+04  2.720657224700564e+04  -2.842761966353906e+05  2.518407692003067e+05  1.549919319244634e+05  2.134670696332436e+05  7.447728774537431e-02  -2.920024321620867e-02  2.634139390098720e-02
  8.699999999999985e+00  7.748078882560393e+04  5.541502607113013e+03  -2.264673911891863e+05  2.403703369098093e+05  1.753173403816782e+05  1.911016098828462e+05  6.658725127546261e-02  -2.553634890484606e-02  3.095558030363161e-02
  8.799999999999985e+00  7.118097255694021e+04  -6.509010025692527e+04  -1.357630394427845e+05  2.256790798870503e+05  2.161089444988692e+05  1.571171365356764e+05  5.511392451230662e-02  -2.640045889288263e-02  3.172238934731117e-02
  8.899999999999984e+00  1.069351057491609e+05  -1.524576307742185e+05  -5.912568246960158e+04  2.154383171591554e+05  2.457974858354035e+05  9.844722653485616e+04  4.000770701528648e-02  -3.029323939718369e-02  3.233964117034994e-02
  8.999999999999984e+00  1.869381619394005e+05  -2.265908864435822e+05  -2.567500001797602e+04  2.079891247668230e+05  2.453248732621108e+05  1.574399688537335e+04  2.345599065088027e-02  -3.510553084467005e-02  3.375858410856743e-02
  9.099999999999984e+00  2.782759705741351e+05  -2.910374290167679e+05  -1.920393989819205e+04  1.916905476443065e+05  2.177114149327136e+05  -6.333694560418319e+04  8.193074254088772e-03  -4.012203765973923e-02  3.292054631020176e-02
  9.199999999999983e+00  3.452339777391299e+05  -3.589446345259900e+05  -1.756489548999965e+04  1.648914386773106e+05  1.763685960409832e+05  -1.176077882958397e+05  -2.979019499445056e-03  -4.574854011266692e-02  2.922011543059717e-02
  9.299999999999983e+00  3.772244644732493e+05  -4.256790214707269e+05  5.675875325571146e+03  1.489997408096000e+05  1.365430615484162e+05  -1.420239265018188e+05  -8.230407613680043e-03  -5.202471213684010e-02  2.490066274932848e-02
  9.399999999999983e+00  3.869948434078356e+05  -4.743391217245899e+05  5.911877268256700e+04  1.662198896446073e+05  1.095082586363181e+05  -1.345328570902470e+05  -8.355478836321536e-03  -5.821109589930836e-02  2.117359016400711e-02
  9.499999999999982e+00  3.965486366346016e+05  -4.736041625277622e+05  9.017054484930173e+04  1.986448154986832e+05  1.005239421086383e+05  -1.085598607450938e+05  -6.984442424406856e-03  -6.095230461664953e-02  2.186095482617419e-02
  9.599999999999982e+00  4.005069724944587e+05  -4.090677798629219e+05  4.870128613223854e+04  2.151562041946563e+05  1.018926579166257e+05  -1.025816024358872e+05  -5.518057575001605e-03  -5.756692148980801e-02  2.965720725689016e-02
  9.699999999999982e+00  3.847117670353932e+05  -3.151640989722981e+05  -2.034813844146752e+03  2.185715972673710e+05  9.262373931413279e+04  -1.153273360000517e+05  -2.211101625475885e-03  -5.041061331247754e-02  3.641262198300071e-02
  9.799999999999981e+00  3.460920125479234e+05  -2.453702770441313e+05  -2.773204628280132e+03  2.318786390249682e+05  5.861786909168932e+04  -1.041079257870767e+05  4.400615282602266e-03  -4.390998512205511e-02  3.235558244108282e-02
  9.899999999999981e+00  3.184571460546852e+05  -1.996548932220363e+05  9.901578644779560e+03  2.428132734316151e+05  1.179553677424079e+04  -5.035801288031037e+04  1.082529358985360e-02  -3.780504613506345e-02  1.965897244349392e-02
  9.999999999999980e+00  3.258263753703364e+05  -1.528283845694596e+05  -2.387653421097838e+04  2.194878156467869e+05  -2.616494756625384e+03  1.555578119194593e+02  1.315269061512819e-02  -3.021385265430937e-02  1.171675446950133e-02
  1.009999999999998e+01  3.539377956374727e+05  -1.035430841270980e+05  -8.113188826522860e+04  1.607079160848201e+05  5.450697947379149e+04  -8.029522977719611e+03  1.180193400488832e-02  -2.259977639858298e-02  1.822680643237793e-02
  1.019999999999998e+01  3.765775756094051e+05  -6.093576606618233e+04  -8.985868493866720e+04  9.144530852429474e+04  1.662152186311821e+05  -7.528217002935873e+04  8.602306363604125e-03  -1.738984837437441e-02  3.510806656826111e-02
  1.029999999999998e+01  3.820518938328472e+05  -2.715126601826478e+04  -3.049925170328036e+04  2.893181971360702e+04  2.684194894671921e+05  -1.528460466613219e+05  3.459583403906190e-03  -1.435916652403512e-02  5.015586223930541e-02
  1.039999999999998e+01  3.788763333607902e+05  -3.544989097820080e+03  5.537852285130243e+04  -2.906299460959179e+04  3.050456782834787e+05  -1.939244888224352e+05  -4.492044874938210e-03  -1.102002080385198e-02  5.530778587731040e-02
  1.049999999999998e+01  3.698823786576262e+05  -1.639310960666047e+02  1.350807063911778e+05  -8.444058367053582e+04  2.691537901438702e+05  -1.913134411291578e+05  -1.285910365745196e-02  -6.411201694120821e-03  5.162491875636178e-02
  1.059999999999998e+01  3.511078617983258e+05  -1.349295306535852e+04  2.135244041995195e+05  -1.258052820008226e+05  1.979668872261259e+05  -1.660827888965293e+05  -1.685789439583254e-02  -1.716907628917731e-03  4.442407658482052e-02
  1.069999999999998e+01  3.320371371512600e+05  -1.723951792992036e+04  2.843289202338135e+05  -1.432111130653182e+05  1.336282665115217e+05  -1.364301983880991e+05  -1.483642263355330e-02  2.346866104690161e-03  3.674742733672950e-02
  1.079999999999998e+01  3.286327180394470e+05  9.487273664377686e+03  3.084181756418325e+05  -1.417003413173346e+05  9.485180959221895e+04  -1.098694981034527e+05  -1.011025524509458e-02  6.348092435933229e-03  2.912470092855792e-02
  1.089999999999998e+01  3.474482312090712e+05  6.001547738711067e+04  2.711039032282521e+05  -1.292759748034053e+05  7.822935543802209e+04  -8.684252986067289e+04  -6.643295095654949e-03  1.062026555921765e-02  2.153074978984422e-02
  1.099999999999998e+01  3.797904415613601e+05  1.125655210971182e+05  2.070648705996655e+05  -1.066037793178464e+05  7.296242681375818e+04  -6.088813220636163e+04  -4.951207900650906e-03  1.425924126500841e-02  1.399673727206955e-02
  1.109999999999998e+01  4.085059022098525e+05  1.529171265584192e+05  1.553728395696446e+05  -7.627119048910457e+04  6.494845210770985e+04  -2.376116450936515e+04  -3.132188365127808e-03  1.605103298961666e-02  6.416407134747885e-03
  1.119999999999998e+01  4.217704994145816e+05  1.742619275806334e+05  1.210663632702340e+05  -4.865150857423089e+04  4.437079520440292e+04  2.024951516972571e+04  -5.251057459363631e-04  1.519159669902488e-02  -1.495511476404515e-03
  1.129999999999998e+01  4.211399012752134e+05  1.724700289661319e+05  8.746555497170710e+04  -3.054285998540955e+04  1.396687543374399e+04  5.735744738922828e+04  9.381846469874566e-04  1.174239869587870e-02  -9.779606969651229e-03
  1.139999999999998e+01  4.169292085750084e+05  1.590167982712780e+05  5.013474069654561e+04  -1.669871181134952e+04  -1.541710126086491e+04  8.148410283464963e+04  -3.831628004793366e-04  7.185707727840766e-03  -1.760635618129531e-02
  1.149999999999998e+01  4.237190819459833e+05  1.646666722827526e+05  1.858502030280004e+04  -4.119044933935188e+03  -3.612106348555820e+04  9.549750212224617e+04  -3.857032368834612e-03  4.094877110649601e-03  -2.322326452212545e-02
  1.159999999999997e+01  4.430686257337961e+05  1.987203981155544e+05  -8.472760822636950e+03  3.948952294172492e+03  -4.809701464774230e+04  1.023028067640097e+05  -6.980364500195406e-03  3.807947552179427e-03  -2.565542632430440e-02
  1.169999999999997e+01  4.692761153962180e+05  2.366715418516592e+05  -3.909456113603437e+04  1.296393092831065e+03  -5.138320452582038e+04  1.038766470394060e+05  -8.568649199549068e-03  5.670806159575500e-03  -2.544588577446599e-02
  1.179999999999997e+01  4.957058455354848e+05  2.542745739344877e+05  -7.041662895208967e+04  -1.406500915293388e+04  -4.680225768030610e+04  1.030138244050842e+05  -9.289956949389579e-03  8.750914178042244e-03  -2.416557327120080e-02
  1.189999999999997e+01  5.111352339736186e+05  2.493905371825240e+05  -9.831913846844774e+04  -3.590422711145956e+04  -4.128014138111092e+04  1.050749810665929e+05  -9.260838434996675e-03  1.212319012048701e-02  -2.380788047902807e-02
  1.199999999999997e+01  5.199975028926794e+05  2.398773159461113e+05  -1.238491750667598e+05  -5.799216320586176e+04  -4.276290096188532e+04  1.187766617413534e+05  -8.809022047475162e-03  1.478133880607352e-02  -2.558617986471337e-02
  1.209999999999997e+01  5.357833927113583e+05  2.427317822396505e+05  -1.455805730337493e+05  -7.573738596825760e+04  -5.104986321633567e+04  1.467245385911842e+05  -8.544606854562509e-03  1.629823022568116e-02  -2.859150574037143e-02
  1.219999999999997e+01  5.549472966226784e+05  2.587873512262201e+05  -1.605380232325064e+05  -8.363395339271068e+04  -5.791481921804059e+04  1.767760547125355e+05  -7.779659591392598e-03  1.691972786991336e-02  -3.026602301041959e-02
  1.229999999999997e+01  5.645691295429969e+05  2.820739879767889e+05  -1.685497034870816e+05  -8.045183957022087e+04  -5.801391614634257e+04  1.937174663973093e+05  -6.013727689211509e-03  1.752929942874064e-02  -2.902541306385811e-02
  1.239999999999997e+01  5.545755438688222e+05  3.082762653178218e+05  -1.736824981322259e+05  -7.090426142938127e+04  -5.141410296847439e+04  1.926913235287004e+05  -3.561841289219596e-03  1.892957228759879e-02  -2.533649640771212e-02
  1.249999999999997e+01  5.199128554006891e+05  3.319263625715798e+05  -1.832360529551702e+05  -6.080414181686753e+04  -3.675618369989278e+04  1.763909131337107e+05  -2.793853401959236e-04  2.092472181952077e-02  -2.021522121499207e-02
  1.259999999999997e+01  4.731612256002928e+05  3.491438427887076e+05  -1.996363585300481e+05  -5.727444016919068e+04  -1.140256721752489e+04  1.514416642253139e+05  3.081882117986021e-03  2.303879886555765e-02  -1.440587664749742e-02
  1.269999999999997e+01  4.386798226352442e+05  3.578891506254829e+05  -2.174517065204875e+05  -6.538897157102256e+04  2.178463351546468e+04  1.268594272945696e+05  4.565848053683323e-03  2.487366369287460e-02  -8.965659010368176e-03
  1.279999999999997e+01  4.241794979888560e+05  3.510355542544253e+05  -2.311474581431609e+05  -7.922330872512840e+04  5.344738199377405e+04  1.072540442983290e+05  3.575770221305386e-03  2.536176499539160e-02  -5.151976252009827e-03
  1.289999999999997e+01  4.216103588230298e+05  3.273121837270898e+05  -2.334912103780053e+05  -8.776051704803781e+04  7.493711252072599e+04  9.136770384290490e+04  1.198452191184110e-03  2.382481062159137e-02  -3.608677357993992e-03
  1.299999999999997e+01  4.220212271723888e+05  3.006222754082700e+05  -2.168920958547422e+05  -8.596409155327549e+04  8.769104461818797e+04  7.836878677637284e+04  -1.221838757736547e-03  2.120056310094471e-02  -3.720894159439123e-03
  1.309999999999997e+01  4.129750050060679e+05  2.838052274649104e+05  -1.868414153294474e+05  -7.346349792304222e+04  1.035451221707174e+05  6.881801448401246e+04  -2.264871574527146e-03  1.888657528702860e-02  -3.696345237637524e-03
  1.319999999999997e+01  3.856984439674962e+05  2.809037386952721e+05  -1.593851682082972e+05  -5.458724863311028e+04  1.304023676734013e+05  6.351231294159363e+04  -1.329662995995679e-03  1.785224082227887e-02  -2.375667660102970e-03
  1.329999999999997e+01  3.456533789251536e+05  2.909045956526613e+05  -1.485361700870390e+05  -3.955532575998107e+04  1.626609633123309e+05  6.467580971326085e+04  4.234598707409564e-04  1.850986046156506e-02  -6.065479759186941e-04
  1.339999999999997e+01  3.060076591628546e+05  3.080392994775807e+05  -1.602224421426213e+05  -3.647540119981005e+04  1.887947750117768e+05  7.377763878022114e+04  1.430858203116044e-03  2.029384114932645e-02  -1.149664147886017e-05
  1.349999999999997e+01  2.762190929310704e+05  3.232991782149518e+05  -1.904649997364948e+05  -4.234480504977672e+04  2.037957592214795e+05  8.874893279670076e+04  1.469338525750408e-03  2.167384992007521e-02  -1.057723510908864e-03
  1.359999999999997e+01  2.602241315408115e+05  3.263776099937157e+05  -2.241654127227433e+05  -4.419963203189382e+04  2.116478767940470e+05  1.052561611958698e+05  1.578391097265742e-03  2.080872218516922e-02  -3.077815640036187e-03
  1.369999999999997e+01  2.606143646035536e+05  3.097484975482696e+05  -2.414048344970448e+05  -3.004415120139239e+04  2.178156805492448e+05  1.185687455353882e+05  2.769386247052110e-03  1.683852185755275e-02  -5.302347782035582e-03
  1.379999999999997e+01  2.761949295604468e+05  2.751318035877634e+05  -2.355255338630320e+05  9.679207227560814e+02  2.238627525925234e+05  1.229018320761870e+05  5.312893209025184e-03  1.097000955655285e-02  -6.658023875680382e-03
  1.389999999999997e+01  2.997975769563493e+05  2.333497780367678e+05  -2.187207299672987e+05  3.778550360924406e+04  2.277940183641671e+05  1.138349032941929e+05  8.616931903368990e-03  5.648630156369689e-03  -6.014438264537631e-03
  1.399999999999997e+01  3.259333189533523e+05  1.920524291920063e+05  -2.024693497006706e+05  6.609532682943859e+04  2.264640651968794e+05  9.481194027953695e+04  1.107099200965802e-02  2.123647070462156e-03  -3.721380322553465e-03
  1.409999999999997e+01  3.520382863652891e+05  1.472867048459297e+05  -1.856084333437881e+05  8.059737580105392e+04  2.191827414863200e+05  7.433494213778718e+04  1.128838787435990e-02  -6.570196263721671e-04  -1.206262552698256e-03
  1.419999999999997e+01  3.709797297131839e+05  9.746588716665583e+04  -1.646963065015089e+05  8.667659266762027e+04  2.087273484808352e+05  5.586668037259446e+04  9.765192291190579e-03  -4.018928843243074e-03  8.180840982853375e-04
  1.429999999999997e+01  3.754571689805845e+05  5.547104752878990e+04  -1.405834130640804e+05  8.759048302204594e+04  1.979344128740211e+05  3.876248438736490e+04  7.744308228382885e-03  -7.294578755213972e-03  2.172466508053562e-03
  1.439999999999996e+01  3.689080146383139e+05  3.171566842356387e+04  -1.149782037112011e+05  7.886058055980653e+04  1.877893493064863e+05  2.531451361988760e+04  5.088102432513959e-03  -9.015121015914713e-03  2.375483893735237e-03
  1.449999999999996e+01  3.619313358227708e+05  1.841782212864922e+04  -9.017514144067913e+04  5.836746709426102e+04  1.794897389154273e+05  1.829362863549384e+04  9.413362069873312e-04  -9.301275647874110e-03  1.477657227286515e-03
  1.459999999999996e+01  3.559451707744906e+05  4.493474910691347e+03  -7.034826395498721e+04  3.539019263987453e+04  1.738978020489628e+05  1.591618768090765e+04  -3.751342246597250e-03  -9.482217888589720e-03  7.301482330998838e-04
  1.469999999999996e+01  3.389549346438446e+05  -6.038288172079213e+03  -5.694891729396422e+04  2.446021570827582e+04  1.683944928259613e+05  1.523606358228432e+04  -5.965916382121636e-03  -1.014723200693436e-02  1.242442009926696e-03
  1.479999999999996e+01  3.041086770265134e+05  -2.835611300879988e+03  -4.467276073149691e+04  3.055522490326786e+04  1.587011102397193e+05  1.695767196754140e+04  -3.772281099826666e-03  -1.075121213502528e-02  2.737423696655656e-03
  1.489999999999996e+01  2.649734432926723e+05  1.069488388512569e+04  -2.807415323223302e+04  4.520234610751678e+04  1.438134364891577e+05  2.257982666452124e+04  1.177118474808591e-03  -1.094677600443076e-02  4.310664656388536e-03
  1.499999999999996e+01  2.448372997052336e+05  1.872465404056368e+04  -9.810404868867634e+03  5.577106575374791e+04  1.269826922538902e+05  2.971052866570024e+04  5.252667904430003e-03  -1.116014658872973e-02  5.645842763418607e-03
  1.509999999999996e+01  2.527432855568700e+05  1.160190380119659e+04  2.732913464874797e+03  5.578581670475249e+04  1.127984162167272e+05  3.381577900626793e+04  6.445042692670253e-03  -1.170619325236232e-02  6.974468441213031e-03
  1.519999999999996e+01  2.743475814420952e+05  -5.390966064946941e+03  5.404368517946566e+03  4.828774021863316e+04  1.046384278292010e+05  3.267614475939786e+04  5.707380797677292e-03  -1.229653304426974e-02  8.398619298541020e-03
  1.529999999999996e+01  2.877085637229902e+05  -1.953392954577910e+04  -4.715578663625494e+02  4.098540831131367e+04  1.032583187161373e+05  2.726154862131069e+04  5.018269325448328e-03  -1.260737568635835e-02  9.550823306618068e-03
  1.539999999999996e+01  2.842728725675324e+05  -2.270193062854465e+04  -9.769727294317106e+03  3.952998203330317e+04  1.060796786660687e+05  2.032221648469120e+04  5.072298293312932e-03  -1.282419834855267e-02  9.831398542641706e-03
  1.549999999999996e+01  2.720014873850677e+05  -1.528186692278897e+04  -1.714572332658797e+04  4.437588595774278e+04  1.083621695203497e+05  1.504410881583575e+04  5.227117454071410e-03  -1.323612582654223e-02  8.990374728735056e-03
  1.559999999999996e+01  2.639623257676563e+05  -1.825214616409688e+03  -2.015885205132504e+04  5.171125580018547e+04  1.058731656497751e+05  1.377147976154911e+04  4.868757374356530e-03  -1.359255405510250e-02  7.159392759788131e-03
  1.569999999999996e+01  2.672927943486850e+05  1.169945131571132e+04  -1.968390858350297e+04  5.716783058808264e+04  9.722224471093208e+04  1.741399841455961e+04  4.015451834171508e-03  -1.343173132543065e-02  4.468946725182878e-03
  1.579999999999996e+01  2.793777404414248e+05  1.908707549315734e+04  -1.819527907245977e+04  5.898772777755270e+04  8.466214619297656e+04  2.525892257297156e+04  3.018635876277452e-03  -1.280481087140666e-02  1.209652222246816e-03
  1.589999999999996e+01  2.918411937423888e+05  1.835634587039949e+04  -1.822283304506521e+04  5.808889155908192e+04  7.310871895659588e+04  3.519846801790731e+04  2.317516598164320e-03  -1.216154553936905e-02  -1.771199464295067e-03
  1.599999999999996e+01  2.981119678866363e+05  1.512485217356822e+04  -2.290409733476590e+04  5.613674349236168e+04  6.741020503808850e+04  4.516046930436068e+04  2.319587508323395e-03  -1.163922380972979e-02  -3.341808316444807e-03
  1.609999999999996e+01  3.005132589058795e+05  1.810351704491835e+04  -3.481047611847200e+04  5.347053955236437e+04  6.902985356014434e+04  5.497088841099226e+04  2.876670713145507e-03  -1.091816666696196e-02  -3.083535370554728e-03
  1.619999999999996e+01  3.108426800358113e+05  2.900537397858621e+04  -5.283209365492382e+04  4.801158344520253e+04  7.457210710570973e+04  6.595929274151441e+04  2.815051484162039e-03  -9.846237029951578e-03  -1.893745621938175e-03
  1.629999999999996e+01  3.393490519984276e+05  3.836423901120092e+04  -7.369104141346950e+04  3.717592720116331e+04  7.845047636870386e+04  7.774074038317517e+04  7.050853944605890e-04  -8.797503462461869e-03  -1.160756379641094e-03
  1.639999999999996e+01  3.827877588564366e+05  3.465448022123139e+04  -9.630701816720444e+04  2.160201543129720e+04  7.795576107231503e+04  8.605787521220070e+04  -3.543128939585246e-03  -8.177260918967246e-03  -1.327912513166573e-03
  1.649999999999996e+01  4.264742257669311e+05  1.843898358085599e+04  -1.214772315689685e+05  5.158310993768880e+03  7.466931005150542e+04  8.534818641675821e+04  -8.312186323124755e-03  -7.690322087414708e-03  -1.623795554699337e-03
  1.659999999999997e+01  4.566558810151956e+05  3.514702685097674e+03  -1.475964112294211e+05  -8.410219459606657e+03  7.150188073469599e+04  7.442450767159088e+04  -1.174127587583777e-02  -6.569309949169470e-03  -1.231858848106230e-03
  1.669999999999997e+01  4.677857697435229e+05  1.776485753173029e+03  -1.698023102976355e+05  -1.729915952475440e+04  6.969855274590125e+04  5.840414502412957e+04  -1.314471780223389e-02  -4.647626318030567e-03  -3.194719912460332e-04
  1.679999999999997e+01  4.615677803127816e+05  1.263765663299620e+04  -1.836561823774693e+05  -2.190347360710329e+04  6.887586387820300e+04  4.404461580844221e+04  -1.308336182669306e-02  -2.709882779993213e-03  3.521189442915201e-04
  1.689999999999997e+01  4.442979211524648e+05  2.878446926483881e+04  -1.881045731296445e+05  -2.388346721824338e+04  6.883158556735587e+04  3.481533038194724e+04  -1.255626328368738e-02  -1.687209376920724e-03  5.204830792339998e-04
  1.699999999999997e+01  4.232057596098229e+05  4.507030919623752e+04  -1.849873503677649e+05  -2.401584166502759e+04  6.967770408401130e+04  3.021820225935544e+04  -1.201432555497997e-02  -1.820883882983448e-03  7.026127668843052e-04
  1.709999999999997e+01  4.024757135840329e+05  5.987878749708072e+04  -1.765029976224610e+05  -2.095937574603209e+04  7.101624066979649e+04  2.779820881587680e+04  -1.102863903151849e-02  -2.679521956139417e-03  1.460669380515396e-03
  1.719999999999997e+01  3.822797753256118e+05  7.408385009581887e+04  -1.647509804233134e+05  -1.304543236325949e+04  7.223132474421080e+04  2.528040296469580e+04  -8.903155862510089e-03  -3.365779440289917e-03  2.778918599682827e-03
  1.729999999999998e+01  3.625827819216787e+05  9.073498747266321e+04  -1.532175921075316e+05  -2.070939168623476e+03  7.363397234625590e+04  2.223737799542430e+04  -5.739448295330937e-03  -2.880010921997865e-03  4.081673780129988e-03
  1.739999999999998e+01  3.469004068652928e+05  1.119308931876858e+05  -1.454269447799828e+05  6.882873557176777e+03  7.626883582010266e+04  2.066174825182412e+04  -2.750924284202931e-03  -8.128541981596491e-04  4.603186107998823e-03
  1.749999999999998e+01  3.396402598731657e+05  1.330255782839377e+05  -1.416657371593193e+05  1.060635935288878e+04  8.000174683503289e+04  2.320332385750803e+04  -1.243658535849576e-03  2.079336215436500e-03  3.723167073237368e-03
  1.759999999999998e+01  3.403428396917427e+05  1.449544745540795e+05  -1.388995859604679e+05  1.074766947475294e+04  8.302303952451790e+04  3.056427703122655e+04  -1.376500248560690e-03  4.330205675291936e-03  1.374798464084783e-03
  1.769999999999998e+01  3.432264749847364e+05  1.448079185494693e+05  -1.343641577606152e+05  1.054931772063808e+04  8.425297908777175e+04  4.018072758657265e+04  -2.089259344339482e-03  5.113050726154428e-03  -1.577694680164133e-03
  1.779999999999998e+01  3.423639136164004e+05  1.394622696843401e+05  -1.279275018024047e+05  1.111727196968696e+04  8.518977922913377e+04  4.749820035559798e+04  -2.113603896972618e-03  4.713054326747912e-03  -3.669472643147678e-03
  1.789999999999998e+01  3.364637637292200e+05  1.370467436758243e+05  -1.200350980842045e+05  1.171275390107706e+04  8.771174301043575e+04  4.935295302034361e+04  -9.537284196933464e-04  3.706125902709620e-03  -4.004364256971225e-03
  1.799999999999999e+01  3.285712085870159e+05  1.378034177250273e+05  -1.094270472402245e+05  1.148345705789619e+04  9.084099545008148e+04  4.646401358705034e+04  9.198674690241034e-04  2.327473099362825e-03  -3.068618399879074e-03
  1.809999999999999e+01  3.224542719191597e+05  1.369110882250331e+05  -9.505967481760780e+04  8.994532763834130e+03  9.149155516816703e+04  4.213805175219751e+04  2.560528556448781e-03  7.069521327187769e-04  -2.096244919520431e-03
  1.819999999999999e+01  3.198937420959169e+05  1.329879815800473e+05  -7.924209671396027e+04  1.279625713339204e+03  8.811459490983417e+04  3.850131149282947e+04  3.182935371676411e-03  -6.142681359859094e-04  -1.752482098747656e-03
  1.829999999999999e+01  3.204183407764101e+05  1.293543097804315e+05  -6.649198541037603e+04  -1.362332331105294e+04  8.289588469068517e+04  3.476804498351438e+04  2.594954409558739e-03  -9.203422847550885e-04  -1.696357091253464e-03
  1.839999999999999e+01  3.227923939749124e+05  1.282508673286216e+05  -5.912389327980923e+04  -3.292211274487236e+04  8.044442386098519e+04  2.956945957180180e+04  1.212245834365163e-03  -1.112705632965717e-04  -1.261221340514555e-03
  1.849999999999999e+01  3.265072318106067e+05  1.268360974375762e+05  -5.565546158449582e+04  -4.939373795606720e+04  8.432116081709905e+04  2.389884920137536e+04  -3.162097571240503e-04  1.060883127098884e-03  -2.480870513125129e-04
  1.859999999999999e+01  3.321458187434794e+05  1.211592680956299e+05  -5.304790637315609e+04  -5.605703060588158e+04  9.424609378004940e+04  2.079991665823736e+04  -1.496214329280558e-03  1.632358312605651e-03  9.286469030854598e-04
  1.870000000000000e+01  3.398924773043667e+05  1.119148489954515e+05  -4.916928155408881e+04  -5.086080557661775e+04  1.060220053163455e+05  2.239965321197153e+04  -2.086861118756818e-03  1.329937735529794e-03  1.650288445018087e-03
  1.880000000000000e+01  3.474370310371297e+05  1.031279561591643e+05  -4.420364897026277e+04  -3.719942251493129e+04  1.143495485991455e+05  2.775183558987802e+04  -1.989160693175597e-03  6.552120531246557e-04  1.592885985940370e-03
  1.890000000000000e+01  3.510726478526946e+05  9.649156616277386e+04  -4.047051815947661e+04  -2.084836906905031e+04  1.164229465026812e+05  3.390655580192775e+04  -1.301225674542974e-03  1.555042647619372e-04  9.424695518441524e-04
  1.900000000000000e+01  3.500137272956856e+05  8.970709742298226e+04  -3.981129350258037e+04  -7.046926307420762e+03  1.132517308034349e+05  3.862882498228102e+04  -4.853573028937087e-04  -1.433506467258506e-04  1.716431290964689e-04
  1.910000000000000e+01  3.481860951755953e+05  8.044499250600870e+04  -4.124056893637514e+04  1.014690479081379e+03  1.078401724356176e+05  4.169382662463415e+04  -2.231163248553025e-04  -6.249727390478246e-04  -3.989387766597118e-04
  1.920000000000000e+01  3.501887972631018e+05  7.045135669873135e+04  -4.196414821617053e+04  2.668744388661163e+03  1.026355171585899e+05  4.388102852639942e+04  -8.567085597454881e-04  -1.500795943363961e-03  -7.731884417091194e-04
  1.930000000000000e+01  3.557448386532687e+05  6.482594543698699e+04  -4.125689423832711e+04  -9.062801504645356e+02  9.856800908298013e+04  4.540850254278411e+04  -2.010422125475638e-03  -2.454298735183688e-03  -1.058638177964401e-03
  1.940000000000001e+01  3.593760940752226e+05  6.759663820116151e+04  -4.251155984194025e+04  -7.828018225039901e+03  9.565603224726777e+04  4.602406606499470e+04  -2.901884043184407e-03  -2.903837960619277e-03  -1.230535747275866e-03
  1.950000000000001e+01  3.555686130905206e+05  7.851245466010857e+04  -4.990246090916938e+04  -1.604994924473209e+04  9.404603243921677e+04  4.641490528082577e+04  -2.983096655063577e-03  -2.481500749819284e-03  -1.184698361967988e-03
  1.960000000000001e+01  3.435364680626276e+05  9.378365595899495e+04  -6.326163726848149e+04  -2.334672512029874e+04  9.409647281995334e+04  4.841940787015421e+04  -2.232484183367298e-03  -1.232897676838267e-03  -9.379011265877713e-04
  1.970000000000001e+01  3.275441617293753e+05  1.093710903018085e+05  -7.720891744323459e+04  -2.758866988719855e+04  9.570053907186940e+04  5.340356441737908e+04  -9.631580717514872e-04  5.350895912773691e-04  -6.577614902022727e-04
  1.980000000000001e+01  3.134180718209025e+05  1.228440376119704e+05  -8.566487054576776e+04  -2.772342854325430e+04  9.787719509746226e+04  6.071606278282805e+04  4.386121413978415e-04  2.553608199681213e-03  -5.359317820944810e-04
  1.990000000000001e+01  3.050611981941332e+05  1.329422504432318e+05  -8.713542736906017e+04  -2.440289551594432e+04  9.928927805912391e+04  6.781635173587110e+04  1.661104431214968e-03  4.638743373609877e-03  -6.486900481815437e-04
