TITLE = "Temporal Signal for receiver number 00308"
VARIABLES = "Time","xx","yy","zz","xy","yz","xz","u","v","w"
# x1       3.515946160000e+05
# x2       4.729684950000e+06
# x3       -3.000000000000e+03
  0.000000000000000e+00  0.000000000000000e+00  0.000000000000000e+00  0.000000000000000e+00  0.000000000000000e+00  0.000000000000000e+00  0.000000000000000e+00  0.000000000000000e+00  0.000000000000000e+00  0.000000000000000e+00
  1.000000000000000e-01  0.000000000000000e+00  0.000000000000000e+00  0.000000000000000e+00  0.000000000000000e+00  0.000000000000000e+00  0.000000000000000e+00  0.000000000000000e+00  0.000000000000000e+00  0.000000000000000e+00
  2.000000000000000e-01  0.000000000000000e+00  0.000000000000000e+00  0.000000000000000e+00  0.000000000000000e+00  0.000000000000000e+00  0.000000000000000e+00  0.000000000000000e+00  0.000000000000000e+00  0.000000000000000e+00
  3.000000000000000e-01  0.000000000000000e+00  0.000000000000000e+00  0.000000000000000e+00  0.000000000000000e+00  0.000000000000000e+00  0.000000000000000e+00  0.000000000000000e+00  0.000000000000000e+00  0.000000000000000e+00
  4.000000000000000e-01  2.396242282935356e-15  5.737249993670445e-16  8.376791618192908e-16  -3.831870659524857e-17  -4.069012600627327e-17  -4.013475033159923e-16  1.907632882381943e-22  9.287552214835972e-24  -3.919124286476632e-23
  5.000000000000000e-01  2.598286156659762e-12  4.021870665973515e-13  1.606946353710885e-12  7.419559556504331e-13  -1.256674168730645e-13  -2.760216464403341e-14  3.076495716571853e-19  1.199916946924216e-19  -5.851475546144492e-20
  6.000000000000000e-01  -4.310980470700798e-10  -3.278666885808937e-10  -2.670233748845768e-10  -1.376829561943158e-11  2.996711742581440e-11  2.636942011533997e-12  -2.445740129549811e-17  -1.755225266591872e-17  3.190653499875027e-18
  7.000000000000000e-01  -4.619588371285567e-08  -1.829719528174221e-08  -2.122422698630458e-08  -2.306797070112144e-09  1.686296651824891e-09  4.854749397224988e-09  -3.684346166770379e-15  -1.040627975680241e-15  7.533782023190861e-16
  7.999999999999999e-01  -3.704280438086428e-07  -1.439130793896189e-07  -1.696987673557480e-07  -2.710314669568489e-08  1.240464346549534e-08  4.421572890870279e-08  -2.975941974708809e-14  -8.543444894753653e-15  6.306412174327298e-15
  8.999999999999999e-01  2.948311918291346e-08  5.586797316699021e-08  3.769195560282872e-08  1.289822951030831e-08  5.412734123396563e-09  -6.653949525571016e-08  3.203973379034754e-15  7.340462341704631e-15  -1.447457004214362e-14
  9.999999999999999e-01  5.696509740156100e-07  1.090461097187059e-06  1.243661982587228e-06  -1.485711752412817e-07  2.260492736529338e-07  -1.047584776912502e-06  8.735994245340709e-14  -1.120974565360860e-14  -1.906246477691319e-13
  1.100000000000000e+00  -3.005732834562215e-05  -2.589262758788393e-05  -1.931712170830318e-05  -5.518644266246613e-06  1.483894376477979e-06  -2.689719184720783e-06  -2.333458652479556e-12  -1.755468555285433e-12  2.335533819872157e-13
  1.200000000000000e+00  4.681974563666020e-05  -4.547348511387587e-05  -1.228625769073958e-05  1.726446823075609e-05  -3.173990951303060e-06  -2.004144373135313e-05  4.077237481212542e-12  -1.095759166588692e-12  4.365337949321850e-13
  1.300000000000000e+00  -7.609926514092715e-04  -3.412683927913690e-04  -3.549080106117238e-04  -4.594483652490841e-05  2.544136611163569e-05  1.052127881002248e-04  -6.030578307921132e-11  -2.177775083477078e-11  1.985652453507982e-11
  1.400000000000000e+00  -1.686797497254842e-03  -1.611926891004536e-03  -1.419165213137672e-03  -1.524243949725840e-04  3.240072092122939e-05  2.629133850214595e-04  -1.408039045657336e-10  -8.229996714789575e-11  9.074822314979015e-11
  1.500000000000000e+00  5.970938379201777e-03  2.717424607565752e-03  3.116247561816179e-03  1.389844058101947e-03  -7.503454075568093e-04  -1.601553159923356e-03  4.600994375652562e-10  2.773626870820670e-10  -2.180003125315775e-10
  1.600000000000000e+00  -2.769201161039732e-02  -1.493063640884547e-02  -1.498889986258294e-02  -3.260343677761507e-03  4.555053283344658e-04  3.737158784737136e-03  -2.364409170950627e-09  -6.834007036590644e-10  7.325289671395091e-10
  1.700000000000000e+00  2.297110188714737e-01  8.292727521055326e-02  9.207481923472505e-02  3.393018206397868e-02  -1.293616950203315e-02  -3.898002099730190e-02  1.864988531954879e-08  7.397127245396963e-09  -5.145411721025592e-09
  1.800000000000000e+00  -4.048102953660597e-01  9.229232461128941e-03  -3.592868798004530e-02  -5.908556290394002e-02  2.945247622754257e-02  6.405768127644777e-02  -3.334664705759713e-08  -5.889482165759414e-09  1.149625873308003e-09
  1.900000000000001e+00  4.745603226217992e-02  -6.022556835913973e-01  -4.840670155587520e-01  -2.125570733156034e-02  -6.500671389955276e-03  7.588586570339760e-02  5.550663203518980e-09  -3.002645300343424e-08  3.706469452010162e-08
  2.000000000000000e+00  9.947413328440541e-01  1.918465369624770e+00  1.755100092176084e+00  2.906542652305282e-01  -1.161994685790907e-01  -5.700993922734247e-01  9.003231674727992e-08  1.128036115574864e-07  -1.464276617537145e-07
  2.100000000000001e+00  -1.498228222257807e+00  -3.134467516942570e+00  -3.700313776266639e+00  -1.556675415908179e-01  2.098933606806788e-01  1.777610598944146e+00  -1.589463788357146e-07  -1.683199488792788e-07  3.872543728183873e-07
  2.200000000000001e+00  6.113471350908996e-01  6.721868072635253e+00  9.666208655594085e+00  2.818915772663776e+00  -2.519389873079624e+00  -4.593252311830696e+00  2.789530517416712e-07  3.635512236633977e-07  -1.189927921422707e-06
  2.300000000000001e+00  -4.279472421195126e+01  -2.948812659764486e+01  -4.808791167387736e+01  -9.518321179182211e+00  9.453218124590030e+00  2.553041697684691e+01  -3.889984785135734e-06  -1.878764088599188e-06  4.137368585940831e-06
  2.400000000000001e+00  -7.040307642273713e+02  -3.580761971207246e+02  -4.624242519987056e+02  -1.510944817374140e+02  8.635908402147527e+01  2.386937934189781e+02  -6.042777381335121e-05  -2.136557214218327e-05  3.752342837883604e-05
  2.500000000000001e+00  -1.896469248889574e+03  -8.632848764015652e+02  -1.034665832471939e+03  -4.044170066117547e+02  1.746404551405068e+02  4.957373221675480e+02  -1.587011239084401e-04  -5.499119049523270e-05  7.259667775328857e-05
  2.600000000000001e+00  -2.257228689802315e+03  -9.014894318097731e+02  -9.912661645663279e+02  -5.220001130360637e+02  1.812053210009707e+02  5.311601991595526e+02  -1.887283086192543e-04  -6.563958538922273e-05  6.611974729693975e-05
  2.700000000000001e+00  -1.592451181816969e+03  -4.804594495414436e+02  -4.680989272146369e+02  -4.521630558120078e+02  1.883016337609533e+02  5.604740712514398e+02  -1.387655729210519e-04  -4.881656784980396e-05  5.425509946101530e-05
  2.800000000000001e+00  -1.866397232039189e+03  -5.047705674872885e+02  -5.127365626557046e+02  -5.453482043512211e+02  2.878939362282276e+02  8.360495706392566e+02  -1.657094280938214e-04  -5.679190352559287e-05  7.645807803286486e-05
  2.900000000000001e+00  -3.425761669038346e+03  -1.063351472445487e+03  -1.167562112478289e+03  -8.923771678048950e+02  3.963240052606691e+02  1.170707347083870e+03  -2.946877323445036e-04  -1.019390778260969e-04  1.103561182563023e-04
  3.000000000000001e+00  -6.218183000968372e+03  -2.248480262960773e+03  -2.552638920802454e+03  -1.545624363182345e+03  6.548512521512395e+02  1.968483289925170e+03  -5.364009047711275e-04  -1.875295201413301e-04  2.226178565344066e-04
  3.100000000000001e+00  -1.362472031291431e+04  -5.416439959128636e+03  -6.605570787691027e+03  -3.144390216479409e+03  1.463355760623109e+03  4.369136846613947e+03  -1.162422706399783e-03  -4.049340946193453e-04  5.558735932299293e-04
  3.200000000000002e+00  -3.573737839582272e+04  -1.584524594680663e+04  -1.998084925391889e+04  -8.108677808707958e+03  4.047421130865891e+03  1.155655944789142e+04  -3.047616793505457e-03  -1.085424659286699e-03  1.598989645269420e-03
  3.300000000000002e+00  -9.356253677426936e+04  -4.258044471938958e+04  -5.401594921682931e+04  -2.088626730367006e+04  1.073204779131350e+04  3.019966583166491e+04  -7.965381613133241e-03  -2.838279217694791e-03  4.306806190628915e-03
  3.400000000000002e+00  -1.910722615340394e+05  -8.652034036051441e+04  -1.107513224865066e+05  -4.331214268088962e+04  2.270178083756661e+04  6.277671960567949e+04  -1.625595811210597e-02  -5.841158911751704e-03  8.905442563391057e-03
  3.500000000000002e+00  -3.059150243922035e+05  -1.354502004947123e+05  -1.791409639759338e+05  -7.084422519080667e+04  4.000433027983591e+04  1.101927630114597e+05  -2.615179280545744e-02  -9.481219942962017e-03  1.521693414195561e-02
  3.600000000000002e+00  -3.854839027502649e+05  -1.632573226608808e+05  -2.258663887420374e+05  -9.365634667661077e+04  5.865937963778781e+04  1.611814399759799e+05  -3.354024137121255e-02  -1.228796181283509e-02  2.099063490418715e-02
  3.700000000000002e+00  -4.376216952864486e+05  -1.732367061117693e+05  -2.519760836862204e+05  -1.142871249947774e+05  7.875861187911070e+04  2.137382879838239e+05  -3.916737833434741e-02  -1.457066864518543e-02  2.548506435952193e-02
  3.800000000000002e+00  -4.879997025262050e+05  -1.800247738974583e+05  -2.874764971330056e+05  -1.325652725552556e+05  1.038848904465026e+05  2.789046381746777e+05  -4.498018963759992e-02  -1.680871243549849e-02  3.152361930105519e-02
  3.900000000000002e+00  -5.102151068740978e+05  -1.729811107100287e+05  -3.087328117097864e+05  -1.488046013660578e+05  1.297160716517668e+05  3.457033547607420e+05  -4.895760948161252e-02  -1.865992452549782e-02  3.710620698686515e-02
  4.000000000000002e+00  -5.162340856924373e+05  -1.508030451195869e+05  -3.073439545765173e+05  -1.634865951197519e+05  1.547752383951743e+05  4.101512990096596e+05  -5.206803620304461e-02  -2.003875449803414e-02  4.075191730553366e-02
  4.100000000000001e+00  -5.017444073369632e+05  -1.135210496993436e+05  -2.930204931921860e+05  -1.714803461870449e+05  1.790577238692522e+05  4.700192273148503e+05  -5.333071066522001e-02  -2.037180009983295e-02  4.348811164536202e-02
  4.200000000000001e+00  -4.696456425179791e+05  -8.073457858910764e+04  -2.924850084681909e+05  -1.804697317036578e+05  2.069654731898227e+05  5.384581737691236e+05  -5.315424714639617e-02  -2.112985974088230e-02  4.810048918309445e-02
  4.300000000000001e+00  -4.409266079919165e+05  -4.445520140519820e+04  -2.906506790308146e+05  -1.889470236128686e+05  2.355000850545705e+05  6.132688094273659e+05  -5.384608205516772e-02  -2.168791880804959e-02  5.224104894918395e-02
  4.400000000000000e+00  -3.686651648865999e+05  2.479054802956968e+04  -2.701623202817632e+05  -1.787292571847580e+05  2.597878861383478e+05  6.709916595572286e+05  -5.047127958097228e-02  -1.993257693643645e-02  5.359727491401001e-02
  4.500000000000000e+00  -2.349552619737345e+05  9.071166974367065e+04  -3.004333978383433e+05  -1.512530101938827e+05  2.898057104502859e+05  7.312641616637841e+05  -4.133850589656157e-02  -1.711445366521047e-02  6.045684296874723e-02
  4.600000000000000e+00  -7.010057025453793e+04  1.653753959539913e+05  -3.528672476422918e+05  -1.170201024435808e+05  3.131392378945852e+05  7.913625416777993e+05  -2.949238335213526e-02  -1.257785750449227e-02  7.038227927855321e-02
  4.699999999999999e+00  3.738398313061519e+04  2.552026349099384e+05  -3.206382860526185e+05  -9.104909964597232e+04  2.945489207659287e+05  8.060330468528975e+05  -2.252740475905980e-02  -6.821067581804927e-03  6.899175741243208e-02
  4.799999999999999e+00  -6.639146495080886e+04  2.852965118118217e+05  -8.702825135084671e+04  -1.426949478218083e+05  2.449199030864728e+05  7.395253173334263e+05  -3.449163385513809e-02  -9.013383156916091e-03  4.326640021926117e-02
  4.899999999999999e+00  -4.308826993079101e+05  2.788772217543654e+05  4.675427727422436e+05  -2.974588584643745e+05  1.750660170854499e+05  5.602296589447776e+05  -6.925169743835477e-02  -2.093294329474776e-02  -2.106849698798677e-02
  4.999999999999998e+00  -9.370340721916863e+05  2.560835572449926e+05  1.106013533113246e+06  -4.765343028986904e+05  1.013954858689817e+05  3.584994666643364e+05  -1.139531421457839e-01  -3.650402397726489e-02  -9.707352945677704e-02
  5.099999999999998e+00  -1.241844535370050e+06  2.228514920633717e+05  1.462650885775250e+06  -5.885745389854510e+05  5.762552292570281e+04  2.446186928572704e+05  -1.368083415204235e-01  -4.705674093752173e-02  -1.331070905791107e-01
  5.199999999999998e+00  -1.201422950133356e+06  1.969021141074774e+05  1.432468773099419e+06  -6.009775470822640e+05  5.666753629466899e+04  2.353834260491426e+05  -1.246180815288830e-01  -4.570746739345607e-02  -1.129590752306033e-01
  5.299999999999997e+00  -1.024551405629919e+06  1.803198842156870e+05  1.175422609130860e+06  -5.557346107337942e+05  6.330085149830856e+04  2.659180662414078e+05  -9.793861469832235e-02  -3.622946106676300e-02  -7.029610958656785e-02
  5.399999999999997e+00  -9.242070276820289e+05  1.586411528006345e+05  9.040023540641166e+05  -5.124176352266586e+05  4.682901745839247e+04  2.603695220005711e+05  -7.994205430885008e-02  -2.848233565743883e-02  -4.448731198662995e-02
  5.499999999999996e+00  -8.834684663090903e+05  1.427730119330751e+05  7.461589069052119e+05  -4.919288536366657e+05  2.172852732035955e+04  2.063223914084275e+05  -7.126641455167920e-02  -2.651334740930423e-02  -4.031092544658406e-02
  5.599999999999996e+00  -8.197550114273155e+05  1.530708675454551e+05  7.123923199635601e+05  -4.842205413060678e+05  -3.773087559834928e+03  1.499411587156852e+05  -6.150974568380432e-02  -2.619531622741952e-02  -4.435443700061454e-02
  5.699999999999996e+00  -7.841505846195905e+05  1.675830767311352e+05  7.555121936971948e+05  -4.942096599758620e+05  -3.746794713034870e+04  1.127903406820123e+05  -5.223519068153019e-02  -2.415342912352322e-02  -5.417992883831946e-02
  5.799999999999995e+00  -8.268378120448453e+05  1.511401681179824e+05  8.047412657503582e+05  -5.194275474375270e+05  -6.955001709381312e+04  6.958940100343012e+04  -4.906560193846381e-02  -2.208996690146859e-02  -6.684175737889313e-02
  5.899999999999995e+00  -8.545467650047652e+05  1.198814499076717e+05  7.740155597317978e+05  -5.120526845220815e+05  -7.183438710309083e+04  2.328970328487076e+04  -4.376699603478015e-02  -1.968046103755043e-02  -6.434883169375076e-02
  5.999999999999995e+00  -8.250261346679598e+05  7.721475358273175e+04  6.463609170039713e+05  -4.612893417863746e+05  -2.085712189104495e+04  -5.163492131944990e+03  -3.175904804681778e-02  -1.860891485347041e-02  -4.078172450758626e-02
  6.099999999999994e+00  -8.442144590327571e+05  -1.960693564564804e+04  4.850968759718265e+05  -4.291130244346607e+05  8.663912389707382e+04  -2.421007272320151e+04  -2.393400743720565e-02  -2.598225775043447e-02  -1.452694808445781e-02
  6.199999999999994e+00  -8.697350193595872e+05  -1.041971182840829e+05  3.656831829410960e+05  -4.206977597995581e+05  2.020033001683622e+05  -4.074948371671463e+04  -1.927472471919793e-02  -3.469186322980597e-02  -1.058551809761095e-03
  6.299999999999994e+00  -7.654252883371493e+05  -1.378926644131855e+05  2.442341932891979e+05  -3.989307697420015e+05  2.565672763006876e+05  -3.061767929107583e+04  -8.143274458979752e-03  -3.322518738768082e-02  4.961906511314533e-03
  6.399999999999993e+00  -5.476206342302990e+05  -2.000394979405578e+05  1.940140566640070e+04  -3.560899471089394e+05  2.417704075777473e+05  9.754208438922933e+03  9.313707212441024e-03  -2.425934457215696e-02  1.348417275771021e-02
  6.499999999999993e+00  -3.397052042893208e+05  -2.933219113326731e+05  -2.405628734564492e+05  -3.118702468755167e+05  2.047926241800575e+05  5.190466099288235e+04  2.489825280429073e-02  -1.662278619717421e-02  2.316129437371353e-02
  6.599999999999993e+00  -1.229957432727157e+05  -2.408602194675982e+05  -3.231584472163629e+05  -2.249404158712139e+05  1.865576460102367e+05  5.650102906263476e+04  4.164948829108469e-02  -4.240415111637785e-03  2.550513697049084e-02
  6.699999999999992e+00  2.654891555700214e+04  -9.241847757887768e+04  -2.166641824431344e+05  -1.214007817846848e+05  1.829020624288591e+05  -6.102714471226681e+03  5.254122478782353e-02  9.169712682984501e-03  1.258778714447902e-02
  6.799999999999992e+00  -9.236646464723071e+03  -7.565432798043183e+04  -1.479577242057635e+05  -9.585059268468335e+04  2.152011505633038e+05  -8.827732066589520e+04  4.407676872730071e-02  8.304886555543126e-03  -4.211726733776758e-03
  6.899999999999991e+00  -2.207457464826378e+04  -1.504250246782008e+05  -1.476859528265330e+05  -8.633365038444955e+04  2.711049708705106e+05  -2.146684015809980e+05  3.568430311689308e-02  3.642040872303609e-04  -2.173715141115534e-02
  6.999999999999991e+00  3.657486945128894e+04  -5.701459818423188e+04  -2.010329260409746e+05  -8.834276790432681e+03  3.098860147722144e+05  -3.538305782310251e+05  3.797916116392889e-02  9.665125539593636e-03  -3.683883156146267e-02
  7.099999999999991e+00  -1.095919012657629e+05  1.228408690575450e+05  -6.307010277530651e+05  5.000954658916428e+04  3.946543538678954e+05  -3.817579296869569e+05  2.415448668055580e-02  2.820687502984231e-02  -1.991392105701345e-02
  7.199999999999990e+00  -3.269072586940071e+05  4.822213067518435e+05  -8.915686083340924e+05  2.819485909408922e+04  2.686713441685315e+05  -4.019884990545321e+05  -5.704010209305718e-03  6.253955819907533e-02  -3.248957025362331e-02
  7.299999999999990e+00  -5.619289054538654e+05  6.924049476691476e+05  -6.963727074737047e+05  -3.191970826594140e+04  -8.278168811741972e+04  -5.432981564916343e+05  -3.856735749235438e-02  8.380957041955851e-02  -1.026594677903100e-01
  7.399999999999990e+00  -7.220576697393677e+05  4.984764410119148e+05  -2.875850991210728e+05  -8.808501792398782e+04  -4.003003848443113e+05  -7.121443262134880e+05  -6.278662440034477e-02  6.574785080015629e-02  -1.846768095088781e-01
  7.499999999999989e+00  -6.164911525878041e+05  1.353403167245140e+05  1.403965338175564e+04  -1.041547818358762e+05  -4.976493860046110e+05  -7.925995535420653e+05  -5.321585669083034e-02  2.434508799806101e-02  -2.279819437400269e-01
  7.599999999999989e+00  -3.159856481562830e+05  -1.779648709757072e+05  1.061322618762027e+05  -1.574383392028555e+05  -3.674498793618354e+05  -6.749144497174997e+05  -2.674844905487521e-02  -2.015768895948243e-02  -2.219752817352487e-01
  7.699999999999989e+00  4.714935533492795e+04  -4.161104049398417e+05  1.094323549860712e+05  -2.623549867207412e+05  -1.634728226166923e+05  -4.024028079445517e+05  -9.953226419031461e-03  -6.052990934002664e-02  -1.990628005318564e-01
  7.799999999999988e+00  4.620418715547792e+05  -4.530672121376685e+05  1.748576772079017e+04  -2.731148445330683e+05  -4.806121875709190e+04  -1.980639870482601e+05  1.353147095115731e-02  -7.516281066229875e-02  -1.740280899610294e-01
  7.899999999999988e+00  8.135400470561944e+05  -2.610640470071484e+05  -3.135128556535043e+05  -1.423854449048283e+05  -6.683507519114735e+04  -1.704497525091644e+05  5.182294991981975e-02  -5.130343134979381e-02  -1.344820499134154e-01
  7.999999999999988e+00  9.339972823573493e+05  -6.622860256813081e+04  -7.753152268992261e+05  1.826674266216677e+04  -1.488384990621069e+05  -2.062229756075342e+05  8.273487661305239e-02  -1.368799427665158e-02  -8.187611640405969e-02
  8.099999999999987e+00  7.969659477881111e+05  -5.324098980917815e+04  -1.074106889372029e+06  1.093622468199450e+05  -2.024581753061408e+05  -1.708688368642725e+05  8.918708736917105e-02  7.976625434403540e-03  -3.360765749836014e-02
  8.199999999999987e+00  5.185955180737101e+05  -1.952471659084209e+05  -1.101612295116174e+06  1.115908621221120e+05  -1.955184757287621e+05  -5.849807586261613e+04  7.123443727886312e-02  9.531798983543947e-03  1.401189028914541e-04
  8.299999999999986e+00  2.526104316365103e+05  -3.673194023568939e+05  -9.987355436987539e+05  5.911517162988261e+04  -1.688651970364244e+05  3.999065052338708e+04  3.959863961002112e-02  1.632991685581295e-03  1.759175344843261e-02
  8.399999999999986e+00  1.033011529975421e+05  -4.781643016565630e+05  -9.466536206633545e+05  1.625902107758293e+03  -1.586285340265065e+05  5.130114628204959e+04  7.504578498301322e-03  -5.932545489287265e-03  1.921928573405020e-02
  8.499999999999986e+00  8.346326591498205e+04  -5.206683142202746e+05  -9.995932924200720e+05  -3.625360094770412e+04  -1.636274744598311e+05  -2.436568904771272e+03  -1.443756356621973e-02  -7.796888798042436e-03  7.773400485259947e-03
  8.599999999999985e+00  1.313877591600306e+05  -5.442061520808922e+05  -1.118778167634729e+06  -5.695551675317797e+04  -1.701688364201068e+05  -4.194363604261628e+04  -2.108532695916871e-02  -5.449723396693785e-03  -7.234835420259180e-03
  8.699999999999985e+00  1.834602408110708e+05  -5.855547409751980e+05  -1.208884705186964e+06  -7.617839691343093e+04  -1.623702930223142e+05  -9.642378816074273e+03  -1.579028022568912e-02  -4.748578072154362e-03  -1.340539329905031e-02
  8.799999999999985e+00  1.851302552565539e+05  -6.712909522935643e+05  -1.200442421702711e+06  -1.112241582327186e+05  -1.413288235126633e+05  1.013074329559933e+05  -7.513746853647382e-03  -9.061409545626540e-03  -1.017095623993368e-02
  8.899999999999984e+00  8.047087258835392e+04  -8.028460157820273e+05  -1.159526294268123e+06  -1.564800440503405e+05  -1.323157671705056e+05  2.442926311457977e+05  -6.214166136378209e-03  -1.429283430365913e-02  -8.780297057894182e-03
  8.999999999999984e+00  -8.047783401096141e+04  -8.925190801744810e+05  -1.082412190630058e+06  -1.875039521710653e+05  -1.266539270822494e+05  3.626142647159697e+05  -1.366987646639772e-02  -1.408596348161630e-02  -5.951044519600190e-03
  9.099999999999984e+00  -1.504760456689723e+05  -8.177193075183858e+05  -8.255921908900136e+05  -2.000221341786153e+05  -8.955539700022477e+04  4.513108948398255e+05  -2.092778404101645e-02  -4.511980326113273e-03  1.272262442027700e-02
  9.199999999999983e+00  -1.141259183176260e+05  -6.102999339726986e+05  -4.682739869628116e+05  -1.875297243488937e+05  -2.152514463997277e+04  5.360207780310832e+05  -1.847821796793053e-02  1.358790355369037e-02  3.942299075922532e-02
  9.299999999999983e+00  -1.283187297441813e+05  -4.485080175015242e+05  -3.194731841449990e+05  -1.334501984618846e+05  1.924945196977399e+04  5.914265144163643e+05  -6.819574141114083e-03  3.146763095414588e-02  4.650935268827524e-02
  9.399999999999983e+00  -2.538526286872154e+05  -4.191489140989179e+05  -4.297407878912874e+05  -5.343911326680212e+04  6.774836671652030e+03  5.922900332636737e+05  8.383492718796386e-03  3.922463135748662e-02  3.275431694262507e-02
  9.499999999999982e+00  -3.657209640984391e+05  -4.321834707435732e+05  -5.495416822088994e+05  1.996152499024468e+04  1.104900567778680e+04  5.920493219412022e+05  2.342054815532583e-02  3.820375690544707e-02  2.552407261071910e-02
  9.599999999999982e+00  -3.858035899473324e+05  -3.844816311972671e+05  -5.317020212111071e+05  6.523575794973900e+04  7.821317970653884e+04  6.340106915344205e+05  3.422881208514579e-02  3.806298632172179e-02  3.339388594939931e-02
  9.699999999999982e+00  -3.722194748040743e+05  -2.837558076979690e+05  -4.406641392206842e+05  8.687076506104440e+04  1.572609301508301e+05  6.842783651791553e+05  3.932093094286385e-02  4.311142170132293e-02  4.275097896296123e-02
  9.799999999999981e+00  -3.911473339636810e+05  -1.901432075002260e+05  -3.724708420847011e+05  1.036716137359332e+05  1.883907083043236e+05  7.001144406294641e+05  3.964027812623076e-02  4.973439661188011e-02  4.839410194165351e-02
  9.899999999999981e+00  -4.346807561460496e+05  -1.306896344858832e+05  -3.247872210017391e+05  1.138451546797323e+05  1.729594524655624e+05  6.936471893683485e+05  3.409485977548872e-02  5.266462780640757e-02  5.474259861643972e-02
  9.999999999999980e+00  -4.616038971227012e+05  -9.225157943116523e+04  -2.312062028226836e+05  1.053017712267539e+05  1.545785258045955e+05  6.991679010981481e+05  2.325378290301978e-02  4.989482086265676e-02  6.259560312018025e-02
  1.009999999999998e+01  -4.696981456439921e+05  -5.299607674298974e+04  -7.765415977490506e+04  7.867734808251986e+04  1.697882743156308e+05  7.092150934828718e+05  1.197165184335097e-02  4.488648224335759e-02  7.033702934983425e-02
  1.019999999999998e+01  -4.977270328835382e+05  -2.176786937203371e+04  7.357347405627111e+04  3.072358762302330e+04  2.051897961827689e+05  6.956409725548343e+05  2.249936943397642e-03  4.193182744103287e-02  7.621652898370114e-02
  1.029999999999998e+01  -5.421608025267562e+05  -1.784491103709184e+04  1.834114828257583e+05  -2.453744218606698e+04  2.238521242876198e+05  6.567545764417233e+05  -5.211277846971914e-03  4.057569524800160e-02  7.762618246756328e-02
  1.039999999999998e+01  -5.351192289655956e+05  3.789233525168659e+03  2.654955045006086e+05  -4.002657055429601e+04  2.360003607038730e+05  6.006422590791330e+05  -6.613672838162575e-03  4.082883933386935e-02  7.667032669600397e-02
  1.049999999999998e+01  -4.451178505661343e+05  1.042579842700360e+05  3.073496900859684e+05  -3.689249504116634e+03  2.816344202354127e+05  5.269542079015478e+05  -3.094459786801374e-03  4.561294590012039e-02  7.885629155418249e-02
  1.059999999999998e+01  -3.364433922894992e+05  2.399834524318534e+05  2.776942144881585e+05  3.000353380725947e+04  3.534769179984206e+05  4.437991244003113e+05  -2.932068861695946e-03  5.240932641351776e-02  8.248874769065122e-02
  1.069999999999998e+01  -2.824977000583240e+05  3.116793951247603e+05  2.225500475147593e+05  1.512167244806962e+04  4.013594534214328e+05  3.699736828675588e+05  -1.002319681801528e-02  5.342550336461776e-02  8.003642529805077e-02
  1.079999999999998e+01  -2.770629938378969e+05  2.975338059216922e+05  2.274209469773452e+05  -3.364086046041289e+04  3.944371043451981e+05  3.080551438358646e+05  -1.962426308371126e-02  4.507469594744477e-02  6.853845393581665e-02
  1.089999999999998e+01  -2.697242683024719e+05  2.470778896998627e+05  2.845883035387056e+05  -7.891308824565886e+04  3.417790355967993e+05  2.391380960160028e+05  -2.601807691842605e-02  2.945936453285176e-02  5.238877938907189e-02
  1.099999999999998e+01  -2.397774442344040e+05  1.938325951430425e+05  3.028791405032061e+05  -1.093637989847613e+05  2.575254148997850e+05  1.489906948015199e+05  -2.818373549322905e-02  9.164346181495907e-03  3.722531982763860e-02
  1.109999999999998e+01  -2.050700653341264e+05  1.280219913891620e+05  2.389335904722942e+05  -1.421690040676134e+05  1.472838780537436e+05  4.903206328492145e+04  -2.972491041510080e-02  -1.432483032172412e-02  2.565088281315498e-02
  1.119999999999998e+01  -1.753920461934433e+05  3.792311846996970e+04  1.491853467041106e+05  -1.891506298188619e+05  3.607599376350269e+04  -2.989510151762043e+04  -3.397319972561564e-02  -3.715832561608363e-02  1.750022386064480e-02
  1.129999999999998e+01  -1.380275953136227e+05  -5.751968913491705e+04  1.037601072074930e+05  -2.347545452252113e+05  -3.002665664742038e+04  -6.365312874859788e+04  -3.880808376079210e-02  -5.183540493726182e-02  1.037758944177751e-02
  1.139999999999998e+01  -9.054304846633734e+04  -1.196057446223838e+05  1.045864108295743e+05  -2.534526303912510e+05  -1.797225821870434e+04  -5.265432517200452e+04  -3.855233710864817e-02  -5.167815526988793e-02  2.856702219721165e-03
  1.149999999999998e+01  -5.621070626172639e+04  -1.201367801464777e+05  1.088426069746810e+05  -2.394574218993596e+05  6.698083710054614e+04  -1.619577352368240e+04  -3.067460434362997e-02  -3.689043817677774e-02  -1.931234586658342e-03
  1.159999999999997e+01  -6.222055176643199e+04  -6.667762439261192e+04  8.856588682625158e+04  -2.084998470279707e+05  1.835600144040471e+05  2.636101933319597e+04  -1.806515572914400e-02  -1.610147129472184e-02  -5.070394623464250e-04
  1.169999999999997e+01  -1.062184653707106e+05  1.760209799603738e+03  4.879897391151938e+04  -1.787103614148797e+05  2.773897489521853e+05  6.662422743758751e+04  -5.464158136799730e-03  -8.314416256603774e-04  4.310902475662095e-03
  1.179999999999997e+01  -1.537530760654795e+05  4.513752514010499e+04  9.132926468150041e+03  -1.612830282337113e+05  3.116137658049261e+05  9.883214310556550e+04  3.602943493430785e-03  2.287907493509064e-03  6.059892674353108e-03
  1.189999999999997e+01  -1.702585214712154e+05  4.822694182481549e+04  -1.778226617884644e+04  -1.589846674090479e+05  2.840132327886806e+05  1.115102366482122e+05  8.128794295817051e-03  -5.057743356900964e-03  2.592175923738209e-03
  1.199999999999997e+01  -1.485460181620955e+05  2.230920849474158e+04  -2.948406179345703e+04  -1.651437096260528e+05  2.189147254081176e+05  9.640192129672013e+04  1.006666214048425e-02  -1.587998243732356e-02  -2.132985946100069e-03
  1.209999999999997e+01  -1.089319545898620e+05  -9.335413293327123e+03  -2.649118323982474e+04  -1.699219593410539e+05  1.477633989191709e+05  5.772636307692450e+04  1.270147226901728e-02  -2.369689021194936e-02  -3.226243391899322e-03
  1.219999999999997e+01  -8.098681423658825e+04  -3.324828461738949e+04  -1.724017009193622e+04  -1.726688898323702e+05  9.486668789203207e+04  9.393400296892780e+03  1.715625259313032e-02  -2.642203936765576e-02  6.740346474008843e-04
  1.229999999999997e+01  -7.899009833907969e+04  -5.512475248948237e+04  -1.918481719919513e+04  -1.826932557215684e+05  6.793987233430368e+04  -3.169697276567667e+04  2.109732795857489e-02  -2.596834991823142e-02  6.721248376932867e-03
  1.239999999999997e+01  -9.338861992854679e+04  -9.266775276648556e+04  -4.605686236143523e+04  -2.021264829966783e+05  5.678348997560424e+04  -5.229981693894479e+04  2.173469295788397e-02  -2.549421328019306e-02  1.008474325300756e-02
  1.249999999999997e+01  -1.080692247266164e+05  -1.612550695424090e+05  -9.602266656792536e+04  -2.166324835651706e+05  4.784763367236009e+04  -4.843722755890129e+04  1.868970719097415e-02  -2.737592736779402e-02  8.353152104302024e-03
  1.259999999999997e+01  -1.117478825559116e+05  -2.524985996900050e+05  -1.509559337702411e+05  -2.102583540074296e+05  3.902809669653051e+04  -2.758738474104246e+04  1.382971593894906e-02  -3.175232215644528e-02  3.798503514630994e-03
  1.269999999999997e+01  -9.852666973394925e+04  -3.313527753036784e+05  -1.979087386603284e+05  -1.855258919146594e+05  3.289013120346422e+04  -5.602592111556562e+03  9.321122323032463e-03  -3.607548742163910e-02  9.547599917479752e-05
  1.279999999999997e+01  -7.022428115553214e+04  -3.596928409234257e+05  -2.435547510147477e+05  -1.613997137174622e+05  2.167666711531933e+04  4.922386352014399e+03  6.368179776013825e-03  -3.663297644826992e-02  -2.549431183487222e-03
  1.289999999999997e+01  -3.553296719772805e+04  -3.210344579856825e+05  -2.982717449626701e+05  -1.514430031815268e+05  -5.507495554914934e+03  5.729590778196543e+03  5.445932627195829e-03  -3.105856135321878e-02  -7.068987731910065e-03
  1.299999999999997e+01  -9.494959809835966e+03  -2.341807034759056e+05  -3.589471586246483e+05  -1.503054517469307e+05  -3.953624163928617e+04  1.111150155012383e+04  6.605204769180256e-03  -2.035307605879894e-02  -1.396051111118380e-02
  1.309999999999997e+01  -7.657843973058025e+03  -1.465694404288425e+05  -4.029365271746335e+05  -1.402486114466299e+05  -5.044773774885964e+04  3.520808843060468e+04  9.867412969655561e-03  -9.059044551024817e-03  -1.874172113109396e-02
  1.319999999999997e+01  -3.473730563993765e+04  -1.069200295134988e+05  -3.962823091497571e+05  -1.081370117772511e+05  -1.609928711719786e+04  8.100186755216791e+04  1.533649474752699e-02  -2.798197947057636e-03  -1.587319747599884e-02
  1.329999999999997e+01  -8.079005078922087e+04  -1.341359807833174e+05  -3.259076736541651e+05  -5.987341268394500e+04  5.415954638960210e+04  1.384899857833411e+05  2.198690381623951e-02  -4.153178070423457e-03  -4.001786439504676e-03
  1.339999999999997e+01  -1.272279795815251e+05  -2.040422841217670e+05  -2.241285965448880e+05  -1.983298663264264e+04  1.253664012168580e+05  1.910131853523133e+05  2.682931548952648e-02  -1.045207800774891e-02  1.245087626340448e-02
  1.349999999999997e+01  -1.562969645095108e+05  -2.670086551458930e+05  -1.431859403437559e+05  -1.185284882440238e+04  1.631547118476422e+05  2.247494537752270e+05  2.681112219396380e-02  -1.588730265432299e-02  2.593068137406144e-02
  1.359999999999997e+01  -1.612202461170363e+05  -2.867906973113964e+05  -1.070101524450432e+05  -3.994235912076797e+04  1.566531235341060e+05  2.344959028035199e+05  2.148011130739666e-02  -1.616363814846522e-02  3.037750074521724e-02
  1.369999999999997e+01  -1.513978185014321e+05  -2.642561078691090e+05  -9.952206936193495e+04  -8.844001912562780e+04  1.212111288988480e+05  2.252967615688281e+05  1.323541552137939e-02  -1.130338814873231e-02  2.490053175146800e-02
  1.379999999999997e+01  -1.426207412761351e+05  -2.223299858114094e+05  -9.384312958130712e+04  -1.368968050944216e+05  8.127310157485494e+04  2.101332623235339e+05  5.434898553875694e-03  -4.313741012587306e-03  1.370149372609527e-02
  1.389999999999997e+01  -1.426856406402788e+05  -1.803982164544631e+05  -8.102924947061791e+04  -1.722519616856409e+05  5.136833729562118e+04  2.026503930309429e+05  7.246596712945782e-05  1.701585403556074e-03  2.669615690165608e-03
  1.399999999999997e+01  -1.482474443108221e+05  -1.474845198352970e+05  -6.927480082588110e+04  -1.903549249547492e+05  3.220271274020408e+04  2.092113215348785e+05  -3.058957466297751e-03  5.209305285360850e-03  -3.902715625570050e-03
  1.409999999999997e+01  -1.504143846162461e+05  -1.248089204244244e+05  -6.454277215673554e+04  -1.923561826412885e+05  1.993702684861766e+04  2.241822574377467e+05  -4.978371254896906e-03  6.543196379442341e-03  -4.674777105308729e-03
  1.419999999999997e+01  -1.453014275894405e+05  -1.095242783317845e+05  -6.366199667689146e+04  -1.824767986342630e+05  1.435732195789591e+04  2.332934614483633e+05  -5.945165151325101e-03  6.887221212304046e-03  -9.516187633662991e-04
  1.429999999999997e+01  -1.397774836472911e+05  -9.903615220934534e+04  -6.229677671548373e+04  -1.672940556121894e+05  1.709160126204825e+04  2.261598347670972e+05  -5.627387713220123e-03  6.906483457349960e-03  4.367272303288560e-03
  1.439999999999996e+01  -1.421249596192622e+05  -9.120905400959786e+04  -5.729101996626713e+04  -1.543368548991881e+05  2.526754981289148e+04  2.053720205048910e+05  -4.236248575627943e-03  6.443678538172859e-03  7.949453212003752e-03
  1.449999999999996e+01  -1.522878882390906e+05  -8.401021213789270e+04  -4.373381240591701e+04  -1.494022233769509e+05  3.197220786962358e+04  1.835518093988506e+05  -3.004971506128390e-03  5.249090289769740e-03  7.660392846313694e-03
  1.459999999999996e+01  -1.646952113998644e+05  -7.604075994830430e+04  -1.896996219421835e+04  -1.538784184504410e+05  3.329133153882938e+04  1.727629279230714e+05  -3.424867841268641e-03  3.822102763916198e-03  3.873402602772734e-03
  1.469999999999996e+01  -1.738801776534772e+05  -6.522178104831366e+04  1.015208468918380e+04  -1.638545995940801e+05  3.134037114350305e+04  1.745266781318475e+05  -5.762585413262676e-03  3.301320413386127e-03  -1.070043250979454e-03
  1.479999999999996e+01  -1.767116815253947e+05  -4.960508645152298e+04  2.757563677902507e+04  -1.722872266719713e+05  3.063062484061421e+04  1.801528118449209e+05  -8.476013456432679e-03  4.412894655711029e-03  -4.651187367271670e-03
  1.489999999999996e+01  -1.735180177246793e+05  -3.114635062603949e+04  1.810338801388792e+04  -1.728941723828061e+05  3.341186772439294e+04  1.806066196563233e+05  -9.387962313051657e-03  6.584916715587568e-03  -5.658269007283656e-03
  1.499999999999996e+01  -1.665278792140101e+05  -1.565895885252139e+04  -1.938967726147513e+04  -1.636586850360643e+05  3.788730140416045e+04  1.735420056541618e+05  -7.405956024845050e-03  8.237571581981075e-03  -4.679193453860988e-03
  1.509999999999996e+01  -1.585277945137731e+05  -7.738812331836534e+03  -6.950911322533850e+04  -1.488790975708179e+05  4.034246568466956e+04  1.621483459628195e+05  -3.524097356790482e-03  8.146504044533997e-03  -3.526927293018147e-03
  1.519999999999996e+01  -1.540915910819092e+05  -6.931339012282885e+03  -1.125543647719647e+05  -1.371666718876303e+05  3.946970037013562e+04  1.504654836493974e+05  -2.927519941527075e-04  6.564214319986672e-03  -3.863114272599186e-03
  1.529999999999996e+01  -1.573693774343227e+05  -8.581443869869738e+03  -1.368510810924463e+05  -1.348655756115811e+05  3.873586694834327e+04  1.407344795214723e+05  2.972309290588375e-04  5.086270506361869e-03  -5.985779920615611e-03
  1.539999999999996e+01  -1.675345552026082e+05  -8.148262804700900e+03  -1.430592845147190e+05  -1.409739952109245e+05  4.406323914415754e+04  1.344785280984685e+05  -1.444849523071772e-03  5.323398156790800e-03  -8.814039309894673e-03
  1.549999999999996e+01  -1.793317628787782e+05  -4.853775392677974e+03  -1.429716849177945e+05  -1.489241072922406e+05  5.836463595568337e+04  1.337784448875539e+05  -3.308804231215183e-03  7.475865108306151e-03  -1.098673944146244e-02
  1.559999999999996e+01  -1.879347563863193e+05  -1.062350360512376e+03  -1.506881670803235e+05  -1.524636022109779e+05  7.781982464710722e+04  1.393140058868710e+05  -3.144845004329318e-03  1.023980502331113e-02  -1.195867888905103e-02
  1.569999999999996e+01  -1.925038376788801e+05  -3.444821755442516e+01  -1.703801633466865e+05  -1.497725263469428e+05  9.430279928941661e+04  1.479264675281192e+05  -6.109260109771435e-04  1.193563785982154e-02  -1.202693292199135e-02
  1.579999999999996e+01  -1.957247032633092e+05  -5.728391788252112e+03  -1.933664515416321e+05  -1.436338967255564e+05  1.022693784155860e+05  1.541822327756085e+05  2.690981089570525e-03  1.151690407514515e-02  -1.152912439987946e-02
  1.589999999999996e+01  -2.001350055981676e+05  -2.164272707902668e+04  -2.073031155788043e+05  -1.385488306954610e+05  1.026640861352691e+05  1.545674880004503e+05  4.581984967507761e-03  8.962337585697649e-03  -1.048835472262029e-02
  1.599999999999996e+01  -2.052418487380339e+05  -4.628783981848620e+04  -2.072921660908501e+05  -1.370210722096618e+05  9.993491826689357e+04  1.497259853964754e+05  3.831129328041364e-03  5.313586039274480e-03  -9.035620262589299e-03
  1.609999999999996e+01  -2.087487969874858e+05  -7.123943969301770e+04  -1.989977273373628e+05  -1.378811170018951e+05  9.674127119178823e+04  1.431459026298262e+05  8.371447163554453e-04  2.272231871881828e-03  -7.722120157648786e-03
  1.619999999999996e+01  -2.090294979800431e+05  -8.592994739526662e+04  -1.921496713848134e+05  -1.378987649625886e+05  9.252472619537756e+04  1.379448498582550e+05  -2.740716454165979e-03  1.247899633285203e-03  -7.165513032533995e-03
  1.629999999999996e+01  -2.056378265158274e+05  -8.556392473524234e+04  -1.915251065847344e+05  -1.349295971885938e+05  8.630835319862900e+04  1.346435207723223e+05  -4.945957809053847e-03  2.369282028891632e-03  -7.372111891211329e-03
  1.639999999999996e+01  -1.992117901582898e+05  -7.615742997142927e+04  -1.949365113530486e+05  -1.298689773604572e+05  7.915422126804499e+04  1.317381832713804e+05  -4.453366504851138e-03  4.271192312226355e-03  -7.584202013401626e-03
  1.649999999999996e+01  -1.919889269321540e+05  -7.175099429474364e+04  -1.981853098661540e+05  -1.263347293669231e+05  7.339677851003823e+04  1.278615592506445e+05  -1.230642921484469e-03  5.030128480477924e-03  -7.016634307888085e-03
  1.659999999999997e+01  -1.874088216444987e+05  -8.372093531791258e+04  -1.986716608358649e+05  -1.282706554823822e+05  7.045331115103242e+04  1.235492829866710e+05  3.384896966850136e-03  3.653036117518012e-03  -5.635477632880498e-03
  1.669999999999997e+01  -1.881572742539950e+05  -1.112992978729191e+05  -1.947451324021415e+05  -1.371743678559635e+05  6.997677150025773e+04  1.213024085771770e+05  7.361320883631390e-03  8.216931925173963e-04  -4.128116258182554e-03
  1.679999999999997e+01  -1.946775689854163e+05  -1.427617649039172e+05  -1.851257361482092e+05  -1.514002718612122e+05  7.064634835618925e+04  1.234295473635871e+05  9.048114864130520e-03  -1.808914230422823e-03  -3.233392910281077e-03
  1.689999999999997e+01  -2.049473378066750e+05  -1.650945496502456e+05  -1.700333136034585e+05  -1.673927926131890e+05  7.116727939436387e+04  1.298191372301591e+05  8.094602512690867e-03  -2.985407432959007e-03  -3.080649198423631e-03
  1.699999999999997e+01  -2.153954042126820e+05  -1.729478506837968e+05  -1.520558507304002e+05  -1.808425693758027e+05  7.095682628904127e+04  1.378797379671125e+05  5.554180401540417e-03  -2.665432670718908e-03  -3.062380370113237e-03
  1.709999999999997e+01  -2.234368390947192e+05  -1.704647609848653e+05  -1.363779550173971e+05  -1.874528973393182e+05  7.045090678404823e+04  1.442562408318294e+05  3.045602116333812e-03  -1.840557881734817e-03  -2.300745324679282e-03
  1.719999999999997e+01  -2.289849143488906e+05  -1.653658062625622e+05  -1.290285198438166e+05  -1.843872100793032e+05  7.042207064865135e+04  1.465867041938834e+05  1.604637613675679e-03  -1.633674806505690e-03  -3.820224466173863e-04
  1.729999999999998e+01  -2.327142599229123e+05  -1.611807258681688e+05  -1.330784100353850e+05  -1.723594584417333e+05  7.085793214794302e+04  1.441248851333590e+05  1.176660959352661e-03  -2.437818253982385e-03  2.127831009859596e-03
  1.739999999999998e+01  -2.335520838304107e+05  -1.555619368988767e+05  -1.460002617477254e+05  -1.560993981906053e+05  7.039934656422291e+04  1.379726427963789e+05  1.063553852305523e-03  -3.757618911363111e-03  3.883577570409531e-03
  1.749999999999998e+01  -2.296986535310427e+05  -1.455808743477552e+05  -1.614001253812882e+05  -1.417956601448806e+05  6.724955775962358e+04  1.309888376924671e+05  7.360562189995852e-04  -4.791058219380287e-03  3.649954265985645e-03
  1.759999999999998e+01  -2.221601409184862e+05  -1.331311252010407e+05  -1.731603040466497e+05  -1.334297034982815e+05  6.095736892180443e+04  1.269826787210310e+05  2.194034551725081e-04  -5.125700367925146e-03  1.324425800917721e-03
  1.769999999999998e+01  -2.154730694180785e+05  -1.243931201490775e+05  -1.783964717809152e+05  -1.310927095826658e+05  5.337798424036548e+04  1.290656124924968e+05  -1.468989749679198e-04  -4.917158344832808e-03  -1.773937241088292e-03
  1.779999999999998e+01  -2.136033664061013e+05  -1.240518150704054e+05  -1.778601492628495e+05  -1.319666354295949e+05  4.748564071182497e+04  1.377878717572015e+05  -1.417038698247276e-04  -4.530180096487926e-03  -3.791486105438251e-03
  1.789999999999998e+01  -2.160109529540733e+05  -1.306696176248349e+05  -1.746674690619808e+05  -1.326795576934040e+05  4.499022715557868e+04  1.504045425389203e+05  1.341158466558368e-04  -4.096480078427546e-03  -3.708941624897552e-03
  1.799999999999999e+01  -2.181578770863442e+05  -1.371905087406229e+05  -1.723568945525553e+05  -1.313092792914034e+05  4.518278012121156e+04  1.622159635503896e+05  3.714178314457066e-04  -3.418225656232590e-03  -2.070443487116990e-03
  1.809999999999999e+01  -2.158223785657871e+05  -1.359082127517432e+05  -1.732113843833119e+05  -1.280063246115721e+05  4.600211981475342e+04  1.692827217602375e+05  2.930429461268870e-04  -2.264183579714449e-03  -5.039709123411311e-04
  1.819999999999999e+01  -2.093654881748431e+05  -1.243371345894543e+05  -1.775523556043417e+05  -1.243179288187570e+05  4.609317784212060e+04  1.708362503009036e+05  -2.332603693677013e-04  -7.311545229614276e-04  -4.149573448556832e-04
  1.829999999999999e+01  -2.034562964058801e+05  -1.069465695205174e+05  -1.834288628558914e+05  -1.219105548601780e+05  4.597510089961896e+04  1.697059049364564e+05  -1.224780450983909e-03  7.032866446899810e-04  -1.914697988327666e-03
  1.839999999999999e+01  -2.023956514384095e+05  -9.144514749089956e+04  -1.867046841444337e+05  -1.216959541822827e+05  4.752949527590631e+04  1.701290777704698e+05  -2.591524139546842e-03  1.479822056474810e-03  -3.803439304463866e-03
  1.849999999999999e+01  -2.062597996568071e+05  -8.356260764837888e+04  -1.830787473699030e+05  -1.236474569765609e+05  5.232839843841404e+04  1.746284246593125e+05  -4.099174885151796e-03  1.322488327884896e-03  -4.594245782177992e-03
  1.859999999999999e+01  -2.115089154739356e+05  -8.430042821914433e+04  -1.718508546166853e+05  -1.268845319500036e+05  6.009360510160408e+04  1.824821495051570e+05  -5.388373829048467e-03  4.422298470029928e-04  -3.663426704363799e-03
  1.870000000000000e+01  -2.143108465819395e+05  -9.060794392663713e+04  -1.577321525695436e+05  -1.300422653851649e+05  6.871090065481293e+04  1.906924989436593e+05  -6.084765243946203e-03  -5.383118445822163e-04  -1.521368880741473e-03
  1.880000000000000e+01  -2.131423049277726e+05  -9.799380621860105e+04  -1.480332139228023e+05  -1.322173676552889e+05  7.578967980334595e+04  1.961106148193325e+05  -5.955026005221101e-03  -9.225189652066567e-04  8.277676056946103e-04
  1.890000000000000e+01  -2.092427374484954e+05  -1.029892194695903e+05  -1.474349618177895e+05  -1.338702921535940e+05  8.021410217173189e+04  1.969142670685240e+05  -5.015552373075659e-03  -3.530540425039914e-04  2.676367565598939e-03
  1.900000000000000e+01  -2.055368217307834e+05  -1.045154883114564e+05  -1.546730320981243e+05  -1.365153646483156e+05  8.248771399284605e+04  1.930209152894970e+05  -3.504414871480402e-03  9.695962535229213e-04  3.913265054515636e-03
  1.910000000000000e+01  -2.047538186352738e+05  -1.035865879387789e+05  -1.637031014997954e+05  -1.412299386657033e+05  8.398461435797326e+04  1.858623752404806e+05  -1.754987662856719e-03  2.448680054784773e-03  4.793940202567758e-03
  1.920000000000000e+01  -2.075934722810642e+05  -1.018392194161155e+05  -1.677525757148426e+05  -1.475078477411616e+05  8.587425231847195e+04  1.779426890863776e+05  -1.226566425516395e-04  3.475480321483448e-03  5.545647727014591e-03
  1.930000000000000e+01  -2.122596443756119e+05  -1.004305740331025e+05  -1.629051311578972e+05  -1.537645688016712e+05  8.844893616002443e+04  1.719485315523591e+05  9.977535024850370e-04  3.729057759438979e-03  6.134960985041245e-03
  1.940000000000001e+01  -2.155669609537042e+05  -9.977317861370626e+04  -1.495665398841604e+05  -1.588269900617495e+05  9.124214293999890e+04  1.693020387164558e+05  1.184294099212702e-03  3.244276637961663e-03  6.325629366023340e-03
  1.950000000000001e+01  -2.148526627981227e+05  -9.997786194027845e+04  -1.318099227802977e+05  -1.626558304773876e+05  9.374335359798982e+04  1.691942868906117e+05  1.418631979486475e-04  2.306702089000358e-03  5.920737109583414e-03
  1.960000000000001e+01  -2.094078924748361e+05  -1.011906234072902e+05  -1.153621128228611e+05  -1.655465126232240e+05  9.600412546589032e+04  1.691256279131915e+05  -2.020564664044798e-03  1.301900221645049e-03  4.980721933790694e-03
  1.970000000000001e+01  -2.006946318582440e+05  -1.033731085016487e+05  -1.049509455628886e+05  -1.669157079379933e+05  9.850181553377799e+04  1.667931374239020e+05  -4.639223308684399e-03  5.654511062103229e-04  3.842390388467212e-03
  1.980000000000001e+01  -1.915815129754936e+05  -1.060434578211620e+05  -1.021736868139841e+05  -1.653313917639854e+05  1.014766290156138e+05  1.617282652006387e+05  -6.672016067968757e-03  2.439548920615281e-04  2.929319189322109e-03
  1.990000000000001e+01  -1.849392343110222e+05  -1.083522657154997e+05  -1.053560519778763e+05  -1.599731571269588e+05  1.043807227487977e+05  1.552550120298637e+05  -7.155752419006494e-03  2.433784489433357e-04  2.498081281063793e-03
