TITLE = "Temporal Signal for receiver number 00353"
VARIABLES = "Time","xx","yy","zz","xy","yz","xz","u","v","w"
# x1       3.520946160000e+05
# x2       4.734684950000e+06
# x3       -3.000000000000e+03
  0.000000000000000e+00  0.000000000000000e+00  0.000000000000000e+00  0.000000000000000e+00  0.000000000000000e+00  0.000000000000000e+00  0.000000000000000e+00  0.000000000000000e+00  0.000000000000000e+00  0.000000000000000e+00
  1.000000000000000e-01  0.000000000000000e+00  0.000000000000000e+00  0.000000000000000e+00  0.000000000000000e+00  0.000000000000000e+00  0.000000000000000e+00  0.000000000000000e+00  0.000000000000000e+00  0.000000000000000e+00
  2.000000000000000e-01  0.000000000000000e+00  0.000000000000000e+00  0.000000000000000e+00  0.000000000000000e+00  0.000000000000000e+00  0.000000000000000e+00  0.000000000000000e+00  0.000000000000000e+00  0.000000000000000e+00
  3.000000000000000e-01  0.000000000000000e+00  0.000000000000000e+00  0.000000000000000e+00  0.000000000000000e+00  0.000000000000000e+00  0.000000000000000e+00  0.000000000000000e+00  0.000000000000000e+00  0.000000000000000e+00
  4.000000000000000e-01  -2.265903273586836e-15  6.688530907680399e-16  -5.793991219453387e-16  -2.562655075022640e-15  4.178606455115254e-16  7.396088959194413e-16  -6.173639226100558e-23  -1.371268416100942e-22  5.454047562133269e-23
  5.000000000000000e-01  1.507544947437634e-11  -1.028198723353283e-12  3.398362989364418e-12  1.303512203053381e-12  3.925955724671136e-13  -2.036031182553567e-12  1.036477192288673e-18  -1.093615396759889e-19  -2.091070986642245e-19
  6.000000000000000e-01  -2.108252928088928e-09  -3.301550337560630e-10  -6.157183429553713e-10  4.601163746230247e-10  -6.721917147004480e-11  -2.644199865608740e-11  -2.037105665036395e-16  2.477176026405553e-17  -7.827370817683277e-20
  7.000000000000000e-01  3.547139456031327e-08  1.410912516715869e-08  1.629258588337133e-08  -1.278443799517079e-08  1.893859589060782e-09  -7.818956985343729e-09  3.762576620651325e-15  -6.701615290664027e-16  -1.087321391765775e-15
  7.999999999999999e-01  5.138508010684676e-07  8.318507876261281e-09  2.221661105884396e-07  -1.619899108263117e-07  -7.648059268396371e-09  -1.112149855665834e-07  5.126874617039997e-14  -1.208676381147773e-14  -1.229006925556186e-14
  8.999999999999999e-01  3.314023366141533e-06  -1.034193890512092e-07  1.546851483384828e-06  -7.858632240797354e-07  -3.258891758545560e-07  -9.043060934201817e-07  3.210276670392887e-13  -9.839498113684483e-14  -6.769152060861902e-14
  9.999999999999999e-01  3.808583119817965e-05  1.198484719581062e-05  1.757434834764502e-05  -2.232469647144277e-06  -1.546881566661028e-06  -1.120848111623437e-05  3.520945338654474e-12  -3.384363942099290e-13  -1.098133177773808e-12
  1.100000000000000e+00  7.792046648525006e-05  6.354041314456613e-05  6.325775906705142e-05  -9.520241178121377e-06  -9.367137753244166e-07  -5.445406683531676e-05  8.618841176908749e-12  -2.469108614478229e-12  -6.750228136818186e-12
  1.200000000000000e+00  -5.735779746660177e-04  -1.156869079216730e-04  -8.457452338073427e-05  9.195748927922650e-05  -3.270471075912734e-05  -1.580152022852931e-04  -4.600800515479871e-11  -2.651115998707977e-12  -1.802467182058459e-11
  1.300000000000000e+00  3.119490520600314e-03  3.026142931260932e-04  1.142370078828599e-03  7.311077233050230e-04  -2.925883394305231e-04  -8.528305172785387e-04  2.363425484468742e-10  8.604405284904397e-11  -7.328443229600390e-11
  1.400000000000000e+00  2.952275605887134e-02  1.013481270755549e-02  1.168835627174197e-02  -3.597613936841999e-03  3.790476029501616e-04  -2.252296290366286e-03  2.545095471783368e-09  -1.203660867981009e-10  -3.920442274392837e-10
  1.500000000000000e+00  -2.971281952815413e-02  4.689770917599274e-03  -8.160124337218052e-03  -2.449344198649240e-02  6.533791284427981e-03  9.528985564352754e-03  -2.152680730672982e-09  -2.708108781880084e-09  6.105658328183569e-10
  1.600000000000000e+00  -1.514113923061504e-01  -5.585974465699294e-02  -7.715024979752273e-02  3.639659360151030e-02  -4.661367654645366e-03  1.739577006636760e-02  -1.383511489525953e-08  2.439916578507057e-09  3.546191149667739e-09
  1.700000000000000e+00  6.278932877004705e-01  2.148524495259805e-01  2.657723285977573e-01  -6.248979093703159e-02  1.128671683600070e-02  -8.769848206899558e-02  5.471086292385068e-08  -4.649054503536517e-09  -1.372279006827637e-08
  1.800000000000000e+00  -1.577760885202654e+00  -5.191257846245469e-01  -8.844446472769659e-01  1.246045757127186e-01  6.381615910152898e-02  3.474121684427205e-01  -1.314891433459159e-07  1.097808067761131e-08  5.053426992772951e-08
  1.900000000000001e+00  3.017817386538223e+00  9.179591768046031e-01  2.128708818258910e+00  -1.898538304815136e-01  -8.085463318898173e-02  -1.047637382367821e+00  2.611045736509630e-07  -3.392015450118750e-08  -1.339882253200400e-07
  2.000000000000000e+00  -8.064037230870127e+00  -2.030773004748440e+00  -4.974891362702468e+00  1.326523616434200e+00  -1.066443747272687e-01  2.777844552437221e+00  -5.988287332694934e-07  1.595075462276470e-07  3.445292309699458e-07
  2.100000000000001e+00  -1.099289034711289e+01  -6.527515556206475e+00  -1.148702541321935e+01  -4.144589601915151e-01  -1.210610037536316e+00  6.299785086025023e+00  -1.261798249943141e-06  -6.252951794244434e-08  1.013075642803798e-06
  2.200000000000001e+00  -5.260246175271324e+02  -2.197275058303624e+02  -3.156199336401780e+02  4.640682800910874e+01  -2.603529254393390e+01  1.742761147088471e+02  -4.409427811394293e-05  6.780884092724585e-06  2.484900952391356e-05
  2.300000000000001e+00  -1.762470456534911e+03  -6.654842646497328e+02  -9.064997012500661e+02  1.924719436074951e+02  -8.130691949288344e+01  4.643390572171658e+02  -1.461528806257609e-04  2.528880314111419e-05  6.457299812449666e-05
  2.400000000000001e+00  -2.132615366202328e+03  -6.935383933652163e+02  -9.184545836911152e+02  3.023789713735358e+02  -1.162078844723859e+02  5.110007370413592e+02  -1.763422115437482e-04  3.624124312647368e-05  6.401103838105594e-05
  2.500000000000001e+00  -1.219015636139297e+03  -2.673651733344076e+02  -3.499955390560914e+02  3.414876352108283e+02  -1.389709494270625e+02  4.847942731525365e+02  -1.024557529759040e-04  3.921163736912457e-05  4.770371443606316e-05
  2.600000000000001e+00  -1.759696695509412e+03  -3.679029868759778e+02  -4.627147074741104e+02  4.421845095750315e+02  -2.019645957770954e+02  8.104034689180733e+02  -1.508318454986894e-04  4.931041730867773e-05  7.228852719740616e-05
  2.700000000000001e+00  -3.315515317878709e+03  -8.264236431484142e+02  -1.036468623833049e+03  6.702014437549400e+02  -2.903156828112980e+02  1.155313232340201e+03  -2.824797652220305e-04  7.234389855903410e-05  1.018451552780349e-04
  2.800000000000001e+00  -4.934832158632479e+03  -1.328359949348777e+03  -1.775750208678843e+03  1.026592735025052e+03  -4.249164704251443e+02  1.704339809592466e+03  -4.176219046055849e-04  1.128828443772550e-04  1.705693119480409e-04
  2.900000000000001e+00  -1.203162689313499e+04  -3.831138288736425e+03  -5.472118177523989e+03  1.864534524996752e+03  -8.078181492167638e+02  3.976028120001107e+03  -1.014322995094343e-03  2.157079807598962e-04  4.803729450296772e-04
  3.000000000000001e+00  -3.030684824923199e+04  -1.084396532969982e+04  -1.528606628516909e+04  4.088530752519507e+03  -1.859876489121885e+03  9.754985370780330e+03  -2.555952206939196e-03  4.970123594910547e-04  1.255578535095021e-03
  3.100000000000001e+00  -8.588598892075688e+04  -3.132294225222487e+04  -4.559918126910621e+04  9.846229686338513e+03  -4.804942611163768e+03  2.750623505448535e+04  -7.188283899691100e-03  1.259444272593898e-03  3.641067705976207e-03
  3.200000000000002e+00  -1.773996641063342e+05  -6.445136081927853e+04  -9.559731665158269e+04  2.098341627948006e+04  -1.027649969864048e+04  5.867691211486966e+04  -1.489853841745390e-02  2.644406883772280e-03  7.818778882452795e-03
  3.300000000000002e+00  -2.846718727306421e+05  -9.964999224292614e+04  -1.568182641244303e+05  3.580136118918596e+04  -1.934377511375659e+04  1.050886480525162e+05  -2.401347796742696e-02  4.526880320835341e-03  1.365480916655644e-02
  3.400000000000002e+00  -3.539423379322819e+05  -1.179694814430572e+05  -2.069699197987295e+05  5.123084369705544e+04  -3.054742055776433e+04  1.585904891010238e+05  -3.036988895101593e-02  6.371613271716248e-03  1.989006301114447e-02
  3.500000000000002e+00  -4.027021242924702e+05  -1.235999749158911e+05  -2.428757464080198e+05  6.602845027857248e+04  -4.342777143500424e+04  2.181121451963380e+05  -3.550966774687573e-02  8.144505582973541e-03  2.551308322826843e-02
  3.600000000000002e+00  -3.933624247545465e+05  -1.032976243875085e+05  -2.560855423114483e+05  8.307923095345563e+04  -6.013877649610298e+04  2.792534056741036e+05  -3.654276504029347e-02  1.011478733963610e-02  3.016517719713821e-02
  3.700000000000002e+00  -3.620452056635380e+05  -8.154306217863572e+04  -2.868394239662040e+05  9.902673264966169e+04  -7.590202039828101e+04  3.510316743323216e+05  -3.631291846985488e-02  1.181247435422512e-02  3.659738739924920e-02
  3.800000000000002e+00  -3.968528811162989e+05  -9.276445331061915e+04  -3.837709706367115e+05  1.224721286935739e+05  -9.907448407687392e+04  4.605831881753816e+05  -4.252456858571456e-02  1.472204184975597e-02  4.844579388663486e-02
  3.900000000000002e+00  -3.482022918037134e+05  -6.143953902484856e+04  -4.520780765756516e+05  1.480375228427079e+05  -1.235551738771355e+05  5.676807852992798e+05  -4.229706851684401e-02  1.740014428151470e-02  5.852799233102711e-02
  4.000000000000002e+00  -2.403385160581116e+05  -6.196909120521650e+03  -4.850024889745638e+05  1.625457935151890e+05  -1.250033052149696e+05  6.628372299143421e+05  -3.796501174651895e-02  1.711323730041221e-02  6.515896167610738e-02
  4.100000000000001e+00  -1.391515640403027e+05  6.343646226542489e+04  -4.458017298568577e+05  1.813997598570720e+05  -1.353783957121556e+05  7.201393122271668e+05  -3.479626833211698e-02  1.865076763474599e-02  6.227904639493494e-02
  4.200000000000001e+00  1.621047155578938e+05  2.107827896486392e+05  -3.684157472576615e+05  2.479748255980020e+05  -1.943249593455120e+05  7.568395729745767e+05  -1.541537119916686e-02  2.786007183352492e-02  6.054224690479620e-02
  4.300000000000001e+00  4.977186369906207e+05  3.311870284704844e+05  -3.726188233732563e+05  2.670499588294462e+05  -2.123648087871103e+05  8.295963602202284e+05  7.560168300438507e-03  2.821764017858333e-02  6.721094290563474e-02
  4.400000000000000e+00  4.935367777022877e+05  3.802680744949863e+05  -2.924497868232108e+05  1.621081531486519e+05  -1.428664702940393e+05  8.214126002919095e+05  5.210273599556578e-03  7.698214012019665e-03  5.747220688528366e-02
  4.500000000000000e+00  2.014814135569919e+04  3.733440554988986e+05  1.637338949986478e+04  2.393773328607864e+03  -1.177524772817242e+04  6.586518475212778e+05  -3.433261590130001e-02  -2.397425898457060e-02  1.197728398122527e-02
  4.600000000000000e+00  -8.784885179956158e+05  2.954483948060785e+05  6.707829880952077e+05  -1.437675539976760e+05  1.199053915339170e+05  4.024570665543160e+05  -1.106047686925494e-01  -5.284087306601334e-02  -7.364258230974560e-02
  4.699999999999999e+00  -1.878161000015756e+06  2.165355120797532e+05  1.510072901830029e+06  -2.263925366958900e+05  1.939374342294456e+05  2.189198814589825e+05  -1.969236075725500e-01  -6.715323197250121e-02  -1.674093368847286e-01
  4.799999999999999e+00  -2.445284555633009e+06  1.869935698155877e+05  2.052144847703723e+06  -2.337332950269282e+05  1.939951010522609e+05  2.116872976349283e+05  -2.434379376510397e-01  -6.582906881993979e-02  -2.118126065626925e-01
  4.899999999999999e+00  -2.427319322886528e+06  1.426855492640451e+05  2.055962370196393e+06  -2.605181584891519e+05  1.187190981475712e+05  2.226210671563504e+05  -2.289348269999856e-01  -6.121309145696723e-02  -1.893775607634225e-01
  4.999999999999998e+00  -1.973595214105796e+06  1.090897469926392e+05  1.583999237768649e+06  -2.613162211082824e+05  7.519685399796329e+03  1.316683548463594e+05  -1.661888930718630e-01  -5.077148246564566e-02  -1.279005974320105e-01
  5.099999999999998e+00  -1.279845038553034e+06  1.350810995877557e+05  8.010605940965564e+05  -1.243738826822843e+05  -4.840235735148189e+04  2.841599866091341e+04  -8.256418839858883e-02  -2.963891355211061e-02  -5.641871047255288e-02
  5.199999999999998e+00  -7.131311862219152e+05  1.501620920654519e+05  -2.234729869415320e+03  8.321822930712013e+04  -4.205698203941454e+04  -1.102359778461302e+04  -1.986114450293750e-02  -8.144396841258865e-03  5.180195407810953e-06
  5.299999999999997e+00  -5.606752115630598e+05  1.066736597156996e+05  -4.671960421250370e+05  1.365298601355811e+05  8.064342226719621e+02  7.348261207566329e+02  -2.261046007866166e-03  -6.909439456470775e-03  2.250184198329089e-02
  5.399999999999997e+00  -7.782790827108403e+05  1.937225150017518e+04  -5.819143191079603e+05  5.059467601546636e+04  6.768332718811100e+04  6.334512196199238e+04  -2.075277515931465e-02  -2.023842309520485e-02  1.882467525811037e-02
  5.499999999999996e+00  -1.005594949839916e+06  -1.388901566557745e+04  -4.902904841827672e+05  -5.325070914840524e+04  1.332227467409156e+05  1.676722530311451e+05  -4.076058903138118e-02  -3.241580375825026e-02  9.510638141284779e-03
  5.599999999999996e+00  -1.052623199866319e+06  3.424117194407833e+04  -3.773399770679828e+05  -1.097736687740662e+05  1.746278655770614e+05  2.820243708545317e+05  -4.285566989402950e-02  -3.628519292417724e-02  7.038809378129881e-03
  5.699999999999996e+00  -1.001589525109997e+06  1.241511807962661e+05  -3.207820269347752e+05  -1.133132126388330e+05  2.149451707734354e+05  3.903304451876094e+05  -3.573206702104371e-02  -3.414341703809021e-02  1.109766159140261e-02
  5.799999999999995e+00  -9.554857601638233e+05  2.540040397674011e+05  -1.428561790079027e+05  -8.959086134006009e+04  2.221507578693919e+05  4.231480336364618e+05  -3.228521060587265e-02  -2.842979968128441e-02  1.181767659713904e-02
  5.899999999999995e+00  -9.851819054327551e+05  4.030380744139807e+05  2.433452069641285e+05  -5.425371464315422e+04  1.391153866111391e+05  2.813120684603028e+05  -3.758701629990777e-02  -2.045771061282368e-02  -6.828924999053541e-03
  5.999999999999995e+00  -1.053092972396856e+06  4.945917089709807e+05  6.848314223265187e+05  -2.819116595578208e+04  -2.786250192590160e+04  -1.001480529771937e+04  -4.621732913775680e-02  -1.414127822935415e-02  -4.818876466455635e-02
  6.099999999999994e+00  -1.090157608511240e+06  4.897459370634806e+05  1.010426102681489e+06  -2.089532768442354e+04  -2.107787557605075e+05  -3.029513442235919e+05  -4.745089107629144e-02  -1.025771456550077e-02  -9.944495077719924e-02
  6.199999999999994e+00  -1.096025604804401e+06  4.407471884259284e+05  1.231741416291060e+06  -1.079690967642103e+04  -3.348183554272384e+05  -4.937997204826581e+05  -4.176260218458308e-02  -9.329549676965100e-03  -1.474923389758617e-01
  6.299999999999994e+00  -9.852806949001588e+05  4.442910920493790e+05  1.474510228404836e+06  -2.008651182611976e+04  -3.930234727790200e+05  -6.210393787525889e+05  -2.649397663948187e-02  -1.259188939857305e-02  -1.905982165560357e-01
  6.399999999999993e+00  -9.099665179877565e+05  4.514221661171332e+05  1.696691308568416e+06  -3.271682871907452e+04  -4.260568678731333e+05  -7.835467153869986e+05  -1.389394966481578e-02  -1.352497985875365e-02  -2.349652550065232e-01
  6.499999999999993e+00  -1.013547020007608e+06  4.000722402510020e+05  1.859096281198760e+06  -4.532756912972769e+04  -4.575521667611930e+05  -9.435341461534402e+05  -1.952100496760551e-02  -1.199749546812703e-02  -2.850665403660090e-01
  6.599999999999993e+00  -1.066742343617229e+06  3.462633246759824e+05  2.014140853821598e+06  -5.917194511759428e+04  -4.622902139896493e+05  -1.093682426798333e+06  -2.639814352576693e-02  -1.178832045600811e-02  -3.347836731373131e-01
  6.699999999999992e+00  -1.099237891283971e+06  1.773155623938561e+05  1.903554759572151e+06  -7.210529142700892e+04  -4.756583538156976e+05  -1.284481650023001e+06  -2.338717200463659e-02  -1.203622061121401e-02  -3.591435555093614e-01
  6.799999999999992e+00  -1.310951070629337e+06  -1.882030506366458e+05  1.058944708288551e+06  -1.381898985811081e+05  -4.641121474544421e+05  -1.499626337260191e+06  -2.395627511159493e-02  -2.490847050300045e-02  -3.305841956708327e-01
  6.899999999999991e+00  -1.279298828329121e+06  -3.864772907760839e+05  5.543399194938586e+05  -1.761974386449224e+05  -4.688333957155258e+05  -1.611476861949454e+06  -2.599103990345016e-02  -3.150091119784342e-02  -3.268637469917964e-01
  6.999999999999991e+00  -1.048242132416506e+06  -5.611946297003465e+05  -4.177812335853227e+03  -5.947468070130878e+04  -5.307533283666201e+05  -1.477302323030376e+06  -2.276047024346372e-02  -1.308367445258602e-02  -3.003029320292785e-01
  7.099999999999991e+00  -7.181075546096325e+05  -6.776728737725954e+05  -5.470071819046844e+05  1.234905905037355e+05  -5.948751483509524e+05  -1.218091934415465e+06  -9.778562780720222e-03  7.652685093468890e-03  -2.602245589027449e-01
  7.199999999999990e+00  -3.505662088111010e+05  -6.073476664213594e+05  -8.576226589315063e+05  1.463352756794916e+05  -5.739669847367898e+05  -9.765053498001349e+05  7.402540940626716e-04  2.028566317906883e-03  -2.426858225440779e-01
  7.299999999999990e+00  -3.911722265494357e+04  -4.920168826896303e+05  -1.185944968599382e+06  7.271991767385272e+04  -5.251796587399661e+05  -7.909502526413241e+05  6.138657641296414e-03  -1.932945617687117e-02  -2.064656460356294e-01
  7.399999999999990e+00  1.788598774266647e+05  -3.963129773137088e+05  -1.471132423479680e+06  7.841748745969241e+04  -5.656176128336377e+05  -7.078058075007019e+05  9.923976023331484e-03  -2.658130197194446e-02  -1.478140360800376e-01
  7.499999999999989e+00  1.503057249853341e+05  -4.522347481390372e+05  -1.742381943195287e+06  1.528853111234270e+05  -6.640641525918654e+05  -7.290533781931537e+05  6.770000212763983e-03  -1.512455508968196e-02  -9.372661828015409e-02
  7.599999999999989e+00  4.334194978351902e+04  -5.571447837427369e+05  -1.860591037186087e+06  1.866678180514024e+05  -7.314249984698320e+05  -7.961869675628826e+05  6.767973421655024e-03  -7.589533838835435e-03  -5.709583501996314e-02
  7.699999999999989e+00  3.801650262166687e+03  -6.000567064369472e+05  -2.027963435891747e+06  1.371997164460816e+05  -7.056703108471968e+05  -8.712151386336407e+05  2.259350245175041e-02  -1.724736841045481e-02  -2.038389283078916e-02
  7.799999999999988e+00  -8.658370328489966e+03  -5.991675238482807e+05  -2.120358646499185e+06  -2.763858317987729e+03  -6.602509181612750e+05  -8.760115675053119e+05  3.664594581344661e-02  -3.220096091846416e-02  8.572248914175719e-03
  7.899999999999988e+00  -4.633464355263458e+04  -6.053755952677730e+05  -1.943271265781629e+06  -1.159217191805125e+05  -7.022909738637712e+05  -8.164403267757538e+05  3.787069496114050e-02  -3.325788045257578e-02  9.626493180704174e-03
  7.999999999999988e+00  -7.836016816313483e+04  -6.178318889308744e+05  -1.782680586830382e+06  -1.025898808543054e+05  -7.809782941891419e+05  -7.157636322853026e+05  3.300658629222535e-02  -1.890244287268853e-02  2.588740487126834e-03
  8.099999999999987e+00  -5.686681667866653e+04  -5.945202934478277e+05  -1.713575394418985e+06  -9.746060303971228e+03  -7.789660663476156e+05  -6.014156843900905e+05  2.756123317761789e-02  2.249092008726901e-04  7.420324662788931e-04
  8.199999999999987e+00  -4.862859772214967e+04  -5.562790132676850e+05  -1.705869503851152e+06  7.275180004059899e+04  -7.088570235461137e+05  -5.157125898285899e+05  1.891982091149023e-02  1.225883421480485e-02  4.663573065172055e-03
  8.299999999999986e+00  -1.211543838798744e+05  -5.372030954847669e+05  -1.733287833313528e+06  9.952322665826500e+04  -6.916909568316526e+05  -4.722640832814614e+05  7.763124369078483e-03  1.270618441597326e-02  5.404424993979749e-03
  8.399999999999986e+00  -2.461385286590579e+05  -5.327775947959670e+05  -1.770425057488695e+06  1.076004987058132e+05  -7.623378867633197e+05  -4.620160738315893e+05  -6.916972154484771e-03  4.609430455501749e-03  -7.913846972809098e-03
  8.499999999999986e+00  -3.687179622294033e+05  -5.667579238771891e+05  -1.958242495024057e+06  1.602730963997886e+05  -8.378598393560284e+05  -4.668148598875661e+05  -2.352594285312729e-02  -6.086165183708192e-03  -3.117779667099714e-02
  8.599999999999985e+00  -4.439670137365200e+05  -6.378503442222603e+05  -2.223376782245713e+06  2.586613211426132e+05  -8.594762218248309e+05  -4.441414342025535e+05  -3.341173679343328e-02  -1.345787975606813e-02  -5.280200181929633e-02
  8.699999999999985e+00  -5.128658529370452e+05  -6.933175574619303e+05  -2.483954597246744e+06  3.252227220112995e+05  -8.694958293584108e+05  -3.569770608884605e+05  -3.205166648374699e-02  -1.384235555975090e-02  -8.353773466225528e-02
  8.799999999999985e+00  -5.671069391387006e+05  -7.066365623875181e+05  -2.633677872466053e+06  3.219859847602069e+05  -8.625784292633097e+05  -2.549263107243706e+05  -2.139701400172004e-02  -1.184539105910732e-02  -1.035242315121113e-01
  8.899999999999984e+00  -5.031352413482053e+05  -6.016382902052738e+05  -2.391646353905677e+06  2.655811500153652e+05  -8.132794230580856e+05  -1.993073390347901e+05  -7.672547636279496e-03  -8.058867713002646e-03  -8.294362408376559e-02
  8.999999999999984e+00  -4.601234977770814e+05  -5.545221515925993e+05  -2.031928476213210e+06  1.837638365056273e+05  -7.968685685897954e+05  -1.520195698268008e+05  6.183298764524371e-03  -8.584288907034495e-03  -5.394682678278191e-02
  9.099999999999984e+00  -5.386575009804888e+05  -5.803722404490203e+05  -1.799018711739374e+06  1.504076326724159e+05  -7.876701271263113e+05  -9.405112064300664e+04  2.345675009413928e-02  -6.036114703382875e-03  -1.934322294385440e-02
  9.199999999999983e+00  -6.726702097917666e+05  -5.160329080805313e+05  -1.736705001351170e+06  2.084537989726845e+05  -7.280326607729413e+05  -3.864593740610753e+04  4.219234996048801e-02  1.226556244886873e-02  2.955924465193709e-02
  9.299999999999983e+00  -7.825528927728712e+05  -4.551739903506351e+05  -1.758052687750306e+06  2.765620844167801e+05  -6.708746990787280e+05  3.552022633758814e+04  5.450746455465905e-02  3.400764888708067e-02  7.182934679609866e-02
  9.399999999999983e+00  -8.383744804688819e+05  -5.027993905269476e+05  -1.672552492126781e+06  2.899236653245931e+05  -6.560185589306290e+05  1.205877687038713e+05  5.634091843672867e-02  4.810510098373934e-02  9.504826735838365e-02
  9.499999999999982e+00  -8.586989258258123e+05  -5.713112375650954e+05  -1.433216828653988e+06  2.876156456989247e+05  -6.950890945846863e+05  1.756691693316093e+05  5.227843271119015e-02  5.779350056939163e-02  9.673886731912221e-02
  9.599999999999982e+00  -8.547193543310432e+05  -5.824671974864671e+05  -1.107810376600875e+06  3.105345122055653e+05  -7.521304221740478e+05  1.887527407427102e+05  4.857062771624708e-02  6.168025576564107e-02  8.859039669014639e-02
  9.699999999999982e+00  -8.528285653480557e+05  -5.730733363179956e+05  -7.629117246328359e+05  3.405151117714678e+05  -7.638838186201236e+05  1.723159701169572e+05  4.363559398629875e-02  5.699508556220821e-02  8.499179356135346e-02
  9.799999999999981e+00  -8.845374237819056e+05  -5.622944056531675e+05  -4.412265577627527e+05  3.610259122194403e+05  -7.129588403898965e+05  1.317842706808874e+05  3.586702839324073e-02  5.064279276055157e-02  9.266092707074697e-02
  9.899999999999981e+00  -9.157778315203229e+05  -5.333668059721541e+05  -1.610202400023873e+05  3.814716322139436e+05  -6.148379316720793e+05  8.695474917036208e+04  2.854017364411130e-02  5.034493548271091e-02  1.075870716661134e-01
  9.999999999999980e+00  -8.802207055052049e+05  -4.713086562888775e+05  7.739133691131786e+04  4.008402315423472e+05  -4.984833441188477e+05  7.101815784524361e+04  2.559712126064136e-02  5.580829174844938e-02  1.234049760070670e-01
  1.009999999999998e+01  -7.743816850233480e+05  -3.620253124404999e+05  3.111833872858133e+05  4.083622229769707e+05  -4.058811407461683e+05  8.474832264670818e+04  2.771411451177424e-02  6.401960125742544e-02  1.395392899368712e-01
  1.019999999999998e+01  -6.863432505237842e+05  -2.573815850165764e+05  5.805231329849173e+05  3.933734515974766e+05  -3.618516045561379e+05  1.068805965288839e+05  2.964147427564561e-02  7.053348347446921e-02  1.545929883175145e-01
  1.029999999999998e+01  -6.989102730203705e+05  -2.000446166106192e+05  8.674425088318804e+05  3.474629058764022e+05  -3.623666330970789e+05  1.156048172408884e+05  2.120833597970344e-02  7.215450870817884e-02  1.634624453889982e-01
  1.039999999999998e+01  -8.153575952811342e+05  -1.990932431615379e+05  1.057303011561582e+06  2.853354293020125e+05  -3.795445135571659e+05  8.364174373587893e+04  1.352693844636582e-03  6.710211478481823e-02  1.591120552817447e-01
  1.049999999999998e+01  -9.484788482156837e+05  -2.534492438892115e+05  1.109920892763888e+06  2.378258428759892e+05  -3.871865231948520e+05  -1.131522372922419e+04  -1.662573284379103e-02  5.500146628367095e-02  1.418369746762864e-01
  1.059999999999998e+01  -1.001772558395864e+06  -3.130136812338827e+05  1.099749673099315e+06  2.104225193504459e+05  -3.879161307923391e+05  -1.695025064729718e+05  -2.533100520870075e-02  3.971271629478419e-02  1.216735873028725e-01
  1.069999999999998e+01  -9.562794679048598e+05  -3.208193739629496e+05  1.047402095549630e+06  1.832257965618913e+05  -4.015914885455274e+05  -3.554526643308165e+05  -3.320287015708561e-02  2.467223990980749e-02  1.058080580229923e-01
  1.079999999999998e+01  -8.499250578939213e+05  -2.838817512428128e+05  9.388236026679457e+05  1.575997698722698e+05  -4.244616900016881e+05  -5.073531465588195e+05  -4.699435305389760e-02  1.058894559159192e-02  9.159985995085965e-02
  1.089999999999998e+01  -7.245887532480473e+05  -2.520592617374632e+05  7.847698259530180e+05  1.604869438283347e+05  -4.302688642973998e+05  -5.799315749433208e+05  -5.905410129004986e-02  -1.118716053172116e-03  7.281520096169519e-02
  1.099999999999998e+01  -6.108000485570600e+05  -2.416062881895540e+05  5.953830380536579e+05  1.912274469341896e+05  -4.121084774063142e+05  -5.825225868613255e+05  -6.061513194812562e-02  -8.347978711994416e-03  4.880766449336064e-02
  1.109999999999998e+01  -5.255680056619440e+05  -2.166722236939439e+05  4.069911686126385e+05  2.132172680976935e+05  -3.946207254082643e+05  -5.644941624348506e+05  -5.459214625746736e-02  -1.253284287646076e-02  2.707829540974766e-02
  1.119999999999998e+01  -4.720895639029259e+05  -1.592225121213670e+05  2.839855712989822e+05  2.042047314494247e+05  -4.048786813539644e+05  -5.558013933044081e+05  -4.687968943448210e-02  -1.871337877023958e-02  1.617836188382848e-02
  1.129999999999998e+01  -4.596137727453220e+05  -1.141850367146547e+05  2.351488667396826e+05  1.729432164773427e+05  -4.467247779214054e+05  -5.524672586054036e+05  -3.655689122396886e-02  -2.886590619740703e-02  1.507346273609020e-02
  1.139999999999998e+01  -4.909013640101019e+05  -1.120386819516106e+05  2.226425151007514e+05  1.316765891898819e+05  -5.019222975377943e+05  -5.539128297032255e+05  -2.078290442753082e-02  -3.692248393493068e-02  1.710419200497222e-02
  1.149999999999998e+01  -5.475816786017416e+05  -1.339775993954780e+05  2.076831434265451e+05  8.822862673943861e+04  -5.395096039219894e+05  -5.737889684057414e+05  -2.877636669374465e-03  -3.627483097816500e-02  1.741232757164392e-02
  1.159999999999997e+01  -6.004755869651537e+05  -1.883587048031915e+05  1.586082445124378e+05  5.660081576349469e+04  -5.353254966628597e+05  -6.096094436998555e+05  9.390577330617966e-03  -3.106619414783880e-02  1.290334903635109e-02
  1.169999999999997e+01  -6.272187740895119e+05  -2.898277718578697e+05  7.541840581485002e+04  4.363076061031609e+04  -5.020913626375505e+05  -6.429041159196165e+05  1.156929803115047e-02  -3.126966349937965e-02  5.653680783087838e-03
  1.179999999999997e+01  -6.240425049923473e+05  -3.923317437865888e+05  -3.813237850303250e+04  2.999555710136994e+04  -4.833579384840719e+05  -6.672822944534916e+05  6.699793390982531e-03  -3.913667993479827e-02  1.336786327307131e-03
  1.189999999999997e+01  -5.925304411792418e+05  -4.478100836824528e+05  -1.642025651228370e+05  -7.894657357330153e+03  -5.037642420354270e+05  -6.810316322995421e+05  1.101480506311190e-03  -4.823530246796320e-02  1.087921999180613e-04
  1.199999999999997e+01  -5.417428455626718e+05  -4.625452055765579e+05  -2.442935115571169e+05  -5.874195015569017e+04  -5.446109220334816e+05  -6.760279472500014e+05  -1.127718312600640e-03  -5.236939771014128e-02  -3.895693712503054e-03
  1.209999999999997e+01  -5.054167614652479e+05  -4.440661857487085e+05  -2.659291866294249e+05  -8.585346184500701e+04  -5.722670733891282e+05  -6.537399971529981e+05  6.642275747687417e-04  -4.909097954397056e-02  -1.286175684829351e-02
  1.219999999999997e+01  -5.027059152387037e+05  -3.725774993039005e+05  -2.820948661969614e+05  -7.932376731730171e+04  -5.721738209491585e+05  -6.255077367230055e+05  4.522176656627429e-03  -3.857540423053474e-02  -2.147302355751812e-02
  1.229999999999997e+01  -5.141231499470337e+05  -2.595240140449529e+05  -3.274727620719315e+05  -6.451966673653019e+04  -5.586762338762723e+05  -5.976371832201087e+05  8.049784307946629e-03  -2.406899408583407e-02  -2.508561210293962e-02
  1.239999999999997e+01  -5.261226452795995e+05  -1.684824214232898e+05  -3.944485318273340e+05  -5.990151716190654e+04  -5.574078026967645e+05  -5.768460737419975e+05  1.053240431315021e-02  -1.175439308465012e-02  -2.561768656449302e-02
  1.249999999999997e+01  -5.454806864060586e+05  -1.441009414601890e+05  -4.549469054941942e+05  -6.080531519101682e+04  -5.741744904838045e+05  -5.698129869981643e+05  1.124600348196039e-02  -5.940728462647028e-03  -2.559548320822731e-02
  1.259999999999997e+01  -5.711844955358395e+05  -1.659296872216589e+05  -4.951681074766440e+05  -5.883125127875546e+04  -5.921589261230807e+05  -5.692066175842793e+05  8.618065372320247e-03  -4.915480536938495e-03  -2.354181777783928e-02
  1.269999999999997e+01  -5.874843094247034e+05  -1.873549288538718e+05  -5.273166527290310e+05  -5.200209063639336e+04  -6.039802905397294e+05  -5.661068442355631e+05  3.983055796960342e-03  -4.222640848580615e-03  -1.968933534750882e-02
  1.279999999999997e+01  -5.853085725824648e+05  -1.913960170790454e+05  -5.562612313175306e+05  -3.837654024364889e+04  -6.216061063672598e+05  -5.650193584108963e+05  1.402818225171261e-03  -2.220734612595926e-03  -1.794361624727187e-02
  1.289999999999997e+01  -5.745530458281864e+05  -1.937643107736367e+05  -5.734871679869638e+05  -1.657313305505395e+04  -6.477957038659048e+05  -5.698667577284849e+05  2.433910534055913e-03  -3.285852889414312e-04  -1.978892534437771e-02
  1.299999999999997e+01  -5.702112617665842e+05  -2.031575481641837e+05  -5.805505903581043e+05  8.540865736501504e+03  -6.655759987521187e+05  -5.715405722311289e+05  4.852126069951234e-03  7.058138734253557e-04  -2.199520379401377e-02
  1.309999999999997e+01  -5.732660505991061e+05  -2.063467388216836e+05  -5.896770591284408e+05  2.814008723551034e+04  -6.642612859344188e+05  -5.560748263257196e+05  6.590856803887219e-03  1.648851815247316e-03  -2.108781071597372e-02
  1.319999999999997e+01  -5.776999155852798e+05  -1.993429247716985e+05  -6.091806427203272e+05  3.700101685341589e+04  -6.544861732282965e+05  -5.182196184281491e+05  7.825139824705689e-03  1.939704449307950e-03  -1.798678497731608e-02
  1.329999999999997e+01  -5.873488755651410e+05  -1.999538379635103e+05  -6.326137796156588e+05  3.897765457541851e+04  -6.513383114010767e+05  -4.664808236790123e+05  8.980435341547795e-03  -1.913740000379310e-04  -1.642740661661167e-02
  1.339999999999997e+01  -6.051971083100225e+05  -2.159778368912605e+05  -6.430844106140668e+05  4.234876297116075e+04  -6.556410094630776e+05  -4.187155115331183e+05  9.656696331347208e-03  -4.175834807362222e-03  -1.766491714707504e-02
  1.349999999999997e+01  -6.248752612444287e+05  -2.319503292501151e+05  -6.344833621636212e+05  4.946093802817879e+04  -6.556533635820708e+05  -3.903537418153053e+05  9.400680026953866e-03  -6.790457351602619e-03  -1.913949825316640e-02
  1.359999999999997e+01  -6.386025076877179e+05  -2.322478632491560e+05  -6.169614171726968e+05  5.690691346254443e+04  -6.423875478283622e+05  -3.823227542630429e+05  8.520180456881356e-03  -5.788307250936951e-03  -1.797573268488795e-02
  1.369999999999997e+01  -6.401374206005384e+05  -2.169378164168103e+05  -5.977411980300469e+05  6.446518218721358e+04  -6.209740313812516e+05  -3.807116904808700e+05  8.114324901666248e-03  -2.002901522616987e-03  -1.385901116639281e-02
  1.379999999999997e+01  -6.310973927217198e+05  -1.978552495032855e+05  -5.737593962028245e+05  7.518509550398124e+04  -6.044194757134789e+05  -3.708961858525435e+05  8.528492376409196e-03  2.129865993956435e-03  -8.747532074434279e-03
  1.389999999999997e+01  -6.237032481315610e+05  -1.853572234624809e+05  -5.414216470141391e+05  8.743376754328552e+04  -5.990764918144110e+05  -3.532172931795825e+05  8.729325961022161e-03  4.963423888442424e-03  -4.892009167554653e-03
  1.399999999999997e+01  -6.297847353994659e+05  -1.799164315863898e+05  -5.016043490749713e+05  9.290064871162790e+04  -6.014954803755825e+05  -3.423074235150247e+05  7.832735808135542e-03  6.118174873060722e-03  -2.953314728335549e-03
  1.409999999999997e+01  -6.500043103432433e+05  -1.795298011200459e+05  -4.608852614173366e+05  8.414737067178308e+04  -6.047584906659053e+05  -3.499840515590827e+05  6.211058774865460e-03  5.657250295907906e-03  -1.786685296649576e-03
  1.419999999999997e+01  -6.739967839431841e+05  -1.870123288598107e+05  -4.299823913656041e+05  6.516552881339527e+04  -6.041159069159671e+05  -3.706236410400085e+05  4.909857508235006e-03  4.206595446227617e-03  5.320465793847193e-05
  1.429999999999997e+01  -6.897508203889917e+05  -2.026482864833356e+05  -4.147922177929331e+05  5.257180404460101e+04  -5.997991500496556e+05  -3.860027798943126e+05  4.361800009218809e-03  3.097989887935888e-03  2.603247232806534e-03
  1.439999999999996e+01  -6.959865914262343e+05  -2.182345366810636e+05  -4.095726847899846e+05  6.103776253799444e+04  -5.966280947146491e+05  -3.849987858179521e+05  3.611442329869100e-03  3.345969951685733e-03  4.203685564354292e-03
  1.449999999999996e+01  -7.027932840702697e+05  -2.243722492110210e+05  -3.986098189692117e+05  8.667248071238156e+04  -5.998236882661246e+05  -3.755640144274862e+05  1.161139049282624e-03  4.746081022195332e-03  3.575880779300180e-03
  1.459999999999996e+01  -7.152707691833529e+05  -2.195128588442994e+05  -3.656178020036124e+05  1.088973087490638e+05  -6.095136723375585e+05  -3.765967964920436e+05  -3.112650964410968e-03  6.058301627685077e-03  1.692518130352906e-03
  1.469999999999996e+01  -7.242725328483321e+05  -2.113470450134832e+05  -3.087741240788063e+05  1.104890395500396e+05  -6.194621098942180e+05  -3.991984734376677e+05  -7.658610301337450e-03  5.899660617784400e-03  6.397118565298782e-04
  1.479999999999996e+01  -7.170814004240150e+05  -2.097028225202712e+05  -2.462431130650056e+05  9.331746975800191e+04  -6.226714931032059e+05  -4.358511565474106e+05  -1.092469487495426e-02  3.644667429655709e-03  1.377794563398967e-03
  1.489999999999996e+01  -6.927057570959991e+05  -2.192601854542418e+05  -2.039091059336350e+05  7.463210933926664e+04  -6.180709892654775e+05  -4.681786122328162e+05  -1.255186437895060e-02  -4.713393464199631e-05  3.007894327002732e-03
  1.499999999999996e+01  -6.644758811154303e+05  -2.383406109392474e+05  -1.944949960995741e+05  7.036346253179631e+04  -6.104464419104382e+05  -4.837782099902668e+05  -1.297017869353374e-02  -3.291097639199772e-03  3.913904831741908e-03
  1.509999999999996e+01  -6.475944365827243e+05  -2.590568833589381e+05  -2.065708065483839e+05  8.155174494857290e+04  -6.049800579763673e+05  -4.842090242232906e+05  -1.245599526377584e-02  -4.023038997482426e-03  3.576456935967605e-03
  1.519999999999996e+01  -6.490787287408776e+05  -2.711002993488806e+05  -2.178791758915068e+05  9.480673609589750e+04  -6.046378219664028e+05  -4.796017768552030e+05  -1.095313742778753e-02  -1.690950326206693e-03  2.666661180816635e-03
  1.529999999999996e+01  -6.668253051223730e+05  -2.713490517318792e+05  -2.178451779356113e+05  9.501182097607895e+04  -6.112346197098766e+05  -4.782154700241299e+05  -8.573446461242348e-03  2.084932732813194e-03  1.674182959378071e-03
  1.539999999999996e+01  -6.892467395092044e+05  -2.686574145270627e+05  -2.119373926155680e+05  7.879790077428446e+04  -6.237713982659882e+05  -4.804350908654588e+05  -5.842823373781611e-03  4.843320910327870e-03  6.175400063085794e-04
  1.549999999999996e+01  -7.008790635590710e+05  -2.775300081456068e+05  -2.101059703267062e+05  5.664314135158696e+04  -6.359814215140413e+05  -4.815805851816679e+05  -3.414608380246040e-03  5.177684663820774e-03  -3.286014405638158e-04
  1.559999999999996e+01  -6.946760205507533e+05  -3.050879528959674e+05  -2.165516051664841e+05  4.242868345884264e+04  -6.404564636141451e+05  -4.789489097472648e+05  -1.548729679883419e-03  3.416447671327096e-03  -8.893215802883900e-04
  1.569999999999996e+01  -6.772917282636616e+05  -3.421077745508094e+05  -2.264446894449538e+05  4.111755243446874e+04  -6.358452451849970e+05  -4.747977568807480e+05  -7.637612520479787e-05  9.002474004013421e-04  -1.191319351594024e-03
  1.579999999999996e+01  -6.632094482159296e+05  -3.690652199835063e+05  -2.319366993881470e+05  4.596636631935003e+04  -6.273651483249842e+05  -4.732546735325865e+05  9.995801080184563e-04  -9.654612353375637e-04  -1.732906313305157e-03
  1.589999999999996e+01  -6.626093735128478e+05  -3.724076910380028e+05  -2.333603436728288e+05  4.736955141853424e+04  -6.202253766267792e+05  -4.756687108446535e+05  1.401317844461317e-03  -1.037104443732884e-03  -2.793856195082431e-03
  1.599999999999996e+01  -6.736582909884230e+05  -3.552579641401371e+05  -2.410727732698504e+05  4.320350669172296e+04  -6.148544596209467e+05  -4.791265662972686e+05  1.260743903699796e-03  1.178214143301521e-03  -4.146002263172992e-03
  1.609999999999996e+01  -6.875941118927869e+05  -3.337107648365636e+05  -2.639670952677937e+05  3.923891040502229e+04  -6.084564242019205e+05  -4.789601631009568e+05  1.272110352377304e-03  4.798802577231394e-03  -5.383724051980289e-03
  1.619999999999996e+01  -6.981395994147849e+05  -3.220275864258070e+05  -2.973095450654517e+05  4.084147915437682e+04  -5.993171683997464e+05  -4.725425689031951e+05  1.837843856818205e-03  7.781158371563636e-03  -6.256935076208759e-03
  1.629999999999996e+01  -7.043079763154566e+05  -3.207490568657620e+05  -3.255122649957419e+05  4.710775107489385e+04  -5.892899238765297e+05  -4.614160906075122e+05  2.561568130118522e-03  8.510889783527155e-03  -6.705251275821131e-03
  1.639999999999996e+01  -7.064157272499881e+05  -3.194425922933289e+05  -3.382875642496276e+05  5.364095732035926e+04  -5.821109854900641e+05  -4.504925431525954e+05  2.885651820811888e-03  7.161041191386062e-03  -6.932106653228171e-03
  1.649999999999996e+01  -7.025813076873776e+05  -3.103568049955645e+05  -3.407544811464879e+05  5.853799617238250e+04  -5.794084190905824e+05  -4.440212217589862e+05  2.883882886652748e-03  5.209122014199272e-03  -7.303526060119176e-03
  1.659999999999997e+01  -6.913058494193368e+05  -2.976160719823830e+05  -3.467724565695468e+05  6.357055699912972e+04  -5.789302258920291e+05  -4.413917027925610e+05  3.119702884153178e-03  3.714253973380344e-03  -7.864643716978426e-03
  1.669999999999997e+01  -6.766906220740689e+05  -2.919096721025110e+05  -3.653139398413069e+05  7.028831604817515e+04  -5.770359333196230e+05  -4.383523491784696e+05  3.815787994401594e-03  2.489368786257885e-03  -8.210911992680599e-03
  1.679999999999997e+01  -6.679906078077963e+05  -2.977246315400371e+05  -3.935310080760553e+05  7.705631761731845e+04  -5.724212061726226e+05  -4.329680027440451e+05  4.511382516187662e-03  9.813810661013162e-04  -7.962975326387170e-03
  1.689999999999997e+01  -6.716944378206948e+05  -3.081743138827564e+05  -4.205572591491493e+05  8.069934082956606e+04  -5.666103156908305e+05  -4.283460230384780e+05  4.613177263404093e-03  -6.081716944660025e-04  -7.204130671574558e-03
  1.699999999999997e+01  -6.851624392466039e+05  -3.126349672771330e+05  -4.373344248830986e+05  7.990610136563014e+04  -5.612117335995071e+05  -4.281390962767391e+05  4.032987672859405e-03  -1.440937132828160e-03  -6.411542185054971e-03
  1.709999999999997e+01  -6.994532333942697e+05  -3.070833431070587e+05  -4.432023879312874e+05  7.634515534786762e+04  -5.561848885098294e+05  -4.313003346549385e+05  3.189603224922258e-03  -1.084611726789957e-03  -5.987550843539154e-03
  1.719999999999997e+01  -7.071558530409925e+05  -2.965974497689205e+05  -4.442204248686737e+05  7.302217503545119e+04  -5.511996399805368e+05  -4.328146677792540e+05  2.460086791531484e-03  -1.473089544949878e-04  -5.892509694900804e-03
  1.729999999999998e+01  -7.074170705308178e+05  -2.893737115179665e+05  -4.467710232038064e+05  7.212801445213963e+04  -5.479089376455507e+05  -4.293826674930971e+05  1.811723084934378e-03  2.144164366693571e-04  -5.761115589673977e-03
  1.739999999999998e+01  -7.036090136472549e+05  -2.893494535747460e+05  -4.524578339403822e+05  7.406883323572182e+04  -5.490132025083281e+05  -4.230118704240574e+05  1.052275430442264e-03  -6.460148635986492e-04  -5.192086715409603e-03
  1.749999999999998e+01  -6.980638627365583e+05  -2.936289797027251e+05  -4.585565298703557e+05  7.783113302304158e+04  -5.549213994570395e+05  -4.191409450925319e+05  3.200896610648420e-04  -2.275199639969293e-03  -3.955063223768809e-03
  1.759999999999998e+01  -6.906139462212056e+05  -2.962272286785399e+05  -4.626882026123327e+05  8.165643129835400e+04  -5.624188627439648e+05  -4.214965733161572e+05  1.947868627287362e-04  -3.478818594197752e-03  -2.167656254753852e-03
  1.769999999999998e+01  -6.806595718253026e+05  -2.940947538243342e+05  -4.648953052764600e+05  8.349853266174311e+04  -5.671044971774077e+05  -4.281569365651087e+05  1.212501103255768e-03  -3.316305659721546e-03  -3.288496026560820e-04
  1.779999999999998e+01  -6.688486405657806e+05  -2.894349459217020e+05  -4.648469526492144e+05  8.159356738515376e+04  -5.670495688414880e+05  -4.327181405758389e+05  3.256810767417842e-03  -1.858899255635734e-03  9.809296360931562e-04
  1.789999999999998e+01  -6.576329776358017e+05  -2.866058708178521e+05  -4.596807825463954e+05  7.543084659487275e+04  -5.643315736796038e+05  -4.299629003692400e+05  5.397912330455714e-03  -7.092547580452408e-05  1.513383629779875e-03
  1.799999999999999e+01  -6.513395108126999e+05  -2.876493245931932e+05  -4.467302330126301e+05  6.669616595215134e+04  -5.633380822589088e+05  -4.205376976695780e+05  6.356536921548170e-03  9.470507380800575e-04  1.432130049345994e-03
  1.809999999999999e+01  -6.544200839947294e+05  -2.905712485995381e+05  -4.273559170906611e+05  5.897605223729633e+04  -5.674815322455829e+05  -4.100795162837801e+05  5.417743415478861e-03  6.759546268174759e-04  1.064258411534376e-03
  1.819999999999999e+01  -6.672117536478558e+05  -2.912072304136962e+05  -4.064066931241901e+05  5.582803777272736e+04  -5.766426929354888e+05  -4.042428051394878e+05  3.039761940932024e-03  -5.986422306824127e-04  6.694900369181074e-04
  1.829999999999999e+01  -6.835924964343387e+05  -2.872809912512001e+05  -3.892266987972294e+05  5.855910635059547e+04  -5.871696200905707e+05  -4.050056824378608e+05  5.107589474926355e-04  -2.092840861010052e-03  3.914126694233475e-04
  1.839999999999999e+01  -6.943419308110949e+05  -2.805104734272604e+05  -3.798785200101270e+05  6.542464157886049e+04  -5.946073963492593e+05  -4.107698369628981e+05  -1.003869624364335e-03  -2.993187437273231e-03  3.487818620210327e-04
  1.849999999999999e+01  -6.937327154657992e+05  -2.748282818932455e+05  -3.797501738902046e+05  7.275657429444429e+04  -5.965777139700992e+05  -4.182672876856840e+05  -1.256537659502627e-03  -2.798457565155046e-03  6.709011922350832e-04
  1.859999999999999e+01  -6.836361212765442e+05  -2.733544614784761e+05  -3.861040108852362e+05  7.710285988788288e+04  -5.933995755649045e+05  -4.240582195420317e+05  -9.362050848754522e-04  -1.478852625776729e-03  1.380904885909208e-03
  1.870000000000000e+01  -6.716674549729031e+05  -2.770738915416102e+05  -3.923671888852408e+05  7.672807957825284e+04  -5.871402314543998e+05  -4.256616268775729e+05  -9.685933992085694e-04  4.755808613882693e-04  2.268264091430855e-03
  1.880000000000000e+01  -6.650910820177115e+05  -2.851398088037809e+05  -3.910473926582566e+05  7.173751618160853e+04  -5.805039194340524e+05  -4.227197641438232e+05  -1.757741060269193e-03  2.140694969542024e-03  2.985708877689574e-03
  1.890000000000000e+01  -6.660213296391731e+05  -2.947325047437715e+05  -3.783553144798198e+05  6.329694445081518e+04  -5.759968808625239e+05  -4.174270537418970e+05  -2.965145689151441e-03  2.603857253501937e-03  3.357006534935929e-03
  1.900000000000000e+01  -6.717262681521958e+05  -3.014219377665672e+05  -3.574186420980685e+05  5.307539129908552e+04  -5.752042911118529e+05  -4.133896452906380e+05  -3.920470034255937e-03  1.563191966992456e-03  3.498594053863885e-03
  1.910000000000000e+01  -6.780374546342421e+05  -3.013458550490533e+05  -3.366951397332360e+05  4.362935365956057e+04  -5.781487728695479e+05  -4.133356839531527e+05  -4.167368530899816e-03  -4.406314542926661e-04  3.633738142668705e-03
  1.920000000000000e+01  -6.820527551090972e+05  -2.935917103743333e+05  -3.245148434854195e+05  3.842280009092332e+04  -5.832926279586657e+05  -4.174805867200402e+05  -3.665822637377080e-03  -2.368419253228110e-03  3.835037070391689e-03
  1.930000000000000e+01  -6.827697219363869e+05  -2.809822920709461e+05  -3.238113857690560e+05  4.013519615358426e+04  -5.883933742426364e+05  -4.236777367977535e+05  -2.680530040900717e-03  -3.373543587500745e-03  3.982215100892946e-03
  1.940000000000001e+01  -6.805846822791878e+05  -2.684934033752327e+05  -3.305307107590562e+05  4.826999035337299e+04  -5.915957845942929e+05  -4.289283616143768e+05  -1.631072022299247e-03  -3.263393370022020e-03  4.002210548901452e-03
  1.950000000000001e+01  -6.770859220711573e+05  -2.607954801524145e+05  -3.366367378453953e+05  5.855140633083367e+04  -5.920956745196129e+05  -4.312834088679395e+05  -1.021121496377418e-03  -2.476401071445966e-03  4.005975075755105e-03
  1.960000000000001e+01  -6.749156341180559e+05  -2.605569307347605e+05  -3.354632923799035e+05  6.527473247562491e+04  -5.903683366151133e+05  -4.308771827731705e+05  -1.292541503593209e-03  -1.752245147245950e-03  4.120841439047836e-03
  1.970000000000001e+01  -6.765888577410360e+05  -2.671828496073495e+05  -3.253616558316305e+05  6.506118036853128e+04  -5.884393061356590e+05  -4.296475669227614e+05  -2.489316485888856e-03  -1.661673730840103e-03  4.263363920326394e-03
  1.980000000000001e+01  -6.824889134699627e+05  -2.769575375261583e+05  -3.096341358900818e+05  5.910962818783503e+04  -5.894786521901510e+05  -4.303629704188218e+05  -4.008704771776370e-03  -2.237284806044070e-03  4.134536673222873e-03
  1.990000000000001e+01  -6.901519233753046e+05  -2.854595361684461e+05  -2.941575239211928e+05  5.217037473929025e+04  -5.956927926016785e+05  -4.354046678519975e+05  -4.858193325800919e-03  -2.954115182279502e-03  3.454146766568866e-03
