TITLE = "Temporal Signal for receiver number 00891"
VARIABLES = "Time","xx","yy","zz","xy","yz","xz","u","v","w"
# x1       3.570946160000e+05
# x2       4.740684950000e+06
# x3       -3.000000000000e+03
  0.000000000000000e+00  0.000000000000000e+00  0.000000000000000e+00  0.000000000000000e+00  0.000000000000000e+00  0.000000000000000e+00  0.000000000000000e+00  0.000000000000000e+00  0.000000000000000e+00  0.000000000000000e+00
  1.000000000000000e-01  0.000000000000000e+00  0.000000000000000e+00  0.000000000000000e+00  0.000000000000000e+00  0.000000000000000e+00  0.000000000000000e+00  0.000000000000000e+00  0.000000000000000e+00  0.000000000000000e+00
  2.000000000000000e-01  0.000000000000000e+00  0.000000000000000e+00  0.000000000000000e+00  0.000000000000000e+00  0.000000000000000e+00  0.000000000000000e+00  0.000000000000000e+00  0.000000000000000e+00  0.000000000000000e+00
  3.000000000000000e-01  -5.268938167986306e-20  -9.437807829241277e-20  -3.055976398578309e-20  3.295564578207137e-20  -2.727226076965796e-20  9.450679184499651e-21  -4.572731913082099e-27  7.754967888138365e-27  4.283572122739928e-27
  4.000000000000000e-01  3.358336939561143e-13  6.739888955122476e-13  8.082721517262675e-13  3.039500578077017e-13  7.178662991807010e-13  -3.186923464802134e-13  -1.805738192608129e-20  -1.000635777664158e-19  -1.547254900531281e-19
  5.000000000000000e-01  -1.558637099001544e-09  -2.836676790514150e-09  -1.372288949603375e-09  8.991971964247997e-10  -4.802860943350770e-10  4.443808001004652e-10  -1.222826099795971e-16  2.449932905732998e-16  1.148212099823199e-16
  6.000000000000000e-01  1.855617068858958e-07  2.431238713857160e-07  1.367531430428142e-07  -9.883253682709052e-08  -2.047275517715467e-08  -1.740647673737326e-08  1.529488948582903e-14  -2.258328658573529e-14  -6.009449893034066e-16
  7.000000000000000e-01  1.917248713195734e-06  5.374392954960429e-06  1.802593323422652e-06  -1.465005297592131e-06  1.145518724049375e-06  -5.575522879855219e-07  1.855581030124786e-13  -3.824026719716019e-13  -1.410678801392044e-13
  7.999999999999999e-01  -3.013564994755896e-06  4.947546780850321e-06  -5.590628352124777e-06  4.829381637269404e-08  1.541943917302230e-06  3.037632107987520e-06  5.845546351050408e-14  8.464918249864287e-13  6.066018966642136e-13
  8.999999999999999e-01  -3.786961141730283e-06  -3.378084971470825e-05  -3.531650574436153e-05  1.138169574551504e-05  -5.490774066432014e-05  4.538464106649104e-05  -1.160182464663992e-13  1.046934356824585e-11  1.194054826286694e-11
  9.999999999999999e-01  4.542191049727689e-04  6.994571131695180e-04  2.051904751048694e-04  -7.462601226735579e-05  -2.625018473464246e-04  1.468495660771316e-04  2.145060098420918e-11  -2.117055145186820e-11  5.224526320668849e-11
  1.100000000000000e+00  2.044565046760823e-03  3.788046976992706e-03  9.935079301222011e-04  -7.475370932855210e-04  1.442312446588641e-04  -2.143925828318336e-04  8.614051225160573e-11  -2.336612391022806e-10  3.516136949687888e-11
  1.200000000000000e+00  -5.025126742007618e-03  -1.333140685019330e-02  -8.041274821504681e-03  -4.088037343784745e-04  5.502958393470419e-03  -2.204327710233837e-03  -1.638729677551071e-10  9.074593928538641e-10  -6.988439963120769e-10
  1.300000000000000e+00  -2.956293491419290e-02  -7.311597818220417e-02  -3.415502599861187e-02  9.591162500660269e-03  5.855326094107630e-03  3.871691227633290e-04  -5.217482999442641e-10  5.654978466465516e-09  -9.361086078787009e-10
  1.400000000000000e+00  8.774538684650725e-02  1.867963280011528e-01  1.075070792806248e-01  -9.260113577202448e-03  -1.087671464253434e-02  -6.280574190994777e-03  5.319236159287819e-09  -1.375936443055219e-08  1.392742831553704e-09
  1.500000000000000e+00  1.782404484547289e-01  3.615916513551863e-01  2.767612765353830e-01  -1.438699830004770e-01  8.980888612926576e-02  -8.482863440392485e-02  1.051507495190618e-08  -3.467198205789363e-08  -1.932909301366697e-08
  1.600000000000000e+00  -7.799001334580045e-01  -1.350839773416693e+00  -9.190461648621278e-01  3.939286592977904e-01  -2.975435159040919e-01  2.349127422398349e-01  -5.829888794578024e-08  1.236896851749125e-07  3.732981982072429e-08
  1.700000000000000e+00  1.390318779253508e+00  2.098167992908893e+00  1.237326945552024e+00  -6.565496157320950e-01  2.835184171435574e-01  -2.804842436554197e-01  1.062185718105388e-07  -1.879569798047598e-07  -2.330178662003309e-08
  1.800000000000000e+00  -2.319978738454961e+00  -3.785017594207357e+00  -1.352237555888941e+00  1.098472251650888e+00  -1.619487261251696e-01  1.024815275982237e-01  -1.569809624320847e-07  2.778855213400804e-07  5.394615376863740e-08
  1.900000000000001e+00  2.300525147235446e+01  2.941023802518997e+01  2.096007568110852e+01  -1.083363004235186e+01  8.544228434035151e+00  -6.068529724851815e+00  1.859363174823328e-06  -2.546754764722288e-06  -1.574320013332815e-06
  2.000000000000000e+00  4.231772143368285e+01  1.663365155816237e+01  3.101692021649919e+01  -2.113255274232063e+01  1.141521106861242e+01  -2.024213842310190e+01  4.306247571243844e-06  -1.539524725860073e-06  -3.069359881233605e-06
  2.100000000000001e+00  3.825799890569483e+01  -1.055629727936067e+02  -1.689339957244472e+01  -1.760811766200495e+01  -3.746988575220964e+01  -1.841901629077726e+01  5.997026895102102e-06  8.530543500877194e-06  2.944822708292317e-06
  2.200000000000001e+00  5.696250894496769e+01  -1.991396569786822e+02  -5.474511215565651e+01  -4.507907590029239e+01  -9.118328584652146e+01  -1.085098871116561e+01  1.008023110327280e-05  1.461791569590697e-05  8.787204926371285e-06
  2.300000000000001e+00  9.310784386638409e+01  -1.794676627176272e+02  -3.847883637589982e+01  -8.533618042495164e+01  -1.272682661314046e+02  -1.388410990868532e+01  1.414707981223344e-05  1.165017377192814e-05  1.210772941020815e-05
  2.400000000000001e+00  2.815078894599817e+01  -3.578755649749713e+02  -7.551490741272472e+01  -7.887223643855208e+01  -1.934430728567384e+02  -1.508607275531282e+01  1.057186043360538e-05  2.548186623876082e-05  1.498241911952776e-05
  2.500000000000001e+00  1.090039630688380e+02  -4.484355580834110e+02  -1.479872567810126e+01  -1.435639986536716e+02  -2.750969341794730e+02  -3.058117399604885e+01  2.038208444778713e-05  3.139669524184527e-05  1.485350486724861e-05
  2.600000000000001e+00  4.033181926108801e+02  -3.152066415293320e+02  1.939375376713534e+02  -3.586621381722863e+02  -3.254595234586088e+02  -9.149299545664722e+01  5.024783405253829e-05  1.476767836342374e-05  9.294290971805792e-06
  2.700000000000001e+00  1.534942891179076e+02  -1.339016970320210e+03  -2.258213281213353e+01  -2.555372341273541e+02  -5.925128295925761e+02  -1.351949132456450e+02  4.164111549366369e-05  9.918743295748362e-05  2.227068387757092e-05
  2.800000000000001e+00  7.990768300568951e+01  -3.494873398427614e+03  -8.807531362996056e+02  -2.438346510092418e+02  -1.569243957659889e+03  -4.519221371284731e+01  6.805768082195321e-05  2.819830970668674e-04  1.271268157444773e-04
  2.900000000000001e+00  -3.066679928302052e+03  -1.214810809776012e+04  -4.642870764991775e+03  1.127506030813147e+03  -4.201840258853343e+03  4.362191104081044e+02  -1.016928126692584e-04  9.798371674245004e-04  4.580040351480849e-04
  3.000000000000001e+00  -3.071816448680216e+03  -2.342331017187775e+04  -8.198624240544101e+03  1.056918566363720e+03  -9.366626505891814e+03  7.130061831506752e+02  6.097066141889774e-05  1.911268273373377e-03  9.224065437160019e-04
  3.100000000000001e+00  1.792653175628103e+03  -3.001248870795259e+04  -1.125551596595511e+04  -3.505943607800610e+03  -1.789914487939159e+04  1.428454668186589e+03  8.229966478785315e-04  2.377212780715916e-03  1.867657376621577e-03
  3.200000000000002e+00  2.637881135746431e+04  -6.928495524246724e+03  4.367909212120481e+03  -2.201830810089010e+04  -2.577369782475224e+04  -7.909152563176376e+02  3.213009590097061e-03  2.573217351944396e-04  2.051486159968225e-03
  3.300000000000002e+00  5.037692576351025e+04  2.982208022899118e+04  1.071571278458480e+03  -5.119740191318805e+04  -4.295552954811305e+04  3.346660407190152e+03  6.192956232658585e-03  -2.853015600782703e-03  4.227309963673984e-03
  3.400000000000002e+00  1.345339552197988e+05  1.733336165610630e+05  7.391725685428410e+04  -1.277455087878703e+05  -3.466240479471530e+04  -1.153257078736019e+04  1.433849978401452e-02  -1.562788495884102e-02  1.077877074953705e-03
  3.500000000000002e+00  1.903067817462806e+05  2.981483922720457e+05  9.562385726500711e+04  -2.070563704980254e+05  -3.907373846769267e+04  -2.116118813603463e+04  2.163678777098113e-02  -2.577310692609710e-02  6.976644755107373e-04
  3.600000000000002e+00  1.359446040620306e+05  4.366806447733325e+05  2.109063846597002e+04  -2.864317626576298e+05  -6.608792442191318e+04  3.786165079284068e+04  2.050281930385843e-02  -3.696297511416386e-02  1.094130907837961e-02
  3.700000000000002e+00  -2.856625816357652e+04  4.284351548350793e+05  1.081491623036530e+05  -2.740663496151165e+05  -1.244323815948046e+04  2.646695924966622e+04  5.265703476498101e-03  -3.671574254825429e-02  -6.902720567582948e-03
  3.800000000000002e+00  1.688397382337245e+04  3.967140127392105e+05  -3.345661001707063e+04  -3.744097678272284e+05  -1.257747485235341e+05  -2.760900290044256e+04  2.439024717133218e-02  -2.824116324850713e-02  1.128096786520115e-02
  3.900000000000002e+00  -1.233943999928107e+05  6.437064024819219e+05  -2.886810286874058e+05  -5.146065134575058e+05  -3.236767492756073e+05  2.216559667665075e+05  2.483979932418389e-02  -5.030981155052078e-02  6.511251861849056e-02
  4.000000000000002e+00  -6.850641080074410e+05  8.916516142525673e+05  1.772046795675622e+05  -2.144717949834669e+05  -1.607567219803189e+04  3.898573202840844e+05  -5.499685133338282e-02  -7.080951096159029e-02  3.705639325920618e-03
  4.100000000000001e+00  -9.953808508126340e+05  7.309102970526814e+05  6.983583472353672e+05  2.908871953346944e+05  5.527021624742877e+05  1.112828032025847e+05  -1.195664188624927e-01  -4.323398774461780e-02  -1.170423289920289e-01
  4.200000000000001e+00  -5.973879798466057e+05  3.756792447254996e+05  5.848733010000478e+05  4.189587135147234e+05  6.937685716867332e+05  -1.831504575771682e+05  -8.090553826281943e-02  2.043319475412465e-03  -1.476366877245343e-01
  4.300000000000001e+00  7.768691221986970e+04  1.425196183878320e+04  2.740971271140852e+05  2.627955465340624e+05  3.044451411856794e+05  -1.073328225935671e+05  -6.043989282678303e-03  3.918209890912810e-02  -8.300504758871463e-02
  4.400000000000000e+00  3.594716154234924e+05  -3.125888858846320e+05  2.240364004008516e+05  2.463909231218272e+05  -1.177923798069347e+05  1.837691766904642e+05  1.549310629244498e-02  6.256068654633982e-02  1.376255502655288e-02
  4.500000000000000e+00  2.823629211200438e+05  -4.726176004622300e+05  1.722162230937314e+05  2.477970035246998e+05  -2.061781715870331e+05  2.224241484987660e+05  1.503258718732147e-02  6.974546667839958e-02  4.480837536842704e-02
  4.600000000000000e+00  3.787855150944175e+05  -3.260276070382253e+05  -1.905500390661064e+05  3.954264289951213e+04  1.940845360511052e+03  -7.351900797599893e+04  3.700937293115396e-02  5.046736960004430e-02  -2.601762178180331e-02
  4.699999999999999e+00  5.593062936214445e+05  -3.122317004092407e+04  -6.194159876871485e+05  -1.058532215360119e+05  2.430365582040981e+05  -2.945850119275549e+05  4.186865309773385e-02  1.384885331424637e-02  -7.994087183333234e-02
  4.799999999999999e+00  4.714695605162008e+05  1.649416589505257e+05  -7.675489192692444e+05  6.361039199893161e+04  3.778114631974648e+05  -1.635310723421042e+05  7.618235160147469e-04  -1.719511374389232e-02  -5.546116471763157e-02
  4.899999999999999e+00  2.262049342630820e+05  1.777631897880470e+05  -7.459065554526882e+05  3.297277342378223e+05  4.522303822459233e+05  8.761189204619230e+04  -4.513044889100294e-02  -1.914296330690905e-02  -1.931907655825698e-02
  4.999999999999998e+00  4.675274735830255e+04  1.712751890362435e+04  -7.313640543302280e+05  4.585937682923737e+05  4.771402279147194e+05  1.613638585278296e+05  -5.769770124554304e-02  6.134440849827415e-03  -1.002712997680703e-02
  5.099999999999998e+00  4.511769776364439e+04  -1.688628008730001e+05  -6.588217456172003e+05  4.446249898287753e+05  4.209324571586771e+05  1.469661836852356e+05  -3.640431743372696e-02  2.970835579197368e-02  -7.189507711268067e-03
  5.199999999999998e+00  1.311168177686376e+05  -3.335371080233846e+05  -6.545174019051130e+05  3.817259663843614e+05  3.703988617442054e+05  1.375204645992889e+05  -1.428696805754013e-02  4.615874500927507e-02  -5.993579256019654e-03
  5.299999999999997e+00  2.186475430292739e+05  -4.819714778910749e+05  -7.143248498513884e+05  3.600284082379244e+05  4.567536982700675e+05  1.267084386163582e+05  -1.265465313415751e-02  5.733217565313206e-02  -2.139244913151996e-02
  5.399999999999997e+00  3.150746784068256e+05  -6.324072702700570e+05  -6.331096672501547e+05  3.399826716694382e+05  6.086926868272503e+05  1.376577624631908e+05  -1.154901022787176e-02  6.191335274367202e-02  -3.899669911078298e-02
  5.499999999999996e+00  3.066399664909879e+05  -7.668114500964789e+05  -5.496665605395456e+05  2.097966603304160e+05  6.696349243014336e+05  9.764886637713508e+04  1.263991863929772e-02  6.434365402748363e-02  -4.004619338584461e-02
  5.599999999999996e+00  1.727511490316130e+05  -7.544203334715740e+05  -5.333262917729444e+05  -2.217050755750638e+04  5.736205046415541e+05  6.009690864516199e+03  5.561517593854053e-02  5.860007754568761e-02  -2.073898124116325e-02
  5.699999999999996e+00  1.183402059278231e+05  -5.988513732564712e+05  -4.511282575053283e+05  -2.771459414376653e+05  3.579120141465791e+05  -7.731331350069065e+04  9.328596756271891e-02  4.242468123723008e-02  1.451977306095037e-02
  5.799999999999995e+00  1.415887153468139e+05  -5.244101333545598e+05  -4.658026278624916e+05  -4.818173185529557e+05  1.631848226085762e+05  -1.166793531908293e+05  1.156450411314118e-01  2.744036027374813e-02  3.827597723952524e-02
  5.899999999999995e+00  7.363857902802245e+04  -5.537973795687393e+05  -5.755021434979787e+05  -6.050878985599988e+05  7.392646096105369e+04  -9.170551204326921e+04  1.278356989580024e-01  1.497921196740625e-02  4.470050203256491e-02
  5.999999999999995e+00  -1.390862282109478e+05  -6.022694470974373e+05  -6.020190636451872e+05  -6.904652661481220e+05  4.948525559283444e+04  -4.504084725926809e+04  1.351586407282518e-01  1.118728580128338e-02  4.449325038232090e-02
  6.099999999999994e+00  -3.849446492239804e+05  -6.686947238620395e+05  -5.963895229605357e+05  -7.950250825672635e+05  8.518483397444546e+04  -4.354599917465133e+04  1.405141587372900e-01  1.773519046226555e-02  3.297068880597556e-02
  6.199999999999994e+00  -5.751777051847612e+05  -7.613813424866864e+05  -7.534696846077680e+05  -9.493802502063693e+05  1.486991776007068e+05  -1.255520076957782e+05  1.484936552787285e-01  2.389269531306017e-02  8.544655478067990e-03
  6.299999999999994e+00  -7.186064391441160e+05  -7.975828991238390e+05  -1.074870543882133e+06  -1.129272432942427e+06  1.234425314745649e+05  -2.349071574352519e+05  1.614204276063401e-01  1.798726318143811e-02  -1.249081555956346e-02
  6.399999999999993e+00  -8.786212079632141e+05  -7.868625170244669e+05  -1.311147064649754e+06  -1.258755312709976e+06  -3.139244700873120e+04  -2.579872973161227e+05  1.756454961089210e-01  7.973959912527893e-03  -7.240318263082103e-03
  6.499999999999993e+00  -1.042234698635740e+06  -7.890303545176550e+05  -1.297823088269798e+06  -1.324323067135719e+06  -2.115179002729268e+05  -1.995113172603057e+05  1.863397017749530e-01  1.023706089319777e-02  2.782621830877626e-02
  6.599999999999993e+00  -1.196213209762436e+06  -8.761736425207385e+05  -1.187732948707384e+06  -1.354377929023030e+06  -3.038275702690723e+05  -1.609784423560113e+05  1.921536036228283e-01  2.858050238707561e-02  6.941500575932424e-02
  6.699999999999992e+00  -1.364181771396563e+06  -1.060466084180733e+06  -1.182230105378964e+06  -1.352559209261859e+06  -3.284649519065412e+05  -1.477219832309408e+05  1.941938588584995e-01  5.344033296293825e-02  9.107917427856696e-02
  6.799999999999992e+00  -1.542242326679703e+06  -1.236623548040259e+06  -1.285693198220277e+06  -1.388522067708778e+06  -3.856078510947662e+05  -1.530086196142410e+05  2.039916669744809e-01  7.294575232718870e-02  1.015534400441803e-01
  6.899999999999991e+00  -1.608403890701528e+06  -1.318478759325939e+06  -1.367672839994229e+06  -1.467779301321692e+06  -4.529882612684797e+05  -1.625613295712583e+05  2.147287000297907e-01  7.868920342832675e-02  1.013752066495811e-01
  6.999999999999991e+00  -1.648861577844563e+06  -1.342502443530527e+06  -1.462131227593839e+06  -1.557419224911751e+06  -4.934643679427915e+05  -2.179544628299788e+05  2.191778506419276e-01  7.396778389041254e-02  9.917137919961765e-02
  7.099999999999991e+00  -1.689133862713667e+06  -1.309247903850558e+06  -1.498218365719629e+06  -1.633437098297308e+06  -5.338403651656173e+05  -2.983548078662141e+05  2.137191656639903e-01  6.492575204664927e-02  9.797540903721630e-02
  7.199999999999990e+00  -1.832921778709030e+06  -1.321651299400846e+06  -1.600076981595648e+06  -1.704849757889053e+06  -6.024392949419688e+05  -3.819275482916245e+05  2.116391249422036e-01  6.704961498897541e-02  1.052778828973595e-01
  7.299999999999990e+00  -1.849847054298581e+06  -1.276373472606589e+06  -1.501649967555668e+06  -1.691071212124194e+06  -5.734837627894110e+05  -3.538749470880926e+05  2.029563990119091e-01  7.176253127248386e-02  9.025331238792045e-02
  7.399999999999990e+00  -1.786202890574075e+06  -1.233920859705547e+06  -1.312226199320736e+06  -1.606886291900235e+06  -4.448059217207114e+05  -2.678853933568212e+05  1.913728967439838e-01  7.748880066609898e-02  6.165938658172158e-02
  7.499999999999989e+00  -1.727753768054903e+06  -1.245740185096626e+06  -1.187676154145482e+06  -1.534768855993217e+06  -2.951094088661034e+05  -2.003809895588941e+05  1.827986783702494e-01  8.019650223670909e-02  3.955073611298459e-02
  7.599999999999989e+00  -1.726584221916880e+06  -1.183612938409389e+06  -1.148308623174397e+06  -1.525500947103666e+06  -1.448130611874025e+05  -1.780715196803535e+05  1.740612886975179e-01  7.107557339557710e-02  3.251747936469746e-02
  7.699999999999989e+00  -1.773656231575909e+06  -9.669836361186772e+05  -1.106053860682830e+06  -1.550200446698650e+06  -2.104548285348913e+04  -2.060569648415975e+05  1.616813230372053e-01  5.436248699690419e-02  3.714609312783622e-02
  7.799999999999988e+00  -1.814032400098529e+06  -7.297001254225716e+05  -9.964875854420551e+05  -1.526364352039498e+06  7.572430481689659e+04  -1.553416016505275e+05  1.439240444076061e-01  3.824464148813315e-02  3.414326803186332e-02
  7.899999999999988e+00  -1.777650371849472e+06  -6.155670179295692e+05  -8.897349869562165e+05  -1.460687761122940e+06  1.476654215016300e+05  1.662538970696288e+04  1.165317291891660e-01  3.123596938692826e-02  1.952223795328542e-02
  7.999999999999988e+00  -1.726996224245909e+06  -5.872516497321484e+05  -8.694032509578782e+05  -1.418628771741065e+06  2.094370050949399e+05  2.210351708959703e+05  8.239635276175675e-02  3.350340620534319e-02  -2.585417919996758e-03
  8.099999999999987e+00  -1.754468989258935e+06  -5.760761939627855e+05  -9.756179374799652e+05  -1.430964550916687e+06  2.408969919411693e+05  3.659065088099760e+05  4.922574833856187e-02  3.664157077607865e-02  -2.952911151668179e-02
  8.199999999999987e+00  -1.805748210026088e+06  -5.934148514825065e+05  -1.147708072595265e+06  -1.441953722018233e+06  2.424296695645700e+05  4.615545523473224e+05  2.114005111898251e-02  3.265856327960610e-02  -6.243182986139152e-02
  8.299999999999986e+00  -1.737770734182949e+06  -6.892680309157453e+05  -1.330410449312175e+06  -1.368132150716200e+06  2.638733490458634e+05  6.155718460804016e+05  -5.102350240101662e-03  1.869466738803145e-02  -9.647015242647931e-02
  8.399999999999986e+00  -1.568669088659897e+06  -8.772219839624796e+05  -1.567901738327980e+06  -1.192761508258116e+06  3.343914323062324e+05  8.792690241205066e+05  -2.902787451295782e-02  9.227535796101652e-04  -1.195158629607806e-01
  8.499999999999986e+00  -1.398757155371737e+06  -1.088735019487878e+06  -1.788367708392314e+06  -9.982794496812135e+05  4.429697708732066e+05  1.146383210547895e+06  -4.917789515319147e-02  -7.354685099921449e-03  -1.200898322338634e-01
  8.599999999999985e+00  -1.287090628063417e+06  -1.232589022513162e+06  -1.904507555651844e+06  -8.978572300522759e+05  5.406930933255114e+05  1.264379027567468e+06  -6.398041973090120e-02  2.892266674607701e-03  -9.994667368593460e-02
  8.699999999999985e+00  -1.255782980417138e+06  -1.314174925565788e+06  -1.984552425407287e+06  -8.799093215742928e+05  5.860060602158592e+05  1.227669312427971e+06  -7.144778278641850e-02  1.824701234714594e-02  -7.701113605288665e-02
  8.799999999999985e+00  -1.311470179154818e+06  -1.345224365065246e+06  -2.052890268631756e+06  -8.798475377658048e+05  5.609190170157661e+05  1.128868155757001e+06  -6.957883774277406e-02  2.271093847145746e-02  -6.021308976986916e-02
  8.899999999999984e+00  -1.392192607244154e+06  -1.294895301397006e+06  -2.098487387771334e+06  -8.746090980449419e+05  4.956130941087150e+05  1.013278338123803e+06  -6.413551803130314e-02  1.698433647141519e-02  -4.498883162932010e-02
  8.999999999999984e+00  -1.466470428546241e+06  -1.217387774779525e+06  -2.136715763453778e+06  -9.029041078255085e+05  4.454797615189712e+05  8.897401136275874e+05  -5.631856121865440e-02  1.159285189003279e-02  -2.919895575084562e-02
  9.099999999999984e+00  -1.500291929097549e+06  -1.159152901899330e+06  -2.096446444955475e+06  -9.698087830525627e+05  4.194516404374373e+05  7.692729992122845e+05  -5.013653104173335e-02  1.050765597788772e-02  -1.672042780653287e-02
  9.199999999999983e+00  -1.518512133493970e+06  -1.104892679918165e+06  -1.942369915909299e+06  -1.020755504908349e+06  3.752534300023183e+05  6.602879963773474e+05  -4.612264160899788e-02  1.059423311643843e-02  -4.748513287222279e-03
  9.299999999999983e+00  -1.591637077056605e+06  -1.086579208182351e+06  -1.768449799460777e+06  -1.030937019768212e+06  2.993469610389493e+05  5.710755931383222e+05  -4.130342034111410e-02  9.527293005465315e-03  7.862291616394460e-03
  9.399999999999983e+00  -1.679368224094341e+06  -1.110094361922888e+06  -1.626733984174292e+06  -1.019128051930724e+06  2.196673300855504e+05  5.220142279645067e+05  -3.974479742662414e-02  4.827477738308009e-03  1.940187088014405e-02
  9.499999999999982e+00  -1.743277812600645e+06  -1.158195891460375e+06  -1.558463621312334e+06  -1.019346935811040e+06  1.588885513337269e+05  5.113369903509903e+05  -4.404526083618199e-02  1.589762780742089e-03  2.765638435872312e-02
  9.599999999999982e+00  -1.787342527589697e+06  -1.167314057321179e+06  -1.557460577747856e+06  -1.041055308100034e+06  1.078209124680640e+05  4.865675698242121e+05  -4.871321179543403e-02  5.140897045939345e-04  3.207205218678438e-02
  9.699999999999982e+00  -1.783597418888767e+06  -1.093700318107879e+06  -1.535436390587386e+06  -1.061306336748400e+06  6.709356298651289e+04  4.204267302796715e+05  -5.078858190066459e-02  -4.047454044012576e-03  3.078561522613903e-02
  9.799999999999981e+00  -1.771981745843611e+06  -1.046996263283348e+06  -1.501604991410884e+06  -1.055385018928372e+06  5.606596444741250e+04  3.442177454347981e+05  -5.220612731455891e-02  -7.787214690535327e-03  2.139335888706075e-02
  9.899999999999981e+00  -1.792508664914134e+06  -1.080507431722526e+06  -1.493186940780099e+06  -1.020541998244273e+06  6.532231218867936e+04  2.876579863119577e+05  -5.400819702921274e-02  -7.725057865011933e-03  9.742705568767496e-03
  9.999999999999980e+00  -1.814385315472247e+06  -1.117466062876074e+06  -1.486975264513428e+06  -9.779583505653393e+05  8.603605625509513e+04  2.513012739878859e+05  -5.446431330752306e-02  -8.597576418356710e-03  3.165949190465764e-03
  1.009999999999998e+01  -1.809329716639552e+06  -1.116003643322898e+06  -1.447991411568431e+06  -9.563259932460487e+05  1.152453448047106e+05  2.214965502402373e+05  -5.093341383153928e-02  -8.112980603059186e-03  1.450232563379042e-03
  1.019999999999998e+01  -1.804586546380180e+06  -1.109455450934580e+06  -1.397019053253840e+06  -9.599126833335561e+05  1.373203478658626e+05  1.880390436342526e+05  -4.339979192847504e-02  -1.204039850701667e-03  3.130295190023564e-05
  1.029999999999998e+01  -1.810043209155981e+06  -1.114477072274329e+06  -1.381126933982678e+06  -9.758630424683415e+05  1.491393150902162e+05  1.600681242413089e+05  -3.388914411187934e-02  5.048337374003517e-03  -2.627772320903221e-03
  1.039999999999998e+01  -1.796183354374419e+06  -1.101613910889960e+06  -1.397078031536842e+06  -1.010263958006845e+06  1.508250808001771e+05  1.603885141938674e+05  -2.277901919379500e-02  1.472099740616728e-03  -3.277975277486925e-03
  1.049999999999998e+01  -1.777821540927187e+06  -1.067334655361206e+06  -1.415746039255411e+06  -1.073303085950326e+06  1.387287884003264e+05  1.836218945448723e+05  -9.258347692113580e-03  -6.295106897179508e-03  -1.362488541582636e-03
  1.059999999999998e+01  -1.789452301262789e+06  -1.041407026655335e+06  -1.403760308936165e+06  -1.143213681532740e+06  1.228164609862621e+05  1.991745181866013e+05  4.619413400690143e-03  -7.968806669607417e-03  2.612058371029066e-04
  1.069999999999998e+01  -1.808860283550047e+06  -1.032929464621180e+06  -1.341283924980765e+06  -1.186675117801907e+06  1.086692132676039e+05  1.992334166177263e+05  1.290531289220939e-02  -5.447047489167501e-03  7.650095284890639e-04
  1.079999999999998e+01  -1.786693463167160e+06  -1.023249450278638e+06  -1.237422880074380e+06  -1.198726223971007e+06  8.469135103791951e+04  1.854136350288408e+05  1.235559062979477e-02  -6.418190496855548e-03  4.209226964037522e-03
  1.089999999999998e+01  -1.728735708484587e+06  -1.009278398497759e+06  -1.127156813850650e+06  -1.195349720647118e+06  5.094143540230539e+04  1.479703945255800e+05  7.788644135243392e-03  -1.061977821716205e-02  1.368494049206075e-02
  1.099999999999998e+01  -1.685486988001727e+06  -9.957713551855573e+05  -1.034156947572120e+06  -1.185665452742310e+06  2.143234353389198e+04  9.017927389642538e+04  6.383709548515895e-03  -1.268845982309070e-02  2.864875556267834e-02
  1.109999999999998e+01  -1.681922814828153e+06  -9.724564400168726e+05  -9.652966190908336e+05  -1.175814904034221e+06  -6.180862258187225e+03  3.455056689939925e+04  9.030774168864733e-03  -1.172898957570865e-02  4.555300906475850e-02
  1.119999999999998e+01  -1.699381409739990e+06  -9.402957732433346e+05  -9.109714659460207e+05  -1.180800346177963e+06  -4.949601968281122e+04  2.558492064826526e+03  1.256209034533164e-02  -1.249725234682853e-02  5.810319969204567e-02
  1.129999999999998e+01  -1.719816502742410e+06  -9.316720408900306e+05  -8.512337181737049e+05  -1.211912229365573e+06  -1.035157198859293e+05  -4.964538366740025e+03  1.637742534075876e-02  -1.656731479937169e-02  6.130536798627775e-02
  1.139999999999998e+01  -1.755024423152868e+06  -9.765460478468301e+05  -8.048444382654760e+05  -1.261085059338239e+06  -1.337058992498240e+05  -1.219393271886740e+04  1.985510770204645e-02  -1.763919450709371e-02  5.696345837424542e-02
  1.149999999999998e+01  -1.804473860340517e+06  -1.055031953459776e+06  -8.156085821163193e+05  -1.305202796873818e+06  -1.246903675185140e+05  -4.592949635592153e+04  1.936358506278563e-02  -1.168015385886899e-02  5.256253750675741e-02
  1.159999999999997e+01  -1.833027650065909e+06  -1.109583207842986e+06  -8.786918867166499e+05  -1.323477114404618e+06  -1.104303674774802e+05  -1.046801607147117e+05  1.317843906654674e-02  -5.508672770588854e-03  5.200253723234759e-02
  1.169999999999997e+01  -1.819740857591918e+06  -1.107912975075148e+06  -9.504301671461920e+05  -1.311389825203517e+06  -1.305978971305946e+05  -1.611095548566323e+05  5.094266793849500e-03  -7.136637094997567e-03  5.089409851234586e-02
  1.179999999999997e+01  -1.781130368766221e+06  -1.070899517563952e+06  -1.014643277983363e+06  -1.281565993735194e+06  -1.764649134873267e+05  -1.913595490780893e+05  -2.179349712899268e-05  -1.412991909059671e-02  4.295450950189290e-02
  1.189999999999997e+01  -1.740570944964560e+06  -1.038815630943990e+06  -1.087501763112112e+06  -1.254517894291313e+06  -2.072213643453747e+05  -1.860844793728872e+05  -1.807788054816970e-03  -1.881435049635634e-02  2.927683579197184e-02
  1.199999999999997e+01  -1.708397020244438e+06  -1.026540759207778e+06  -1.170618530508694e+06  -1.242846184347168e+06  -2.007286235962887e+05  -1.526727054472303e+05  -3.368008823895544e-03  -1.936123910014841e-02  1.685648500001273e-02
  1.209999999999997e+01  -1.692795198280741e+06  -1.018927645651008e+06  -1.236887457529902e+06  -1.240266329097220e+06  -1.659519355208791e+05  -1.194785592576407e+05  -6.999389464988608e-03  -1.923371006921503e-02  8.896239130302802e-03
  1.219999999999997e+01  -1.703467214252573e+06  -1.003626101484072e+06  -1.270735633182944e+06  -1.226518927265507e+06  -1.257584380146439e+05  -1.147952644863873e+05  -1.322739136103770e-02  -1.990919924094176e-02  3.462366766752180e-03
  1.229999999999997e+01  -1.739848761604796e+06  -9.938630238757224e+05  -1.295936907259779e+06  -1.186695619896127e+06  -1.020040525605893e+05  -1.348704178354779e+05  -2.171615550187067e-02  -1.887853554871029e-02  -9.301222336675084e-04
  1.239999999999997e+01  -1.783332946807531e+06  -1.004133133806296e+06  -1.333593109848121e+06  -1.130887414062429e+06  -1.038415339485948e+05  -1.441011118933664e+05  -3.021565897044465e-02  -1.429616389803523e-02  -3.977100393924456e-03
  1.249999999999997e+01  -1.807350457374356e+06  -1.030150274241340e+06  -1.372557490973307e+06  -1.091488916630155e+06  -1.184457999221679e+05  -1.137849410368099e+05  -3.404847824211454e-02  -8.357012681921573e-03  -5.459257558283705e-03
  1.259999999999997e+01  -1.798955297720834e+06  -1.062570545313652e+06  -1.404322792818047e+06  -1.097111043984944e+06  -1.190236691303479e+05  -5.319405790069320e+04  -2.964825555770067e-02  -3.846653108910686e-03  -6.314747391772697e-03
  1.269999999999997e+01  -1.768448799604476e+06  -1.092031147263036e+06  -1.438128702833915e+06  -1.151218439816413e+06  -9.335441080610678e+04  5.230625823610098e+03  -1.859997416812023e-02  -3.111367109593594e-04  -7.357522232107272e-03
  1.279999999999997e+01  -1.737815726164483e+06  -1.109358439331007e+06  -1.473282003177073e+06  -1.230994773727781e+06  -5.666379132565230e+04  4.280164366078341e+04  -6.633734216086550e-03  4.075715544939751e-03  -7.987138177536731e-03
  1.289999999999997e+01  -1.722982531353187e+06  -1.115447580211492e+06  -1.489344559499124e+06  -1.300352498062889e+06  -2.884038736995546e+04  6.601015598837131e+04  7.544561339591979e-04  9.268688307621710e-03  -7.992056707569634e-03
  1.299999999999997e+01  -1.731178093998092e+06  -1.118120229275943e+06  -1.470071937036625e+06  -1.334164434002741e+06  -1.371743693270890e+04  8.506214228253132e+04  2.261718667294057e-03  1.326021914982499e-02  -8.503965323639092e-03
  1.309999999999997e+01  -1.767255495467743e+06  -1.119521805730697e+06  -1.430919241592029e+06  -1.334409686965886e+06  -5.354003444418016e+03  9.853339942701420e+04  1.418284156087187e-03  1.440390546257431e-02  -1.030599934010963e-02
  1.319999999999997e+01  -1.823848340383547e+06  -1.114181730855521e+06  -1.410107577512737e+06  -1.320474766113338e+06  -7.589670446332510e+02  1.034320262645369e+05  2.194716365911440e-03  1.294251969578666e-02  -1.226120108489559e-02
  1.329999999999997e+01  -1.872880276979474e+06  -1.097452935806105e+06  -1.425871113107637e+06  -1.309691849096148e+06  -1.496264943878147e+03  1.041581520731512e+05  4.428462256746410e-03  1.038205533855776e-02  -1.150573056164159e-02
  1.339999999999997e+01  -1.888932958934235e+06  -1.071156497818698e+06  -1.453244902896811e+06  -1.307916624714396e+06  -7.645589396968477e+03  1.058833735286373e+05  5.102631191664059e-03  8.293330649192800e-03  -6.786796722357416e-03
  1.349999999999997e+01  -1.881340541909850e+06  -1.044925792122425e+06  -1.448914959662459e+06  -1.310013533504038e+06  -1.384636600036962e+04  1.079119234776665e+05  2.887311631977718e-03  7.449966728341880e-03  -9.730231632972691e-04
  1.359999999999997e+01  -1.886475130749372e+06  -1.031686498681339e+06  -1.394186737662258e+06  -1.307948523003849e+06  -1.176766739712822e+04  1.046181942188018e+05  -1.510391857964788e-04  7.346825125690974e-03  2.225812524733794e-03
  1.369999999999997e+01  -1.924700751064071e+06  -1.034654878378492e+06  -1.311779064056300e+06  -1.301660186137503e+06  2.710211482244790e+03  9.156971642911667e+04  -1.217438461422493e-03  6.998338000691302e-03  2.820941689754497e-03
  1.379999999999997e+01  -1.975632437614462e+06  -1.040311662049529e+06  -1.242457017218710e+06  -1.299697510812664e+06  2.464760531113089e+04  7.336605969597801e+04  -1.666626551437079e-05  6.189751568303038e-03  3.628452775625252e-03
  1.389999999999997e+01  -2.002738641036834e+06  -1.032967045952361e+06  -1.211750037364064e+06  -1.307215512118586e+06  4.295196457988355e+04  6.248267710076560e+04  1.149457211800112e-03  5.356700013830826e-03  5.910067996423199e-03
  1.399999999999997e+01  -1.990944593615671e+06  -1.012992926167622e+06  -1.217035848980627e+06  -1.317594487333582e+06  4.877052901417050e+04  6.602123602285283e+04  -4.614272860081981e-05  4.562330928441216e-03  8.013455723609559e-03
  1.409999999999997e+01  -1.952252442619683e+06  -9.921361770067974e+05  -1.235600635417613e+06  -1.319702076171475e+06  4.359117398107878e+04  7.801285357577806e+04  -3.192672217042329e-03  3.273806140844643e-03  7.902684442976508e-03
  1.419999999999997e+01  -1.910258034456038e+06  -9.785874597601659e+05  -1.246046020276208e+06  -1.308869446278767e+06  3.933924521055755e+04  8.841206236704308e+04  -5.284299496012197e-03  1.317396913895746e-03  5.230448225549522e-03
  1.429999999999997e+01  -1.882590886285742e+06  -9.730060495213378e+05  -1.246492863645571e+06  -1.287853127158421e+06  4.653591596542652e+04  9.482138462190608e+04  -4.053229417782766e-03  -5.427283002652120e-04  1.012944683783169e-03
  1.439999999999996e+01  -1.867827468618354e+06  -9.726984821895160e+05  -1.249186016903668e+06  -1.262554635263302e+06  6.283593437405652e+04  1.017852821345968e+05  -6.591857836489405e-04  -1.395232725483592e-03  -3.454146155477285e-03
  1.449999999999996e+01  -1.851532744620435e+06  -9.758024353413325e+05  -1.259905442280082e+06  -1.240182891447722e+06  7.786580841223872e+04  1.123523354692553e+05  1.547955975085156e-03  -9.721352833715831e-04  -7.051614438928619e-03
  1.459999999999996e+01  -1.826314883147148e+06  -9.829724419703792e+05  -1.270860519324719e+06  -1.227473088928385e+06  8.752752814348678e+04  1.255448641544197e+05  9.236120406852921e-04  5.189158171855345e-04  -9.172099180047459e-03
  1.469999999999996e+01  -1.801466464817013e+06  -9.947254018850379e+05  -1.272419585267123e+06  -1.226211635636110e+06  9.564796552288628e+04  1.396995854500450e+05  -9.480336879360514e-04  2.524733512145083e-03  -9.922139004099580e-03
  1.479999999999996e+01  -1.792152360939971e+06  -1.006504930992597e+06  -1.263308239640737e+06  -1.230912083269621e+06  1.016408253768268e+05  1.524022995173095e+05  -1.851942039433087e-03  3.971222933451092e-03  -9.638319037053101e-03
  1.489999999999996e+01  -1.803969370268113e+06  -1.010720894122656e+06  -1.251502607044383e+06  -1.234013111039810e+06  9.643560514225934e+04  1.592390210330293e+05  -1.714138855762524e-03  3.618958091692342e-03  -8.502368267747825e-03
  1.499999999999996e+01  -1.829093164380627e+06  -1.005973236227171e+06  -1.249501563651577e+06  -1.234438252693588e+06  7.505884484390468e+04  1.586479637362610e+05  -2.037289370317945e-03  1.132815020557226e-03  -6.625019656726140e-03
  1.509999999999996e+01  -1.851064171986290e+06  -1.000520096793933e+06  -1.263431455025365e+06  -1.238027208338209e+06  4.855889111011931e+04  1.557528297091252e+05  -3.511200887797753e-03  -2.169389216756497e-03  -4.230649130547448e-03
  1.519999999999996e+01  -1.855159233498756e+06  -1.005235414475872e+06  -1.285261313747628e+06  -1.248188945912241e+06  3.683070772624036e+04  1.564654683123385e+05  -5.316478938760068e-03  -4.066647729009741e-03  -1.993148471881679e-03
  1.529999999999996e+01  -1.838748864681702e+06  -1.021673634981769e+06  -1.298534644372534e+06  -1.259211957943883e+06  4.754635268755090e+04  1.590432392281372e+05  -6.376950970831283e-03  -3.420534654003544e-03  -7.868693428631524e-04
  1.539999999999996e+01  -1.812153895353809e+06  -1.038444577231773e+06  -1.294238090804765e+06  -1.261266462837792e+06  6.701617466824938e+04  1.551345133384931e+05  -6.436135337657418e-03  -1.306056801074745e-03  -7.706662632515417e-04
  1.549999999999996e+01  -1.789718337609375e+06  -1.043099139866097e+06  -1.281634446195366e+06  -1.251576664392171e+06  7.439858378528137e+04  1.414565763851454e+05  -5.619748465188556e-03  5.327926210074011e-05  -1.278745026107976e-03
  1.559999999999996e+01  -1.779760752766299e+06  -1.035333069880540e+06  -1.279719502408473e+06  -1.237697088409440e+06  6.135453264320892e+04  1.280805791052236e+05  -3.609811883160649e-03  -7.294309372760834e-04  -1.694812292003201e-03
  1.569999999999996e+01  -1.782890635408787e+06  -1.026178750635802e+06  -1.297786242244519e+06  -1.228690818899815e+06  3.694446284883268e+04  1.293485894132893e+05  -1.520868397532801e-04  -3.167979210205353e-03  -2.064858245108965e-03
  1.579999999999996e+01  -1.794648036523262e+06  -1.024504907412959e+06  -1.324790282805829e+06  -1.226384934892475e+06  1.690190568171762e+04  1.467255365455553e+05  3.956415009805597e-03  -5.573076587462152e-03  -2.690453805099806e-03
  1.589999999999996e+01  -1.808097897463299e+06  -1.027661502771735e+06  -1.338497295236896e+06  -1.226547447431610e+06  1.023168216328773e+04  1.654372678714756e+05  7.161720861622181e-03  -6.701333737923410e-03  -3.323828866396804e-03
  1.599999999999996e+01  -1.818365115636405e+06  -1.028533141427755e+06  -1.328511322245059e+06  -1.226232059478796e+06  1.473242632225740e+04  1.695043907779464e+05  8.638520074877426e-03  -6.563847348121660e-03  -3.366636548983214e-03
  1.609999999999996e+01  -1.824674431934967e+06  -1.026493839497214e+06  -1.306002413080146e+06  -1.227762198238929e+06  2.239401890717437e+04  1.586058162684159e+05  9.140415310588542e-03  -5.840063114231535e-03  -2.719170483236372e-03
  1.619999999999996e+01  -1.827886745183928e+06  -1.026799737479595e+06  -1.290144061199741e+06  -1.234529370605073e+06  2.734320508951180e+04  1.475571061198412e+05  1.003228066563349e-02  -4.988091044888956e-03  -1.906750253966072e-03
  1.629999999999996e+01  -1.827748512353815e+06  -1.032227677216295e+06  -1.291820454460980e+06  -1.244706054084274e+06  2.894812320736199e+04  1.496197874517324e+05  1.164824185799381e-02  -4.060563467605243e-03  -1.501253865183025e-03
  1.639999999999996e+01  -1.822406699815157e+06  -1.038951645936304e+06  -1.308778243696521e+06  -1.251980672660718e+06  2.930977376121050e+04  1.634788787455905e+05  1.295635990538952e-02  -3.150667591177151e-03  -1.610008836063377e-03
  1.649999999999996e+01  -1.811022171564562e+06  -1.040969079948393e+06  -1.330949570597399e+06  -1.252177468346353e+06  2.968188966284013e+04  1.768907290761026e+05  1.270596741788671e-02  -2.536720971865456e-03  -1.915257512597710e-03
  1.659999999999997e+01  -1.797560242664726e+06  -1.037759235946751e+06  -1.348444627377587e+06  -1.247281195675038e+06  2.952766431100892e+04  1.803356065586082e+05  1.055341909951186e-02  -2.234587014708854e-03  -2.015245996909536e-03
  1.669999999999997e+01  -1.790275383339175e+06  -1.036446879670512e+06  -1.356491265202402e+06  -1.242620701711257e+06  2.833943181438935e+04  1.742971344451352e+05  7.160518320440943e-03  -1.651372211226575e-03  -1.872242148324569e-03
  1.679999999999997e+01  -1.795489135131600e+06  -1.045565765473634e+06  -1.356640854871558e+06  -1.241498454897325e+06  2.683977808836799e+04  1.651017131593316e+05  3.699781484021765e-03  -4.526523338854882e-05  -2.140745026918123e-03
  1.689999999999997e+01  -1.811466292625751e+06  -1.066220049731157e+06  -1.354507348933373e+06  -1.243256775458437e+06  2.547138361923123e+04  1.583509512989179e+05  1.442452462621873e-03  2.504923238616036e-03  -3.623997370893467e-03
  1.699999999999997e+01  -1.829924303206638e+06  -1.089970670177466e+06  -1.355490214086158e+06  -1.245190361761643e+06  2.335894153623501e+04  1.560644067844022e+05  1.159409035574410e-03  4.964377613594457e-03  -6.230336844238798e-03
  1.709999999999997e+01  -1.843717762971283e+06  -1.105480966077779e+06  -1.360923056450889e+06  -1.245195434517677e+06  1.983568677213296e+04  1.568647200777705e+05  2.520373168855496e-03  6.323511411915930e-03  -8.580180721512636e-03
  1.719999999999997e+01  -1.851283674755458e+06  -1.107135387321240e+06  -1.367733900018013e+06  -1.242477960188181e+06  1.627728510850641e+04  1.572765408606651e+05  4.159279159225288e-03  6.477699142419498e-03  -8.989985744628580e-03
  1.729999999999998e+01  -1.855013466759677e+06  -1.097839901108183e+06  -1.372634092329196e+06  -1.237241738645297e+06  1.550396537012591e+04  1.538311251254942e+05  4.621929317117144e-03  6.009339542989567e-03  -6.955472411724698e-03
  1.739999999999998e+01  -1.856895939375272e+06  -1.085039924025467e+06  -1.376707160952149e+06  -1.230627790495399e+06  1.888464569369674e+04  1.454636985916644e+05  3.263343903979084e-03  5.410940332377085e-03  -3.613314919145556e-03
  1.749999999999998e+01  -1.856897259822719e+06  -1.074594183458824e+06  -1.384028848772670e+06  -1.225094453148347e+06  2.414159628248598e+04  1.349204570750992e+05  5.691701561064263e-04  4.718831311575292e-03  -7.185755238169879e-04
  1.759999999999998e+01  -1.854537386416200e+06  -1.067849961335539e+06  -1.395308071045466e+06  -1.223899871865066e+06  2.660880655719492e+04  1.270391932128882e+05  -2.106518302266895e-03  3.795792366754677e-03  7.496114500359976e-04
  1.769999999999998e+01  -1.850509766450341e+06  -1.062685056075780e+06  -1.404904240869003e+06  -1.229031996052235e+06  2.291160257289926e+04  1.243752813221341e+05  -3.343212248506856e-03  2.659387096340569e-03  1.047657887936705e-03
  1.779999999999998e+01  -1.846199863316964e+06  -1.056060912622021e+06  -1.405244462789079e+06  -1.238639978740347e+06  1.352998753882069e+04  1.246789710164166e+05  -2.668009507546700e-03  1.450036070119274e-03  1.054579314385439e-03
  1.789999999999998e+01  -1.842109334456553e+06  -1.046301740207192e+06  -1.393611309370345e+06  -1.246874061477083e+06  2.387318109544377e+03  1.231390407019469e+05  -9.896010931197637e-04  2.837392614512786e-04  1.417628756840010e-03
  1.799999999999999e+01  -1.838010020141498e+06  -1.034598089346748e+06  -1.374303714943063e+06  -1.247805971815946e+06  -5.340654792975180e+03  1.169058095047363e+05  3.918768684176895e-05  -7.200936792333811e-04  2.096774559246796e-03
  1.809999999999999e+01  -1.834491286517073e+06  -1.024831852368647e+06  -1.354733070790677e+06  -1.240654006936662e+06  -5.719367272094191e+03  1.073389263845674e+05  -6.341801820509526e-04  -1.367675661315536e-03  2.564149733137377e-03
  1.819999999999999e+01  -1.833386439282925e+06  -1.021534452534871e+06  -1.340210786333999e+06  -1.231070187329894e+06  1.545875871785234e+03  9.858974834206261e+04  -2.505513257116143e-03  -1.497758412808329e-03  2.459256958092340e-03
  1.829999999999999e+01  -1.836480159758283e+06  -1.026906045066833e+06  -1.331854679449265e+06  -1.226722696347710e+06  1.208198514112444e+04  9.442391307344503e+04  -4.008578610865374e-03  -1.154936537364795e-03  2.046746547326621e-03
  1.839999999999999e+01  -1.843737831220998e+06  -1.038536515869867e+06  -1.327323549748691e+06  -1.231348282547410e+06  1.901887644321820e+04  9.588551469002494e+04  -3.992305207906753e-03  -6.372300545078015e-04  2.036358272948178e-03
  1.849999999999999e+01  -1.852371712898525e+06  -1.049928768379978e+06  -1.323075335917681e+06  -1.242566473147347e+06  1.753016228465110e+04  1.010953333582008e+05  -2.647914059502601e-03  -3.265321175645374e-04  2.866719946540303e-03
  1.859999999999999e+01  -1.857523242446205e+06  -1.054139493835079e+06  -1.316758147750033e+06  -1.254594935453462e+06  8.364871418974133e+03  1.069589329262784e+05  -1.158552598077863e-03  -4.246423341737052e-04  4.134431200133922e-03
  1.870000000000000e+01  -1.854923826018453e+06  -1.048097092272020e+06  -1.308564947997716e+06  -1.262512966191112e+06  -2.532858088879790e+03  1.112050076216790e+05  -6.134576722930584e-04  -8.426310546106856e-04  4.875327757669982e-03
  1.880000000000000e+01  -1.844453003711109e+06  -1.034828546202486e+06  -1.300971200779395e+06  -1.264624748716853e+06  -8.199673471839402e+03  1.131306780154017e+05  -1.297643455549383e-03  -1.314320119712264e-03  4.369563492115258e-03
  1.890000000000000e+01  -1.831078288948904e+06  -1.021913044053710e+06  -1.296581177444391e+06  -1.262144651341806e+06  -5.322448045760801e+03  1.130033640624348e+05  -2.850240957693805e-03  -1.610353533974035e-03  2.689252127824168e-03
  1.900000000000000e+01  -1.821442515595479e+06  -1.017146090450387e+06  -1.295983226143480e+06  -1.257291111641635e+06  4.193788274986414e+03  1.111521756632698e+05  -4.647187868393473e-03  -1.623489990638450e-03  6.370779709427436e-04
  1.910000000000000e+01  -1.818881542868103e+06  -1.023994823791272e+06  -1.297135063007850e+06  -1.251997382463532e+06  1.551761556201778e+04  1.079789556044823e+05  -5.972044850912526e-03  -1.322465262500769e-03  -8.414079308037463e-04
  1.920000000000000e+01  -1.822044367826351e+06  -1.039579982864592e+06  -1.296861660606737e+06  -1.247830714823316e+06  2.453701646784526e+04  1.045615640756675e+05  -6.159031719739393e-03  -7.179415608953416e-04  -1.269915494867376e-03
  1.930000000000000e+01  -1.828003179427576e+06  -1.056472860876479e+06  -1.293127785715931e+06  -1.246044914714359e+06  2.995148657029012e+04  1.023090566652801e+05  -4.924281836657766e-03  1.282816912778295e-04  -8.354537596497851e-04
  1.940000000000001e+01  -1.835480466975879e+06  -1.067214170919886e+06  -1.286355254929231e+06  -1.246877371431914e+06  3.295719718505284e+04  1.016773042820035e+05  -2.754886993775206e-03  1.035219402508626e-03  -1.399330590331783e-04
  1.950000000000001e+01  -1.844219686273859e+06  -1.068244624464479e+06  -1.278745212800835e+06  -1.248727299295832e+06  3.544022392034276e+04  1.016020712271052e+05  -7.405017421158934e-04  1.636547134703452e-03  3.004083289154591e-04
  1.960000000000001e+01  -1.851961415789283e+06  -1.060880849451414e+06  -1.272043396875204e+06  -1.248680233314148e+06  3.843155380214653e+04  1.007350230975084e+05  8.593349975216701e-05  1.492526097216377e-03  3.804725151472661e-04
  1.970000000000001e+01  -1.854336253327242e+06  -1.049413716549450e+06  -1.266527933534040e+06  -1.244400322402521e+06  4.189114020850851e+04  9.926669607948278e+04  -6.757979191538253e-04  3.954214814454331e-04  2.992797341386154e-04
  1.980000000000001e+01  -1.848905985317079e+06  -1.038279508707134e+06  -1.262334550027300e+06  -1.236173508550708e+06  4.541719692412187e+04  9.928577591544452e+04  -2.594347902533327e-03  -1.331148659184728e-03  2.153192553440812e-04
  1.990000000000001e+01  -1.838302725013641e+06  -1.030178461097162e+06  -1.260793428192388e+06  -1.227410091773601e+06  4.886605465792817e+04  1.032813203796147e+05  -4.636483811826905e-03  -2.897461585692430e-03  5.032490374817019e-05
