TITLE = "Temporal Signal for receiver number 01038"
VARIABLES = "Time","xx","yy","zz","xy","yz","xz","u","v","w"
# x1       3.580946160000e+05
# x2       4.722184950000e+06
# x3       -3.000000000000e+03
  0.000000000000000e+00  0.000000000000000e+00  0.000000000000000e+00  0.000000000000000e+00  0.000000000000000e+00  0.000000000000000e+00  0.000000000000000e+00  0.000000000000000e+00  0.000000000000000e+00  0.000000000000000e+00
  1.000000000000000e-01  0.000000000000000e+00  0.000000000000000e+00  0.000000000000000e+00  0.000000000000000e+00  0.000000000000000e+00  0.000000000000000e+00  0.000000000000000e+00  0.000000000000000e+00  0.000000000000000e+00
  2.000000000000000e-01  0.000000000000000e+00  0.000000000000000e+00  0.000000000000000e+00  0.000000000000000e+00  0.000000000000000e+00  0.000000000000000e+00  0.000000000000000e+00  0.000000000000000e+00  0.000000000000000e+00
  3.000000000000000e-01  0.000000000000000e+00  0.000000000000000e+00  0.000000000000000e+00  0.000000000000000e+00  0.000000000000000e+00  0.000000000000000e+00  0.000000000000000e+00  0.000000000000000e+00  0.000000000000000e+00
  4.000000000000000e-01  1.226628698886234e-16  4.311275943161840e-16  1.051844547341083e-16  8.917690828637468e-18  -7.247747932229404e-17  1.274869473588838e-17  9.145727897703285e-25  3.504361029398256e-23  -3.759867616034173e-24
  5.000000000000000e-01  -2.535193584257442e-12  -1.162292250203096e-11  -1.648772450895603e-12  -3.441934036800537e-13  1.431435640411863e-12  -3.289353845060266e-14  -1.169914100148955e-19  -7.564296520796479e-19  2.418981235239892e-20
  6.000000000000000e-01  -1.108153953697723e-10  -5.961505279659144e-10  -9.532725553351077e-11  -7.778557464389528e-11  1.016924232217002e-10  4.911225201834652e-11  -1.757852011360571e-17  -3.211721616345259e-17  4.700376570000339e-18
  7.000000000000000e-01  -2.951158031609849e-11  -2.544156387227244e-09  -1.465154345199439e-10  -2.471317206756827e-09  3.648963997308510e-10  1.464737500012403e-09  -4.271253301993042e-16  -4.035075627582476e-17  -3.278788922306451e-17
  7.999999999999999e-01  -1.460185950389250e-10  -7.221685831763174e-09  -1.156666046272242e-08  -1.111926786709204e-08  -4.919540851699246e-10  5.789205804043343e-09  -2.661667185669216e-15  5.711665210010854e-16  -3.576458485189534e-17
  8.999999999999999e-01  -7.012521604308952e-08  -3.203514237438092e-08  -9.533740912633297e-08  9.237748341613818e-08  -5.027123634787295e-08  -5.145900482927546e-08  6.910265294826829e-15  1.321402563924507e-15  -2.080487614086250e-15
  9.999999999999999e-01  -1.257048038688519e-07  -2.367345082972034e-07  3.191955377543724e-07  1.536623552985407e-07  -1.935166152239289e-07  -1.011711136550961e-07  1.918570987647919e-14  -9.630665569319062e-15  -4.747931186592691e-14
  1.100000000000000e+00  3.288565279685608e-06  5.168942982126415e-06  1.982810913452145e-06  -6.607770156681971e-07  5.411139492402083e-07  1.032166575195085e-06  -1.060535067799152e-13  4.408416162312029e-13  3.100615933985485e-14
  1.200000000000000e+00  -8.656512586574950e-06  -3.789305044125904e-05  -1.331054665230579e-05  1.088714069423815e-05  6.444648338862787e-06  -6.591169953674681e-06  6.629359020118700e-13  -2.340972472926475e-12  2.313359164257708e-13
  1.300000000000000e+00  -6.602114717454216e-05  -4.880707781728541e-05  -2.072977521974601e-05  6.223149137346502e-05  -7.951010506715083e-06  -5.537900570165573e-05  8.623071984281821e-12  -6.609284706622248e-12  -2.518334264226071e-12
  1.400000000000000e+00  4.034958638263172e-04  9.616729365718197e-04  -1.162061300802019e-04  -3.491507705686192e-04  2.361401102969238e-04  2.720435622631074e-04  -3.296692217127220e-11  6.449449806885096e-11  5.312138884703733e-11
  1.500000000000000e+00  -1.848465555116222e-03  -4.742044919065691e-03  -2.340347823898250e-03  1.741484154859145e-03  6.171839154973324e-04  -8.048539729499477e-04  1.898082534193446e-10  -3.282885635699281e-10  1.233641495193506e-10
  1.600000000000000e+00  1.161044143731079e-03  1.010814265150133e-02  5.570813225561859e-03  -2.808830070556066e-03  -4.555542747327445e-03  -7.630674315581333e-05  -2.197405068643064e-10  5.258140557464403e-10  -5.988955400600974e-10
  1.700000000000000e+00  2.137433482936539e-02  1.752649108667510e-02  6.885592482977965e-03  -5.284890821224989e-04  6.265932678938224e-03  9.179332838575702e-03  -2.866908163814127e-10  2.257659945967666e-09  1.172399784265884e-09
  1.800000000000000e+00  -1.032672556254867e-01  -2.027914135286890e-01  -7.405477930328677e-02  8.142967622121817e-03  1.352290535858960e-02  -3.824862822666956e-02  1.486463967176464e-09  -1.769163282687110e-08  -2.567984934272669e-09
  1.900000000000001e+00  3.280484558937531e-01  8.154920640619430e-01  3.207903727720136e-01  -4.146831250700700e-03  -1.107819875690138e-01  9.384436581346065e-02  -2.600118423979562e-09  6.707257642368808e-08  3.757341067140249e-10
  2.000000000000000e+00  -8.539210729895388e-01  -2.415353148281203e+00  -1.045893203528418e+00  -8.593280417726895e-02  4.038182539099822e-01  -1.785861952705970e-01  -5.822894476187978e-09  -1.920131568835723e-07  1.580775643640691e-08
  2.100000000000001e+00  2.434058013867403e+00  7.241962102350541e+00  3.836916265256756e+00  4.259181834163027e-01  -1.649548393493393e+00  3.408547883760670e-01  5.842907889953212e-08  5.706787595008585e-07  -1.478769599822948e-07
  2.200000000000001e+00  -2.873403254278485e+00  -1.512813619055017e+00  -7.758022240305467e+00  -1.964147989323341e-02  2.196145852314656e+00  -2.896369582976608e-01  7.468764164924569e-10  -4.180565462719692e-07  5.379630046690502e-07
  2.300000000000001e+00  -2.377859187502252e+00  -1.812763296367789e+01  -6.917872410501940e-01  -3.712763866768020e+00  3.811975656173701e-01  -1.682242696300533e-01  -3.610444532714086e-07  -1.489715817561917e-06  -3.861040843066209e-07
  2.400000000000001e+00  1.153668721295519e+01  3.274673022311881e+01  2.127296265164302e+01  5.381408246553930e+00  -5.778873937345590e+00  8.772953344376755e-01  4.647209146826965e-07  3.064401858682521e-06  -1.186059461558707e-06
  2.500000000000001e+00  -8.800241328772313e+01  -1.708409167755195e+02  -1.278232329281316e+02  -2.914612845187769e+01  7.562200452272988e+01  2.210318120190587e+01  -4.384924261137192e-06  -1.446670828264040e-05  1.179412360107392e-05
  2.600000000000001e+00  -3.314931739296091e+02  -7.622819369015663e+02  -4.349687561606005e+02  -1.348448732496659e+02  1.988716923419678e+02  5.318524972797875e+01  -1.790584281440545e-05  -6.411649845681550e-05  3.008556330329046e-05
  2.700000000000001e+00  -3.702913585492821e+02  -1.008387204302087e+03  -4.758694541111350e+02  -1.595896503871865e+02  2.460562719396605e+02  5.312040626293771e+01  -1.951293528375501e-05  -8.406086320260387e-05  3.232233568156557e-05
  2.800000000000001e+00  -1.124633653631112e+02  -6.673934035431550e+02  -2.028537841839030e+02  -5.666874046397693e+01  2.543203259037718e+02  3.456105507965454e+01  -2.679070480385535e-06  -5.682250101922577e-05  2.459049929437084e-05
  2.900000000000001e+00  -2.050932419904397e+01  -6.369829061759197e+02  -1.470159647655949e+02  -1.338482319951986e+01  3.441129072666571e+02  4.011930498203193e+01  5.085538042487153e-06  -5.762143982201591e-05  2.909242919443600e-05
  3.000000000000001e+00  -1.982635735810245e+02  -1.133050995460221e+03  -3.987376764665403e+02  -1.100891220383246e+02  4.849242157894686e+02  9.085171932091774e+01  -8.646544849732649e-06  -1.029553519813283e-04  4.540296903669590e-05
  3.100000000000001e+00  -7.115288778091549e+02  -2.397937007373249e+03  -1.156948472724302e+03  -2.696636011476955e+02  8.304838772712950e+02  1.297766121295519e+02  -2.916698682020980e-05  -2.193640830455819e-04  9.734852118055007e-05
  3.200000000000002e+00  -1.508303823348908e+03  -4.904457791211088e+03  -2.176110424174405e+03  -6.955838106035360e+02  1.614773620667037e+03  3.661280628031161e+02  -8.238693653834162e-05  -4.291002273720412e-04  1.917871938955199e-04
  3.300000000000002e+00  -4.063040587860746e+03  -1.101976057826002e+04  -5.872147460882054e+03  -1.694569503489560e+03  3.992601488457234e+03  1.014627969832508e+03  -2.238500784130516e-04  -9.400406703936133e-04  5.094823755174644e-04
  3.400000000000002e+00  -1.406383449142746e+04  -3.475556321254545e+04  -1.935165239110285e+04  -5.442882378991439e+03  1.118352718100113e+04  2.908886427972613e+03  -7.238496390944034e-04  -2.938612379129864e-03  1.549266374666433e-03
  3.500000000000002e+00  -3.044699686155354e+04  -7.749964590825819e+04  -4.211180255494298e+04  -1.238507497248053e+04  2.455492497260135e+04  6.233154126915579e+03  -1.638853497516618e-03  -6.477267503411535e-03  3.333036608734747e-03
  3.600000000000002e+00  -4.935492096708776e+04  -1.317503574317164e+05  -7.090471685828223e+04  -1.953694851335293e+04  4.414152922893548e+04  1.037509343429070e+04  -2.483154267607758e-03  -1.109268878070939e-02  5.882797576598509e-03
  3.700000000000002e+00  -6.401113715818714e+04  -1.884456615403310e+05  -1.025014394962304e+05  -2.490980559417084e+04  7.237843505995687e+04  1.492942746018605e+04  -2.965461585579562e-03  -1.603469941821416e-02  9.263353676821127e-03
  3.800000000000002e+00  -5.969919790340423e+04  -2.162212967838905e+05  -1.176307725398365e+05  -2.137903990317315e+04  1.007833194318649e+05  1.766751693358354e+04  -2.259079093467435e-03  -1.878520435201120e-02  1.184354013470793e-02
  3.900000000000002e+00  -4.346512917268584e+04  -2.373673936978109e+05  -1.159596963355322e+05  -1.262721968534160e+04  1.308474039890691e+05  1.847085639725891e+04  -7.953567142752492e-04  -2.101147030339603e-02  1.334143742305196e-02
  4.000000000000002e+00  -1.361652597477000e+04  -2.233084606270844e+05  -1.191017598155923e+05  1.066372891939003e+04  1.639800804311353e+05  1.606562086210844e+04  2.463662926999063e-03  -2.017907810098725e-02  1.635205037400662e-02
  4.100000000000001e+00  -2.588684415800227e+04  -2.889276752038549e+05  -2.058664262846314e+05  1.780012419711816e+04  2.387228949269997e+05  3.217737178856273e+04  2.693380033526199e-03  -2.723016054794046e-02  2.595139349480038e-02
  4.200000000000001e+00  1.681443604996994e+03  -3.391380516891624e+05  -2.380033576573066e+05  3.724363156381978e+04  3.115417684483298e+05  3.856609676174763e+04  5.014790381762407e-03  -3.222960360888729e-02  3.142603887475781e-02
  4.300000000000001e+00  1.300264295964355e+05  -2.108733004631286e+05  -1.875965694324865e+05  1.260680694428498e+05  3.522836026309307e+05  1.439360864677621e+04  1.778363969019277e-02  -2.284762220719562e-02  3.160893865159810e-02
  4.400000000000000e+00  2.382027144031661e+05  -9.435112299851034e+04  -1.370834888796906e+05  1.854219661999349e+05  3.912681158376544e+05  9.510344328647689e+03  2.447412093458842e-02  -1.524584394119469e-02  3.057131195787682e-02
  4.500000000000000e+00  2.968938016042596e+05  -3.149056353452994e+04  -9.040475375772368e+04  1.943604326517621e+05  4.134852990795644e+05  2.479579485200731e+04  2.238888387263666e-02  -1.166470026483552e-02  2.659430913610637e-02
  4.600000000000000e+00  3.633160137554535e+05  2.972672748058263e+04  -7.037176194662119e+04  2.560450236828667e+05  4.317770439375514e+05  1.144397690627198e+04  2.831577051408258e-02  -7.390738067391954e-03  2.307331266667753e-02
  4.699999999999999e+00  4.455385381157235e+05  1.054404030463895e+05  -4.023556377294359e+04  3.583527787446209e+05  4.616670770010396e+05  -1.021334646564706e+04  3.969929422845107e-02  -7.932531980912446e-04  2.390473773927121e-02
  4.799999999999999e+00  5.306727277439636e+05  2.205714492808881e+05  -7.227839750276072e+04  4.245357022956848e+05  5.111339353518413e+05  8.047335029250317e+03  4.661048278902254e-02  1.256020955472743e-02  3.863327128692571e-02
  4.899999999999999e+00  5.352849185380591e+05  3.687846908922374e+05  -2.746338604860336e+05  4.393269918239522e+05  5.378951839660131e+05  3.480441002056620e+04  4.286291650013276e-02  3.019413815342597e-02  6.116892463459037e-02
  4.999999999999998e+00  2.955595574229581e+05  3.696148235185147e+05  -2.896585102190856e+05  2.612687068673756e+05  4.167213779532628e+05  9.643570755448080e+04  -1.810241280900924e-04  2.644168528909540e-02  4.353709601410762e-02
  5.099999999999998e+00  -2.430039623226049e+05  -3.959477262920065e+04  4.329596023302079e+05  -3.039569377693641e+05  5.234403458168850e+04  2.602066681009251e+05  -1.045046713469444e-01  -2.089269984291766e-02  -5.620873568798199e-02
  5.199999999999998e+00  -7.991289746138073e+05  -6.958656264886199e+05  1.595308653698156e+06  -1.013384906387844e+06  -3.900153749402526e+05  4.126402140083747e+05  -2.145046122875544e-01  -8.174902598698527e-02  -1.844478559417445e-01
  5.299999999999997e+00  -9.308701025447506e+05  -1.040870539445229e+06  2.128507065107148e+06  -1.285165470803399e+06  -5.696592527179854e+05  3.784844148403601e+05  -2.341972136702367e-01  -1.002309035872505e-01  -2.276604172857025e-01
  5.399999999999997e+00  -5.518575721192368e+05  -8.596910864489650e+05  1.579038645259568e+06  -9.398574995413473e+05  -3.653272852628331e+05  1.954179098676650e+05  -1.510037859187584e-01  -6.905567447897598e-02  -1.511297923511226e-01
  5.499999999999996e+00  -2.332543211929115e+04  -4.892826469305791e+05  6.124684405820380e+05  -3.864308085164570e+05  3.292395150586640e+03  4.715685713137469e+04  -4.769158629899508e-02  -2.863035496675794e-02  -2.653306353805264e-02
  5.599999999999996e+00  3.033208398939337e+05  -2.542149130499173e+05  1.493562927001377e+04  -4.632404993540806e+04  2.360178454837821e+05  1.185650805993381e+04  7.488226574164756e-03  -5.388588641443134e-03  6.089646634106776e-02
  5.699999999999996e+00  3.856481314951878e+05  -1.253669793717130e+05  -1.238009894529220e+05  3.912557225546466e+04  2.398179564067283e+05  1.982151408567894e+04  1.549291216200899e-02  7.419205256389158e-03  7.858773086476782e-02
  5.799999999999995e+00  3.512032370248205e+05  2.122224123645477e+04  -1.197558111835668e+05  3.509372133738096e+04  1.418855259688218e+05  -7.670119166833008e+03  6.529272984127572e-03  1.988424759975278e-02  4.383756597693451e-02
  5.899999999999995e+00  3.011179722992659e+05  1.529460887222229e+05  -1.319948309640184e+05  3.514401542149406e+04  8.637654082522978e+04  -6.329043055779567e+04  -4.722513147720664e-04  3.205693918757382e-02  -3.838265001649493e-03
  5.999999999999995e+00  2.636150534686063e+05  1.621903220708439e+05  -1.216915568742350e+05  2.378486359520542e+04  8.244224109512437e+04  -9.097594763799605e+04  -1.931019356031827e-03  3.999020509420708e-02  -3.124782573079647e-02
  6.099999999999994e+00  2.215090002184324e+05  3.429178764691776e+04  -5.557480567431502e+04  -2.341974174085002e+04  7.937745014572954e+04  -6.800138194177080e+04  -6.282868282026730e-04  3.717520149505441e-02  -3.013490874988345e-02
  6.199999999999994e+00  1.599507174766504e+05  -1.369620350959565e+05  4.081731180948972e+04  -8.545793587915965e+04  7.674466557274536e+04  -1.669859297639552e+04  -1.250353413642015e-03  2.179014973608547e-02  -1.679773094087172e-02
  6.299999999999994e+00  1.007639461225357e+05  -2.501764957865587e+05  1.250997058662195e+05  -1.222610518306878e+05  8.801476595409011e+04  3.138497376713292e+04  -6.602329644290568e-03  3.963466489261308e-03  -8.507184906687273e-03
  6.399999999999993e+00  8.882516833062383e+04  -2.722439699583739e+05  1.611282702523591e+05  -1.205383521850282e+05  1.013395947162934e+05  5.632430576937860e+04  -1.163967126310756e-02  -5.042730127434474e-03  -5.984559560431864e-03
  6.499999999999993e+00  1.216198606148375e+05  -2.596330976461454e+05  1.185436110398985e+05  -9.891033990853226e+04  9.351034186640439e+04  6.009458135026859e+04  -8.213999089704979e-03  -5.265370924767752e-03  -5.101528434204379e-03
  6.599999999999993e+00  1.515960705344510e+05  -2.800461468730510e+05  1.160784132190572e+04  -7.494939281940337e+04  5.105649633419298e+04  6.559253623323048e+04  2.861350656270094e-03  -1.758948928721479e-03  -8.026190333584300e-03
  6.699999999999992e+00  1.654479591883590e+05  -3.215929112774738e+05  -1.142097032205198e+05  -4.640169728950871e+04  -1.541242456606880e+04  8.229865937249357e+04  1.306198987077463e-02  2.611808456517820e-03  -1.868346872436965e-02
  6.799999999999992e+00  1.909966088779877e+05  -3.369496593188972e+05  -2.505411706858910e+05  -4.681176930887913e+03  -8.792411215146846e+04  8.325384550626797e+04  1.747976054229148e-02  3.219028627966124e-03  -3.623733043728724e-02
  6.899999999999991e+00  2.479831588462555e+05  -3.256411807276209e+05  -4.028719639243046e+05  5.145823649822874e+04  -1.576514494098992e+05  4.944380881453418e+04  1.879923458120047e-02  -4.248844175876733e-03  -5.453749768728532e-02
  6.999999999999991e+00  3.344624159791796e+05  -2.993250390500870e+05  -5.104556493786873e+05  1.128261309611610e+05  -2.214167704173204e+05  9.752527270012484e+03  2.095237126372901e-02  -1.374694582976438e-02  -6.754967381060710e-02
  7.099999999999991e+00  4.429385503330210e+05  -2.156514024929950e+05  -4.806543023180444e+05  1.594148811481606e+05  -2.732411671673720e+05  3.708855011487592e+03  2.392476793446916e-02  -1.120964863761021e-02  -7.301844945025240e-02
  7.199999999999990e+00  5.520592063410014e+05  -4.082686923627606e+04  -3.337726954424854e+05  1.814703879374544e+05  -2.879144741581154e+05  2.828340294175832e+04  2.673738478387617e-02  8.001421757655596e-03  -7.018396901405408e-02
  7.299999999999990e+00  6.285448250807085e+05  2.084182037924456e+05  -1.988057535879570e+05  1.997748007719071e+05  -2.409347476260744e+05  3.738668702396815e+04  2.949272427046383e-02  3.526462238414872e-02  -5.884654869529757e-02
  7.399999999999990e+00  6.369750577543954e+05  4.593907514468304e+05  -1.751314501179455e+05  2.330372158172808e+05  -1.428164760912308e+05  -1.260912490080109e+04  2.934305139172571e-02  5.834721059452844e-02  -4.156306653511629e-02
  7.499999999999989e+00  5.600964761140174e+05  6.320572561746375e+05  -2.474810783629444e+05  2.658574615355721e+05  -4.616757840657687e+04  -1.221534631927343e+05  2.127619397769566e-02  7.148313284212468e-02  -2.481531531948259e-02
  7.599999999999989e+00  4.253527703759720e+05  7.013472931355170e+05  -3.320227843372068e+05  2.673160437194725e+05  -3.371357692384718e+03  -2.485896466861315e+05  4.267436929166687e-03  7.636637857776607e-02  -1.455430015453972e-02
  7.699999999999989e+00  2.857199539600877e+05  6.770395956421664e+05  -3.762218322860518e+05  2.386664478125558e+05  -2.473904178449309e+04  -3.395833478744334e+05  -1.520381816807171e-02  7.456764261886575e-02  -1.299008765027228e-02
  7.799999999999988e+00  1.856055927614306e+05  6.117009380932907e+05  -3.793348397812679e+05  2.071208078910764e+05  -7.902388621489248e+04  -3.696619161965438e+05  -2.919847085121383e-02  6.836872907380130e-02  -1.895041603057844e-02
  7.899999999999988e+00  1.287292003891612e+05  5.503634532841612e+05  -3.650354124169260e+05  1.900617405060983e+05  -1.196025015727033e+05  -3.423584164791662e+05  -3.436292402338572e-02  6.063242784828064e-02  -2.742459095640765e-02
  7.999999999999988e+00  8.361429363569016e+04  5.048042340908259e+05  -3.483203290328417e+05  1.932339541277937e+05  -1.322372053059528e+05  -2.744787458695028e+05  -3.069450558995953e-02  5.487934878668251e-02  -3.338617010996058e-02
  8.099999999999987e+00  2.982464660577909e+04  4.569308272660333e+05  -3.431724168790106e+05  2.051471658300959e+05  -1.234870578132086e+05  -1.835250556323410e+05  -2.182454469512626e-02  5.213897297652172e-02  -3.370191571554042e-02
  8.199999999999987e+00  -4.114652644480103e+04  3.551829976234810e+05  -3.713599578458856e+05  2.266440464382367e+05  -9.228025787523240e+04  -9.728637967529977e+04  -9.203973651035776e-03  4.723668451231477e-02  -2.703355221516963e-02
  8.299999999999986e+00  -8.700380917666004e+04  2.423691496465787e+05  -3.895862649487630e+05  2.485794894274547e+05  -5.684967120088377e+04  -3.548729315737000e+04  3.862440094778106e-03  4.098865059146616e-02  -1.768703806302549e-02
  8.399999999999986e+00  -8.144745171108520e+04  1.766070514822684e+05  -3.660015114298434e+05  2.473869668518455e+05  -1.827872446181060e+04  -5.266716107769726e+02  1.263615302344060e-02  3.534868746779096e-02  -8.114386858161711e-03
  8.499999999999986e+00  -4.757705701023918e+04  1.463075846112025e+05  -3.134926812512588e+05  2.167954163522534e+05  3.557199969129696e+04  1.595033032829723e+04  1.484150770029520e-02  2.940562659317531e-02  1.376135532202185e-03
  8.599999999999985e+00  -1.194501896635208e+04  1.215997683960562e+05  -2.394186178761132e+05  1.858686946000021e+05  9.686480025955006e+04  2.161016793536508e+04  1.316707567476881e-02  2.286967905750210e-02  8.126842373595723e-03
  8.699999999999985e+00  -1.015332063093919e+04  5.895455469527221e+04  -1.659732628708342e+05  1.885347869606745e+05  1.589572755938492e+05  1.868891472393267e+04  1.290820955302024e-02  1.379112506956271e-02  1.371194886456178e-02
  8.799999999999985e+00  -5.315747947176698e+04  -2.598160034640764e+04  -1.259274945010252e+05  1.953585695976697e+05  2.396001992431128e+05  1.756804235377792e+04  1.245877146402268e-02  3.453102068287403e-03  2.563156761693757e-02
  8.899999999999984e+00  -1.038009655987023e+05  -7.149892628325488e+04  -1.338017824159812e+05  1.357013257962060e+05  3.511567924507644e+05  3.873916729046060e+04  5.589509451668708e-03  -3.982808486861109e-03  4.695957279921201e-02
  8.999999999999984e+00  -1.136279206146254e+05  -8.489720358260216e+04  -1.600412887596515e+05  -1.118507463166657e+03  4.630680663568906e+05  8.263832519914785e+04  -7.963829169299620e-03  -8.761192589852805e-03  6.863494930202896e-02
  9.099999999999984e+00  -7.795156096874981e+04  -1.514430903282599e+05  -1.459630923248480e+05  -1.345140220904016e+05  5.181910661600407e+05  1.227614165312641e+05  -2.033249326302297e-02  -1.602362872321609e-02  7.723343414552521e-02
  9.199999999999983e+00  -2.818848430821599e+04  -2.890644815025008e+05  -6.126960560565548e+04  -1.849353761673230e+05  4.943610070410931e+05  1.326410858174243e+05  -2.461537663867959e-02  -2.602375446169779e-02  6.981215901287331e-02
  9.299999999999983e+00  9.830825793909151e+03  -4.055984941539227e+05  4.880104116779369e+04  -1.570909225810988e+05  4.309839160435512e+05  1.086115272110099e+05  -2.071022316649468e-02  -3.287318788018047e-02  5.530722577174316e-02
  9.399999999999983e+00  3.429694622263678e+04  -4.261702515690278e+05  9.989815796577820e+04  -1.087873518304316e+05  3.860073856062195e+05  6.999473349972891e+04  -1.221213468050256e-02  -3.353922596955356e-02  4.329339134454792e-02
  9.499999999999982e+00  5.905973103746324e+04  -3.591289283394077e+05  7.617426203986935e+04  -7.320465322866233e+04  3.755451528852546e+05  4.608437591534982e+04  -2.240793027153461e-03  -2.944042824221374e-02  3.553114253059848e-02
  9.599999999999982e+00  9.239071940052588e+04  -2.592361887927725e+05  3.812410662344447e+04  -4.337283379887456e+04  3.777374735981286e+05  5.971085794959059e+04  6.932888195570349e-03  -2.292331345851545e-02  2.919090851262923e-02
  9.699999999999982e+00  1.207837403517609e+05  -1.954599714319562e+05  3.110776576882776e+04  -5.233499279391876e+03  3.743202666688937e+05  1.100447441059561e+05  1.397519820883903e-02  -1.795575763098706e-02  2.402784227391522e-02
  9.799999999999981e+00  1.361383783855517e+05  -1.995765264257143e+05  6.518535126712412e+04  3.642822318601362e+04  3.656020623202906e+05  1.711361661114589e+05  1.856800954344732e-02  -1.808080487564609e-02  2.268658827318189e-02
  9.899999999999981e+00  1.569145350022904e+05  -2.472945900302664e+05  1.355810324501781e+05  6.334041360086133e+04  3.617670993959383e+05  2.123367916873913e+05  2.082225994783986e-02  -2.321841961055799e-02  2.726376257059356e-02
  9.999999999999980e+00  1.965300577669206e+05  -3.045756728320876e+05  2.072603128827848e+05  6.977710635136846e+04  3.691930399357573e+05  2.185372545514526e+05  2.189940493702045e-02  -3.051860784652155e-02  3.694708745256358e-02
  1.009999999999998e+01  2.444521861876116e+05  -3.479937792741260e+05  2.416194818529554e+05  6.767654609062312e+04  3.847249615351684e+05  1.911508946646826e+05  2.347890025775900e-02  -3.648833069619232e-02  4.841238693777787e-02
  1.019999999999998e+01  2.847232803896628e+05  -3.609274904732290e+05  2.448199863359696e+05  6.846306927989065e+04  4.033596306561311e+05  1.407604075452903e+05  2.583706117308081e-02  -3.925039964866672e-02  5.879492557506340e-02
  1.029999999999998e+01  3.119429734008890e+05  -3.469766416549183e+05  2.502292333566216e+05  6.699444876236272e+04  4.224464691973981e+05  8.422620814508277e+04  2.649973140243023e-02  -3.932664335239162e-02  6.652411358401915e-02
  1.039999999999998e+01  3.328121035440431e+05  -3.221989368440110e+05  2.803152795536243e+05  4.779362424003176e+04  4.363873169743838e+05  4.142059142131177e+04  2.214638621681841e-02  -3.785744615809419e-02  7.058329669898440e-02
  1.049999999999998e+01  3.506984334606422e+05  -2.958507318026695e+05  3.280378784261199e+05  8.019697596058448e+03  4.338327964400194e+05  2.748240653692966e+04  1.303745092878844e-02  -3.523135874468508e-02  6.984567042413664e-02
  1.059999999999998e+01  3.601161226717900e+05  -2.697689192290129e+05  3.663203100860190e+05  -3.643058243158675e+04  4.008859169277112e+05  4.186733884936597e+04  3.273960452798900e-03  -3.186586989543048e-02  6.312004977102420e-02
  1.069999999999998e+01  3.604308886423502e+05  -2.491928466588712e+05  3.761769247656319e+05  -7.018385453972388e+04  3.320417791458430e+05  6.759547585737129e+04  -3.468968000007538e-03  -2.921459982796264e-02  5.053765699092459e-02
  1.079999999999998e+01  3.624294859930336e+05  -2.398245678721885e+05  3.609991011178825e+05  -9.666315050220731e+04  2.384963560229258e+05  8.401806209716835e+04  -7.565398076210966e-03  -2.827644068781753e-02  3.397205824920804e-02
  1.089999999999998e+01  3.742370866062521e+05  -2.350488210315091e+05  3.332662237530799e+05  -1.265244595684603e+05  1.420580014776806e+05  7.978068573807555e+04  -1.170096200815157e-02  -2.793100565112720e-02  1.637856444796159e-02
  1.099999999999998e+01  3.901337191414182e+05  -2.140724773157265e+05  2.990553678158625e+05  -1.554057593124607e+05  6.154611035760761e+04  5.702655621047128e+04  -1.651297889366619e-02  -2.568592372891054e-02  7.077245619988519e-04
  1.109999999999998e+01  4.003460408828192e+05  -1.593404439789895e+05  2.595229708368809e+05  -1.677739951488494e+05  3.584309909376219e+03  2.933627625260234e+04  -2.025348482132602e-02  -2.017153046001673e-02  -1.139134318628275e-02
  1.119999999999998e+01  4.039560784425015e+05  -7.171930021263892e+04  2.185128617205111e+05  -1.570320447345891e+05  -3.606480549015297e+04  1.434026482344503e+04  -2.142386945386350e-02  -1.208961203592047e-02  -2.006283133656629e-02
  1.129999999999998e+01  4.048291850166360e+05  2.588854509949393e+04  1.804315768775739e+05  -1.305053812137745e+05  -6.162624308398503e+04  1.815538992150709e+04  -1.978943984382316e-02  -3.687830696075238e-03  -2.590788378229646e-02
  1.139999999999998e+01  4.047891349814234e+05  1.097779889597091e+05  1.469212860790367e+05  -1.013213683670620e+05  -7.667120488162219e+04  3.057761879641641e+04  -1.616355130741761e-02  3.242841560247446e-03  -2.959983600579677e-02
  1.149999999999998e+01  4.006544466315072e+05  1.750861915770269e+05  1.172761407780675e+05  -7.954158501511051e+04  -8.981880867385934e+04  3.892262293559835e+04  -1.193936912523845e-02  8.544293253506136e-03  -3.240063791312623e-02
  1.159999999999997e+01  3.837022419894044e+05  2.227045519409967e+05  8.789651173173488e+04  -6.696661124800339e+04  -1.071380080357997e+05  3.912663540068715e+04  -8.053388942534000e-03  1.240733081083951e-02  -3.513820414507636e-02
  1.169999999999997e+01  3.530833707425100e+05  2.533776923297539e+05  5.741076833549904e+04  -6.087319158413688e+04  -1.233918159688697e+05  3.636712662989061e+04  -4.781975169745870e-03  1.513304994757162e-02  -3.726582866967088e-02
  1.179999999999997e+01  3.221962422218916e+05  2.758138410851774e+05  2.828333242936174e+04  -5.749986236512568e+04  -1.267851097279553e+05  3.958994330172259e+04  -1.859625301995767e-03  1.783785358700861e-02  -3.747400485842783e-02
  1.189999999999997e+01  3.036262933960173e+05  3.014698340061552e+05  1.459418479588707e+03  -5.078931249169544e+04  -1.105982985652024e+05  5.155727735446080e+04  1.382037694798730e-03  2.184059961322869e-02  -3.509002162658011e-02
  1.199999999999997e+01  2.961209626603820e+05  3.347453346945277e+05  -2.423362108997813e+04  -3.632152710876109e+04  -8.125605595195109e+04  6.481942696569979e+04  5.064546693928055e-03  2.748672092581667e-02  -3.112377290299908e-02
  1.209999999999997e+01  2.873876759572976e+05  3.675919915610650e+05  -5.127761900106491e+04  -1.766783595303221e+04  -5.424142893607791e+04  6.824870981136737e+04  8.197267214788712e-03  3.363197811625497e-02  -2.771321742958476e-02
  1.219999999999997e+01  2.682236155312957e+05  3.840179712280527e+05  -8.196085741454162e+04  -3.464660456902810e+03  -4.062573279432207e+04  5.563910782316834e+04  9.418499228859503e-03  3.823494702450581e-02  -2.616919575636306e-02
  1.229999999999997e+01  2.421634095731633e+05  3.753537260753991e+05  -1.137816637016313e+05  1.154513443536351e+03  -3.816168735292141e+04  2.947853278776705e+04  8.121804735147384e-03  3.979662753980830e-02  -2.593771962725670e-02
  1.239999999999997e+01  2.211735825830066e+05  3.495963767323183e+05  -1.381251770374223e+05  -1.010085833411639e+03  -3.621557321012934e+04  -1.582229988735445e+03  5.236929113886380e-03  3.836843216595492e-02  -2.559654540765404e-02
  1.249999999999997e+01  2.125420699332712e+05  3.202875043101780e+05  -1.510195408196014e+05  -3.118425677191530e+03  -2.538160004844759e+04  -2.759443297848940e+04  2.583109848729847e-03  3.476387023041858e-02  -2.415379700878499e-02
  1.259999999999997e+01  2.136181938223142e+05  2.911991939014279e+05  -1.606512060300662e+05  1.864930222462735e+02  -1.261974518218179e+03  -4.256564675294016e+04  1.441924722883335e-03  2.947546815211270e-02  -2.140786965093448e-02
  1.269999999999997e+01  2.173615685515346e+05  2.613276076937146e+05  -1.765874371753431e+05  1.210891339799155e+04  3.375616238828022e+04  -4.639484223133032e+04  2.118360140631219e-03  2.336682562011491e-02  -1.776361134151386e-02
  1.279999999999997e+01  2.156375920317493e+05  2.332882059878614e+05  -1.985289239722634e+05  3.241152970522425e+04  7.194098862382333e+04  -4.230085764380723e+04  3.824833822179475e-03  1.818051933258003e-02  -1.378109388510066e-02
  1.289999999999997e+01  2.014432922606101e+05  2.083532360555833e+05  -2.193760587414427e+05  5.601568432987010e+04  1.077386958102230e+05  -3.382696470718327e+04  5.055496433548941e-03  1.525973968880904e-02  -9.610257917854156e-03
  1.299999999999997e+01  1.759040349774917e+05  1.840402621054694e+05  -2.304921679293984e+05  7.564156709849839e+04  1.412384363778851e+05  -2.568135813485463e+04  4.733206163518216e-03  1.443110467992312e-02  -5.041733539921317e-03
  1.309999999999997e+01  1.508217151845366e+05  1.582204186602370e+05  -2.234526396088048e+05  8.672728982405100e+04  1.729793545116429e+05  -2.426147680495703e+04  3.164015517525792e-03  1.442951714796658e-02  -1.608429226747310e-04
  1.319999999999997e+01  1.372267760492740e+05  1.275562385134373e+05  -1.973924974221044e+05  8.967334756900866e+04  1.999109272907900e+05  -3.166822341625777e+04  1.769691990957754e-03  1.376760428663469e-02  4.508668565385878e-03
  1.329999999999997e+01  1.363397398532763e+05  8.763585341428297e+04  -1.608429176415060e+05  8.821084867249997e+04  2.176626658222004e+05  -4.207112611928115e+04  1.714796070654346e-03  1.143038321991273e-02  8.393404043077032e-03
  1.339999999999997e+01  1.438296014028932e+05  3.873326770693777e+04  -1.219856217609411e+05  8.710546641808716e+04  2.252984567934850e+05  -4.657449860919103e+04  3.067246654270691e-03  7.364178753707019e-03  1.118439740650802e-02
  1.349999999999997e+01  1.558521916271666e+05  -1.387806146591344e+04  -8.281515297621969e+04  8.920519948729253e+04  2.265741857978179e+05  -4.081163427882763e+04  4.990129555995250e-03  2.167925173566849e-03  1.308296892627431e-02
  1.359999999999997e+01  1.712307702012326e+05  -6.376740295410294e+04  -4.279590809646088e+04  9.294733687424370e+04  2.271226862787041e+05  -2.750401962114172e+04  6.424402958854673e-03  -3.512594703312634e-03  1.477724795702019e-02
  1.369999999999997e+01  1.909501793940115e+05  -1.059554041919257e+05  -2.266758170317184e+03  9.386368198510681e+04  2.301772985284442e+05  -1.238451279939434e+04  6.800152333957681e-03  -9.158315471776686e-03  1.677801311763058e-02
  1.379999999999997e+01  2.147655547156671e+05  -1.397526630227110e+05  3.938006840342710e+04  8.918281818978763e+04  2.331187701505565e+05  4.854876399317546e+02  6.205820596491305e-03  -1.434625319886451e-02  1.848451599335562e-02
  1.389999999999997e+01  2.377292061131582e+05  -1.687220934423817e+05  8.248807176677798e+04  8.026200164601317e+04  2.286767357455100e+05  1.067669873890950e+04  5.019036038881030e-03  -1.859515469645570e-02  1.825554012438553e-02
  1.399999999999997e+01  2.526187963987281e+05  -1.941216272184101e+05  1.230323269888626e+05  7.001451962629297e+04  2.118785041295632e+05  2.054153657495139e+04  3.601407936900247e-03  -2.132041096649044e-02  1.515352613810414e-02
  1.409999999999997e+01  2.551882708184480e+05  -2.118758504375911e+05  1.523794137058518e+05  5.904896507491246e+04  1.870580850825603e+05  3.105452861028646e+04  2.273910463123539e-03  -2.223256010435936e-02  1.057693433774412e-02
  1.419999999999997e+01  2.459496846807102e+05  -2.183815447258901e+05  1.638349285339570e+05  4.701127607187977e+04  1.649627289614784e+05  3.972483160253836e+04  1.585921144153172e-03  -2.173563752146821e-02  7.466381041665645e-03
  1.429999999999997e+01  2.281064876345612e+05  -2.164886308804379e+05  1.580665292255024e+05  3.770432216116021e+04  1.516659856409410e+05  4.407368539978137e+04  2.500453911855407e-03  -2.078299891880050e-02  7.523508407001048e-03
  1.439999999999996e+01  2.062802825692205e+05  -2.135305828676974e+05  1.426928622948648e+05  3.782544090045345e+04  1.433157717407697e+05  4.531918082863534e+04  5.621098891803827e-03  -2.023436373859144e-02  9.582895024469597e-03
  1.449999999999996e+01  1.876805305245479e+05  -2.119976805675034e+05  1.287381455371416e+05  4.893705302531282e+04  1.329061950028220e+05  4.716139252320192e+04  1.002916488600469e-02  -2.016853368463833e-02  1.109639420065715e-02
  1.459999999999996e+01  1.795115558525837e+05  -2.064872391925233e+05  1.230769730140298e+05  6.439100209148788e+04  1.189733349473822e+05  5.135460637671157e+04  1.343230149805172e-02  -1.999897466073548e-02  1.066357675087382e-02
  1.469999999999996e+01  1.838940641200472e+05  -1.925531466826177e+05  1.240289132748778e+05  7.537653027298122e+04  1.052560454268932e+05  5.599966854052282e+04  1.382457780652456e-02  -1.940867308314152e-02  8.658876814026859e-03
  1.479999999999996e+01  1.980610447247235e+05  -1.728405484933171e+05  1.250165142908463e+05  7.817080141761428e+04  9.481858671868162e+04  5.833022542274679e+04  1.102887044912747e-02  -1.867048289923024e-02  6.116822724986009e-03
  1.489999999999996e+01  2.177053021656190e+05  -1.542727747103807e+05  1.191269467992807e+05  7.477573707682289e+04  8.774501646753440e+04  5.819883687488473e+04  6.550595839568989e-03  -1.814354387208957e-02  3.618996566221143e-03
  1.499999999999996e+01  2.379644920965977e+05  -1.414326687891753e+05  1.020330480623522e+05  6.876263379471122e+04  8.265298256095972e+04  5.829546216717368e+04  2.233667812028749e-03  -1.780852667244869e-02  1.079359506822966e-03
  1.509999999999996e+01  2.530955591254565e+05  -1.319908788924012e+05  7.524054194675115e+04  6.256431458260889e+04  7.790162616851703e+04  6.096266256490432e+04  -7.735145695365733e-04  -1.724291650053392e-02  -1.744105659575202e-03
  1.519999999999996e+01  2.579148235447778e+05  -1.205014803817173e+05  4.605326553270516e+04  5.736481768215544e+04  7.225468115726492e+04  6.481025565718658e+04  -2.237794052173081e-03  -1.607808776567250e-02  -4.719781760495230e-03
  1.529999999999996e+01  2.514853463644713e+05  -1.048290516959196e+05  2.317009956535963e+04  5.377382846386598e+04  6.585803704962095e+04  6.542403597470005e+04  -2.383622664983892e-03  -1.434449262484283e-02  -7.087016300796981e-03
  1.539999999999996e+01  2.382584064170281e+05  -8.749884169093492e+04  1.051874556706436e+04  5.197788934318179e+04  6.055115484337034e+04  5.977619519590030e+04  -1.477143631592686e-03  -1.232927940666279e-02  -7.845835646603280e-03
  1.549999999999996e+01  2.238384600258326e+05  -7.323957389880579e+04  4.977617958692293e+03  5.194104750737508e+04  5.839648635150567e+04  4.923632294922604e+04  2.285083672744624e-04  -1.031735881091425e-02  -6.646800449084421e-03
  1.559999999999996e+01  2.102735857417450e+05  -6.436408798049116e+04  -2.677010691902195e+02  5.369570684727754e+04  5.998580337778218e+04  3.875157085231958e+04  2.388402806239829e-03  -8.345083010777680e-03  -4.263354593533628e-03
  1.569999999999996e+01  1.962580583522787e+05  -5.716400038452195e+04  -1.004849928184564e+04  5.682477195137076e+04  6.455187622150565e+04  3.277834678277012e+04  4.408708326345264e-03  -6.071981744553420e-03  -2.064166449769519e-03
  1.579999999999996e+01  1.806153714525984e+05  -4.446068598409084e+04  -2.403526367488232e+04  6.025729422311299e+04  7.142369593307935e+04  3.151930726190412e+04  5.602476081559777e-03  -3.174705081000975e-03  -8.563235185612741e-04
  1.589999999999996e+01  1.643757638163820e+05  -2.357137100029440e+04  -3.892966489003285e+04  6.223971203824341e+04  8.086826351833784e+04  3.195036569964134e+04  5.485759767700705e-03  4.846343932956288e-05  -3.919903989470050e-04
  1.599999999999996e+01  1.511501377412947e+05  6.309097845985417e+02  -5.001577572189505e+04  6.007957352948595e+04  9.302289736371354e+04  3.212408671020303e+04  3.951904088499512e-03  2.710512964916213e-03  7.812685360064685e-05
  1.609999999999996e+01  1.447058726267259e+05  2.130121429534339e+04  -5.272926764574511e+04  5.111650635510845e+04  1.066882374541484e+05  3.319443907968099e+04  1.341223383964768e-03  4.126508079669957e-03  1.002080022334871e-03
  1.619999999999996e+01  1.444432365331406e+05  3.514457656929104e+04  -4.686530054559083e+04  3.517178274156737e+04  1.198998802458368e+05  3.687168321920193e+04  -1.560999231243068e-03  4.410130893231110e-03  2.208147416639144e-03
  1.629999999999996e+01  1.454553198217101e+05  4.282480247978972e+04  -3.728258579517804e+04  1.538581134541912e+04  1.310367849670946e+05  4.164788357986962e+04  -3.812766883846806e-03  4.238646233307330e-03  3.196545230978431e-03
  1.639999999999996e+01  1.438994670156316e+05  4.706182618761189e+04  -3.017796854923150e+04  -3.905527737432752e+03  1.393470130668837e+05  4.260789097648929e+04  -4.888170247631754e-03  4.326474239585311e-03  3.539608210739447e-03
  1.649999999999996e+01  1.407957603988346e+05  5.111979017710736e+04  -2.888440478218404e+04  -1.959649149934445e+04  1.445946455052398e+05  3.520708309374705e+04  -4.938373292260409e-03  5.118582596974869e-03  3.078145029608742e-03
  1.659999999999997e+01  1.404892152760608e+05  5.739540990516846e+04  -3.273916462569810e+04  -3.042068778156399e+04  1.462465156242189e+05  1.950616108801931e+04  -4.594078151326690e-03  6.604766906135863e-03  1.942688324950578e-03
  1.669999999999997e+01  1.466978768162773e+05  6.621274292296884e+04  -3.934457653438752e+04  -3.625770165951506e+04  1.437551743518369e+05  5.259074948842402e+02  -4.558295181424982e-03  8.335068142683408e-03  4.613259167575574e-04
  1.679999999999997e+01  1.603006139131662e+05  7.573977706539289e+04  -4.573227137869016e+04  -3.798875288265294e+04  1.377891366508461e+05  -1.554024654791353e+04  -5.191712067868125e-03  9.763536930736035e-03  -9.269267850798674e-04
  1.689999999999997e+01  1.783898120158729e+05  8.226212537049619e+04  -4.958134863297502e+04  -3.723160133372803e+04  1.303000057007757e+05  -2.544449468671126e+04  -6.306082502857240e-03  1.055839078378137e-02  -1.792908801301979e-03
  1.699999999999997e+01  1.948484531072301e+05  8.153420420986354e+04  -5.146892929704586e+04  -3.530615525293574e+04  1.233607869966592e+05  -2.990812420343520e+04  -7.244997374604525e-03  1.072014927556822e-02  -1.899730337164780e-03
  1.709999999999997e+01  2.039954812010382e+05  7.157669403706622e+04  -5.395714849393880e+04  -3.262786126311819e+04  1.181398789995067e+05  -3.098057341096234e+04  -7.290891613859882e-03  1.039715853338273e-02  -1.317192264063593e-03
  1.719999999999997e+01  2.048035226416254e+05  5.465745674337754e+04  -5.889386711600067e+04  -2.902935260549694e+04  1.156017559176707e+05  -2.983453216700451e+04  -6.207411422916915e-03  9.690627847937523e-03  -3.193195793910956e-04
  1.729999999999998e+01  2.012206158452578e+05  3.595631560160696e+04  -6.482205610214620e+04  -2.480084179712363e+04  1.170442580107546e+05  -2.694441309236558e+04  -4.489308226094937e-03  8.558048321801785e-03  8.286817568459591e-04
  1.739999999999998e+01  1.979831152824781e+05  2.045655326294740e+04  -6.721873190853620e+04  -2.080901950402575e+04  1.233784067930997e+05  -2.335491264198518e+04  -3.028498222963784e-03  6.969061026584134e-03  1.999975470235525e-03
  1.749999999999998e+01  1.958959039952933e+05  9.727868671194574e+03  -6.128297995875319e+04  -1.727531504302482e+04  1.331903736925388e+05  -2.063469957540138e+04  -2.382737389931088e-03  5.049069248059818e-03  3.113086135540534e-03
  1.759999999999998e+01  1.916977209963645e+05  1.885821688314061e+03  -4.453740664984146e+04  -1.299977593715145e+04  1.423848788574263e+05  -1.954437041805685e+04  -2.334318946587386e-03  3.101891823401416e-03  3.937301622933198e-03
  1.769999999999998e+01  1.824587071291027e+05  -5.343478010213979e+03  -1.828251874918153e+04  -6.609171328581015e+03  1.468589047810709e+05  -1.867783602984136e+04  -2.181411756468959e-03  1.569533960866427e-03  4.174483673673365e-03
  1.779999999999998e+01  1.695731220264986e+05  -1.243281101578851e+04  1.300574050142391e+04  1.431552745676731e+03  1.452237637047140e+05  -1.515589959297119e+04  -1.475299663477986e-03  7.929506237301667e-04  3.746175268824388e-03
  1.789999999999998e+01  1.581769681693882e+05  -1.884120727691716e+04  4.368504580662883e+04  8.890878421113988e+03  1.392137435667211e+05  -7.142664336167732e+03  -3.737745354123839e-04  7.451163212806921e-04  2.986826137489419e-03
  1.799999999999999e+01  1.529307614216878e+05  -2.504998920219840e+04  6.878380360902447e+04  1.378946654416284e+04  1.315506439273131e+05  4.059720196771680e+03  6.608969382976476e-04  9.743976956500547e-04  2.457700053680670e-03
  1.809999999999999e+01  1.548028934548121e+05  -3.224535192422325e+04  8.521748416937260e+04  1.568919090691783e+04  1.239669057040658e+05  1.425915227249455e+04  1.319640728303214e-03  9.101765201716789e-04  2.508103066195890e-03
  1.819999999999999e+01  1.616794989562516e+05  -3.959469577340964e+04  9.143680768446565e+04  1.511206132916672e+04  1.172839031227767e+05  1.942141172072924e+04  1.565467921413768e-03  3.723647122202982e-04  3.019708626021299e-03
  1.829999999999999e+01  1.708888922633860e+05  -4.348744926153630e+04  8.727988804582828e+04  1.276166313633595e+04  1.119194801705904e+05  1.889691260305306e+04  1.504898103153080e-03  -2.911880444780769e-04  3.446974463093689e-03
  1.839999999999999e+01  1.804660458703895e+05  -4.101385558703491e+04  7.484158332061434e+04  9.762887720351298e+03  1.080590241803377e+05  1.574348332066496e+04  1.285740073818734e-03  -6.223421746014916e-04  3.203057466890161e-03
  1.849999999999999e+01  1.885650035970163e+05  -3.400363888347346e+04  5.915000355497747e+04  8.057825802317819e+03  1.056869172250845e+05  1.403222906181126e+04  1.084249178864360e-03  -6.099246289855480e-04  2.117535015778693e-03
  1.859999999999999e+01  1.929425072380597e+05  -2.852411307888860e+04  4.726570863569416e+04  9.609002328673760e+03  1.047819863095826e+05  1.587379913304599e+04  1.100916215212987e-03  -7.672576870778568e-04  5.301334897836060e-04
  1.870000000000000e+01  1.921671254378530e+05  -3.002250436291634e+04  4.484199610887194e+04  1.457308035117289e+04  1.052954707416338e+05  2.046109994996856e+04  1.404495629556111e-03  -1.621277259883459e-03  -1.027994418633373e-03
  1.880000000000000e+01  1.874444165396513e+05  -3.859593769178869e+04  5.315926093738015e+04  2.076093233020657e+04  1.066034892574407e+05  2.541280066182348e+04  1.837406359615803e-03  -3.156047020431084e-03  -2.251650391729889e-03
  1.890000000000000e+01  1.824608391769635e+05  -4.830790463463730e+04  6.836029029498722e+04  2.508841716684289e+04  1.074057107244399e+05  2.887877394641069e+04  2.115140135838642e-03  -4.667746425688808e-03  -3.167957110095015e-03
  1.900000000000000e+01  1.805588526153324e+05  -5.169354345923215e+04  8.343189832544797e+04  2.557327401418461e+04  1.064321192757192e+05  3.043107283566231e+04  1.977731586162337e-03  -5.275034721384957e-03  -3.843774177543240e-03
  1.910000000000000e+01  1.820539171711066e+05  -4.559359183376679e+04  9.212270829256150e+04  2.241217258048985e+04  1.033852052018090e+05  3.086283826290059e+04  1.372505731810020e-03  -4.652160998359079e-03  -4.122386696388395e-03
  1.920000000000000e+01  1.848467340185700e+05  -3.270175232592730e+04  9.170993400162527e+04  1.727971125697987e+04  9.903781578963812e+04  3.138239583241275e+04  4.789356748833179e-04  -3.193049160892156e-03  -3.816061056057051e-03
  1.930000000000000e+01  1.872021123759578e+05  -1.876888522272098e+04  8.338845446437797e+04  1.197147419310955e+04  9.436419716447356e+04  3.274444433248936e+04  -4.281977696559814e-04  -1.659053517822652e-03  -3.063861302156067e-03
  1.940000000000001e+01  1.892483509822676e+05  -8.647464037073512e+03  6.993820752902668e+04  7.710801919965894e+03  9.011384058903833e+04  3.500807836555822e+04  -1.101727410967333e-03  -6.578103985439965e-04  -2.351569211632836e-03
  1.950000000000001e+01  1.923365769292524e+05  -3.715458320841435e+03  5.334926613230995e+04  5.043566774661485e+03  8.720948926281241e+04  3.735583596326312e+04  -1.441202211556372e-03  -2.972071598402529e-04  -2.154229199965869e-03
  1.960000000000001e+01  1.973738779920674e+05  -2.407421327677087e+03  3.490194322811096e+04  4.006453207105373e+03  8.688662125783759e+04  3.841792393878949e+04  -1.488349461341049e-03  -2.829058304645079e-04  -2.562217840686706e-03
  1.970000000000001e+01  2.036727935908991e+05  -2.511755512390829e+03  1.652952785897693e+04  4.125256248578018e+03  9.006132791832619e+04  3.721295724286412e+04  -1.347280611981706e-03  -2.188761208283495e-04  -3.287804595741129e-03
  1.980000000000001e+01  2.089916988227087e+05  -2.922368536820268e+03  1.264233325442934e+03  4.435950454395506e+03  9.640868865512800e+04  3.402175532868688e+04  -1.131661524182477e-03  1.357618670525020e-04  -3.997972228996256e-03
  1.990000000000001e+01  2.104330237108679e+05  -3.831251852349577e+03  -8.430982664052570e+03  4.004045839969316e+03  1.041960897996525e+05  3.063033187806890e+04  -8.942397968959299e-04  7.878300184352682e-04  -4.584220688263523e-03
