TITLE = "Temporal Signal for receiver number 00589"
VARIABLES = "Time","xx","yy","zz","xy","yz","xz","u","v","w"
# x1       3.540946160000e+05
# x2       4.726684950000e+06
# x3       -3.000000000000e+03
  0.000000000000000e+00  0.000000000000000e+00  0.000000000000000e+00  0.000000000000000e+00  0.000000000000000e+00  0.000000000000000e+00  0.000000000000000e+00  0.000000000000000e+00  0.000000000000000e+00  0.000000000000000e+00
  1.000000000000000e-01  0.000000000000000e+00  0.000000000000000e+00  0.000000000000000e+00  0.000000000000000e+00  0.000000000000000e+00  0.000000000000000e+00  0.000000000000000e+00  0.000000000000000e+00  0.000000000000000e+00
  2.000000000000000e-01  0.000000000000000e+00  0.000000000000000e+00  0.000000000000000e+00  0.000000000000000e+00  0.000000000000000e+00  0.000000000000000e+00  0.000000000000000e+00  0.000000000000000e+00  0.000000000000000e+00
  3.000000000000000e-01  0.000000000000000e+00  0.000000000000000e+00  0.000000000000000e+00  0.000000000000000e+00  0.000000000000000e+00  0.000000000000000e+00  0.000000000000000e+00  0.000000000000000e+00  0.000000000000000e+00
  4.000000000000000e-01  1.462619484881934e-13  1.864848099228876e-12  6.778070928793702e-13  1.542251803006306e-12  -3.008754007677905e-13  -7.833300315064608e-13  2.120388830451790e-19  1.526240147000083e-19  -6.628672583217345e-20
  5.000000000000000e-01  4.057808689493978e-10  -3.857848527999662e-10  1.393018104252765e-10  -8.049312051917259e-10  -3.045396028257274e-11  4.875892447409898e-11  -7.371980393065006e-17  -5.261325761368550e-17  -3.302198187547332e-17
  6.000000000000000e-01  7.931658391710423e-09  -2.491044298887618e-08  -2.113509661007754e-09  -3.032663449559051e-08  4.489648324789778e-09  5.933746622895472e-09  -2.783520312736361e-15  -2.932059855313064e-15  3.099154501710646e-16
  7.000000000000000e-01  1.113434211366943e-07  -1.181555916079609e-07  -2.053767898263252e-08  -5.118823710198039e-08  7.274362686516130e-08  2.774794030454879e-08  9.344464596312049e-15  -1.735240659512104e-14  1.434739612925371e-14
  7.999999999999999e-01  1.534230519688113e-06  6.321433917758757e-07  8.428395878707835e-07  4.111733415696475e-07  -9.559501830612388e-08  -6.660104609384822e-08  1.493754080722428e-13  1.549809705945881e-14  -3.645349167507084e-15
  8.999999999999999e-01  -1.956119890067968e-08  -8.426789205750667e-07  4.823417616405119e-07  1.323474022908248e-06  4.883226678919656e-07  -3.813657042757164e-07  4.871149256093801e-13  -3.121680010426902e-13  1.188541148876858e-13
  9.999999999999999e-01  -4.783731153299071e-05  2.460719832383734e-05  -7.296161310583474e-06  7.120529271580466e-06  -3.497543204970301e-06  2.218480338288549e-06  -3.093671613568313e-12  3.385688633260948e-12  2.612588013355671e-13
  1.100000000000000e+00  -3.739493193779077e-04  -3.325264375278994e-04  -2.220432727082281e-04  -2.385092752135252e-04  7.484997281153302e-05  8.934725414526027e-05  -4.783958680169392e-11  -2.597791362683174e-11  1.326763400362711e-11
  1.200000000000000e+00  -1.014275597524778e-03  -1.784603630844016e-04  -5.218472627425536e-04  4.202183991333319e-04  1.998672680087164e-04  5.558813768741491e-05  6.430173589198123e-12  -2.746551227620718e-12  4.931168245798671e-11
  1.300000000000000e+00  -5.930284976623040e-03  -3.327614540174228e-03  -2.730769615688633e-03  -4.840258610432355e-03  7.731914792754556e-05  1.456105873804585e-03  -1.008144421816375e-09  -1.943287878680559e-10  4.555076157292754e-11
  1.400000000000000e+00  -1.045529070802934e-02  -2.056132656023883e-02  -1.223792888517377e-02  3.126324743047134e-03  7.251213212830470e-03  -1.452302219074533e-03  2.843729190091463e-10  -1.617703077391623e-09  8.809412104684513e-10
  1.500000000000000e+00  2.206131806074759e-02  5.819907461065915e-02  2.454962736098464e-02  -1.648549477960530e-02  -1.555668907505684e-02  1.293263745924044e-02  -4.102694563354922e-09  6.211580362825910e-09  -1.914382570784831e-09
  1.600000000000000e+00  -1.407571996094210e-02  -4.449444416488083e-01  -1.077574848864590e-01  -2.112775200257339e-02  5.282502236902346e-02  -5.424089371881497e-02  1.691292176042234e-08  -4.541297869501146e-08  2.971523511971165e-09
  1.700000000000000e+00  8.999489170253562e-01  2.289516253033762e+00  9.700789008792435e-01  7.873458677687620e-01  -3.910752005284336e-01  -1.068880333566712e-01  7.352721651088695e-08  2.146489827951371e-07  -4.933692339309188e-08
  1.800000000000000e+00  -4.051762705206345e+00  -6.762318404901588e+00  -3.435029270238881e+00  -3.199571593365627e+00  1.279575289235840e+00  8.091561773139838e-01  -4.346994977741872e-07  -6.177259780707836e-07  1.932151462862573e-07
  1.900000000000001e+00  1.100580920070336e+01  1.573397657749680e+01  8.713968420263548e+00  7.950401378966127e+00  -3.238857183622657e+00  -2.513827435720459e+00  1.183194246248069e-06  1.422650042053829e-06  -5.326243122534884e-07
  2.000000000000000e+00  -2.257837709411599e+01  -2.995140316333580e+01  -1.891414293593471e+01  -1.363555199080782e+01  7.352156713151006e+00  6.377017530759051e+00  -2.164353351479471e-06  -2.736665289088767e-06  1.329070190195257e-06
  2.100000000000001e+00  2.249277104589150e+01  3.767182271246390e+01  3.036122437255773e+01  7.508218570809389e+00  -1.377553163652193e+01  -1.165396328042489e+01  1.331523116752695e-06  3.185020746654866e-06  -2.756346406810208e-06
  2.200000000000001e+00  -4.998880180544036e+01  -6.526862167934739e+01  -7.592107327789343e+01  -1.296163793081308e+01  3.289109053675375e+01  3.812559880815834e+01  -3.598204786850504e-06  -5.509283044995641e-06  7.409846281423257e-06
  2.300000000000001e+00  -8.182028121876917e+02  -7.187656007581771e+02  -6.268872229489594e+02  -3.349637712610086e+02  2.196093312889647e+02  2.505054651689414e+02  -6.947933897466580e-05  -6.038474572013040e-05  4.757029764768540e-05
  2.400000000000001e+00  -1.670025230936598e+03  -1.465209051990227e+03  -1.133788809797554e+03  -7.669499685289031e+02  3.845033588639909e+02  4.240190250756330e+02  -1.452434351511460e-04  -1.266393067449948e-04  7.803529927683943e-05
  2.500000000000001e+00  -1.372132937060683e+03  -1.271402717344789e+03  -7.969660045712200e+02  -7.764920184804455e+02  3.720091038023920e+02  3.958292158382001e+02  -1.257530736804255e-04  -1.187380604629369e-04  6.164281629999243e-05
  2.600000000000001e+00  -6.982754637139270e+02  -8.119105640983614e+02  -2.860603183155633e+02  -6.144191792021163e+02  4.329043689275508e+02  4.395299195752751e+02  -7.359036361942327e-05  -9.006863332941886e-05  5.126802039490766e-05
  2.700000000000001e+00  -1.350887149263852e+03  -1.375212342239482e+03  -6.162231778010914e+02  -1.024592495225852e+03  6.949518581647923e+02  7.246734383283151e+02  -1.422667087243355e-04  -1.443617246229438e-04  8.351340627027850e-05
  2.800000000000001e+00  -2.512977323714764e+03  -2.439783893691662e+03  -1.341906382736358e+03  -1.618872051970689e+03  9.811079469677743e+02  1.031311127500161e+03  -2.453445437165037e-04  -2.427386102062803e-04  1.319056934375382e-04
  2.900000000000001e+00  -5.087290783554034e+03  -4.924827676105715e+03  -3.117409230638258e+03  -2.980748359630102e+03  1.712985442260543e+03  1.837802988397890e+03  -4.794611019921307e-04  -4.705495091706770e-04  2.745041011247126e-04
  3.000000000000001e+00  -1.139844133613784e+04  -1.032838246571623e+04  -7.687747907096512e+03  -6.126625953461376e+03  3.626178339459494e+03  4.076928255256192e+03  -1.069520361120075e-03  -9.500873622762120e-04  6.526549363788100e-04
  3.100000000000001e+00  -3.139351855365664e+04  -2.902666973005353e+04  -2.321561625679083e+04  -1.493021736518485e+04  9.747323067360370e+03  1.093372158914065e+04  -2.773400246228896e-03  -2.573801711962372e-03  1.883600065729982e-03
  3.200000000000002e+00  -8.146886050758116e+04  -7.383719577105825e+04  -6.115961301595173e+04  -3.793682450079473e+04  2.483857278684065e+04  2.768825484713788e+04  -7.185971974947243e-03  -6.473382569944896e-03  4.923090791184547e-03
  3.300000000000002e+00  -1.487882477459353e+05  -1.345832851651730e+05  -1.127510759573032e+05  -7.024624340129818e+04  4.762753487542803e+04  5.279477065295232e+04  -1.314477134054151e-02  -1.189193922185067e-02  9.297697692928998e-03
  3.400000000000002e+00  -2.165856888456004e+05  -2.023382158656531e+05  -1.735814465132926e+05  -1.078086153174254e+05  8.217688543291796e+04  8.875624588567663e+04  -1.950475149716463e-02  -1.829416698529415e-02  1.543701482478827e-02
  3.500000000000002e+00  -2.538905245845526e+05  -2.424868972942241e+05  -2.111678923912458e+05  -1.360342607749083e+05  1.174480431514947e+05  1.252149874741926e+05  -2.367966467999014e-02  -2.284580747261730e-02  2.049520876847429e-02
  3.600000000000002e+00  -2.705211800975341e+05  -2.703074040992522e+05  -2.365934933227585e+05  -1.613390265064477e+05  1.589792155056545e+05  1.662879742502720e+05  -2.680474913724433e-02  -2.696142753534721e-02  2.531769096525350e-02
  3.700000000000002e+00  -2.511434978098663e+05  -2.681755232381194e+05  -2.484360358604837e+05  -1.723176667209540e+05  2.008384097425785e+05  2.070882642172918e+05  -2.714250188976006e-02  -2.884726148743453e-02  2.957694087600785e-02
  3.800000000000002e+00  -2.560075739379192e+05  -3.000902756757821e+05  -3.046316190368265e+05  -1.945167523022228e+05  2.617119150882765e+05  2.667861002110419e+05  -2.993165052394967e-02  -3.376118311158057e-02  3.790983893173236e-02
  3.900000000000002e+00  -2.511429121697446e+05  -3.139521318600326e+05  -3.514065680211999e+05  -2.135098366259831e+05  3.244791408761395e+05  3.298252240659644e+05  -3.260908404665849e-02  -3.752922961191192e-02  4.546364169109145e-02
  4.000000000000002e+00  -1.928510128785500e+05  -2.840994495567016e+05  -3.616993910674748e+05  -2.110529956017067e+05  3.855163159873687e+05  3.906646313791867e+05  -3.080554519574304e-02  -3.782575283989843e-02  5.151686475921254e-02
  4.100000000000001e+00  -1.337814834376526e+05  -2.470676089388022e+05  -3.548766921230483e+05  -2.181135582492675e+05  4.300536803613742e+05  4.545973305796342e+05  -3.093154903055133e-02  -3.763570009199046e-02  5.411081311615989e-02
  4.200000000000001e+00  -7.578381913154395e+04  -2.175250365017644e+05  -3.560488890698063e+05  -2.244081458284013e+05  4.708773893000780e+05  5.149725735456652e+05  -3.116188245584208e-02  -3.844211113554558e-02  5.587172691276018e-02
  4.300000000000001e+00  3.201085281844050e+04  -1.694642985227751e+05  -4.187365814697420e+05  -1.865314543841314e+05  5.496729254407696e+05  5.883333041516342e+05  -2.401133273122560e-02  -3.652878307204983e-02  6.748522967501799e-02
  4.400000000000000e+00  2.333616006192548e+05  -3.297178005312624e+04  -4.448208513268999e+05  -1.209846398170439e+05  6.059770391056397e+05  6.539809416896597e+05  -1.076416178330200e-02  -2.728862909113729e-02  7.724489206117760e-02
  4.500000000000000e+00  4.151680725651105e+05  1.479736003250034e+05  -3.543140215616663e+05  -6.708029581775097e+04  5.926651587506583e+05  6.627212059859231e+05  -1.270664953401258e-04  -1.407056079886590e-02  7.278431683499875e-02
  4.600000000000000e+00  3.383367788534769e+05  2.054942426796228e+05  -1.586472697485507e+05  -1.043334890420493e+05  5.157019905542353e+05  6.194577603855297e+05  -1.129835678027638e-02  -9.458492485206939e-03  4.998681375277163e-02
  4.699999999999999e+00  -3.826499015728141e+04  9.069785766222075e+04  3.027036166884669e+05  -3.253015482466113e+05  3.465132683110000e+05  5.411032011195479e+05  -5.601130560831592e-02  -2.229540588522504e-02  -9.084097031114213e-03
  4.799999999999999e+00  -5.759243901933254e+05  -1.074018793817053e+05  9.746156294558762e+05  -6.676328546944429e+05  1.440330788798071e+05  4.563529097821831e+05  -1.192864598391698e-01  -4.750818750716827e-02  -8.954557485544080e-02
  4.899999999999999e+00  -9.321023242486167e+05  -2.140778241380220e+05  1.488623852026746e+06  -8.975094423027826e+05  2.732856617433590e+04  3.840085476548344e+05  -1.566900028544958e-01  -6.332023279919313e-02  -1.403330449239712e-01
  4.999999999999998e+00  -9.494600708674445e+05  -1.945687450939087e+05  1.574231518446412e+06  -9.046398356933016e+05  4.251441669900154e+04  3.280527664913740e+05  -1.489110191378839e-01  -6.014956773856599e-02  -1.337248794397423e-01
  5.099999999999998e+00  -7.959229973185724e+05  -1.321141124920068e+05  1.335050191744562e+06  -7.837377260131059e+05  1.023434114749174e+05  2.716138228373174e+05  -1.177952658347046e-01  -4.636653098737463e-02  -9.697608383758123e-02
  5.199999999999998e+00  -6.746345553823775e+05  -1.216260660983577e+05  9.899053548441952e+05  -6.679496617537275e+05  1.244498280490173e+05  2.124996684370625e+05  -9.002722616278946e-02  -3.482766874945439e-02  -6.326490952692958e-02
  5.299999999999997e+00  -6.526805110189773e+05  -1.516321008311643e+05  7.719112956095436e+05  -6.171379153886409e+05  1.094251358019506e+05  1.458489793275481e+05  -7.723623328922548e-02  -2.969064329120277e-02  -4.824550366199536e-02
  5.399999999999997e+00  -7.335547768290255e+05  -1.693277018445751e+05  8.186248585868905e+05  -6.341321322767844e+05  8.283749478053556e+04  5.546568344739940e+04  -7.977950354124071e-02  -2.955931429629085e-02  -6.071074613827454e-02
  5.499999999999996e+00  -8.091398080463650e+05  -1.515765156894022e+05  9.614577546407258e+05  -6.611365453414427e+05  6.086497434233150e+04  -4.128444041812650e+04  -8.202855182839902e-02  -2.840357402661073e-02  -8.518793349107943e-02
  5.599999999999996e+00  -7.060013734242397e+05  -1.215941044282735e+05  9.047480602629493e+05  -6.155579777857066e+05  5.248210763770060e+04  -8.713420825549478e+04  -6.344852696514162e-02  -1.932256331545775e-02  -8.653068171494743e-02
  5.699999999999996e+00  -4.299193883318438e+05  -1.250941232031892e+05  5.965773673000451e+05  -5.101246155152010e+05  4.697467704692569e+04  -5.193355716371824e+04  -2.800460753471017e-02  -4.871192845597454e-03  -5.466170029897655e-02
  5.799999999999995e+00  -1.820447211833895e+05  -1.741054013387633e+05  2.452301215591335e+05  -4.358871360558938e+05  2.495058014428144e+04  2.691170013658043e+04  -6.110600571412688e-04  6.584375405050663e-03  -1.524876142047043e-02
  5.899999999999995e+00  -1.017241680053961e+05  -2.301713351403495e+05  5.777954282570571e+04  -4.224785971180485e+05  -4.190405024510880e+03  9.857328574469240e+04  7.017517135634493e-03  1.189626364211568e-02  8.285063365041062e-03
  5.999999999999995e+00  -1.403694384445352e+05  -2.571109991488629e+05  7.811148014140545e+04  -4.454721564745966e+05  -2.876633676325756e+04  1.475799080616235e+05  2.431230864718706e-03  1.252232240267756e-02  9.493063042006582e-03
  6.099999999999994e+00  -2.098593409873129e+05  -2.859018322928899e+05  1.738989164889269e+05  -4.946080636724900e+05  -6.352989043705232e+04  1.653602226685626e+05  -6.045645662184270e-03  9.159346092118617e-03  -8.615808822988747e-03
  6.199999999999994e+00  -2.490589753620921e+05  -3.230580326724069e+05  1.860198920529731e+05  -5.270697480007147e+05  -1.016132798120847e+05  1.253938908967055e+05  -1.035571872415656e-02  5.394210777432922e-03  -3.163250633018120e-02
  6.299999999999994e+00  -2.127164053638136e+05  -3.081265609292035e+05  7.159303703384536e+04  -4.778034323318763e+05  -1.029593801784648e+05  2.563223612868153e+04  -2.400720441783635e-03  7.098250291761523e-03  -4.014515137208665e-02
  6.399999999999993e+00  -1.441599819538286e+05  -2.525315110243649e+05  -1.185326171879226e+05  -3.620450255472484e+05  -6.228447467132482e+04  -8.676634750632911e+04  1.365179868263906e-02  1.194417449938620e-02  -3.045774136499915e-02
  6.499999999999993e+00  -1.274806513758426e+05  -2.418424608258151e+05  -3.062586846311515e+05  -2.609775691536943e+05  -1.700239073771823e+04  -1.698936373147991e+05  2.533790262427860e-02  1.203866416816926e-02  -1.762718669848691e-02
  6.599999999999993e+00  -1.755907124031009e+05  -3.194805028222423e+05  -4.481913145572804e+05  -2.256645571168068e+05  -9.369866654644689e+03  -2.286075035937262e+05  2.605489305888053e-02  4.712765001130931e-03  -1.811490507541448e-02
  6.699999999999992e+00  -2.173825643233519e+05  -4.197296397473211e+05  -5.756613082263268e+05  -2.295758039134627e+05  -4.245916996751408e+04  -2.938764496660766e+05  1.998154141762617e-02  -3.922254615893200e-03  -3.319586972006418e-02
  6.799999999999992e+00  -1.647419354241430e+05  -3.659749576677155e+05  -7.017176585027842e+05  -1.956834460987412e+05  -1.059069806024733e+05  -3.902108225702667e+05  1.783002299303277e-02  6.826139270179734e-04  -5.571551023230055e-02
  6.899999999999991e+00  -7.656505911543823e+04  -2.196498548913207e+05  -8.362353870190376e+05  -1.233952538815680e+05  -1.704976318764721e+05  -4.964899180926360e+05  1.948173079179980e-02  1.269768089374728e-02  -7.926031078116076e-02
  6.999999999999991e+00  -3.459890696288887e+04  -1.450475265553785e+05  -9.757110074364290e+05  -4.518339153639149e+04  -1.893612582836202e+05  -5.727580538917643e+05  2.209399396295011e-02  1.804845562067036e-02  -9.568727617006502e-02
  7.099999999999991e+00  6.188190181466084e+04  -6.584538410253695e+04  -1.012755845676542e+06  5.365368632146795e+04  -1.890754278854343e+05  -6.082217717014144e+05  3.217374162283573e-02  2.361955949383869e-02  -1.042256946498313e-01
  7.199999999999990e+00  2.450236884270441e+05  7.853973627450418e+04  -9.739381991634951e+05  1.382681081174452e+05  -1.720028761495386e+05  -5.962126376066444e+05  4.694707687791413e-02  3.398258732896112e-02  -1.007315183805550e-01
  7.299999999999990e+00  4.867853156621572e+05  3.009364597238947e+05  -8.800324309712120e+05  1.576879671597601e+05  -1.612728182718336e+05  -5.334855428516415e+05  5.700006968095248e-02  4.912474476234843e-02  -9.113311432689891e-02
  7.399999999999990e+00  6.900395139753679e+05  3.318432889415528e+05  -8.191493352174471e+05  2.512963378278121e+05  -9.547999937746571e+04  -4.786564252103265e+05  7.730971003022731e-02  4.889822113550026e-02  -7.145099576805070e-02
  7.499999999999989e+00  8.043998164282060e+05  2.732912061611272e+05  -7.154178141504868e+05  4.611152022775760e+05  3.701871790397854e+04  -4.499470205780530e+05  1.049230566975915e-01  4.460215503482139e-02  -4.227671057773293e-02
  7.599999999999989e+00  6.992338434758615e+05  4.421347980057578e+05  -5.660674783734997e+05  4.528558159381418e+05  1.383504275704085e+05  -3.538445103464194e+05  8.915871799215565e-02  5.931881046568945e-02  -1.100389379286284e-02
  7.699999999999989e+00  3.513878064223630e+05  7.428674823344958e+05  -5.169912344241959e+05  7.122945607453966e+04  1.229682598600495e+05  -1.681838435071338e+05  1.450648740770829e-02  8.218975049781355e-02  1.206631820685142e-02
  7.799999999999988e+00  4.842086326227877e+04  8.413074827949920e+05  -4.876190958815299e+05  -2.656043244735726e+05  4.015996582011537e+03  -2.214943742300183e+04  -4.665761992052310e-02  9.032564018978494e-02  9.449035576669745e-03
  7.899999999999988e+00  2.044059008190077e+04  6.338646094168288e+05  -3.882980156287833e+05  -2.191302685467938e+05  -7.081706133579982e+04  1.596316701139604e+04  -3.815135102326511e-02  7.559674511344310e-02  -1.004343613902038e-02
  7.999999999999988e+00  1.474485794202770e+05  2.137103567262268e+05  -2.724594214441273e+05  5.056626585802599e+04  -3.152551153133387e+04  3.680812870709506e+04  1.133043331988088e-02  4.156840770238537e-02  -2.550044628395309e-02
  8.099999999999987e+00  2.221679926557388e+05  -2.144946159900278e+05  -1.757055229412737e+05  2.333688446736630e+05  5.430879618866758e+04  1.218679420253068e+05  4.494419333685715e-02  5.345749294511390e-03  -2.677275691719391e-02
  8.199999999999987e+00  1.669502500955280e+05  -4.908715041429819e+05  -1.137848856976752e+05  2.331633151804196e+05  1.198210920220486e+05  2.524896533639988e+05  4.419961259403049e-02  -1.540607734882843e-02  -1.484542219252042e-02
  8.299999999999986e+00  2.942238902157075e+04  -5.850345926740606e+05  -8.007802451191771e+04  1.400812160956364e+05  1.615896896757869e+05  3.685169845422267e+05  2.566116680616195e-02  -1.790565344284932e-02  4.240676813874787e-03
  8.399999999999986e+00  -1.104771877876800e+05  -5.541423107343832e+05  -5.389694044246920e+04  6.132743200617932e+04  2.069624334316397e+05  4.242702622576382e+05  8.198609185392476e-03  -1.027050390789424e-02  2.393343606951777e-02
  8.499999999999986e+00  -2.074734687691058e+05  -4.774693955156500e+05  -6.395262878101767e+04  2.993603821773503e+04  2.673442179664248e+05  4.130395727439132e+05  -3.743420939515866e-03  4.409345901330505e-04  3.866252041775003e-02
  8.599999999999985e+00  -2.538655770551446e+05  -3.985975869730317e+05  -1.530265945464367e+05  3.024320936496542e+04  3.233268994594793e+05  3.683713988236341e+05  -1.071190330385875e-02  1.113636794804984e-02  4.408988170708340e-02
  8.699999999999985e+00  -2.607658846396629e+05  -3.332066117686617e+05  -2.638871453996324e+05  4.612922608694703e+04  3.508618246354037e+05  3.353294577427182e+05  -1.181503847484122e-02  1.774634670265376e-02  4.091075816249137e-02
  8.799999999999985e+00  -2.555047921542204e+05  -3.239110725755828e+05  -3.106133320745717e+05  5.630574293570143e+04  3.435063325903115e+05  3.399393671474401e+05  -1.025667573123455e-02  1.424780529349736e-02  3.389284949631643e-02
  8.899999999999984e+00  -2.595728129046724e+05  -4.018357778039747e+05  -2.848512307061194e+05  3.920097140940072e+04  3.185995237071938e+05  3.781336425796550e+05  -1.054000004864092e-02  -6.084419938507752e-05  2.692617446433007e-02
  8.999999999999984e+00  -2.396965268433792e+05  -5.058236034526101e+05  -1.804222431014210e+05  -1.036220543961783e+04  3.091145635899486e+05  4.374722595492543e+05  -1.221144303675752e-02  -1.557650107501927e-02  2.617590907506374e-02
  9.099999999999984e+00  -1.687508110448810e+05  -5.666968049507997e+05  -3.392290151548883e+04  -7.058330332854457e+04  3.331678277549424e+05  5.027691482289599e+05  -1.122995296440113e-02  -2.369859731526852e-02  3.642409752005255e-02
  9.199999999999983e+00  -7.873313551773092e+04  -5.800029411854860e+05  5.649042729435951e+04  -1.114125856933184e+05  3.627991250989968e+05  5.569078078427910e+05  -7.075500226427833e-03  -2.509340328633826e-02  5.123662220397394e-02
  9.299999999999983e+00  -1.463143036730083e+04  -5.741846942758566e+05  5.730843020085269e+04  -1.226329115333835e+05  3.590106091356968e+05  5.865202048531036e+05  -3.494685297509128e-03  -2.467856984463859e-02  6.038872740079309e-02
  9.399999999999983e+00  1.345915982945942e+04  -5.505497531315552e+05  2.839883240824224e+04  -1.191663796188546e+05  3.203646017561696e+05  5.865895723099594e+05  -3.841657047140435e-03  -2.305150868037264e-02  5.951623239107173e-02
  9.499999999999982e+00  2.139814856225960e+04  -4.826610816023993e+05  1.500688549034562e+04  -1.196926734011256e+05  2.776604827056730e+05  5.584514627717937e+05  -8.148745701775041e-03  -1.698586694398671e-02  5.076211579700698e-02
  9.599999999999982e+00  2.341571212356508e+04  -3.695788838293792e+05  3.251129056445202e+03  -1.295567163606582e+05  2.528217028414400e+05  5.104432795325412e+05  -1.410043171612535e-02  -7.137086977008542e-03  4.015410483845869e-02
  9.699999999999982e+00  2.202477217265252e+04  -2.575813206916082e+05  -2.023586702049552e+04  -1.489515140503448e+05  2.341255236927202e+05  4.607562808448370e+05  -1.951323759958045e-02  6.026317556235567e-04  3.283417186253560e-02
  9.799999999999981e+00  1.055799957410863e+04  -1.919957868571525e+05  -3.470530460627517e+04  -1.767124896227065e+05  2.078104668648425e+05  4.235054170738758e+05  -2.282534494076006e-02  2.158680204337747e-03  3.087851331837262e-02
  9.899999999999981e+00  -1.260191597462271e+04  -1.655294092315166e+05  -1.427523156120291e+04  -2.107412861768346e+05  1.849352812671248e+05  4.011513873994817e+05  -2.354687931484647e-02  2.444479972790512e-04  3.353882263405305e-02
  9.999999999999980e+00  -3.883999076392195e+04  -1.350513240568686e+05  3.675607268126604e+04  -2.532759390788931e+05  1.852302631830435e+05  3.976026710294402e+05  -2.317301239199447e-02  3.366383959663716e-04  3.872998164071507e-02
  1.009999999999998e+01  -6.288164682092244e+04  -7.803562024736423e+04  8.788116852610193e+04  -2.999757636361081e+05  2.086978585170391e+05  4.124864926353005e+05  -2.265562562172931e-02  3.587070887937868e-03  4.381089985979128e-02
  1.019999999999998e+01  -8.540884181899689e+04  -7.117966415695313e+03  1.143130691994714e+05  -3.358977593698841e+05  2.329225101857663e+05  4.253519182717260e+05  -2.114606116352898e-02  6.821303540791690e-03  4.608492534367162e-02
  1.029999999999998e+01  -9.927176496577331e+04  5.412117087166757e+04  1.158076741787622e+05  -3.466496837053805e+05  2.375057252042362e+05  4.077883499516720e+05  -1.687569179509675e-02  7.831282382582903e-03  4.364614811948066e-02
  1.039999999999998e+01  -9.392328983578243e+04  1.038498022314342e+05  1.072129957200259e+05  -3.349929903820034e+05  2.214739773867687e+05  3.549602182125179e+05  -9.839054297049891e-03  8.903350749956301e-03  3.618754369189112e-02
  1.049999999999998e+01  -7.757893317178322e+04  1.654055676700592e+05  1.001114381551710e+05  -3.176867056405599e+05  2.006546555276923e+05  2.882813107698029e+05  -3.030890728114249e-03  1.376316613640473e-02  2.608242800842192e-02
  1.059999999999998e+01  -7.627517562993198e+04  2.416092058463026e+05  1.052239925716118e+05  -3.008553235710398e+05  1.863656615568167e+05  2.303379436648516e+05  6.170350294953342e-04  2.110191636545046e-02  1.570848364027817e-02
  1.069999999999998e+01  -1.030995116606019e+05  3.003186542300453e+05  1.245611169299602e+05  -2.755828675692788e+05  1.803626905312303e+05  1.878338364363334e+05  1.193204232553974e-03  2.524769935129056e-02  6.681003198641947e-03
  1.079999999999998e+01  -1.337343170193624e+05  3.251004587733013e+05  1.463126336158420e+05  -2.467275853783920e+05  1.866850154500427e+05  1.611088365294751e+05  -1.115388182702706e-04  2.405287516503571e-02  2.228127198802599e-03
  1.089999999999998e+01  -1.366952834007698e+05  3.239166535825122e+05  1.596485556329969e+05  -2.342558473142189e+05  2.087319379452598e+05  1.518575318166366e+05  -1.758727013104662e-03  1.989977081396777e-02  4.517248344345010e-03
  1.099999999999998e+01  -1.119350299217669e+05  3.054162656010759e+05  1.679632280210097e+05  -2.414274475111280e+05  2.386211286021873e+05  1.550134049142996e+05  -6.605658017116421e-04  1.489737359615580e-02  1.057858159454639e-02
  1.109999999999998e+01  -7.499646738756973e+04  2.757419388701976e+05  1.849269714454679e+05  -2.576852054173207e+05  2.594839274766339e+05  1.630336768087106e+05  3.535409001213445e-03  9.637107506546781e-03  1.417350212219824e-02
  1.119999999999998e+01  -2.745556229370904e+04  2.464576669303931e+05  2.167632574674172e+05  -2.717411975144540e+05  2.578562991049665e+05  1.695679761389851e+05  7.436280793748348e-03  5.106494338379126e-03  1.096117242365524e-02
  1.129999999999998e+01  2.995000816647188e+04  2.304672601703728e+05  2.417829494191866e+05  -2.679708428774629e+05  2.320517671143348e+05  1.609054832411670e+05  9.440590242858263e-03  2.812855602316679e-03  1.215075917685691e-03
  1.139999999999998e+01  8.266539112487860e+04  2.265463011281338e+05  2.202579423434057e+05  -2.409035459149569e+05  1.935165278224887e+05  1.239838369389859e+05  1.042877827727666e-02  2.708958096073330e-03  -1.081679369281749e-02
  1.149999999999998e+01  1.170049492686614e+05  2.194027849619963e+05  1.406874880051041e+05  -2.120835186522280e+05  1.600989931504196e+05  6.708303597997854e+04  9.775457823244873e-03  2.811352699774647e-03  -1.983035428944582e-02
  1.159999999999997e+01  1.339620404273075e+05  1.958932759570180e+05  4.261200583864694e+04  -2.028579757125004e+05  1.378536117538648e+05  1.191819226506803e+04  6.880964751085478e-03  1.225955444407063e-03  -2.399172043385194e-02
  1.169999999999997e+01  1.390155189828748e+05  1.520783237472135e+05  -2.897247100066365e+04  -2.037531958215750e+05  1.164045819562786e+05  -2.751807765354385e+04  3.541144153564311e-03  -2.453341294382471e-03  -2.537122142570147e-02
  1.179999999999997e+01  1.339327000718266e+05  9.177184738509019e+04  -7.368444221684917e+04  -1.910419976934004e+05  8.560767392092189e+04  -4.886658794913522e+04  1.503056373364996e-03  -7.452910014891590e-03  -2.623202745858039e-02
  1.189999999999997e+01  1.247652266983620e+05  2.584725703430204e+04  -1.196600055859341e+05  -1.588344987867332e+05  4.891798717618328e+04  -5.517061633745226e+04  8.030589812156006e-04  -1.275670559445051e-02  -2.714060202037185e-02
  1.199999999999997e+01  1.215153086998086e+05  -2.582296692602417e+04  -1.796728722479599e+05  -1.246219806405895e+05  2.300637895789213e+04  -4.985283541223908e+04  7.156311509555624e-04  -1.700978534296016e-02  -2.675383418624464e-02
  1.209999999999997e+01  1.292065394647033e+05  -4.441609934081814e+04  -2.360741086282246e+05  -1.091819484260751e+05  2.104802304248943e+04  -3.626388451936607e+04  8.011247991487377e-04  -1.826217273077448e-02  -2.343629133661865e-02
  1.219999999999997e+01  1.397356740356302e+05  -3.880440787171075e+04  -2.625932145347134e+05  -1.175448361425051e+05  3.554675814514922e+04  -1.737700899844198e+04  1.008248989354007e-03  -1.572499001737599e-02  -1.808252011451564e-02
  1.229999999999997e+01  1.340007240087319e+05  -4.132208852820993e+04  -2.545787138901880e+05  -1.354541768765105e+05  4.884013092043748e+04  3.320158464060528e+03  2.025507424523678e-03  -1.102241936797581e-02  -1.302387572346667e-02
  1.239999999999997e+01  1.012413310122928e+05  -6.442576240958443e+04  -2.307747451513348e+05  -1.433805920835950e+05  5.829160464505936e+04  2.094265729032636e+04  4.816928636706056e-03  -6.385888827183658e-03  -8.390760119907737e-03
  1.249999999999997e+01  5.535846277605841e+04  -8.579708379063563e+04  -2.112534208152347e+05  -1.344273729246191e+05  7.766638153405944e+04  3.254083538797928e+04  8.958713155228098e-03  -2.854105859813940e-03  -2.244335073093040e-03
  1.259999999999997e+01  2.114677130407261e+04  -8.683517274179689e+04  -2.038225033937400e+05  -1.159919558479358e+05  1.119609638084890e+05  3.974887815418385e+04  1.235724611677335e-02  -9.987412039082100e-04  5.874927982180665e-03
  1.269999999999997e+01  1.153288032402210e+04  -8.038278477800846e+04  -2.012199130139317e+05  -9.882567098318717e+04  1.436096610442491e+05  4.661690572901248e+04  1.304549008888917e-02  -1.427600439187039e-03  1.336800918277381e-02
  1.279999999999997e+01  2.567264318003598e+04  -8.953884241183981e+04  -1.856093408174411e+05  -8.815519959017298e+04  1.525225288322064e+05  5.639345304215613e+04  1.086718196069832e-02  -3.819826107330022e-03  1.708296907219612e-02
  1.289999999999997e+01  5.107321917391259e+04  -1.262532566492688e+05  -1.507997464803896e+05  -8.447467775941665e+04  1.423977409801550e+05  7.031376378474398e+04  7.158861528923787e-03  -7.311932324396708e-03  1.696918739927437e-02
  1.299999999999997e+01  6.949964779544754e+04  -1.870825668356575e+05  -1.106128237047265e+05  -8.730951641685824e+04  1.369152320644316e+05  8.675844184003264e+04  3.484760348467893e-03  -1.139745141312165e-02  1.633163345635715e-02
  1.309999999999997e+01  7.047686738453331e+04  -2.540822512154256e+05  -7.718832786225488e+04  -9.319246091166433e+04  1.522567196804023e+05  1.005151212533015e+05  1.193928336999206e-03  -1.564312956277049e-02  1.819970112221538e-02
  1.319999999999997e+01  5.397719627393867e+04  -3.080011813120202e+05  -5.055458577188772e+04  -9.458440344509312e+04  1.806612037253851e+05  1.057370007368768e+05  1.251715093354488e-03  -1.940506372717012e-02  2.224391684393787e-02
  1.329999999999997e+01  2.862243303155345e+04  -3.371866740716105e+05  -2.838033788900602e+04  -8.606237272039262e+04  2.014071419180690e+05  1.026903309498046e+05  3.454901036321555e-03  -2.162106784039345e-02  2.538273513905483e-02
  1.339999999999997e+01  7.730200824132255e+03  -3.396256549493249e+05  -1.092406183978664e+04  -7.236156911734326e+04  2.018534171974776e+05  1.000073869876166e+05  5.921133580803752e-03  -2.139218148543241e-02  2.494405905613182e-02
  1.349999999999997e+01  -1.683727018755646e+03  -3.246329330160837e+05  3.308363666575553e+03  -6.528002920504740e+04  1.855423066836675e+05  1.071553929030666e+05  6.373339582192058e-03  -1.928205034714162e-02  2.081600325629924e-02
  1.359999999999997e+01  -3.981053796895626e+03  -3.035056112912716e+05  1.877388705143032e+04  -7.141565165827228e+04  1.653664744226923e+05  1.247596599944444e+05  4.337500379624196e-03  -1.683503817188062e-02  1.472338871074944e-02
  1.369999999999997e+01  -7.032823547764562e+03  -2.781400062835778e+05  3.500719289422818e+04  -8.750122448417261e+04  1.523910885044970e+05  1.436432205213228e+05  1.654932533244540e-03  -1.470849579040535e-02  8.313162902453299e-03
  1.379999999999997e+01  -1.226945641653957e+04  -2.435182857293542e+05  4.344653937344168e+04  -1.057154020054381e+05  1.467487051364841e+05  1.541871700987213e+05  8.037041127700746e-04  -1.223202789930172e-02  1.947965313158670e-03
  1.389999999999997e+01  -1.525209165412402e+04  -2.010523203518069e+05  3.775745198612261e+04  -1.203700142019502e+05  1.382014636330512e+05  1.571500888692339e+05  2.746074400371046e-03  -8.978687475232686e-03  -4.547732772688195e-03
  1.399999999999997e+01  -1.238884948194081e+04  -1.625259011555404e+05  2.545467170029049e+04  -1.301954646895719e+05  1.200477021708087e+05  1.641966741143689e+05  6.368792195461366e-03  -5.877374211316275e-03  -9.979550330994652e-03
  1.409999999999997e+01  -6.692723608737718e+03  -1.399769658273229e+05  2.325276507003874e+04  -1.352101702844609e+05  1.014786572334079e+05  1.857856105759804e+05  9.969772033387874e-03  -4.371699810262213e-03  -1.177313980419689e-02
  1.419999999999997e+01  -8.284986517314588e+03  -1.361221615933970e+05  3.904129354722588e+04  -1.340161112052281e+05  1.027917714428917e+05  2.184501407370069e+05  1.289759052713346e-02  -4.892180661781668e-03  -7.984984630699637e-03
  1.429999999999997e+01  -2.382448188608932e+04  -1.396147184682573e+05  6.379610199623001e+04  -1.264945315418830e+05  1.387779274593480e+05  2.459213839694825e+05  1.549863732343550e-02  -6.040803074246063e-03  1.310658406706233e-03
  1.439999999999996e+01  -4.604434210967241e+04  -1.321317801598621e+05  8.136582678626112e+04  -1.179174833186623e+05  2.038239559693505e+05  2.530583475570823e+05  1.762750949470328e-02  -5.605931872213722e-03  1.374019953420347e-02
  1.449999999999996e+01  -6.082074456631293e+04  -1.075523375894953e+05  8.336459107140978e+04  -1.171542256537082e+05  2.691622125957234e+05  2.376737703067405e+05  1.786180569303773e-02  -2.784060372800190e-03  2.482416606259426e-02
  1.459999999999996e+01  -6.215941697780499e+04  -7.747360005506924e+04  7.586401087170419e+04  -1.295997895180014e+05  2.984313343783615e+05  2.098202759378043e+05  1.471120613463035e-02  1.100715381907380e-03  2.960789051335189e-02
  1.469999999999996e+01  -5.519499326941634e+04  -5.558811200468220e+04  7.222701045947394e+04  -1.534426262162092e+05  2.739753606838242e+05  1.828722188337915e+05  8.372822271222000e-03  4.101717077836497e-03  2.597698558400635e-02
  1.479999999999996e+01  -4.696506229671124e+04  -4.359106764503815e+04  7.891105165268897e+04  -1.818998381386644e+05  2.115427363200412e+05  1.666484099497193e+05  9.948229137728705e-04  5.355532654087910e-03  1.666769214007237e-02
  1.489999999999996e+01  -3.828949331172340e+04  -3.531895618057846e+04  8.945653500558436e+04  -2.069127770973929e+05  1.460813997095208e+05  1.648085554167379e+05  -4.679557320674013e-03  5.064588632660198e-03  6.879826721861602e-03
  1.499999999999996e+01  -2.441753784568387e+04  -2.766625459683029e+04  9.216907417841628e+04  -2.222494102515746e+05  1.050152614782197e+05  1.742071202789338e+05  -7.028029839493516e-03  3.665305941901652e-03  3.485525832483621e-06
  1.509999999999996e+01  -1.565090651224545e+03  -2.047752970215893e+04  8.116315435758882e+04  -2.262686206005725e+05  9.594986330957356e+04  1.863418301941922e+05  -6.559462720090413e-03  1.841625551135584e-03  -3.769110190867583e-03
  1.519999999999996e+01  2.615810270041788e+04  -1.384463960024222e+04  5.913319831702956e+04  -2.226082708606595e+05  1.095933577177287e+05  1.917985061388346e+05  -5.332279540174885e-03  6.075522602300110e-04  -5.924649445546862e-03
  1.529999999999996e+01  4.674833445147338e+04  -9.081893640465096e+03  3.130785001996086e+04  -2.162992379822494e+05  1.292950592189030e+05  1.857090807153637e+05  -4.999603609228929e-03  7.548322801155815e-04  -7.808257259039781e-03
  1.539999999999996e+01  4.981822625429918e+04  -6.506356939606526e+03  8.918328279503910e+02  -2.091632294299363e+05  1.415415627506602e+05  1.695311600643371e+05  -5.493216840353826e-03  2.353928248779022e-03  -9.823679614655011e-03
  1.549999999999996e+01  3.625182469546363e+04  -3.162115553247007e+03  -2.922200685655378e+04  -2.003919969866707e+05  1.431787997568821e+05  1.489090500481535e+05  -5.734430280111667e-03  4.719343902093199e-03  -1.135463067106010e-02
  1.559999999999996e+01  1.706757416101054e+04  3.809207163943717e+03  -5.545872387011374e+04  -1.903990835251658e+05  1.406647558674479e+05  1.305076177454441e+05  -5.219996440479760e-03  6.740694338149859e-03  -1.131157772792202e-02
  1.569999999999996e+01  3.045758475384971e+03  1.192505281977885e+04  -7.608738386876704e+04  -1.819850728037967e+05  1.402655689721461e+05  1.192523461223991e+05  -4.467055341461553e-03  7.395462947679685e-03  -9.521673616468653e-03
  1.579999999999996e+01  -2.710206824263391e+03  1.557063301305536e+04  -9.236314667442802e+04  -1.776985265329829e+05  1.410937788332481e+05  1.172078446217582e+05  -4.155443429956270e-03  6.387965065490563e-03  -7.280029940787650e-03
  1.589999999999996e+01  -3.251283288819891e+03  1.489610305616045e+04  -1.052399519742703e+05  -1.769139098385752e+05  1.384805496952294e+05  1.235396570901213e+05  -4.198861516680601e-03  4.606164443857017e-03  -6.189871732593423e-03
  1.599999999999996e+01  -3.463329521402797e+03  1.689436907512841e+04  -1.123758082407372e+05  -1.756306757892859e+05  1.307414424444750e+05  1.346818365672317e+05  -3.672014436231943e-03  3.595908827386501e-03  -6.855044489959543e-03
  1.609999999999996e+01  -8.296834339242632e+03  2.477217196417557e+04  -1.110337970692352e+05  -1.704582259313840e+05  1.211319420995710e+05  1.457972488519850e+05  -1.846915523621675e-03  4.188124106879713e-03  -8.621220734161578e-03
  1.619999999999996e+01  -2.055911792180882e+04  3.179452808011916e+04  -1.028223180783754e+05  -1.631541492073093e+05  1.145591016422053e+05  1.530881779498506e+05  7.143953636439033e-04  5.865664158676521e-03  -1.016880431126239e-02
  1.629999999999996e+01  -3.735181632510285e+04  2.914353679857703e+04  -9.395810345716792e+04  -1.594163903350322e+05  1.139701486729195e+05  1.546114896622824e+05  2.461126363080213e-03  7.568153176132891e-03  -1.035793332889640e-02
  1.639999999999996e+01  -5.153846869824274e+04  1.590713055150071e+04  -9.129947214317699e+04  -1.635074634020276e+05  1.188652654155366e+05  1.496960841895941e+05  2.243831551315658e-03  8.715746251193514e-03  -8.999855243632646e-03
  1.649999999999996e+01  -5.868418339425799e+04  -1.564707771756085e+03  -9.769499474533623e+04  -1.744369202904927e+05  1.259085814025563e+05  1.393069955620629e+05  3.020388137845251e-04  9.286962943212969e-03  -7.033457522481379e-03
  1.659999999999997e+01  -6.027836808710670e+04  -1.760485956489081e+04  -1.095335649186179e+05  -1.861808307393973e+05  1.308652863410659e+05  1.270363359028785e+05  -1.971460522508729e-03  9.191662730782016e-03  -5.711140502867476e-03
  1.669999999999997e+01  -5.992301170965788e+04  -3.113691120394474e+04  -1.186902332620440e+05  -1.916828578611842e+05  1.308998784039718e+05  1.182513771558866e+05  -3.092049362493833e-03  8.040643304574645e-03  -5.390687845219051e-03
  1.679999999999997e+01  -5.896607660928422e+04  -4.202660723474048e+04  -1.183442188810921e+05  -1.871153764946909e+05  1.262528664528122e+05  1.170292924362952e+05  -2.441621622898949e-03  5.697704963964650e-03  -5.204863309068288e-03
  1.689999999999997e+01  -5.715831568195835e+04  -4.884263267570345e+04  -1.081467991875551e+05  -1.737250515245393e+05  1.196146150735948e+05  1.232950275925009e+05  -5.268875705550503e-04  2.725346170481380e-03  -4.069216050626945e-03
  1.699999999999997e+01  -5.561277859236070e+04  -5.257706897806916e+04  -9.427855960961255e+04  -1.571342770344807e+05  1.140718165881241e+05  1.327519873033805e+05  1.478971522890673e-03  1.373854601383207e-05  -1.857345285467116e-03
  1.709999999999997e+01  -5.621898594301160e+04  -5.828611616812438e+04  -8.388508183039335e+04  -1.442812236393404e+05  1.114571695376836e+05  1.395979242757194e+05  2.562746703924178e-03  -1.954158488460467e-03  5.188289122936508e-04
  1.719999999999997e+01  -5.866101804492967e+04  -7.013316737911632e+04  -7.949438219197914e+04  -1.395727894604745e+05  1.123848277879235e+05  1.400828157183877e+05  2.465558501715988e-03  -3.226424723463406e-03  2.059687759521937e-03
  1.729999999999998e+01  -5.970436356364079e+04  -8.447288295209054e+04  -7.850854910859333e+04  -1.426346453544506e+05  1.169312893483976e+05  1.345112864412545e+05  1.731304991099520e-03  -3.898037487783492e-03  2.522023506562476e-03
  1.739999999999998e+01  -5.662049318737839e+04  -9.147866709279400e+04  -7.763816959975306e+04  -1.492705620373433e+05  1.244199468996735e+05  1.265138939922962e+05  1.131041373815521e-03  -3.817997425007870e-03  2.335546683921527e-03
  1.749999999999998e+01  -5.102572682570473e+04  -8.498650263347723e+04  -7.657401835346884e+04  -1.549852103689367e+05  1.327423468481499e+05  1.203157392760508e+05  1.000102879880774e-03  -2.933393214195899e-03  1.952947642275862e-03
  1.759999999999998e+01  -4.836156837691354e+04  -6.979926951859618e+04  -7.673916413901199e+04  -1.579971553011982e+05  1.392381821213464e+05  1.181758500882703e+05  1.060955068205145e-03  -1.717011395361641e-03  1.526400446743700e-03
  1.769999999999998e+01  -5.288670743930864e+04  -5.815085102255628e+04  -7.749559564766045e+04  -1.593307835410927e+05  1.426655820515355e+05  1.198279894587153e+05  7.587824838327050e-04  -9.858727229833607e-04  1.117232643086552e-03
  1.779999999999998e+01  -6.322365921091051e+04  -5.885938912654743e+04  -7.484108438373092e+04  -1.611679935710839e+05  1.438511727904756e+05  1.238173749442199e+05  -2.373781987456933e-04  -1.233414059791001e-03  9.232504718214659e-04
  1.789999999999998e+01  -7.333503905885882e+04  -7.047273565617758e+04  -6.460566868601275e+04  -1.651279242670822e+05  1.446396634859168e+05  1.289831985874516e+05  -1.808907693359613e-03  -2.160123466258846e-03  1.133868840854268e-03
  1.799999999999999e+01  -7.784515482125861e+04  -8.393498296939411e+04  -4.654994767186885e+04  -1.713657408071487e+05  1.464309510983645e+05  1.347800631434535e+05  -3.491406481567445e-03  -2.924833357398045e-03  1.661592626798470e-03
  1.809999999999999e+01  -7.638119491515370e+04  -9.077072721448133e+04  -2.500718600503771e+04  -1.785438949604350e+05  1.497055831239212e+05  1.406923481576484e+05  -4.690124914808289e-03  -2.832819156976374e-03  2.134100770214612e-03
  1.819999999999999e+01  -7.331672518019531e+04  -8.919664916585857e+04  -6.271681535308738e+03  -1.844827281591751e+05  1.545444263104133e+05  1.457727827412658e+05  -4.974894839845721e-03  -1.857869405127237e-03  2.198407697187090e-03
  1.829999999999999e+01  -7.374454246367715e+04  -8.410632507454380e+04  4.618353371933152e+03  -1.876651444647536e+05  1.610395025536659e+05  1.490744218248363e+05  -4.369484785589373e-03  -6.500089384424937e-04  1.863226297398755e-03
  1.839999999999999e+01  -7.910608024932304e+04  -8.222612793522052e+04  6.408125977962568e+03  -1.882773749376840e+05  1.689192287453558e+05  1.504892851400299e+05  -3.364665869028551e-03  -3.384583517858731e-05  1.457924303048231e-03
  1.849999999999999e+01  -8.552017183852129e+04  -8.599531974516239e+04  2.422753116903542e+03  -1.874619024443291e+05  1.767114123850660e+05  1.507359408107330e+05  -2.596806491169415e-03  -4.290995542061447e-04  1.242445618589109e-03
  1.859999999999999e+01  -8.641629957870647e+04  -9.151822963570183e+04  -1.942329404723331e+03  -1.856973452187970e+05  1.817140598101339e+05  1.505619816322504e+05  -2.428444007422089e-03  -1.593381365980755e-03  1.066701209265275e-03
  1.870000000000000e+01  -7.763680944635825e+04  -9.249071595653502e+04  -3.369249510950065e+03  -1.821917545991508e+05  1.814526961172272e+05  1.502548781003539e+05  -2.753964587536240e-03  -2.828105476850829e-03  4.786073691688281e-04
  1.880000000000000e+01  -6.033193419502366e+04  -8.567182838456442e+04  -2.285650416108980e+03  -1.760730368840387e+05  1.756053603060595e+05  1.497534365781555e+05  -3.171649888605067e-03  -3.457208675784947e-03  -6.850590796942172e-04
  1.890000000000000e+01  -4.004458637321440e+04  -7.379821288148600e+04  -7.624642851865877e+02  -1.683199810728242e+05  1.666608564942829e+05  1.489144502059557e+05  -3.312317450958088e-03  -3.206401902270607e-03  -1.898100311561708e-03
  1.900000000000000e+01  -2.377958703500122e+04  -6.375868902094122e+04  4.824235629344673e+02  -1.620920217011019e+05  1.585086111269413e+05  1.475664879070038e+05  -3.061872122048192e-03  -2.295645374187708e-03  -2.271429969769838e-03
  1.910000000000000e+01  -1.675968909697467e+04  -6.114583566798101e+04  2.580757227214007e+03  -1.605120503400472e+05  1.539049451761261e+05  1.456411683230505e+05  -2.510997075422950e-03  -1.206995365313254e-03  -1.376822984945986e-03
  1.920000000000000e+01  -2.022699602391273e+04  -6.618414605604044e+04  6.355643573045584e+03  -1.639855976660049e+05  1.532311648492330e+05  1.437519683113780e+05  -1.715280562318609e-03  -3.291140949391435e-04  2.547164734215146e-04
  1.930000000000000e+01  -3.101942875426789e+04  -7.393501807821542e+04  1.040949576004698e+04  -1.696736720977686e+05  1.551456054620983e+05  1.434909432601935e+05  -6.293364315962204e-04  1.739584045423997e-04  1.522725818728127e-03
  1.940000000000001e+01  -4.330569697021995e+04  -7.832584403967747e+04  1.162959353738441e+04  -1.739727156629117e+05  1.579259373749599e+05  1.466794528364982e+05  6.755751136502314e-04  2.737783855784819e-04  1.610742933641449e-03
  1.950000000000001e+01  -5.159175101398888e+04  -7.642685440861101e+04  7.804352408293865e+03  -1.758001728295571e+05  1.602783055348826e+05  1.539332978768128e+05  1.801836798541839e-03  -3.499901666646772e-05  5.168466628652034e-04
  1.960000000000001e+01  -5.309947771000944e+04  -6.946332872706545e+04  -1.007507835369032e+02  -1.771070494294256e+05  1.613261409864818e+05  1.636128543866460e+05  2.184469982336968e-03  -7.009340876600740e-04  -1.077562880938878e-03
  1.970000000000001e+01  -4.841552745415479e+04  -6.080335090838155e+04  -8.702482463126082e+03  -1.801812775316283e+05  1.607691742901675e+05  1.722374423642685e+05  1.575352513336614e-03  -1.451583801220011e-03  -2.322979627522205e-03
  1.980000000000001e+01  -4.011687469842744e+04  -5.323905921387130e+04  -1.542797866916216e+04  -1.848539564886456e+05  1.591612402901909e+05  1.762629887359225e+05  3.212384243346881e-04  -1.819414116498929e-03  -2.654038253206138e-03
  1.990000000000001e+01  -3.060742580997891e+04  -4.781830928452504e+04  -2.121381590493384e+04  -1.883586960368070e+05  1.574817658124505e+05  1.738809389644960e+05  -8.442294756029736e-04  -1.419982956753950e-03  -2.047329143210013e-03
