TITLE = "Temporal Signal for receiver number 01295"
VARIABLES = "Time","xx","yy","zz","xy","yz","xz","u","v","w"
# x1       3.605946160000e+05
# x2       4.731184950000e+06
# x3       -3.000000000000e+03
  0.000000000000000e+00  0.000000000000000e+00  0.000000000000000e+00  0.000000000000000e+00  0.000000000000000e+00  0.000000000000000e+00  0.000000000000000e+00  0.000000000000000e+00  0.000000000000000e+00  0.000000000000000e+00
  1.000000000000000e-01  0.000000000000000e+00  0.000000000000000e+00  0.000000000000000e+00  0.000000000000000e+00  0.000000000000000e+00  0.000000000000000e+00  0.000000000000000e+00  0.000000000000000e+00  0.000000000000000e+00
  2.000000000000000e-01  0.000000000000000e+00  0.000000000000000e+00  0.000000000000000e+00  0.000000000000000e+00  0.000000000000000e+00  0.000000000000000e+00  0.000000000000000e+00  0.000000000000000e+00  0.000000000000000e+00
  3.000000000000000e-01  -5.015103439007207e-03  -6.378817872821029e-03  -2.117957970136038e-03  3.835143069520532e-04  1.248344478896112e-03  -1.665311441712964e-03  5.850856545621345e-10  -3.768447988238936e-11  -4.879635322055685e-11
  4.000000000000000e-01  2.351635711346793e-01  8.137119776516716e-01  2.298260806417347e-01  2.668018220279275e-01  -2.404584315833092e-01  -9.472920207994820e-02  2.368290932017846e-08  6.502991354170740e-08  -3.705786839093387e-08
  5.000000000000000e-01  -1.320640614835375e+00  -3.489842800529925e-01  -2.390677778301491e+00  -7.512195196445032e-01  5.595605107044845e-02  -1.019942157670970e-01  -6.772572260069597e-08  -2.945731332280149e-08  1.717278908333847e-07
  6.000000000000000e-01  1.006271356697286e+01  1.097708511204854e+01  1.280002437990905e+01  7.073648494428846e+00  -4.178307339021530e+00  -3.007567651424867e-01  7.420316701407762e-07  7.108856857764108e-07  -1.001278938589114e-06
  7.000000000000000e-01  -1.774961699126185e+01  -8.291377645592359e-01  1.595621814464784e+01  -9.497607365073591e+00  -2.175139220590841e+01  -1.861877718065886e+00  -3.068566684721530e-06  -6.336030300786918e-07  -2.034695108099370e-06
  7.999999999999999e-01  -2.569224720982329e+01  -1.242924861419183e+02  -2.189440376760044e+02  2.902102687287018e+01  9.594042015121599e+01  2.963284422064249e+01  5.813464774228353e-06  -9.214543213267737e-06  2.413531223988340e-05
  8.999999999999999e-01  -1.486616370914163e+02  -8.168726915602758e+02  -6.760953249068147e+02  -1.310387921554467e+02  7.820477682970796e+02  4.406372666230872e+02  -2.847158016271757e-05  -7.992694634150164e-05  8.296049057996834e-05
  9.999999999999999e-01  7.792479581367151e+02  -3.278621481623300e+02  -2.626681159300716e+03  7.537095221173785e+02  2.310340814441436e+03  1.045016062911303e+03  8.022343988501839e-05  -4.144508479215449e-05  3.164855230297069e-04
  1.100000000000000e+00  5.039840490356211e+03  1.321321783844130e+03  -7.859483894312563e+03  4.152228747057611e+03  6.503226809426016e+03  2.096530485623036e+03  5.352676474110021e-04  8.247359446007099e-05  9.321874870120114e-04
  1.200000000000000e+00  7.982463142893361e+03  1.600846280446451e+03  -9.734301490034282e+03  6.107789608007045e+03  1.083943747672832e+04  3.681733541582534e+03  5.975549044653368e-04  1.948115794766412e-05  1.046525928165315e-03
  1.300000000000000e+00  3.070924172792397e+03  -1.329640168110096e+03  -3.877330311113396e+03  2.083657731171504e+03  9.636898020217050e+03  4.267613290322168e+03  -3.822885735353715e-04  -3.679346319698135e-04  -1.150476574799909e-04
  1.400000000000000e+00  -3.193927040486567e+03  -3.549817382227988e+03  6.555261370553408e+02  -2.838369213599757e+03  4.945364057575714e+03  3.502417724448855e+03  -1.384162156824980e-03  -5.765134842226792e-04  -1.364007795513599e-03
  1.500000000000000e+00  -2.140082699006987e+03  -4.989356280907647e+03  -7.370700937815605e+03  -1.753429039102660e+03  6.625072983278710e+03  4.334582426424721e+03  -1.265851938503205e-03  -6.368149578816220e-04  -8.901779716161317e-04
  1.600000000000000e+00  7.331518375860586e+03  -6.682411910339953e+03  -2.466887723984435e+04  4.201208017743505e+03  1.863424247899614e+04  9.236756329256117e+03  -2.300305006906446e-04  -7.861627486483885e-04  1.129999182438285e-03
  1.700000000000000e+00  1.630786598103843e+04  -1.382372522381283e+04  -4.692978237042395e+04  9.125078148380311e+03  3.998484259229001e+04  1.986846829768587e+04  2.723521168418393e-04  -1.562503661957103e-03  3.632640186868681e-03
  1.800000000000000e+00  3.100605589794033e+04  -1.348208723339961e+04  -7.578264270940168e+04  1.714926663407593e+04  6.314555279802995e+04  3.201537693175127e+04  6.794469818426518e-04  -1.855356004847056e-03  5.850280987248981e-03
  1.900000000000001e+00  8.903317799716131e+04  3.390009416185811e+04  -1.114947956617594e+05  5.605596936024956e+04  8.212875893771701e+04  3.059075899037139e+04  5.175667870966866e-03  1.709836618731085e-03  7.709424663350394e-03
  2.000000000000000e+00  1.801931636396733e+05  1.146213272277163e+05  -1.324736528768543e+05  1.167354211085263e+05  7.879336627299059e+04  8.843882322998350e+03  1.167349375584222e-02  8.089479180676408e-03  5.405087293119177e-03
  2.100000000000001e+00  2.295156139905835e+05  1.927322461014020e+05  -3.810583438667971e+04  1.417709650229433e+05  -9.930685829363780e+03  -4.788597503750020e+04  1.110278303483444e-02  1.424322820947358e-02  -1.396355656736310e-02
  2.200000000000001e+00  1.711106177707820e+05  2.345209657312744e+05  2.582371133755293e+05  9.421951273179498e+04  -2.057217663056330e+05  -1.506900083788712e+05  -2.297283311148328e-03  1.756676962788179e-02  -5.670517514963094e-02
  2.300000000000001e+00  3.125037044044415e+04  2.259530543816323e+05  7.211996636911746e+05  -1.417384711835864e+04  -4.625599338205376e+05  -2.832523258182103e+05  -2.350325703638207e-02  1.682499484017836e-02  -1.128737995562769e-01
  2.400000000000001e+00  -1.700785616482217e+05  1.916425259789373e+05  1.306549284256204e+06  -1.546996705987700e+05  -6.912116626159474e+05  -4.191342113073001e+05  -4.972268519017059e-02  1.080297005910945e-02  -1.749698445306951e-01
  2.500000000000001e+00  -3.878986467305158e+05  1.302501162033966e+05  1.883236211676157e+06  -2.806568437531217e+05  -8.709224985262704e+05  -5.291428181621949e+05  -7.330037844497612e-02  4.470433578869292e-03  -2.276635581732989e-01
  2.600000000000001e+00  -5.093168314380798e+05  1.157792568978355e+05  2.415494256613397e+06  -3.752783520345361e+05  -1.006078200813340e+06  -6.205911833305027e+05  -8.530352981847104e-02  6.869229740264842e-04  -2.694678538442312e-01
  2.700000000000001e+00  -6.564662027407570e+05  7.466031990892647e+04  2.838617925849785e+06  -4.583416400511061e+05  -1.091128907924072e+06  -6.796120887887842e+05  -9.836599754198076e-02  -4.919851114012976e-03  -3.022750156636542e-01
  2.800000000000001e+00  -7.794693261899040e+05  4.753637562138051e+04  3.254673768427182e+06  -5.227509289601170e+05  -1.155222409023337e+06  -7.442336356282833e+05  -1.076339916035654e-01  -1.033185161084046e-02  -3.334794191080341e-01
  2.900000000000001e+00  -8.310924218291714e+05  4.136569917082036e+04  3.644164736268593e+06  -5.805054637005670e+05  -1.216388425552659e+06  -7.973524539583718e+05  -1.130100116583356e-01  -1.255846722155822e-02  -3.638348584910855e-01
  3.000000000000001e+00  -8.964092661523079e+05  4.001450313676307e+04  4.019712266220009e+06  -6.226170841184400e+05  -1.242371417281831e+06  -8.153466623652555e+05  -1.200154903436772e-01  -1.379028404583657e-02  -3.949751066020749e-01
  3.100000000000001e+00  -9.986349849068542e+05  4.158066283013909e+04  4.216550424767673e+06  -6.306243839582851e+05  -1.245036430660152e+06  -8.129452440910799e+05  -1.223586495286643e-01  -1.278063542748687e-02  -4.117162212750559e-01
  3.200000000000002e+00  -1.305583155421871e+06  -2.069069838014909e+05  3.622825595745968e+06  -6.225954067127451e+05  -1.207175538448964e+06  -9.004279101010837e+05  -1.127805442284227e-01  -1.533574041779371e-02  -3.700069688798020e-01
  3.300000000000002e+00  -1.434865711770760e+06  -3.092687157562085e+05  3.257343301153568e+06  -6.356132909952957e+05  -1.144705512386797e+06  -9.802024663092445e+05  -1.068525406379603e-01  -2.272696010572326e-02  -3.494601759041440e-01
  3.400000000000002e+00  -1.479717462203758e+06  -3.495544843846240e+05  3.027370841653540e+06  -6.014153395068214e+05  -1.040831859066543e+06  -1.027450895800487e+06  -1.042321726753357e-01  -3.198340641921494e-02  -3.389483113688858e-01
  3.500000000000002e+00  -1.538908408861224e+06  -3.876312402601877e+05  2.723038653518949e+06  -5.485203687346370e+05  -8.929615659058383e+05  -1.011861153418636e+06  -1.096857048945131e-01  -4.239947707518917e-02  -3.213870708673925e-01
  3.600000000000002e+00  -1.532975001901972e+06  -4.116260545835789e+05  2.171161973531301e+06  -4.966957664774193e+05  -8.048563983643217e+05  -1.069684205389415e+06  -1.011438268876217e-01  -4.760253283609142e-02  -2.896316464279534e-01
  3.700000000000002e+00  -1.415285127522640e+06  -3.801472401867234e+05  1.486376081058608e+06  -3.694058304283502e+05  -8.294756285845707e+05  -1.254409082346031e+06  -8.115489220799084e-02  -3.832076642051808e-02  -2.544541088317067e-01
  3.800000000000002e+00  -1.267331581699081e+06  -3.643799436017430e+05  9.155199248576548e+05  -2.205466150366292e+05  -8.926432558868302e+05  -1.340047175519574e+06  -8.508849741952636e-02  -2.140847120142769e-02  -2.179594107502713e-01
  3.900000000000002e+00  -1.248431584747963e+06  -4.520301124483162e+05  3.956723636310222e+05  -1.290451596481642e+05  -9.153592905884397e+05  -1.186263320563359e+06  -1.185374568319821e-01  -2.158686795270871e-02  -1.809637971419392e-01
  4.000000000000002e+00  -1.419325324282564e+06  -5.849608625752670e+05  1.594962740441521e+05  -9.042697709725231e+03  -8.490310691640757e+05  -1.098512656741931e+06  -1.573713616090845e-01  -2.706592010409899e-02  -1.821892974988702e-01
  4.100000000000001e+00  -1.433951342092675e+06  -7.682792799724767e+05  3.244327350086699e+04  8.765431795111271e+04  -8.795391139027117e+05  -1.086254873402205e+06  -1.622412790971530e-01  -3.001953988694336e-02  -1.843216748180063e-01
  4.200000000000001e+00  -1.033628090464085e+06  -9.596256899023501e+05  -5.357439614083695e+05  -2.142474752018184e+04  -1.145105949169138e+06  -1.071932654157289e+06  -1.117880835770230e-01  -3.653642254400454e-02  -1.365569923124595e-01
  4.300000000000001e+00  -6.171397728313969e+05  -1.144497309600519e+06  -1.248141728734050e+06  -2.196051431271441e+05  -1.481145328881846e+06  -1.071768712417308e+06  -5.402242488116938e-02  -4.220714222697027e-02  -8.196963105492787e-02
  4.400000000000000e+00  -4.247879251457686e+05  -1.287749495001463e+06  -1.540052103564761e+06  -3.227411656768465e+05  -1.685954980634785e+06  -1.066461252365989e+06  -2.626671784800353e-02  -5.359629992035841e-02  -6.896458865249176e-02
  4.500000000000000e+00  -3.751919859481270e+05  -1.341384081489423e+06  -1.748770860118520e+06  -3.803173323005275e+05  -1.710673837521862e+06  -1.113941746490452e+06  -6.314901038503987e-03  -7.268776271729763e-02  -6.766716530017448e-02
  4.600000000000000e+00  -3.583205068279050e+05  -1.366370301154080e+06  -2.037053892012424e+06  -4.593642220032297e+05  -1.684061108408538e+06  -1.174322717382814e+06  7.415973628060820e-03  -8.588757436591621e-02  -7.775909569117834e-02
  4.699999999999999e+00  -3.867002097124424e+05  -1.530373260739987e+06  -2.070558346545408e+06  -4.822713626222705e+05  -1.684178813693008e+06  -1.163218861809144e+06  7.661702118462982e-03  -1.015088756442881e-01  -1.240776312110984e-01
  4.799999999999999e+00  -4.686522284865295e+05  -1.659872591180737e+06  -2.062130608432138e+06  -4.037675068313290e+05  -1.688253129406430e+06  -1.114270015093780e+06  1.034639198469086e-02  -1.108545942599656e-01  -1.595623097801372e-01
  4.899999999999999e+00  -5.472352938863259e+05  -1.502759608933917e+06  -2.377627938325325e+06  -2.867107258956813e+05  -1.668899661372603e+06  -1.072025900508147e+06  2.248505869071848e-02  -7.813920709981419e-02  -1.443570215874784e-01
  4.999999999999998e+00  -6.230980553699017e+05  -1.179141291391517e+06  -2.738432974376122e+06  -2.034680005082594e+05  -1.583210805013500e+06  -1.069040778668081e+06  2.692740268110404e-02  -1.518043164325890e-02  -1.059287936703927e-01
  5.099999999999998e+00  -6.362149452154781e+05  -8.343032161320078e+05  -2.833081650308183e+06  -1.889201089461902e+05  -1.469701990570434e+06  -1.139703918407882e+06  2.352481610344857e-02  3.782655491683169e-02  -7.114656503665862e-02
  5.199999999999998e+00  -6.098892987037683e+05  -6.300495278431372e+05  -2.797434340321567e+06  -2.176431443635067e+05  -1.432264915323824e+06  -1.203627982937975e+06  2.146720871709765e-02  6.049893025206820e-02  -5.650720116027844e-02
  5.299999999999997e+00  -6.047193478535792e+05  -5.518946899430673e+05  -2.690041875578331e+06  -2.146051773997067e+05  -1.437021205782420e+06  -1.201229080520942e+06  1.923295797192524e-02  6.858935271547896e-02  -7.224399686250048e-02
  5.399999999999997e+00  -6.401418003550095e+05  -4.906560798393828e+05  -2.532776702081156e+06  -1.416398093245086e+05  -1.407324362399977e+06  -1.187142813558938e+06  2.083187582191665e-02  8.095274628155533e-02  -9.646969374206522e-02
  5.499999999999996e+00  -6.801669459365789e+05  -4.792062005794329e+05  -2.377440214589134e+06  -6.506107878558539e+04  -1.357443325432603e+06  -1.221339490538500e+06  3.174178007689969e-02  8.964254913421052e-02  -1.036973991649504e-01
  5.599999999999996e+00  -6.947076698166353e+05  -5.285777760606644e+05  -2.164760622366413e+06  -5.095999510736254e+04  -1.255002278758205e+06  -1.255963265042112e+06  4.088255158155374e-02  8.841991548813773e-02  -8.682570595582603e-02
  5.699999999999996e+00  -7.173742020212479e+05  -6.182698603561558e+05  -1.896067949714372e+06  -6.365345114681579e+04  -1.097220194431484e+06  -1.227364467185067e+06  4.134978476792185e-02  8.217373438339037e-02  -5.705831611359180e-02
  5.799999999999995e+00  -7.466056674780577e+05  -7.095185229246650e+05  -1.598925387397439e+06  -6.154002354200249e+04  -9.757676567897792e+05  -1.157197823245667e+06  4.009774981130336e-02  7.455819473194178e-02  -2.850740137970706e-02
  5.899999999999995e+00  -7.480292609218351e+05  -7.573973213287215e+05  -1.339548543776367e+06  -6.484443082382881e+04  -9.400349075549550e+05  -1.114444361539484e+06  4.586902127749717e-02  6.795502856197569e-02  -9.116489680147744e-03
  5.999999999999995e+00  -7.324511849834778e+05  -7.761499007478374e+05  -1.204471766200148e+06  -8.376363013622272e+04  -9.468086991412662e+05  -1.103260417825757e+06  5.940131806470043e-02  6.239956385024916e-02  -7.652526392250796e-05
  6.099999999999994e+00  -7.376809791593357e+05  -8.023514324577486e+05  -1.045731244075033e+06  -9.679585411138929e+04  -9.317386063251741e+05  -1.107985469778502e+06  7.318264581476058e-02  5.724818403088260e-02  9.551606187302050e-03
  6.199999999999994e+00  -7.253045592945560e+05  -8.371742623221909e+05  -6.944612300748371e+05  -1.197941352978222e+05  -8.958129921971456e+05  -1.115313384561880e+06  7.302561583051637e-02  5.584839328105139e-02  3.039655078453785e-02
  6.299999999999994e+00  -7.111223998894552e+05  -9.158363072376085e+05  -2.408562590617334e+05  -1.661976483671395e+05  -8.377615288308142e+05  -1.115219510281533e+06  5.722397399441769e-02  5.212438934195996e-02  6.389210369463053e-02
  6.399999999999993e+00  -7.584559231418924e+05  -9.788746763478895e+05  2.331501057992457e+05  -2.136047724179237e+05  -7.483704821550122e+05  -1.132877416049924e+06  4.131655975196330e-02  4.733377356557147e-02  1.065307103664057e-01
  6.499999999999993e+00  -9.076526901246578e+05  -9.960022636790868e+05  6.677784626428467e+05  -2.184121383443159e+05  -6.500942990095909e+05  -1.197903247054009e+06  3.858537160337088e-02  4.566417962544166e-02  1.556333404115294e-01
  6.599999999999993e+00  -1.076662770333234e+06  -1.062742637826705e+06  1.013369414888464e+06  -1.672931380484613e+05  -5.582735270287833e+05  -1.258058380058062e+06  3.664155883988889e-02  3.638705086174863e-02  1.959917012380843e-01
  6.699999999999992e+00  -1.159828082605269e+06  -1.169978846536782e+06  1.297682459613743e+06  -1.106800924435697e+05  -4.902989975199577e+05  -1.252675555394074e+06  2.112856044780425e-02  1.993037931008879e-02  2.155790115603622e-01
  6.799999999999992e+00  -1.258752072505232e+06  -1.243763389935055e+06  1.534116198150491e+06  -6.328437628002559e+04  -4.971846955947157e+05  -1.192072402453324e+06  9.619425345025436e-03  9.219399494324459e-03  2.211553584662888e-01
  6.899999999999991e+00  -1.307360668356612e+06  -1.280060530643150e+06  1.736764335068690e+06  7.569163354335349e+03  -5.649672784339942e+05  -1.073722514991387e+06  5.276241581389363e-03  2.900950119645049e-03  2.181599600433827e-01
  6.999999999999991e+00  -1.266211080188890e+06  -1.310607460010278e+06  1.868124624553119e+06  1.100623107056034e+05  -6.071413649071832e+05  -9.396856538457058e+05  8.807971707008123e-05  -4.051724028221441e-03  2.108699141040535e-01
  7.099999999999991e+00  -1.265114895640318e+06  -1.336403241241786e+06  1.914139149599219e+06  2.174325899037618e+05  -5.771326566113079e+05  -8.630518738178139e+05  1.791371254415502e-03  -1.161457342475665e-02  2.061089211134353e-01
  7.199999999999990e+00  -1.295178515794343e+06  -1.358306897665354e+06  1.941198491579854e+06  3.252014078001550e+05  -4.877015836207610e+05  -8.297215596449806e+05  1.394035181099965e-02  -2.370221738763179e-02  2.022366447229315e-01
  7.299999999999990e+00  -1.303037847164612e+06  -1.407135655560739e+06  1.970455175530908e+06  4.441030713749152e+05  -4.015001969689353e+05  -7.955083884672530e+05  2.792175357334096e-02  -4.046649554695420e-02  1.939031304001180e-01
  7.399999999999990e+00  -1.263010042920080e+06  -1.474839013241271e+06  1.979152119170390e+06  5.264795044961682e+05  -3.898995461833996e+05  -7.556826353820332e+05  3.547868978856184e-02  -5.505156806743928e-02  1.750529378813427e-01
  7.499999999999989e+00  -1.097386061848156e+06  -1.481545415904623e+06  1.969843098337996e+06  4.849642718709066e+05  -4.638484040618455e+05  -7.217391031815622e+05  3.231411617454547e-02  -6.069571608380120e-02  1.411764454656420e-01
  7.599999999999989e+00  -9.040913790147241e+05  -1.400352597240018e+06  1.945357842500833e+06  3.364104619445137e+05  -6.026287163414217e+05  -7.341368689364454e+05  3.010260373211922e-02  -5.551711659914211e-02  9.828585056420955e-02
  7.699999999999989e+00  -8.456924083527090e+05  -1.291313975556942e+06  1.843565928161337e+06  1.871315231594387e+05  -7.558371115025257e+05  -8.124075384790734e+05  3.326190003378574e-02  -4.760183693729360e-02  6.402699426485267e-02
  7.799999999999988e+00  -8.363085727106099e+05  -1.169691804229215e+06  1.716121378022011e+06  7.183438214398644e+04  -9.160696717105766e+05  -8.900728050157328e+05  2.837638357229202e-02  -4.204622196152324e-02  3.936101755400122e-02
  7.899999999999988e+00  -8.515074350837752e+05  -1.088559195740466e+06  1.541438167846048e+06  -5.060689893253054e+04  -1.074419512789579e+06  -9.806982639937687e+05  1.724905543861985e-02  -4.109797683848770e-02  2.122615894086753e-02
  7.999999999999988e+00  -8.656040566867434e+05  -1.020001261095505e+06  1.370575384803151e+06  -1.900479561970580e+05  -1.221848272358791e+06  -1.096332869095959e+06  4.842086080915652e-03  -3.878754426354412e-02  5.763772579958203e-04
  8.099999999999987e+00  -8.952172631233133e+05  -9.308443342681619e+05  1.201477411925147e+06  -3.082497039991049e+05  -1.345001569350380e+06  -1.206126749014366e+06  -4.175606583307171e-03  -2.814522996042272e-02  -1.958730881706940e-02
  8.199999999999987e+00  -9.240961214752394e+05  -8.266849997535639e+05  1.015806734492425e+06  -3.715545900116879e+05  -1.423412443289527e+06  -1.265270312602976e+06  -5.785851032136446e-03  -1.002314958129255e-02  -3.222550070200932e-02
  8.299999999999986e+00  -9.591267577386118e+05  -7.294578923412726e+05  8.652268635520141e+05  -3.743832082308361e+05  -1.440824710375460e+06  -1.269957156676193e+06  1.284595323407149e-03  7.284357561335872e-03  -4.151778504812737e-02
  8.399999999999986e+00  -1.004051620886423e+06  -6.600730283512094e+05  7.771132300979928e+05  -3.441148966045596e+05  -1.400927210630196e+06  -1.257909363647919e+06  7.974200010379111e-03  1.587453083423124e-02  -5.159378261348638e-02
  8.499999999999986e+00  -1.002370128453640e+06  -6.456926156861300e+05  6.835495607336953e+05  -3.071910447702712e+05  -1.328203254827722e+06  -1.256794681146636e+06  3.603974970301806e-03  1.348999465003180e-02  -5.640472933732742e-02
  8.599999999999985e+00  -8.978387312449256e+05  -6.644643136555393e+05  5.388143322614520e+05  -2.636029744538137e+05  -1.260429377521507e+06  -1.260303253432951e+06  -1.050068991439894e-02  5.547765365842562e-03  -5.090206551276202e-02
  8.699999999999985e+00  -7.466475932494161e+05  -6.747192056815594e+05  3.351384683256097e+05  -2.182867801874219e+05  -1.225127002880848e+06  -1.253765236580636e+06  -2.262725470088450e-02  -7.600847523540911e-05  -3.808452498715068e-02
  8.799999999999985e+00  -6.319894653157189e+05  -6.532940830879625e+05  1.475343081621314e+05  -1.930308846476316e+05  -1.210133640956165e+06  -1.225530369464294e+06  -2.763768729002343e-02  -2.357838042800074e-03  -2.803385626331718e-02
  8.899999999999984e+00  -6.128711494459572e+05  -6.373813232289503e+05  3.551011225884919e+04  -1.907968890211968e+05  -1.193328969745000e+06  -1.176160217237527e+06  -2.632787253587255e-02  -5.584804992256921e-03  -2.699311801472869e-02
  8.999999999999984e+00  -6.544144207443710e+05  -6.387631803203113e+05  3.481245155493831e+04  -1.989320071595527e+05  -1.179077048114459e+06  -1.150539822002509e+06  -2.371043535537677e-02  -8.577180196713243e-03  -2.854566175162109e-02
  9.099999999999984e+00  -6.797832797645818e+05  -6.337741509154143e+05  1.052563514298047e+05  -1.969435551418561e+05  -1.176741517502426e+06  -1.162385836338630e+06  -2.461610055508583e-02  -7.762749168724136e-03  -2.699903120353388e-02
  9.199999999999983e+00  -6.694526306076724e+05  -6.314532515791693e+05  1.169680774604811e+05  -1.699113650060831e+05  -1.181128971895588e+06  -1.166983462126114e+06  -2.668935670644938e-02  -5.504563572840601e-03  -2.473264506493294e-02
  9.299999999999983e+00  -6.334932988999774e+05  -6.358260298170988e+05  5.293726696607594e+04  -1.323809619309569e+05  -1.188335778773464e+06  -1.147631007097797e+06  -2.426891845702833e-02  -2.377061495512119e-03  -2.254000216618524e-02
  9.399999999999983e+00  -6.131246673752423e+05  -6.452535079687739e+05  -1.046668088319889e+04  -1.064593330885810e+05  -1.198608959491578e+06  -1.126118812309819e+06  -1.404613464949082e-02  2.158263257640751e-03  -2.176114585263770e-02
  9.499999999999982e+00  -6.109630819448821e+05  -6.538381557593648e+05  -4.096746061190200e+04  -1.048690152418123e+05  -1.204040118415574e+06  -1.110245041262391e+06  -2.663546217508221e-03  6.293981052898565e-03  -2.498381101151482e-02
  9.599999999999982e+00  -6.188158394437362e+05  -6.740682849411067e+05  -7.946954487579841e+04  -1.216239404519087e+05  -1.194565372300403e+06  -1.106142126186072e+06  2.374873119515278e-03  8.695623083041658e-03  -3.111967711682172e-02
  9.699999999999982e+00  -6.300442274383829e+05  -6.900478009028061e+05  -1.323449887133262e+05  -1.380474227440416e+05  -1.160304030524842e+06  -1.113597431255897e+06  5.003924034062296e-04  1.088149272784417e-02  -3.712076046711318e-02
  9.799999999999981e+00  -6.507014239681566e+05  -6.978424126383048e+05  -1.673346712395058e+05  -1.351605820170706e+05  -1.099571877209205e+06  -1.115555846099631e+06  -3.726333032846327e-03  1.277757765713582e-02  -4.010513068947968e-02
  9.899999999999981e+00  -6.787594128781927e+05  -7.209216299325743e+05  -1.613342012137843e+05  -1.197904843048320e+05  -1.048310590325500e+06  -1.094020569673237e+06  -6.536966729214176e-03  1.513688657810440e-02  -4.098555458429230e-02
  9.999999999999980e+00  -6.812075987700842e+05  -7.415293610576107e+05  -1.213157539411841e+05  -1.123599420274528e+05  -1.043640943994886e+06  -1.053359917100875e+06  -6.981875531515311e-03  2.007770430428614e-02  -4.109056649614745e-02
  1.009999999999998e+01  -6.583280339070028e+05  -7.346304200043310e+05  -9.714986427877906e+04  -1.112804097726390e+05  -1.063376232752691e+06  -1.021668714333518e+06  -4.404993083328921e-03  2.479265486402898e-02  -3.863703914600489e-02
  1.019999999999998e+01  -6.424893647915589e+05  -7.069967593263867e+05  -9.798478674475668e+04  -1.057287397607283e+05  -1.059225319479915e+06  -1.016510079009694e+06  1.637156512592308e-03  2.582072971348562e-02  -3.311837389818910e-02
  1.029999999999998e+01  -6.557116444113852e+05  -6.742378977650973e+05  -8.175687299262942e+04  -1.031011751041922e+05  -1.026534471734367e+06  -1.026760199256966e+06  8.699223148799654e-03  2.542886493194400e-02  -2.572941709291917e-02
  1.039999999999998e+01  -6.894639670363602e+05  -6.498877171975176e+05  -3.390402579951527e+04  -1.178123904783754e+05  -9.903170917403502e+05  -1.030710763532031e+06  1.028313975792311e-02  2.568464659157549e-02  -1.705450813384296e-02
  1.049999999999998e+01  -7.149539585463568e+05  -6.402069608936550e+05  3.682123392124263e+04  -1.476171447610759e+05  -9.574048655603095e+05  -1.017477360801795e+06  3.203413035880831e-03  2.470972742875850e-02  -8.626525321674967e-03
  1.059999999999998e+01  -7.068842918466873e+05  -6.371857526636769e+05  1.437206254763996e+05  -1.747523447412575e+05  -9.227827941389602e+05  -9.925898594892566e+05  -5.587317338793313e-03  2.069743473025059e-02  -3.749478630379338e-03
  1.069999999999998e+01  -6.844771661840790e+05  -6.389641911904358e+05  2.741844785022559e+05  -1.842277244691464e+05  -8.924272622538724e+05  -9.770178804105017e+05  -6.623834048394285e-03  1.537700553942453e-02  -2.226183626922363e-03
  1.079999999999998e+01  -6.896289571987940e+05  -6.474570902221760e+05  3.627240724586836e+05  -1.750151644552966e+05  -8.753692623885043e+05  -9.878600607423391e+05  1.784897230700830e-03  1.327284593224642e-02  2.196007347233447e-03
  1.089999999999998e+01  -7.187809373148528e+05  -6.516253186736404e+05  3.930538848721118e+05  -1.549012569950836e+05  -8.740496845334165e+05  -1.014539680140481e+06  1.268535038290252e-02  1.599369798430594e-02  1.230837664786875e-02
  1.099999999999998e+01  -7.457981374253659e+05  -6.648711279178087e+05  4.229385842786285e+05  -1.332536927054049e+05  -8.841515413961345e+05  -1.026999565876266e+06  1.708380187402802e-02  1.770775937678131e-02  2.178371887065002e-02
  1.109999999999998e+01  -7.659359684544563e+05  -7.017855818190837e+05  4.909882212454559e+05  -1.188885370440255e+05  -8.931850404979027e+05  -1.017249602647285e+06  1.315641437501559e-02  1.307813570190056e-02  2.471545373294280e-02
  1.119999999999998e+01  -7.847388202534256e+05  -7.444914945286668e+05  5.706914054630992e+05  -1.107819696002576e+05  -8.966649340278560e+05  -1.007842813912520e+06  6.585379307154465e-03  5.109275491432790e-03  2.288084872936812e-02
  1.129999999999998e+01  -7.808660232937569e+05  -7.960057834012187e+05  6.252049879685715e+05  -1.035997363010416e+05  -9.136031794486188e+05  -1.012566361451096e+06  5.675719313597956e-04  -1.601259640097866e-03  1.893582521616212e-02
  1.139999999999998e+01  -7.308174457658074e+05  -8.750468325465178e+05  6.504082449946385e+05  -1.035123006299295e+05  -9.495704368322222e+05  -1.027343491624583e+06  -7.142183189797409e-03  -7.178292083129311e-03  1.426152100475411e-02
  1.149999999999998e+01  -6.634765871586433e+05  -9.399850635737500e+05  6.550768692696168e+05  -1.136604322982701e+05  -9.787346856189509e+05  -1.051390539459497e+06  -1.537737325270951e-02  -1.136560720527507e-02  1.208582175886008e-02
  1.159999999999997e+01  -6.480629301853385e+05  -9.300126564996445e+05  6.394852330992196e+05  -1.181500690924624e+05  -9.924270610511698e+05  -1.083535904680596e+06  -1.719355225956601e-02  -1.148809761620124e-02  1.299476214043678e-02
  1.169999999999997e+01  -7.093269045646627e+05  -8.657034824442231e+05  6.120377663207965e+05  -1.080919721694642e+05  -1.010329429665160e+06  -1.110728051447786e+06  -1.065915834959228e-02  -8.190415284625529e-03  1.295295258777313e-02
  1.179999999999997e+01  -7.942548872443250e+05  -8.230238861369265e+05  5.844719373698714e+05  -1.020532356989361e+05  -1.035714313083662e+06  -1.121927026653034e+06  -2.816377057932547e-03  -5.443452450993763e-03  1.014807938135264e-02
  1.189999999999997e+01  -8.475704460903751e+05  -8.327150246410293e+05  5.536039569763443e+05  -1.159330713076226e+05  -1.050012459734932e+06  -1.120485552057493e+06  1.307409517998681e-03  -4.462654063039059e-03  7.076207079774570e-03
  1.199999999999997e+01  -8.738727134078485e+05  -8.645397509394735e+05  5.143579352780911e+05  -1.379326551444137e+05  -1.045840649471728e+06  -1.112199261800634e+06  4.079256700900914e-03  -3.386611717178755e-03  5.276322533680300e-03
  1.209999999999997e+01  -8.993042601067951e+05  -8.817710208468584e+05  4.705744273242744e+05  -1.514790290233183e+05  -1.033023424934014e+06  -1.099367583737076e+06  7.423465125702746e-03  -1.530353207979826e-03  3.662594205570133e-03
  1.219999999999997e+01  -9.168768405552909e+05  -8.729687729797349e+05  4.308149162829159e+05  -1.557139500014612e+05  -1.021341098095271e+06  -1.091819533152716e+06  8.963844108593884e-03  8.801934937404322e-05  1.858494751353713e-03
  1.229999999999997e+01  -9.086019548188403e+05  -8.517480629434505e+05  4.056017847988736e+05  -1.534292567748896e+05  -1.011307452725530e+06  -1.104209111523405e+06  7.439024342243371e-03  6.266752755449223e-04  1.295477537976540e-03
  1.239999999999997e+01  -8.852872767988301e+05  -8.402822107246831e+05  4.001092854282942e+05  -1.428511729027592e+05  -9.978049203365967e+05  -1.135196450939776e+06  5.168323503160297e-03  -8.675556373477934e-05  2.344645429769495e-03
  1.249999999999997e+01  -8.755295339827843e+05  -8.514127146781093e+05  4.035637662566177e+05  -1.261875999227015e+05  -9.803561591994790e+05  -1.163251161939484e+06  4.261700188493917e-03  -2.045186748355638e-03  2.709913238881848e-03
  1.259999999999997e+01  -8.900742192562416e+05  -8.848440531803813e+05  4.000143460231608e+05  -1.110397229689926e+05  -9.678988216765287e+05  -1.170895734476147e+06  4.058890641081077e-03  -5.096717304962013e-03  2.698065596600690e-04
  1.269999999999997e+01  -9.093079997188745e+05  -9.270377212372677e+05  3.894796006235015e+05  -1.031536076610936e+05  -9.691596528826392e+05  -1.165009319405588e+06  2.666296935568615e-03  -8.080755191790358e-03  -3.638564566567091e-03
  1.279999999999997e+01  -9.127307626450845e+05  -9.590978214770322e+05  3.790876358040427e+05  -1.022259477538466e+05  -9.818263740603984e+05  -1.167651990320744e+06  1.223659766940440e-04  -9.326835234893548e-03  -5.229131044993060e-03
  1.289999999999997e+01  -9.040664480601019e+05  -9.673886170893259e+05  3.704230476741316e+05  -1.024497576098436e+05  -9.980810209810562e+05  -1.190058077920951e+06  -1.130612754389853e-03  -8.174195226521528e-03  -2.289353272119750e-03
  1.299999999999997e+01  -8.962624394274286e+05  -9.518808013684029e+05  3.654249262935746e+05  -9.747845578160774e+04  -1.012642694315323e+06  -1.220763888479621e+06  2.591401632424764e-04  -5.731324267149287e-03  3.825544480702497e-03
  1.309999999999997e+01  -8.894559224588012e+05  -9.323954567486234e+05  3.644546105817136e+05  -8.606449248304238e+04  -1.022501040664079e+06  -1.239482590956003e+06  2.316995096062851e-03  -4.388431801909691e-03  9.585192248466061e-03
  1.319999999999997e+01  -8.754151481963822e+05  -9.332645764103172e+05  3.632552330034893e+05  -7.201313406950202e+04  -1.026847066162322e+06  -1.237842506053305e+06  2.254753538670560e-03  -5.799243901440294e-03  1.188258004452410e-02
  1.329999999999997e+01  -8.570591481911765e+05  -9.584402956742246e+05  3.595854341754053e+05  -5.939203790521575e+04  -1.025668012073639e+06  -1.226958919271885e+06  -6.351803061513827e-05  -9.310043682858742e-03  1.038654605541311e-02
  1.339999999999997e+01  -8.465196252133421e+05  -9.873741919809357e+05  3.549042069645327e+05  -5.070102383954879e+04  -1.018729719096285e+06  -1.226643320375831e+06  -2.438603499747505e-03  -1.260154572238934e-02  7.944611690507980e-03
  1.349999999999997e+01  -8.437317386789555e+05  -9.949928441769825e+05  3.523266512415555e+05  -4.859332397450199e+04  -1.009165549810086e+06  -1.242536534713530e+06  -3.605847968892639e-03  -1.394394649806649e-02  7.480582312077730e-03
  1.359999999999997e+01  -8.388165133425837e+05  -9.770897933056181e+05  3.575950961216847e+05  -5.353461203247137e+04  -1.003339582176113e+06  -1.256611734125070e+06  -4.238843103028548e-03  -1.387438223817414e-02  8.738488920108527e-03
  1.369999999999997e+01  -8.351533745751695e+05  -9.513207542600028e+05  3.771439277979668e+05  -6.033520303149495e+04  -1.004992312169093e+06  -1.249240861525541e+06  -4.446276604035473e-03  -1.401748605324307e-02  9.308523668002085e-03
  1.379999999999997e+01  -8.445388797277402e+05  -9.320229726269116e+05  4.099155452359575e+05  -6.310913571883175e+04  -1.013381139708553e+06  -1.223294100647553e+06  -3.052398338748609e-03  -1.443384044961389e-02  7.966954489021386e-03
  1.389999999999997e+01  -8.611086643323377e+05  -9.189999776492219e+05  4.396243871741596e+05  -6.313113167375745e+04  -1.025076003943063e+06  -1.197552002887849e+06  -2.403192919761950e-04  -1.375282414957214e-02  5.626635943827773e-03
  1.399999999999997e+01  -8.635402818454403e+05  -9.102517597800841e+05  4.431419613731691e+05  -6.819598524507167e+04  -1.034799237083149e+06  -1.183985639396238e+06  1.675206850608084e-03  -1.158380536809850e-02  3.601948806525738e-03
  1.409999999999997e+01  -8.441566721884175e+05  -9.065396656482288e+05  4.142041347851280e+05  -8.475890882897894e+04  -1.037079077978380e+06  -1.179511061221580e+06  1.343470565519091e-03  -8.770479532384357e-03  2.292518840701401e-03
  1.419999999999997e+01  -8.214169721005268e+05  -9.060275964858516e+05  3.722966843713426e+05  -1.110710755522491e+05  -1.029756126353182e+06  -1.175890639394694e+06  2.294546398932444e-04  -5.824392769491983e-03  1.582119011780023e-03
  1.429999999999997e+01  -8.183251486887492e+05  -9.048531684210907e+05  3.435291120323707e+05  -1.373329222224745e+05  -1.018330077304590e+06  -1.168794709839486e+06  2.150206829959272e-04  -2.791333400975652e-03  1.206859174658577e-03
  1.439999999999996e+01  -8.348112799448558e+05  -8.992871576482598e+05  3.390769280248548e+05  -1.523073922632365e+05  -1.015148456187165e+06  -1.156454860177238e+06  1.094136271301345e-03  -2.620969584977561e-04  2.467500079693190e-04
  1.449999999999996e+01  -8.502345455537065e+05  -8.865937360224582e+05  3.504896460996152e+05  -1.495854804859696e+05  -1.028132005241066e+06  -1.137744320999100e+06  1.525549812029886e-03  5.978737408390623e-04  -2.286118800055569e-03
  1.459999999999996e+01  -8.484571267769607e+05  -8.664636829753609e+05  3.598212528719456e+05  -1.303517296967534e+05  -1.050525554510430e+06  -1.115088557542508e+06  1.255834939290970e-03  -8.002706029206577e-04  -5.771034686718480e-03
  1.469999999999996e+01  -8.310967006389854e+05  -8.428443494257159e+05  3.545609764720192e+05  -1.040039695560113e+05  -1.066508298201428e+06  -1.094478532219865e+06  1.265336029083871e-03  -3.570609918280765e-03  -8.095905673439206e-03
  1.479999999999996e+01  -8.105696063124530e+05  -8.242254017848469e+05  3.375461499579916e+05  -8.417114007598390e+04  -1.066217645284422e+06  -1.079512310106220e+06  2.107214810018199e-03  -5.813178350105697e-03  -8.075019837048824e-03
  1.489999999999996e+01  -8.007878927026538e+05  -8.203122428197567e+05  3.222901987509996e+05  -7.930270456578274e+04  -1.053392841929622e+06  -1.067879505358039e+06  3.200138977187381e-03  -6.128403820106530e-03  -7.066097581219562e-03
  1.499999999999996e+01  -8.097726301439161e+05  -8.335318151246913e+05  3.176059343257931e+05  -8.767619700788344e+04  -1.040255682402807e+06  -1.056682299736496e+06  3.642513880166824e-03  -4.391918127591288e-03  -7.283197315717417e-03
  1.509999999999996e+01  -8.300990196811535e+05  -8.517511626360129e+05  3.210882716930317e+05  -1.031382676059781e+05  -1.037061874129806e+06  -1.048575000429973e+06  2.817920713694710e-03  -1.193710711386671e-03  -8.914866993845973e-03
  1.519999999999996e+01  -8.439454575942425e+05  -8.575842539336684e+05  3.250875101355831e+05  -1.211008361057676e+05  -1.045803575727636e+06  -1.048424342195038e+06  7.038760810279664e-04  2.440027058725367e-03  -9.924302939728147e-03
  1.529999999999996e+01  -8.438631865968333e+05  -8.453186303316593e+05  3.252264180532353e+05  -1.378046955447334e+05  -1.060704644766634e+06  -1.056053384320085e+06  -1.798304578619382e-03  5.210991078680634e-03  -8.456323711819196e-03
  1.539999999999996e+01  -8.405140942719261e+05  -8.231938423821867e+05  3.239213859450007e+05  -1.498207450977785e+05  -1.071756141839749e+06  -1.066495748562757e+06  -3.436127760683293e-03  6.441433129074849e-03  -4.434231813251423e-03
  1.549999999999996e+01  -8.479203108225230e+05  -8.034855846706225e+05  3.251416022327130e+05  -1.570093453428020e+05  -1.070237719923207e+06  -1.075311577499050e+06  -3.822930678831453e-03  6.484870335621616e-03  7.740637693472639e-04
  1.559999999999996e+01  -8.676789181650225e+05  -7.946106890397564e+05  3.284458464976161e+05  -1.624048890691858e+05  -1.055842690075441e+06  -1.080289207473071e+06  -3.671838956778117e-03  6.111673714637603e-03  5.143178787008867e-03
  1.569999999999996e+01  -8.892447314815846e+05  -7.990512479632300e+05  3.313751975882103e+05  -1.672042708277467e+05  -1.038347656743878e+06  -1.080436475326341e+06  -3.767797473569711e-03  5.709559378608546e-03  6.907344535505271e-03
  1.579999999999996e+01  -9.004137171134882e+05  -8.137562117137864e+05  3.348763780874386e+05  -1.687254210885395e+05  -1.029583298921678e+06  -1.076362641927180e+06  -4.233354213426575e-03  4.941272411577604e-03  5.805560354641998e-03
  1.589999999999996e+01  -8.957082472795644e+05  -8.314813876355661e+05  3.426283802015572e+05  -1.644185250777101e+05  -1.033267007579211e+06  -1.070595399355341e+06  -4.723466329974267e-03  3.228424865710499e-03  3.411203554623872e-03
  1.599999999999996e+01  -8.783727925598522e+05  -8.432519092482596e+05  3.561592990336677e+05  -1.558382173877262e+05  -1.043005855796624e+06  -1.066356519394880e+06  -4.740177261851606e-03  7.023406446736568e-04  1.859157597679602e-03
  1.609999999999996e+01  -8.571341713913407e+05  -8.434838266619263e+05  3.724581853218332e+05  -1.479428141348048e+05  -1.049092648530437e+06  -1.066882435990274e+06  -3.966857608988392e-03  -1.619307326189277e-03  2.252226758393110e-03
  1.619999999999996e+01  -8.401353914689018e+05  -8.352191866969196e+05  3.867228307999608e+05  -1.452653523395232e+05  -1.046563397913224e+06  -1.075282484629086e+06  -2.780693883288945e-03  -2.784876605351119e-03  4.206089520257185e-03
  1.629999999999996e+01  -8.304306158295700e+05  -8.278306473311437e+05  3.966262208619913e+05  -1.490918363866753e+05  -1.038030261287858e+06  -1.092530271307068e+06  -2.256488213428604e-03  -2.755293856497352e-03  6.513543584218861e-03
  1.639999999999996e+01  -8.267138568640091e+05  -8.281934124165449e+05  4.027096086765134e+05  -1.578632161559446e+05  -1.030064798407013e+06  -1.114803837094547e+06  -3.356898326217582e-03  -2.089314549622721e-03  7.993714781262873e-03
  1.649999999999996e+01  -8.278457100273530e+05  -8.356223469955603e+05  4.055972721835527e+05  -1.693955235306819e+05  -1.027325081311392e+06  -1.134077344780579e+06  -6.011505555579231e-03  -1.154890932714445e-03  8.007125338213515e-03
  1.659999999999997e+01  -8.359395723427357e+05  -8.444597817892067e+05  4.055097482682403e+05  -1.817387894651745e+05  -1.029947958427429e+06  -1.143036650201229e+06  -8.867680463377171e-03  -2.006479360456699e-05  6.661679847495182e-03
  1.669999999999997e+01  -8.538638882449062e+05  -8.492298315721499e+05  4.042892758685949e+05  -1.923923323765364e+05  -1.035039591769487e+06  -1.140944335944287e+06  -1.008337717946641e-02  1.186997042284002e-03  4.671111652870270e-03
  1.679999999999997e+01  -8.798905216351476e+05  -8.480195101265931e+05  4.048380294212704e+05  -1.987189273369870e+05  -1.039008344858019e+06  -1.135002374370416e+06  -8.707562709187707e-03  2.144464753254168e-03  2.851972870752843e-03
  1.689999999999997e+01  -9.066281850684287e+05  -8.433854544152854e+05  4.074762988018318e+05  -1.998886337862014e+05  -1.039158196542687e+06  -1.134504068437172e+06  -5.421153397052555e-03  2.564149161179197e-03  1.598000049404306e-03
  1.699999999999997e+01  -9.247768775848967e+05  -8.403013036211828e+05  4.092983652057374e+05  -1.973685024492248e+05  -1.035208248070890e+06  -1.142721568055470e+06  -1.942727110712950e-03  2.493685356873322e-03  8.196199789627649e-04
  1.709999999999997e+01  -9.279800075081636e+05  -8.421987312368148e+05  4.076919765808291e+05  -1.927028458832112e+05  -1.029769833764161e+06  -1.154600673749213e+06  2.976179781724811e-04  2.198058886113232e-03  2.633887785578578e-04
  1.719999999999997e+01  -9.161001310457501e+05  -8.490878165601885e+05  4.033912698366987e+05  -1.851260480925796e+05  -1.026206654210052e+06  -1.162162163367439e+06  9.824674405906569e-04  1.807206195364335e-03  -2.800743655150273e-04
  1.729999999999998e+01  -8.951820677090830e+05  -8.575554841642461e+05  4.002665045481484e+05  -1.727373401682374e+05  -1.025411714853447e+06  -1.161594183022964e+06  7.302300113115150e-04  1.175572230887682e-03  -9.549308048892666e-04
  1.739999999999998e+01  -8.743276897592560e+05  -8.626323423599065e+05  4.019516736821002e+05  -1.560812534233991e+05  -1.024831169567936e+06  -1.155825218356147e+06  3.229768755397768e-04  1.773269370026524e-04  -1.613982784772244e-03
  1.749999999999998e+01  -8.612400648597705e+05  -8.608408244162785e+05  4.085376949461927e+05  -1.396904088127475e+05  -1.020930159099837e+06  -1.151168470844261e+06  7.669563381546159e-05  -1.028408166409888e-03  -1.700140681385510e-03
  1.759999999999998e+01  -8.589535325655018e+05  -8.533222691316570e+05  4.170705133105612e+05  -1.290573465403624e+05  -1.012786753749874e+06  -1.151576009333861e+06  -1.793088201195265e-04  -2.064361198392867e-03  -7.476846352854733e-04
  1.769999999999998e+01  -8.655987192147938e+05  -8.459410692996593e+05  4.248027445095906e+05  -1.260614076998534e+05  -1.003219716508704e+06  -1.155574990117850e+06  -6.727542319886486e-04  -2.619094066751753e-03  8.335953776780543e-04
  1.779999999999998e+01  -8.762840228609173e+05  -8.444123577147661e+05  4.310259040525320e+05  -1.279304252372910e+05  -9.964182449693488e+05  -1.158071929533329e+06  -1.326410396193190e-03  -2.706971463613585e-03  1.662974682608140e-03
  1.789999999999998e+01  -8.855468890633223e+05  -8.487301379268182e+05  4.353867908615963e+05  -1.301808949681080e+05  -9.944544779068496e+05  -1.155018622041094e+06  -1.761712230909207e-03  -2.619474292630860e-03  4.467232431644430e-04
  1.799999999999999e+01  -8.900199954748078e+05  -8.522626900455465e+05  4.361544722948822e+05  -1.298085312555799e+05  -9.958305732197510e+05  -1.146639878424567e+06  -1.551939340154380e-03  -2.566590272631239e-03  -2.724311741928295e-03
  1.809999999999999e+01  -8.900177935775711e+05  -8.471467098722637e+05  4.315057488201272e+05  -1.263462362355789e+05  -9.971741521884367e+05  -1.136627777281357e+06  -4.529264490950664e-04  -2.380217500328331e-03  -6.242542672163969e-03
  1.819999999999999e+01  -8.884377839340066e+05  -8.319396664601651e+05  4.216120370251489e+05  -1.212065808378465e+05  -9.962825508491703e+05  -1.128572528121652e+06  1.457291000844041e-03  -1.687618580344866e-03  -8.270212066361925e-03
  1.829999999999999e+01  -8.878452052929469e+05  -8.142496490346995e+05  4.087700624596634e+05  -1.162443611688411e+05  -9.937691178877498e+05  -1.123360636048338e+06  3.733739668722518e-03  -4.305335217426997e-04  -8.224389788260067e-03
  1.839999999999999e+01  -8.882266207839049e+05  -8.053220228480280e+05  3.963094315948755e+05  -1.123489733479545e+05  -9.922422702817125e+05  -1.119563609370850e+06  5.689398015121504e-03  8.870822253058817e-04  -7.047605750588820e-03
  1.849999999999999e+01  -8.873117263131104e+05  -8.115788672200674e+05  3.871238943794036e+05  -1.091979921478737e+05  -9.939973152015971e+05  -1.115378476829183e+06  6.694310205436321e-03  1.542851734524164e-03  -6.199718706740303e-03
  1.859999999999999e+01  -8.827655997970538e+05  -8.303133688515448e+05  3.821181550357638e+05  -1.064716415048355e+05  -9.992625652951397e+05  -1.110065270568612e+06  6.467363044385266e-03  1.185857159645548e-03  -6.448825897586835e-03
  1.870000000000000e+01  -8.742123720191914e+05  -8.519898381188018e+05  3.792157807401783e+05  -1.049172533476790e+05  -1.006553052997189e+06  -1.104415983326725e+06  5.223160213701919e-03  1.060152135593855e-04  -7.484648040744792e-03
  1.880000000000000e+01  -8.635602003171587e+05  -8.663446723883261e+05  3.744082834835853e+05  -1.056401845652873e+05  -1.014571322232245e+06  -1.100490092985323e+06  3.605114642374917e-03  -9.925597323579712e-04  -8.451897917682751e-03
  1.890000000000000e+01  -8.534960845212422e+05  -8.679843638607330e+05  3.650234742563842e+05  -1.086408954777928e+05  -1.023161956629964e+06  -1.100175790292833e+06  2.309026449584012e-03  -1.464494585910642e-03  -8.730426645145315e-03
  1.900000000000000e+01  -8.457495413141279e+05  -8.584571346487944e+05  3.524776886849484e+05  -1.128310564714901e+05  -1.031855305575646e+06  -1.103125874207189e+06  1.630843440917263e-03  -1.070540535916844e-03  -8.247976986232673e-03
  1.910000000000000e+01  -8.409582262566914e+05  -8.444117469808769e+05  3.414747582888266e+05  -1.173658602206886e+05  -1.038195699703753e+06  -1.106399226121330e+06  1.386707917244610e-03  3.583034559893230e-05  -7.260424733451127e-03
  1.920000000000000e+01  -8.396215867353065e+05  -8.332378157674917e+05  3.365183247662936e+05  -1.222388680580810e+05  -1.039012021284393e+06  -1.106790717327691e+06  1.286378483616638e-03  1.586609223165329e-03  -6.013026411975834e-03
  1.930000000000000e+01  -8.425204547299481e+05  -8.289197683843254e+05  3.388042758058307e+05  -1.272777777572522e+05  -1.033724468413848e+06  -1.103873957365736e+06  1.319402886553101e-03  3.380342233993396e-03  -4.591650863791224e-03
  1.940000000000001e+01  -8.497145268339519e+05  -8.309875435761706e+05  3.456458907597472e+05  -1.309563106766837e+05  -1.025579631285626e+06  -1.100890622936829e+06  1.743869081276698e-03  5.178778683476923e-03  -2.975762417565675e-03
  1.950000000000001e+01  -8.590360098253663e+05  -8.368749980895964e+05  3.523649561511896e+05  -1.308542060948228e+05  -1.019187870331478e+06  -1.102550632472175e+06  2.750865793636838e-03  6.530903513840653e-03  -1.196282613917516e-03
  1.960000000000001e+01  -8.663768239333838e+05  -8.448106806439635e+05  3.552800421933175e+05  -1.257103816679401e+05  -1.017200039653977e+06  -1.111492293824673e+06  4.131914125462689e-03  6.843329076861086e-03  5.190515135314949e-04
  1.970000000000001e+01  -8.683871171927026e+05  -8.545702635894773e+05  3.536807559666164e+05  -1.170770560642183e+05  -1.019421917634694e+06  -1.126130527693416e+06  5.252156710128686e-03  5.743320696968209e-03  1.766252389119745e-03
  1.980000000000001e+01  -8.648193841534953e+05  -8.657610944341293e+05  3.495121975038528e+05  -1.088609730949665e+05  -1.024237648585490e+06  -1.141439047647947e+06  5.409213538894302e-03  3.442719313512216e-03  2.232884404566352e-03
  1.990000000000001e+01  -8.580260522819717e+05  -8.758086622994003e+05  3.452223866604596e+05  -1.050901870472374e+05  -1.029914507076343e+06  -1.152012637931740e+06  4.317420418408221e-03  7.774968864453850e-04  1.970035617871358e-03
