TITLE = "Temporal Signal for receiver number 01870"
VARIABLES = "Time","xx","yy","zz","xy","yz","xz","u","v","w"
# x1       3.655946160000e+05
# x2       4.718684950000e+06
# x3       -3.000000000000e+03
  0.000000000000000e+00  0.000000000000000e+00  0.000000000000000e+00  0.000000000000000e+00  0.000000000000000e+00  0.000000000000000e+00  0.000000000000000e+00  0.000000000000000e+00  0.000000000000000e+00  0.000000000000000e+00
  1.000000000000000e-01  0.000000000000000e+00  0.000000000000000e+00  0.000000000000000e+00  0.000000000000000e+00  0.000000000000000e+00  0.000000000000000e+00  0.000000000000000e+00  0.000000000000000e+00  0.000000000000000e+00
  2.000000000000000e-01  0.000000000000000e+00  0.000000000000000e+00  0.000000000000000e+00  0.000000000000000e+00  0.000000000000000e+00  0.000000000000000e+00  0.000000000000000e+00  0.000000000000000e+00  0.000000000000000e+00
  3.000000000000000e-01  0.000000000000000e+00  0.000000000000000e+00  0.000000000000000e+00  0.000000000000000e+00  0.000000000000000e+00  0.000000000000000e+00  0.000000000000000e+00  0.000000000000000e+00  0.000000000000000e+00
  4.000000000000000e-01  3.183365600257151e-26  1.908628153707973e-26  1.380077118495432e-26  -1.248727686143061e-26  1.793620450023209e-27  -3.284632413880463e-27  -2.699246636399484e-33  1.999829701881833e-33  4.608576022327204e-34
  5.000000000000000e-01  7.896119817175205e-19  3.779149639072532e-19  2.280156960536247e-19  -2.788001894683246e-19  8.285959650493732e-20  -1.583004770362516e-19  -6.551505842037241e-26  4.262515967329689e-26  2.618158417393308e-26
  6.000000000000000e-01  1.067715515245882e-15  6.753077391790123e-16  6.355935909612916e-16  -5.096000850855280e-16  -1.562133838573589e-16  9.624202525267258e-17  -8.687775349088033e-23  8.273333636995911e-23  -2.390355485051996e-23
  7.000000000000000e-01  -3.828659134256712e-14  -1.816682208503083e-14  -4.426829146280088e-14  -1.336708858123582e-14  -5.758735700521924e-15  -1.405184002955530e-14  3.151117911861203e-21  2.485513170834881e-21  2.129719040717613e-21
  7.999999999999999e-01  -9.271862581649935e-13  -1.225264517265121e-12  -1.571691594406368e-12  5.291566570952711e-13  1.795576757982771e-13  -5.492225283141569e-13  6.797232556524623e-20  -7.408489663865916e-20  1.138447124050915e-19
  8.999999999999999e-01  1.285053718964917e-11  -5.318264706784713e-13  -4.598941154537843e-12  1.350054379026926e-13  2.156882924950809e-12  -5.855444336685687e-12  -1.204481405853114e-18  2.255524294708125e-19  1.386478098297807e-18
  9.999999999999999e-01  1.693450510684400e-10  9.687033413904106e-11  4.929078530753964e-11  -5.301116451391650e-11  6.427342205371996e-12  -1.198719302377880e-11  -1.480142720859661e-17  1.186693520344888e-17  4.667980963839716e-18
  1.100000000000000e+00  -8.753981845213904e-11  -4.113298356447572e-11  5.718310052962152e-11  1.162936964605576e-10  2.779762063711542e-11  5.827308081532338e-11  7.866179751642947e-18  -1.091945010945560e-17  -4.152452720912261e-18
  1.200000000000000e+00  3.778788165394860e-10  -1.124799583620741e-09  -1.645002086753878e-10  6.162741245413291e-10  3.081129167110239e-10  -3.565384599301940e-10  -2.278124493132768e-17  -1.879890080241460e-16  5.512247674996579e-17
  1.300000000000000e+00  3.554984336998840e-08  2.243730994831317e-08  1.682693906502282e-08  -1.732618091826795e-08  -2.623472917011061e-09  3.306623326228077e-10  -2.960710962360684e-15  2.881794651404747e-15  -1.043259996214173e-16
  1.400000000000000e+00  1.073882249082781e-09  4.443596111600684e-08  5.402843328754886e-08  -1.038116358325527e-08  -1.165986599144745e-08  3.940072059615315e-08  8.591307835313661e-16  5.167631037313516e-15  -6.414646645525941e-15
  1.500000000000000e+00  -5.535727912355396e-07  -6.957743123297489e-07  -4.273096133135637e-07  5.452850246563347e-07  1.994434844016931e-07  -2.077542765491808e-07  5.582827492573824e-14  -9.980340340402558e-14  3.820754230686205e-14
  1.600000000000000e+00  4.156494073455749e-06  1.681302794358441e-06  2.808284565600463e-08  -1.425059024208321e-06  2.081391338880774e-07  -1.080770492423490e-06  -3.413209949638761e-13  1.527837478705821e-13  2.218975695963884e-13
  1.700000000000000e+00  -1.992792167477774e-05  -1.115322646140810e-05  -6.838253422096807e-06  5.773004221729227e-06  -1.395117411394490e-06  5.640419095905946e-06  1.394586121671685e-12  -1.048262176090429e-12  -7.677402722010837e-13
  1.800000000000000e+00  5.576552416242805e-06  9.489106785620948e-06  -2.580917574141210e-06  -1.090847807226780e-05  9.879147517069020e-06  -1.251171632890609e-05  -1.609221506228213e-12  1.632919246150392e-12  2.790692121666537e-12
  1.900000000000001e+00  8.569033087116808e-05  3.680601999822567e-05  4.376751073111436e-05  -1.994031926390466e-05  -2.624900283246574e-05  -5.272833484892684e-06  -7.912697245112385e-12  2.753715151711101e-12  -3.194225414044886e-12
  2.000000000000000e+00  -2.322848263153670e-04  2.160686699431368e-05  1.361889434890760e-04  4.626823282741230e-05  -9.666286802686805e-05  5.754535620187771e-05  4.117558378047192e-11  1.264273295976559e-11  -3.057104599624317e-11
  2.100000000000001e+00  1.166929143771172e-03  1.640626696961750e-04  4.673399268344825e-04  1.126281175717466e-04  3.016931579539646e-04  3.877380798476972e-04  -1.181717890530581e-10  -4.996934359829689e-11  -7.621440368824763e-12
  2.200000000000001e+00  -2.012633239322092e-03  1.389458188142195e-04  -3.269071670153682e-03  -1.318294835759198e-03  -1.217721975827866e-04  -1.613834917613595e-03  1.355755461250616e-11  1.029676410118233e-10  3.695078017522077e-10
  2.300000000000001e+00  -4.315385761080316e-03  -7.729379075059203e-03  3.128631618806792e-03  5.853159841898485e-03  4.462444852826245e-04  8.871473871484401e-04  9.498120239538145e-10  -4.798361306808831e-10  -8.190340985351796e-10
  2.400000000000001e+00  3.250496544315304e-02  3.925054435727915e-02  1.644278344782987e-02  -1.673244842438072e-02  -6.655713668254569e-03  9.753806200050242e-03  -3.931816718866452e-09  1.931188730083069e-09  -5.536263438509318e-11
  2.500000000000001e+00  -5.988137592231663e-02  -9.071900234438504e-02  -4.491295292472695e-02  2.628664766931904e-02  2.639594321773940e-02  -3.246300742819756e-02  7.484375503359559e-09  -3.308396647427732e-09  3.119421158231232e-09
  2.600000000000001e+00  -4.375165327915811e-02  1.978678039428469e-02  -5.516665917536853e-02  6.778717037478477e-03  -3.466358622770412e-02  4.119856350853653e-02  -1.559507335773780e-09  -4.982292877366459e-09  -1.164643168526254e-09
  2.700000000000001e+00  5.929776771707468e-01  5.780868031679826e-01  6.403566229482029e-01  -1.752829476835007e-01  -1.132120078237820e-01  9.218002969067639e-02  -3.736824391749802e-08  5.401147709746887e-08  -4.036574899696450e-08
  2.800000000000001e+00  -1.806478724745452e+00  -2.430932656101028e+00  -1.991046142470697e+00  4.348624546767431e-01  7.622254286691282e-01  -4.926338806664809e-01  1.301407799936635e-07  -1.677096909918290e-07  1.596261379266761e-07
  2.900000000000001e+00  1.217835467752945e+00  2.394228734976823e+00  1.536233128233783e+00  -2.103387126423941e-01  -1.104756906821736e+00  4.490701797456793e-01  -1.080968533352323e-07  1.334123095905774e-07  -1.733891872573880e-07
  3.000000000000001e+00  8.424653838080793e+00  1.607889612490885e+01  1.059940421914438e+01  -2.369457269386781e+00  -4.753250658073227e+00  1.226285842932136e+00  -4.137242353964468e-07  1.312294833636657e-06  -7.856729904691800e-07
  3.100000000000001e+00  -5.294625769597996e+00  -2.792199082748300e+00  -2.984365276423283e+00  4.150419916327394e+00  8.083591202757509e-01  -3.341438273841490e+00  8.809627035273221e-07  -4.878440966183017e-08  2.541083147446552e-07
  3.200000000000002e+00  -4.141625582727072e+01  -6.329011629526430e+01  -4.259180750793630e+01  2.442952681354382e+01  1.687391490233287e+01  -1.291056768594311e+01  3.696830407506228e-06  -5.316310530202894e-06  3.059660080615219e-06
  3.300000000000002e+00  -5.897880473142556e+01  -8.804728452486630e+01  -5.985291495121447e+01  4.007640374179553e+01  2.756567817597731e+01  -1.986929462169973e+01  5.406725182902969e-06  -7.846622962278492e-06  4.683342243473220e-06
  3.400000000000002e+00  -4.655068035278767e+01  -4.722767711501848e+01  -3.680524966325656e+01  4.089464218981871e+01  2.757530313817842e+01  -2.483848414117771e+01  5.691786672909100e-06  -4.444089375746436e-06  4.030172149378731e-06
  3.500000000000002e+00  -5.904289203131209e+01  -3.960470440101161e+01  -2.905364242205642e+01  5.059858653308630e+01  3.342350404521417e+01  -3.236504178017837e+01  7.716440021263319e-06  -3.976119513477724e-06  3.734521958642211e-06
  3.600000000000002e+00  -9.072957784312845e+01  -9.264274069877294e+01  -5.294227414518541e+01  7.513770907594085e+01  4.992069377948970e+01  -4.659425705892487e+01  9.937853932544135e-06  -9.728756354459774e-06  5.705368818775381e-06
  3.700000000000002e+00  -2.052272406922038e+02  -2.103701357410871e+02  -1.468334120751385e+02  1.298268143409258e+02  8.578063230831239e+01  -8.743275877540067e+01  2.036112611019866e-05  -1.904689375812420e-05  1.287104214844017e-05
  3.800000000000002e+00  -2.545310972163303e+02  -3.459434263781379e+02  -1.961723705235952e+02  2.096797549697465e+02  1.484309534185701e+02  -1.032571228285783e+02  2.475268024941669e-05  -3.581692836836087e-05  1.776954671711973e-05
  3.900000000000002e+00  -9.931207255892750e+02  -1.486147830104503e+03  -1.040602282778319e+03  5.237769354413235e+02  5.604418963779370e+02  -3.598070335864759e+02  8.450051601812497e-05  -1.252658516201364e-04  8.908566551116704e-05
  4.000000000000002e+00  -2.429792971478158e+03  -4.431696985552356e+03  -2.601019581745022e+03  1.373022209283180e+03  1.440177466002754e+03  -7.424109569774530e+02  1.957498791661509e-04  -3.762921389846237e-04  2.074008353067916e-04
  4.100000000000001e+00  -6.184389653931627e+03  -1.083883963425878e+04  -6.560673065320041e+03  3.344226911835005e+03  3.313128756590862e+03  -1.876435497836882e+03  4.969198899310104e-04  -9.153669388734279e-04  5.079340149798289e-04
  4.200000000000001e+00  -9.831216296791285e+03  -1.679244903007842e+04  -9.838280597430094e+03  5.881339342887511e+03  5.472826715542779e+03  -3.214588753304432e+03  8.355860250480099e-04  -1.452040848135134e-03  7.968343318117329e-04
  4.300000000000001e+00  -1.255652768973674e+04  -1.973686204651008e+04  -1.164675694488415e+04  8.374201769226582e+03  7.970393642579196e+03  -4.948933784452999e+03  1.176889729687463e-03  -1.759021196282046e-03  1.089968952431459e-03
  4.400000000000000e+00  -1.800803166598148e+04  -2.067092111223211e+04  -1.521617961348034e+04  1.116050828452976e+04  1.184522893641445e+04  -8.218835806015823e+03  1.763055815421900e-03  -1.884898601469454e-03  1.660645012175214e-03
  4.500000000000000e+00  -1.259162164080488e+04  4.979659900322702e+02  -6.821626039617372e+03  9.912963746638097e+03  1.168492504137731e+04  -9.628063487961217e+03  1.513985362617969e-03  -4.631709122189544e-04  1.490987195928338e-03
  4.600000000000000e+00  1.015995864472618e+04  5.814714677135319e+04  2.207863416997280e+04  -5.298310623900472e+02  4.762139264454777e+03  -7.306843028014201e+03  2.554409297642274e-05  4.035086490863374e-03  -1.939643455470033e-05
  4.699999999999999e+00  5.434558929042016e+03  8.774109184177009e+04  2.096559599726816e+04  -8.484097359460357e+03  1.023166979638855e+04  -1.202355728820725e+04  1.859589684377424e-04  6.601214616717607e-03  9.317654483518845e-04
  4.799999999999999e+00  -2.432350376510284e+04  6.197880946628730e+04  -1.871167082249598e+04  -8.010959412789581e+03  3.000149601077851e+04  -2.167766833586038e+04  1.048720895446960e-03  4.079064071877639e-03  4.374830844240321e-03
  4.899999999999999e+00  -4.182260709618983e+04  4.546720706830262e+04  -3.767913297843303e+04  -8.129506638417605e+03  4.098149919505024e+04  -2.708325319304971e+04  9.923992742046969e-04  1.908790548770706e-03  5.600304119364168e-03
  4.999999999999998e+00  -4.691204497185787e+04  7.544831664938737e+04  -2.006083920990539e+04  -1.263401481133498e+04  4.082002351622198e+04  -3.133710848500049e+04  1.334315276610513e-03  3.673357888858717e-03  4.187035487624080e-03
  5.099999999999998e+00  -3.991291116819899e+04  1.400363727241486e+05  8.042505661617326e+03  -2.624745288076196e+04  4.003162966864975e+04  -3.730639777727825e+04  1.078049356543219e-03  8.533572362079094e-03  2.906571705855165e-03
  5.199999999999998e+00  -2.562968372473650e+04  2.005444713364199e+05  3.095905855099196e+04  -4.694262097788129e+04  4.045355819727358e+04  -4.052820314997622e+04  -1.018971574745704e-03  1.322778864052464e-02  2.401160588005602e-03
  5.299999999999997e+00  -2.173882693952325e+04  2.238807660054615e+05  4.210090035780863e+04  -5.736306331334922e+04  4.475654944031272e+04  -3.979746637907276e+04  -3.064287543158518e-03  1.403413469772245e-02  2.450523477744079e-03
  5.399999999999997e+00  -3.534322444296977e+04  2.429304791232209e+05  4.442031911191607e+04  -5.584559933967827e+04  4.981325132766341e+04  -4.425604921464213e+04  -2.083270231036522e-03  1.383446876596708e-02  2.988602483906321e-03
  5.499999999999996e+00  -7.015444145472557e+04  2.925469204009546e+05  3.761136602734012e+04  -6.073567136525748e+04  4.886735753649799e+04  -5.919808873578627e+04  1.616608448842563e-03  1.722187871714791e-02  3.790801991571611e-03
  5.599999999999996e+00  -1.031645613333332e+05  3.347366599014664e+05  1.555445097245951e+04  -8.734371058902469e+04  5.386176647182561e+04  -7.167513667774101e+04  1.455210719843040e-03  2.066680102009634e-02  6.198130409804149e-03
  5.699999999999996e+00  -9.849558510547022e+04  3.190841410016402e+05  -1.029649890922791e+04  -1.384746854154702e+05  7.643390340039061e+04  -6.461402502233246e+04  -7.038329020389790e-03  1.867669428851186e-02  1.031147295770766e-02
  5.799999999999995e+00  -6.870827811232356e+04  2.417350805382431e+05  -1.573012569987880e+04  -1.929333728479178e+05  1.019125847621897e+05  -3.603487315429587e+04  -1.763523707871159e-02  1.131679283974023e-02  1.202701889159130e-02
  5.899999999999995e+00  -4.934454618444022e+04  1.272112343031802e+05  2.737985049789040e+04  -2.073276876477657e+05  1.032551298593280e+05  3.419716872092142e+03  -2.091040560842162e-02  1.051137556781460e-03  5.850929486132638e-03
  5.999999999999995e+00  -4.841943075798530e+04  -1.052233444260670e+04  1.286270911241447e+05  -1.537940104825052e+05  6.979154089894594e+04  3.583996602640279e+04  -1.492159602132441e-02  -1.132206648093606e-02  -8.628807282804385e-03
  6.099999999999994e+00  -4.349420641631418e+04  -1.534182617267043e+05  2.523730651564197e+05  -5.708201866460378e+04  2.808587798298141e+04  4.251478617101109e+04  -6.156326431300678e-03  -2.426693837507119e-02  -2.226953138865907e-02
  6.199999999999994e+00  -7.342437913543951e+03  -2.443560674172002e+05  3.320000719933074e+05  2.358776669266023e+04  2.738580093666809e+04  1.799341887417519e+04  -1.554314851062192e-03  -3.193177723494912e-02  -2.193447346373016e-02
  6.299999999999994e+00  6.746475250541927e+04  -2.184615327769005e+05  3.248624795095848e+05  5.199504223346547e+04  8.688708206342642e+04  -1.939524642853619e+04  -1.892771721783288e-03  -2.829014233542421e-02  -4.850648014191747e-03
  6.399999999999993e+00  1.570805342721025e+05  -7.987588938664053e+04  2.430400395975904e+05  3.968790181754414e+04  1.699762064053204e+05  -4.246653892230940e+04  -3.796103642880474e-03  -1.449642383328366e-02  1.686640133602418e-02
  6.499999999999993e+00  2.216655688691810e+05  8.821802713018999e+04  1.316600943048317e+05  1.535395411258485e+04  2.202056275552254e+05  -4.242802517731794e+04  -4.975642239178949e-03  1.833483875900242e-03  2.862229489379049e-02
  6.599999999999993e+00  2.471513260116566e+05  2.101271271150288e+05  4.881472429565194e+04  -7.402590673044952e+03  2.083130100360074e+05  -2.674752997765076e+04  -6.072399229206710e-03  1.441992257090690e-02  2.428270554425234e-02
  6.699999999999992e+00  2.492698226192536e+05  2.705208472570598e+05  3.323267092006034e+04  -2.780141685980970e+04  1.517050839814728e+05  -6.032246862848374e+03  -8.156101699488279e-03  2.180085186439869e-02  8.552236027697344e-03
  6.799999999999992e+00  2.497067543436484e+05  2.953304629806215e+05  7.569786232388504e+04  -4.893836653093887e+04  9.938579387707538e+04  8.173221443494414e+03  -1.114854441666856e-02  2.543167388532558e-02  -6.964116057488481e-03
  6.899999999999991e+00  2.585853777270209e+05  3.106706393307639e+05  1.315360514818942e+05  -7.220414466974701e+04  9.607119292616499e+04  5.119413820098018e+03  -1.408684486598989e-02  2.712465363289092e-02  -1.241559039853748e-02
  6.999999999999991e+00  2.647271147958104e+05  3.113959796614005e+05  1.549278873785489e+05  -8.921204258047996e+04  1.495294253397328e+05  -1.643777846137928e+04  -1.528662623775050e-02  2.679798740682910e-02  -6.289152328139749e-03
  7.099999999999991e+00  2.428960501431004e+05  2.771527425333694e+05  1.287323714533172e+05  -8.410280849287110e+04  2.211725361589320e+05  -3.931641261076013e+04  -1.281966939618430e-02  2.316199779634607e-02  4.384089242116904e-03
  7.199999999999990e+00  1.767859056933135e+05  2.147762036316735e+05  6.461679536269513e+04  -4.836751704100627e+04  2.570634590735371e+05  -3.839718806766392e+04  -5.655884568111487e-03  1.695823317403856e-02  1.005803101187931e-02
  7.299999999999990e+00  8.348302394604302e+04  1.712962818530230e+05  -1.568704039851100e+04  6.360831106412703e+03  2.366373800298915e+05  -7.668648683596208e+03  4.485736939659870e-03  1.199926116121349e-02  6.240233853357324e-03
  7.399999999999990e+00  1.239958832594843e+04  2.024216657641296e+05  -8.786274127845382e+04  4.911826505866781e+04  1.885399026895410e+05  2.833652503198214e+04  1.247840308736058e-02  1.278452262384240e-02  -3.863310825628314e-03
  7.499999999999989e+00  5.946755202243899e+03  3.215850981863706e+05  -1.266798883404124e+05  4.996141403551772e+04  1.574866592881563e+05  3.638480715032877e+04  1.293645125028311e-02  2.066631820988391e-02  -1.316373750630539e-02
  7.599999999999989e+00  5.533263316009295e+04  4.778409015851410e+05  -1.201689210563944e+05  7.559965630014864e+03  1.591177846979315e+05  8.742356627708930e+03  5.445983094688152e-03  3.148292613833074e-02  -1.724320060551093e-02
  7.699999999999989e+00  1.030283577442646e+05  5.933346286447765e+05  -8.579562177913594e+04  -4.704765849039976e+04  1.701573555312603e+05  -2.740190799556307e+04  -4.051139462652421e-03  3.834460043937933e-02  -1.720830169631739e-02
  7.799999999999988e+00  1.010189353705177e+05  6.341559134318758e+05  -5.072930754971578e+04  -7.809010525329884e+04  1.565624321189726e+05  -3.400796512974719e+04  -8.517991937213193e-03  3.831741700816332e-02  -1.715329054112425e-02
  7.899999999999988e+00  5.004493518497597e+04  6.236384643516964e+05  -2.471305163846870e+04  -7.197603984659478e+04  1.102627104797166e+05  -1.478618238260363e+02  -5.830932112038214e-03  3.401885316114869e-02  -1.921449277519507e-02
  7.999999999999988e+00  -1.164055874959079e+04  5.954675241998808e+05  -5.337897527479752e+02  -4.483099335268593e+04  5.766546813056498e+04  4.410342886475859e+04  -4.000665087405234e-04  2.892284732678203e-02  -2.081533483606993e-02
  8.099999999999987e+00  -3.470887939302297e+04  5.701312339800925e+05  3.754812411358328e+04  -3.293281216571980e+04  3.263523201604199e+04  5.396434847700247e+04  5.364192341173680e-05  2.466403560869783e-02  -1.711890240810800e-02
  8.199999999999987e+00  8.758915871711768e+03  5.528163470527198e+05  9.660167613823741e+04  -6.627826886531879e+04  4.936497978580429e+04  7.684922894372567e+03  -9.399694895117969e-03  2.111747794902913e-02  -5.771387499912983e-03
  8.299999999999986e+00  1.015347973287267e+05  5.330608698277887e+05  1.570210200298439e+05  -1.433481986339165e+05  9.438749114053286e+04  -7.601149896549135e+04  -2.654193195714685e-02  1.743191538485704e-02  9.823061331409914e-03
  8.399999999999986e+00  1.966884982911216e+05  5.023668452740037e+05  1.792279380710110e+05  -2.339667294625941e+05  1.332057121857443e+05  -1.512020727289947e+05  -4.379982969533848e-02  1.421579308880938e-02  2.094668540158232e-02
  8.499999999999986e+00  2.577372073386582e+05  4.725216994673028e+05  1.353079216993520e+05  -3.041488889376326e+05  1.234629633978717e+05  -1.747177256994315e+05  -5.427612061505568e-02  1.386144244162619e-02  1.824540480205436e-02
  8.599999999999985e+00  2.748520870309805e+05  4.596199190232553e+05  2.928646037773835e+04  -3.338678447886588e+05  4.049155552430539e+04  -1.331172000442674e+05  -5.512805709980347e-02  1.725252279426558e-02  -1.715788398079688e-03
  8.699999999999985e+00  2.587689534137884e+05  4.585668394785360e+05  -1.044392714367107e+05  -3.192842325716410e+05  -9.899589118312372e+04  -4.924186384929191e+04  -4.750294441634082e-02  2.136625109122319e-02  -3.305499005605392e-02
  8.799999999999985e+00  2.259706556701221e+05  4.409066088046682e+05  -2.175523445996919e+05  -2.655071674662079e+05  -2.441397350594801e+05  3.659820914754445e+04  -3.447139119118083e-02  2.107773087456254e-02  -6.341713798899347e-02
  8.899999999999984e+00  1.850406213969631e+05  3.756664888313886e+05  -2.771253692161108e+05  -1.820008547336546e+05  -3.351534264403168e+05  9.112301102976649e+04  -1.874397990475472e-02  1.343598346238124e-02  -8.012080701866076e-02
  8.999999999999984e+00  1.435045216074409e+05  2.647073988672406e+05  -2.779423950754319e+05  -8.407293649490297e+04  -3.348934023419789e+05  1.034738603619946e+05  -2.652427590992615e-03  9.251186836923663e-04  -7.607857174852004e-02
  9.099999999999984e+00  1.084731593927789e+05  1.482680264447191e+05  -2.390362504549515e+05  1.028226377056525e+04  -2.491983584983088e+05  8.498368802974517e+04  1.203925528498602e-02  -1.005025144125848e-02  -5.326387601656504e-02
  9.199999999999983e+00  7.890174004983676e+04  6.939498585421426e+04  -1.957865574820542e+05  8.799799811224564e+04  -1.151963710904448e+05  5.428964742136641e+04  2.433171107997911e-02  -1.473054611935028e-02  -2.103118260650154e-02
  9.299999999999983e+00  5.690222068118096e+04  4.926465723739452e+04  -1.709621987275924e+05  1.419324433540519e+05  1.758302899449166e+04  2.843531243635164e+04  3.295339725262188e-02  -1.300775928138244e-02  8.395837270747475e-03
  9.399999999999983e+00  4.530950077451320e+04  7.722025935500236e+04  -1.632486398909563e+05  1.709138057062499e+05  1.072398567005764e+05  1.901998282152354e+04  3.730604969025886e-02  -8.098297856387330e-03  2.496002005066023e-02
  9.499999999999982e+00  3.939766141747848e+04  1.134354345206502e+05  -1.639809436614567e+05  1.823251523753965e+05  1.379768647499255e+05  2.739779318550952e+04  3.845105618251644e-02  -4.164482697493352e-03  2.565806112386991e-02
  9.599999999999982e+00  3.728238515647936e+04  1.206183161380410e+05  -1.642562488409964e+05  1.855285113559666e+05  1.193412521676702e+05  4.684219584675448e+04  3.783326694497113e-02  -3.648806869495081e-03  1.479695175926562e-02
  9.699999999999982e+00  4.393708224871698e+04  9.196095431675293e+04  -1.570917679171923e+05  1.842619249257596e+05  7.558828880033799e+04  6.701432895770160e+04  3.610457631329599e-02  -6.126627735651099e-03  1.700806206881251e-04
  9.799999999999981e+00  6.064767909450170e+04  4.378099946672340e+04  -1.430111618440459e+05  1.790379059145927e+05  3.173165228989098e+04  7.875085573653171e+04  3.354400338126051e-02  -9.935920438535696e-03  -1.114268818552440e-02
  9.899999999999981e+00  7.957212034807313e+04  -9.315308563808554e+03  -1.332098391836230e+05  1.714483462398768e+05  4.534545665315166e+03  7.702128608013097e+04  3.055139553596395e-02  -1.414972440651899e-02  -1.542062655554753e-02
  9.999999999999980e+00  9.447944715316947e+04  -6.360220520357756e+04  -1.389701687039978e+05  1.624069570094477e+05  8.493647708607499e+01  6.119580710614374e+04  2.710406884329580e-02  -1.861625150509006e-02  -1.246718931069993e-02
  1.009999999999998e+01  1.084131251560680e+05  -1.185562179466261e+05  -1.519705115147781e+05  1.509785731855577e+05  1.385408437561498e+04  3.560233379548378e+04  2.283307892845561e-02  -2.309888712284487e-02  -4.807446769996337e-03
  1.019999999999998e+01  1.240619071448569e+05  -1.751446931791055e+05  -1.468254711828801e+05  1.386265241313993e+05  3.786974140099490e+04  7.465353095493357e+03  1.804052460768999e-02  -2.745922210601798e-02  3.883728358022414e-03
  1.029999999999998e+01  1.378653754657621e+05  -2.348715929609687e+05  -1.054982885604513e+05  1.279968823709457e+05  6.660341213036946e+04  -1.604640046068556e+04  1.352334139843991e-02  -3.173676595028112e-02  1.095222396876360e-02
  1.039999999999998e+01  1.436268826515175e+05  -2.942391550202207e+05  -3.674684086907696e+04  1.178815957191815e+05  9.840051670683332e+04  -3.133140587830743e+04  9.849498665795198e-03  -3.558991849189030e-02  1.617453194863570e-02
  1.049999999999998e+01  1.409580684925852e+05  -3.420046973592591e+05  3.269304578707091e+04  1.038832856789282e+05  1.342685959932167e+05  -3.980795209860727e+04  7.004547972988221e-03  -3.818956902788413e-02  2.121341355117371e-02
  1.059999999999998e+01  1.373732221456249e+05  -3.641455595330397e+05  8.234419129305906e+04  8.380715298413369e+04  1.730324131309548e+05  -4.614200607335199e+04  4.714128472117783e-03  -3.870186909075951e-02  2.733787404691217e-02
  1.069999999999998e+01  1.385993799662250e+05  -3.543911066740007e+05  1.064065012941716e+05  6.153081035344599e+04  2.081675741672406e+05  -5.543317966029305e+04  3.037815108918589e-03  -3.698550405628030e-02  3.378606249165338e-02
  1.079999999999998e+01  1.447019548474622e+05  -3.176489708307130e+05  1.076086164930203e+05  4.312053638435602e+04  2.296165591535213e+05  -6.901399175965124e+04  1.963612819123122e-03  -3.359214329954124e-02  3.824125193709130e-02
  1.089999999999998e+01  1.529357025509255e+05  -2.650744392861100e+05  9.153116404551249e+04  3.076748305070618e+04  2.294337740095300e+05  -8.225851878822314e+04  1.000127474697228e-03  -2.915325506086192e-02  3.855454928565107e-02
  1.099999999999998e+01  1.601453922701355e+05  -2.076611486277904e+05  6.624573737478365e+04  2.305023954810914e+04  2.054656862623074e+05  -8.755141985799090e+04  -2.795792271576056e-04  -2.399143601053176e-02  3.396672751518554e-02
  1.109999999999998e+01  1.648244653975469e+05  -1.529064289441446e+05  4.398960323894572e+04  1.936454281373484e+04  1.610248645201525e+05  -7.952651667543885e+04  -1.556105144052448e-03  -1.845801488533079e-02  2.529287824155952e-02
  1.119999999999998e+01  1.641173147229273e+05  -1.069852143318472e+05  3.722610310875255e+04  2.267937893691999e+04  1.038500821779445e+05  -5.835779732226646e+04  -1.590185713859777e-03  -1.348235456751613e-02  1.465723731044553e-02
  1.129999999999998e+01  1.510216487234789e+05  -7.592329620980383e+04  4.899784831938808e+04  3.762753108289056e+04  4.654444182441211e+04  -3.063951970899815e+04  1.124699487033490e-03  -1.036039182592353e-02  5.157254946388343e-03
  1.139999999999998e+01  1.200077156172289e+05  -5.946300272893188e+04  7.076033964025865e+04  6.590186808473588e+04  4.391481099657814e+03  -7.281450403645924e+03  7.042451067849019e-03  -9.630062904926651e-03  1.070808749576984e-04
  1.149999999999998e+01  7.564056571258034e+04  -4.543436603353819e+04  8.873335357767837e+04  1.028830373782643e+05  -9.200913029605723e+03  4.786962034963577e+01  1.482607301199086e-02  -1.016609494701013e-02  1.839975012484887e-03
  1.159999999999997e+01  3.399311035963653e+04  -1.617492970607108e+04  9.150601842071462e+04  1.381607820933164e+05  1.265529340308333e+04  -1.691444817039782e+04  2.188116944612359e-02  -9.864572747091238e-03  1.078324361421060e-02
  1.169999999999997e+01  1.430147789810863e+04  3.528009182341327e+04  7.769712975363171e+04  1.592395543165063e+05  6.582113278965699e+04  -5.718586720766762e+04  2.560007095669688e-02  -7.458633543694302e-03  2.490984303189083e-02
  1.179999999999997e+01  2.713384094138228e+04  9.702757639093336e+04  5.754346118508792e+04  1.557194670667169e+05  1.351004653584504e+05  -1.079267965882313e+05  2.446360750046917e-02  -3.582062263630332e-03  3.999620625742462e-02
  1.189999999999997e+01  6.630427398923192e+04  1.451463214926205e+05  4.564791990983521e+04  1.234033041993264e+05  1.996698474126054e+05  -1.489781711416263e+05  1.858176885953464e-02  -2.431188651413230e-04  5.132355818936736e-02
  1.199999999999997e+01  1.143517598599091e+05  1.618418160855502e+05  5.338213457348303e+04  6.566859239825387e+04  2.421445520860203e+05  -1.623021236502855e+05  9.320891822884392e-03  8.171050058766983e-04  5.566970007938955e-02
  1.209999999999997e+01  1.562371678986355e+05  1.503488654202457e+05  8.394503492904750e+04  -8.141345184068171e+03  2.541344708229528e+05  -1.408250204349300e+05  -1.535189107483481e-03  -4.663182799772963e-04  5.229709139539548e-02
  1.219999999999997e+01  1.842692497434319e+05  1.298267729548537e+05  1.278347045286838e+05  -8.417795734605155e+04  2.362644319783447e+05  -9.171795816641003e+04  -1.197114632825394e-02  -2.630922185495852e-03  4.267952585517692e-02
  1.229999999999997e+01  1.963923518825482e+05  1.218045323471898e+05  1.653500394882182e+05  -1.470772825098464e+05  1.960209818171755e+05  -3.198757301281301e+04  -1.995632252552334e-02  -3.755986011162232e-03  2.945805839250060e-02
  1.239999999999997e+01  1.972919950999315e+05  1.430082531709019e+05  1.800752136117567e+05  -1.864292276123320e+05  1.432333197242577e+05  2.020531711466725e+04  -2.417754009370904e-02  -2.137197843400908e-03  1.545661277664730e-02
  1.249999999999997e+01  1.957838890269866e+05  1.971765490096496e+05  1.696997820285672e+05  -2.004206205299010e+05  8.803597937000624e+04  5.259350953896645e+04  -2.451811283894081e-02  2.712774665075204e-03  3.073242447055764e-03
  1.259999999999997e+01  1.981583008876144e+05  2.676336965296224e+05  1.439730212130486e+05  -1.949701352235245e+05  4.001617274036783e+04  6.277203054983593e+04  -2.215478057032833e-02  9.176226447183326e-03  -6.042644979602770e-03
  1.269999999999997e+01  2.072071787819781e+05  3.279064828681473e+05  1.165296538113163e+05  -1.820601695038718e+05  6.077261326955088e+03  5.624541212885165e+04  -1.909431749261062e-02  1.471489343528310e-02  -1.120130710265286e-02
  1.279999999999997e+01  2.219097836690625e+05  3.611980607567251e+05  9.667351478816310e+04  -1.728900390298531e+05  -1.069977603827070e+04  3.922669880560826e+04  -1.689965293004079e-02  1.775790218401380e-02  -1.265205588201291e-02
  1.289999999999997e+01  2.372044705191228e+05  3.685264298955920e+05  8.567811923762644e+04  -1.710605703046654e+05  -1.209115116201418e+04  1.601722121695237e+04  -1.582323995607011e-02  1.830584031580083e-02  -1.151958366015059e-02
  1.299999999999997e+01  2.477780019773329e+05  3.638110638370829e+05  8.004063767260722e+04  -1.742381618985229e+05  -4.511804769540066e+03  -7.846303595466682e+03  -1.542327454933810e-02  1.745561117127074e-02  -9.588692181020117e-03
  1.309999999999997e+01  2.511486458657761e+05  3.617221169593300e+05  7.582456398953241e+04  -1.788809066528532e+05  3.575202836412937e+03  -2.509057598408285e+04  -1.536356092399129e-02  1.657278937073690e-02  -8.434807276578108e-03
  1.319999999999997e+01  2.481277871431461e+05  3.684361049723943e+05  7.112207793472880e+04  -1.820995895458234e+05  5.869059060018100e+03  -3.065835535459233e+04  -1.543933569552100e-02  1.659658861677401e-02  -8.569350911473834e-03
  1.329999999999997e+01  2.416010584712965e+05  3.811707145138604e+05  6.759810951793044e+04  -1.812040304328665e+05  1.280407750762751e+03  -2.497596932020871e+04  -1.542831525901004e-02  1.767502631845457e-02  -9.433884347790474e-03
  1.339999999999997e+01  2.337103384744061e+05  3.918869975824491e+05  6.959609982263198e+04  -1.733942610646439e+05  -6.371331348574879e+03  -1.340391033125501e+04  -1.500866117210058e-02  1.907494567311789e-02  -1.013275300457632e-02
  1.349999999999997e+01  2.241392350607725e+05  3.913095249224055e+05  8.096975956172361e+04  -1.567598119205438e+05  -1.156491938344967e+04  -3.014179507048878e+03  -1.387125541539608e-02  1.946757055239274e-02  -1.025614117442790e-02
  1.359999999999997e+01  2.116794833772335e+05  3.738057531161490e+05  1.019188460160048e+05  -1.321094208588347e+05  -1.146446512110237e+04  9.870222528920071e+02  -1.193521743710670e-02  1.778929284931826e-02  -1.013883065958165e-02
  1.369999999999997e+01  1.972201411674164e+05  3.422644844103570e+05  1.270201200446722e+05  -1.038622462413651e+05  -7.528395317891329e+03  -2.835768941361431e+03  -9.384775251020896e-03  1.415387414962753e-02  -1.037686006394991e-02
  1.379999999999997e+01  1.841888586526663e+05  3.074440601448941e+05  1.455180979560634e+05  -7.805376492271821e+04  -3.089120109891949e+03  -1.246943402839264e+04  -6.516159115412011e-03  9.843893768091984e-03  -1.117449653337544e-02
  1.389999999999997e+01  1.747365494299199e+05  2.805837683823138e+05  1.454279676889469e+05  -5.833016448444571e+04  1.893782537212494e+01  -2.413773267238292e+04  -3.452073194651976e-03  6.311585426723251e-03  -1.218377626319374e-02
  1.399999999999997e+01  1.675667920185919e+05  2.663934126842144e+05  1.203776851390539e+05  -4.425253645111528e+04  2.295105432795492e+03  -3.367354742360971e+04  -1.924923600340270e-04  4.235940178217877e-03  -1.291606732083020e-02
  1.409999999999997e+01  1.607248497635564e+05  2.624663179933289e+05  7.548955810184909e+04  -3.323471945347475e+04  4.819595467237401e+03  -3.741966670424544e+04  2.999846256243662e-03  3.397198139843991e-03  -1.323334470016706e-02
  1.419999999999997e+01  1.535881577672652e+05  2.641071145528207e+05  2.615944102785843e+04  -2.288645961678522e+04  7.305158406581938e+03  -3.348436954176659e+04  5.615562922848521e-03  3.295505254118002e-03  -1.348225804111519e-02
  1.429999999999997e+01  1.453396198616245e+05  2.676866966278718e+05  -1.155359659777561e+04  -1.151774092948208e+04  8.073650103431261e+03  -2.302964588631853e+04  7.401925689031769e-03  3.731053570999540e-03  -1.420649123638157e-02
  1.439999999999996e+01  1.333520862153786e+05  2.704150827996125e+05  -3.077043522473818e+04  1.977946140517659e+03  6.356956228008350e+03  -1.026777634358425e+04  8.667154899594996e-03  4.765118828283319e-03  -1.561411345975924e-02
  1.449999999999996e+01  1.155260770159561e+05  2.709982506242460e+05  -3.558953022574630e+04  1.691934622377707e+04  3.529771015356038e+03  1.667723531250455e+02  9.888986547375465e-03  6.437841149633283e-03  -1.730864591096943e-02
  1.459999999999996e+01  9.392624511375117e+04  2.716399737068011e+05  -3.500763145018904e+04  2.993615640568411e+04  1.935687130949174e+03  6.321951369675519e+03  1.112418607696892e-02  8.619505337396109e-03  -1.855715427974777e-02
  1.469999999999996e+01  7.382078852244296e+04  2.760351425245388e+05  -3.662065310441433e+04  3.713013742203968e+04  3.581637029303972e+03  9.410093724927538e+03  1.200330152688410e-02  1.088310907711168e-02  -1.872679699609568e-02
  1.479999999999996e+01  5.910749729994132e+04  2.836257363182787e+05  -4.470913075419232e+04  3.776298275604707e+04  9.773644915209992e+03  1.178747834293757e+04  1.224492636082031e-02  1.239630079484130e-02  -1.752370337469587e-02
  1.489999999999996e+01  4.906745318745887e+04  2.882920272550510e+05  -6.052220974854475e+04  3.520607832487553e+04  2.090802141820240e+04  1.476883788982499e+04  1.204286269523222e-02  1.229020360743155e-02  -1.506598351668376e-02
  1.499999999999996e+01  4.061102264691090e+04  2.844062468783830e+05  -8.185520865795123e+04  3.362525578575832e+04  3.587612005647858e+04  1.804743040853422e+04  1.185220931344983e-02  1.040905674435856e-02  -1.180947912296617e-02
  1.509999999999996e+01  3.272777453690969e+04  2.721734484738033e+05  -1.026607088939191e+05  3.443875909775625e+04  5.210933172260916e+04  2.043026901223457e+04  1.184780496390128e-02  7.548335467357657e-03  -8.364158297294432e-03
  1.519999999999996e+01  2.740137202464295e+04  2.551811701409186e+05  -1.155117657241286e+05  3.624281570093349e+04  6.686680841308519e+04  2.084045607636607e+04  1.170909323351556e-02  4.791203425043086e-03  -5.271315685633000e-03
  1.529999999999996e+01  2.689725458586928e+04  2.342786163509807e+05  -1.165406423910666e+05  3.739660202976519e+04  7.874147075135879e+04  1.875901745811397e+04  1.093932614697784e-02  2.630862989714403e-03  -2.784777992174797e-03
  1.539999999999996e+01  3.118349862299216e+04  2.064491667048256e+05  -1.077284752145435e+05  3.790135810267621e+04  8.796777675494115e+04  1.418393563214866e+04  9.316755394705877e-03  8.578169640933703e-04  -8.449486204813175e-04
  1.549999999999996e+01  3.813750426229797e+04  1.698036901408573e+05  -9.396882096164032e+04  3.895288440383519e+04  9.543717539898382e+04  7.697088434431413e+03  7.092674489825046e-03  -8.761981667642648e-04  7.154233571789171e-04
  1.559999999999996e+01  4.489325885637639e+04  1.271462559085158e+05  -7.897676093005894e+04  4.181379455999680e+04  1.017052177510102e+05  2.248859945066175e+02  4.927132112976407e-03  -2.683375172797708e-03  1.984681244889582e-03
  1.569999999999996e+01  4.889133835995631e+04  8.468631114593515e+04  -6.412589695165803e+04  4.715391642078832e+04  1.067710277811655e+05  -7.457367613432761e+03  3.594618254183869e-03  -4.488590194088586e-03  2.980550877705234e-03
  1.579999999999996e+01  4.900981927777614e+04  4.956658324846539e+04  -4.957857100641657e+04  5.456416015537314e+04  1.103656438499051e+05  -1.495252980917772e+04  3.600778759951519e-03  -6.113235017260681e-03  3.760925543506418e-03
  1.589999999999996e+01  4.643348113057120e+04  2.816827489854545e+04  -3.552212413097599e+04  6.239782374061413e+04  1.124988793675527e+05  -2.223142891446197e+04  4.903790135326103e-03  -7.257679511629481e-03  4.466576308696147e-03
  1.599999999999996e+01  4.330105826530352e+04  2.271702965116429e+04  -2.327911243348018e+04  6.903853648287719e+04  1.140440307082189e+05  -2.922712707658144e+04  6.924883197305508e-03  -7.740178453087649e-03  5.235147844433960e-03
  1.609999999999996e+01  4.109054361510304e+04  2.798275477030164e+04  -1.490756344527728e+04  7.417231635578407e+04  1.164501045468813e+05  -3.507801032901601e+04  8.783197197759640e-03  -7.866979278097527e-03  6.065556959085876e-03
  1.619999999999996e+01  4.181277688104066e+04  3.457933583770893e+04  -1.033227712333375e+04  7.809008432587939e+04  1.204983388924681e+05  -3.778401417160363e+04  9.474640296414124e-03  -8.219359324310097e-03  6.727813275294516e-03
  1.629999999999996e+01  4.887655087672442e+04  3.614574003553382e+04  -5.951038941975368e+03  8.014384416042946e+04  1.257102137932041e+05  -3.537851876905192e+04  8.226569757734649e-03  -9.058039182992883e-03  6.929082168953692e-03
  1.639999999999996e+01  6.367448649498744e+04  3.148414299310615e+04  1.927168648406919e+03  7.906969907406165e+04  1.310746069518315e+05  -2.786373432096241e+04  5.062244875451542e-03  -1.017145410320733e-02  6.658063751634442e-03
  1.649999999999996e+01  8.162553097375549e+04  2.201191679602483e+04  1.312850193382630e+04  7.500328860317143e+04  1.357461544153894e+05  -1.781505967912480e+04  1.052103352029868e-03  -1.121098058826419e-02  6.247551621814997e-03
  1.659999999999997e+01  9.475839707764171e+04  1.095807800799704e+04  2.472125844160229e+04  6.963367566885988e+04  1.388232075961538e+05  -9.087033279642428e+03  -2.164194955713388e-03  -1.188477211367385e-02  6.123397130294740e-03
  1.669999999999997e+01  9.872737392438212e+04  4.004954977700415e+03  3.462148134872792e+04  6.441572224974419e+04  1.391641659760187e+05  -4.749113126236689e+03  -3.390625939040993e-03  -1.189704192254650e-02  6.494483068651929e-03
  1.679999999999997e+01  9.598002699272212e+04  6.693417090969813e+03  4.269507618038106e+04  5.939425895856875e+04  1.357114598562101e+05  -5.595609221100128e+03  -2.535211591364095e-03  -1.105697355664591e-02  7.212847500536804e-03
  1.689999999999997e+01  9.259211499342408e+04  1.968039687033324e+04  4.931644397094475e+04  5.358810828544245e+04  1.279407060004287e+05  -9.953595549325535e+03  -4.865747084934084e-04  -9.547382298348539e-03  7.898051001059019e-03
  1.699999999999997e+01  9.284210930774429e+04  3.769775427634774e+04  5.406048125266810e+04  4.637921015724507e+04  1.160851759015963e+05  -1.497312307102727e+04  1.544226502410709e-03  -7.934244990498000e-03  8.166696839228377e-03
  1.709999999999997e+01  9.698966393247232e+04  5.356537990163630e+04  5.631267450736075e+04  3.841341516634518e+04  1.008582212105580e+05  -1.836807512222490e+04  2.749546306839883e-03  -6.791482174262616e-03  7.802990372611683e-03
  1.719999999999997e+01  1.032241145261158e+05  6.275318501230036e+04  5.650652121074359e+04  3.148378818954284e+04  8.334985061133810e+04  -1.929797231621191e+04  2.927330800975902e-03  -6.364839488326412e-03  6.779894375570922e-03
  1.729999999999998e+01  1.105528232025265e+05  6.444945718082711e+04  5.642082355159624e+04  2.718714431145114e+04  6.530151298429901e+04  -1.806698310938056e+04  2.277338811734964e-03  -6.565744357315216e-03  5.262205825097193e-03
  1.739999999999998e+01  1.196856955253597e+05  6.024545231600312e+04  5.811541582180158e+04  2.536112915995494e+04  4.913919602998780e+04  -1.536905271116969e+04  1.037756786417849e-03  -7.151246830317210e-03  3.565516910525079e-03
  1.749999999999998e+01  1.314952504727276e+05  5.304586044896867e+04  6.230383325692842e+04  2.357940678667897e+04  3.700890754983878e+04  -1.179046397532702e+04  -6.353259521998813e-04  -7.814997556901428e-03  2.030306905633491e-03
  1.759999999999998e+01  1.452290285552186e+05  4.660565803911626e+04  6.752685278656261e+04  1.846253123630980e+04  2.956173285167562e+04  -7.652967648790412e+03  -2.616693621485408e-03  -8.209718339623908e-03  8.426454145443593e-04
  1.769999999999998e+01  1.577611626445678e+05  4.428884171117980e+04  7.070593523763123e+04  7.993975159302096e+03  2.572027914100873e+04  -3.081241023758459e+03  -4.690345230122503e-03  -8.084139167297857e-03  -3.613406414079994e-06
  1.779999999999998e+01  1.651990798466168e+05  4.773712826585975e+04  6.914529854569821e+04  -7.021917115997940e+03  2.360093311721708e+04  1.856316248814496e+03  -6.532939336408294e-03  -7.438523245071895e-03  -6.220391724287966e-04
  1.789999999999998e+01  1.657190646545135e+05  5.700845990462242e+04  6.274102685054136e+04  -2.366451447849653e+04  2.169278123447509e+04  6.952309307602723e+03  -7.847636366365200e-03  -6.466736447319515e-03  -1.136226839542615e-03
  1.799999999999999e+01  1.606377347216310e+05  7.116738345887192e+04  5.414586113115883e+04  -3.858020966583135e+04  1.960865436522904e+04  1.165037691733274e+04  -8.455668981659333e-03  -5.390224618474987e-03  -1.607674187396035e-03
  1.809999999999999e+01  1.530436949370961e+05  8.827263333124600e+04  4.643187701794947e+04  -4.926891330425538e+04  1.814836629406967e+04  1.504539272342419e+04  -8.294468316933116e-03  -4.368674077531052e-03  -2.000865290432463e-03
  1.819999999999999e+01  1.458675730446643e+05  1.058331007268398e+05  4.065079750028969e+04  -5.482903965168623e+04  1.861044358653568e+04  1.629589923644900e+04  -7.432946221502058e-03  -3.456704507963584e-03  -2.207774399878276e-03
  1.829999999999999e+01  1.413568031166662e+05  1.226398112436221e+05  3.572469037961219e+04  -5.626730535953876e+04  2.183589140553283e+04  1.510980353346036e+04  -6.155269279373395e-03  -2.537614152517273e-03  -2.171233333760471e-03
  1.839999999999999e+01  1.410275697354309e+05  1.396737279567308e+05  3.010554362027750e+04  -5.618932321497902e+04  2.751073228114599e+04  1.191855391203768e+04  -4.952482515130114e-03  -1.362240110898502e-03  -1.986768678922292e-03
  1.849999999999999e+01  1.444657677257188e+05  1.578348333793421e+05  2.287122573770245e+04  -5.724142609643815e+04  3.429510940755108e+04  7.563277207008510e+03  -4.317871570685773e-03  1.855840305446424e-04  -1.859309352606623e-03
  1.859999999999999e+01  1.486431551196789e+05  1.755492025871847e+05  1.389364314420258e+04  -6.055699281302009e+04  4.020151322636250e+04  2.820941695003494e+03  -4.441898262793978e-03  1.907444601624727e-03  -1.969868279345306e-03
  1.870000000000000e+01  1.496776675443410e+05  1.899030272490117e+05  4.140817859577035e+03  -6.556849502428198e+04  4.296524949015254e+04  -1.854277009764418e+03  -5.086311365411456e-03  3.470471839398622e-03  -2.378916289855032e-03
  1.880000000000000e+01  1.455345520603673e+05  1.994847228980154e+05  -4.476589798225385e+03  -7.064236500267344e+04  4.109292167911513e+04  -6.486579299066791e+03  -5.702903812177694e-03  4.709680638910990e-03  -3.004589840857309e-03
  1.890000000000000e+01  1.369630589813075e+05  2.049316486539231e+05  -1.038207547097689e+04  -7.389556135174140e+04  3.503411578204679e+04  -1.150290415230974e+04  -5.673691314987902e-03  5.656208318652657e-03  -3.639837208892201e-03
  1.900000000000000e+01  1.262013020507076e+05  2.067806146915961e+05  -1.381945390086125e+04  -7.381757826259347e+04  2.761280313285768e+04  -1.733931549891171e+04  -4.638104505444871e-03  6.296371888238182e-03  -4.017212330243762e-03
  1.910000000000000e+01  1.154594149222819e+05  2.041859497452979e+05  -1.670799913968542e+04  -6.984295197661727e+04  2.277001362682076e+04  -2.387494219788890e+04  -2.722056916525940e-03  6.432704752911627e-03  -3.931654952042147e-03
  1.920000000000000e+01  1.065927845710520e+05  1.965614747507794e+05  -2.034675514889957e+04  -6.290384927738955e+04  2.313798756830874e+04  -3.006183168058379e+04  -5.360607419034374e-04  5.867537007756342e-03  -3.391881811258652e-03
  1.930000000000000e+01  1.011223254035067e+05  1.857984257831087e+05  -2.346093534085642e+04  -5.498395481592462e+04  2.857317873230902e+04  -3.430897197834733e+04  1.122076997850500e-03  4.672543309285364e-03  -2.666685721022487e-03
  1.940000000000001e+01  9.949299677787023e+04  1.757637006663520e+05  -2.306210641429808e+04  -4.780407886056902e+04  3.646674571364564e+04  -3.560472662072102e+04  1.763134175007067e-03  3.194959120770876e-03  -2.131598171146396e-03
  1.950000000000001e+01  1.003323798838304e+05  1.693480713444701e+05  -1.731908533691741e+04  -4.191757863427867e+04  4.365247365245809e+04  -3.453568902189056e+04  1.474957553227689e-03  1.807744826055162e-03  -1.986263147263219e-03
  1.960000000000001e+01  1.009261599223607e+05  1.664201199460517e+05  -7.495647016792790e+03  -3.685946455283950e+04  4.846776894772914e+04  -3.327165250757382e+04  7.683892193724349e-04  6.934959802566989e-04  -2.044341749805681e-03
  1.970000000000001e+01  9.909719501388076e+04  1.648124625552735e+05  3.301466132613875e+03  -3.226947734605199e+04  5.125343428473490e+04  -3.431878768264328e+04  1.591569123372000e-04  -1.260288853875008e-04  -1.818403508370453e-03
  1.980000000000001e+01  9.464723742421639e+04  1.626868850724288e+05  1.283482189493343e+04  -2.863668642129836e+04  5.343627113316213e+04  -3.881673384590128e+04  -1.681282526502488e-04  -6.566650443468038e-04  -8.796055256797908e-04
  1.990000000000001e+01  8.876412878933665e+04  1.594099701600616e+05  2.075344141854027e+04  -2.674952381040495e+04  5.613395006991388e+04  -4.576392085548791e+04  -3.436019975502534e-04  -9.092428720707971e-04  8.057633116648472e-04
