TITLE = "Temporal Signal for receiver number 01308"
VARIABLES = "Time","xx","yy","zz","xy","yz","xz","u","v","w"
# x1       3.605946160000e+05
# x2       4.724684950000e+06
# x3       -3.000000000000e+03
  0.000000000000000e+00  0.000000000000000e+00  0.000000000000000e+00  0.000000000000000e+00  0.000000000000000e+00  0.000000000000000e+00  0.000000000000000e+00  0.000000000000000e+00  0.000000000000000e+00  0.000000000000000e+00
  1.000000000000000e-01  0.000000000000000e+00  0.000000000000000e+00  0.000000000000000e+00  0.000000000000000e+00  0.000000000000000e+00  0.000000000000000e+00  0.000000000000000e+00  0.000000000000000e+00  0.000000000000000e+00
  2.000000000000000e-01  0.000000000000000e+00  0.000000000000000e+00  0.000000000000000e+00  0.000000000000000e+00  0.000000000000000e+00  0.000000000000000e+00  0.000000000000000e+00  0.000000000000000e+00  0.000000000000000e+00
  3.000000000000000e-01  -2.957445789381703e-24  -3.437978521178776e-24  -1.434179860499917e-24  -1.623100957224341e-24  5.181631115403394e-25  6.163022582356439e-25  -2.502494788641693e-31  -3.028353639033576e-31  1.205052705689902e-31
  4.000000000000000e-01  4.273161097473246e-11  -9.734948503880941e-12  4.936945578004991e-12  3.283715018822450e-11  -1.320103227772199e-11  -2.892174183681258e-11  4.687771808338031e-18  -9.707201467481063e-19  -2.473483675687318e-18
  5.000000000000000e-01  -6.663579358774560e-09  -4.498432944620395e-08  -1.645101445853922e-08  -2.631739122195601e-09  -1.794987759337384e-09  -9.945376725493718e-09  -5.062815919442780e-16  -3.403907943082938e-15  3.217281646611465e-16
  6.000000000000000e-01  -5.099995905801033e-07  -2.529291807016574e-06  -5.760377810707010e-07  -4.864641814606769e-07  3.067018444543953e-07  1.441622619170514e-07  -4.748465446899468e-14  -2.016587273807847e-13  7.499037427787367e-14
  7.000000000000000e-01  -1.009687016559338e-05  -2.956777006349564e-05  -1.075025043282194e-05  -3.586576544833536e-06  5.633614726296124e-06  3.613395602916630e-06  -4.775102682959835e-13  -2.435820670890146e-12  1.081801955001101e-12
  7.999999999999999e-01  -1.796684929857576e-05  6.485057554675849e-07  -2.628555067141001e-05  5.793884374734928e-06  -4.480433801984061e-06  6.481352909485911e-07  -2.355227465192263e-14  -4.325579929072393e-13  3.591538118259098e-14
  8.999999999999999e-01  2.100530597194804e-04  3.343399131369603e-04  1.772013341891122e-04  -3.081570697685368e-06  -3.731073784863114e-05  -2.675463596280074e-06  6.328804522667533e-12  2.448476326410473e-11  -3.938229338261034e-12
  9.999999999999999e-01  5.556056334587002e-04  -3.679452534860720e-04  1.021765170088453e-04  4.165507193219563e-04  -5.748866201870797e-05  -1.810174635891493e-04  7.924383759048830e-11  -3.471184043924278e-11  -2.276829563543872e-11
  1.100000000000000e+00  -5.574517761201436e-04  1.389010883070257e-03  -1.114858819567981e-03  9.944741250914250e-04  1.677233235862259e-04  7.324785159095006e-04  1.151899697675213e-10  8.437941019436062e-11  -2.117962835048664e-11
  1.200000000000000e+00  1.202776355339067e-02  4.424352692152124e-02  2.605535709600640e-02  -1.171748169273503e-02  -8.323377139803734e-03  -1.608051783979934e-03  -1.432080828782025e-09  3.514478715312281e-09  -1.169818201232950e-09
  1.300000000000000e+00  -9.062089302412128e-02  -3.311368165825830e-01  -1.390319299957231e-01  1.275991765476187e-02  5.673893746456077e-02  1.764469949935410e-02  3.526932876084837e-09  -2.709819486396694e-08  8.599066067093823e-09
  1.400000000000000e+00  4.819031136380403e-01  1.627987045857093e+00  5.363492886697429e-01  5.007946231791924e-02  -2.777372578217446e-01  -8.713331374546007e-02  -6.878074757814633e-09  1.333659561404180e-07  -3.730485063935304e-08
  1.500000000000000e+00  -1.540229306600092e+00  -6.074999688992523e+00  -1.903588656101188e+00  -2.965886582860712e-01  1.054859181040054e+00  4.006397385652551e-01  2.183153476179330e-08  -5.075467376278316e-07  1.313859963021082e-07
  1.600000000000000e+00  5.398738137305131e+00  1.872715899129570e+01  6.372741261522106e+00  -1.039889507726341e+00  -3.228527125107670e+00  -4.198840323725468e-01  -1.868110575135410e-07  1.576805764564404e-06  -3.895344402627013e-07
  1.700000000000000e+00  -1.646170319376952e+01  -3.505434969149026e+01  -1.813650249029962e+01  2.838367757169888e+00  5.043685909929303e+00  -9.425094444428813e-01  1.444061221537094e-07  -2.927165429268033e-06  8.100347443939519e-07
  1.800000000000000e+00  2.288280376862631e+01  1.913800620950187e+01  2.490313873228057e+01  1.451084884140578e+00  1.491003383504252e+00  5.145136904237746e+00  9.756181591053626e-07  1.427523620118514e-06  -4.243408662266341e-07
  1.900000000000001e+00  9.844542829255220e+00  6.768553643067773e+01  9.036580561492610e+00  -6.734679111491719e-01  -1.270201905193981e+01  -3.983820849542837e+00  -1.051557181048582e-06  5.914561254254838e-06  -1.449080007309500e-06
  2.000000000000000e+00  -2.053992318166663e+02  -5.158891335700093e+02  -2.768168606722444e+02  -4.371039803455806e+01  1.305935123298288e+02  9.762274207058296e+00  -5.823510403765666e-06  -4.336528859261606e-05  1.886801519819888e-05
  2.100000000000001e+00  -2.712890480868096e+02  -9.057887683805052e+02  -4.384292684557371e+02  1.437641502988370e+01  2.790108162753603e+02  4.772344024482345e+00  3.730993858062309e-06  -7.454132747806313e-05  3.739734757786927e-05
  2.200000000000001e+00  -4.609572879702642e+01  -5.157563253709567e+02  -2.426988249673151e+02  1.528020341211744e+02  3.034015378103845e+02  -2.532420453826240e+01  2.084263252113685e-05  -4.229682399443200e-05  3.478811400106220e-05
  2.300000000000001e+00  9.584963369263919e+01  -1.884627339416733e+02  -7.060063225283683e+01  2.230729290978600e+02  3.595511286435192e+02  -4.675454273178802e+01  2.613742199833226e-05  -1.632522049939470e-05  3.078670444527463e-05
  2.400000000000001e+00  -4.391636334548804e+01  -7.316141831034015e+02  -2.603743708093864e+02  2.731786448685368e+02  6.105462086195623e+02  -5.399428619224883e+01  3.007333438120645e-05  -6.372501769177244e-05  4.905703733248791e-05
  2.500000000000001e+00  -1.971333993316227e+02  -1.375174448398567e+03  -5.604718698019589e+02  4.618082170386363e+02  8.989152178752614e+02  -9.464189403404416e+01  4.845588051887077e-05  -1.176105847856352e-04  7.755567386768203e-05
  2.600000000000001e+00  -5.861495287890950e+02  -2.917512333577113e+03  -1.195557835063135e+03  6.638494414449666e+02  1.525142556462410e+03  -6.288008210429559e+01  7.337995710128704e-05  -2.505294641780634e-04  1.460761094931424e-04
  2.700000000000001e+00  -9.031107003144475e+02  -4.547041879888828e+03  -2.189491301811767e+03  7.208835222073828e+02  2.655184503048016e+03  4.682870336491025e+01  6.954273186285681e-05  -3.881947151283061e-04  2.689777064906747e-04
  2.800000000000001e+00  -5.636757997817460e+03  -1.659768741823933e+04  -8.876653253484053e+03  1.241720654015982e+02  6.627335561410752e+03  2.488788982512665e+02  -3.724526151500132e-05  -1.391584243180825e-03  8.010722938782060e-04
  2.900000000000001e+00  -1.381407067860575e+04  -4.418894091458040e+04  -2.272091874189710e+04  1.171332493646932e+03  1.598214226267163e+04  -4.908906516221433e+01  1.277258112476625e-04  -3.696229551343323e-03  1.949829000032837e-03
  3.000000000000001e+00  -2.319285825399563e+04  -7.938198865596310e+04  -4.303776250367417e+04  4.763530368587441e+03  3.314660230252924e+04  -5.261459459119825e+02  5.870495291197457e-04  -6.631723427840849e-03  4.121481405379619e-03
  3.100000000000001e+00  -2.464268123219569e+04  -9.872381903280907e+04  -5.946773016663486e+04  1.263701311844412e+04  5.632546580618445e+04  -1.095106374424912e+03  1.503041240940599e-03  -8.356483535783480e-03  6.810062597712865e-03
  3.200000000000002e+00  -1.148589990066958e+04  -8.790347083660033e+04  -6.342771546409788e+04  2.986888236158241e+04  7.718209765208546e+04  -8.064609999728908e+03  3.582421152151941e-03  -7.832677145335006e-03  8.273949126163390e-03
  3.300000000000002e+00  1.557747949172460e+04  -3.799257298157414e+04  -5.826282109070087e+04  6.221375258043112e+04  1.046410437209295e+05  -1.613801765383260e+04  7.442407155195156e-03  -4.235659930557098e-03  1.043024893664706e-02
  3.400000000000002e+00  6.934031404202881e+04  8.361099779818005e+04  -4.032655397172344e+04  1.107826543637733e+05  1.330764483084800e+05  -3.060094604806868e+04  1.300646667319738e-02  4.782841890062695e-03  1.264719598051855e-02
  3.500000000000002e+00  1.218935759535030e+05  2.161658829699825e+05  -5.404758606283397e+04  1.644823227364141e+05  1.684015753808030e+05  -4.022899438444417e+04  1.894538701970990e-02  1.410713978994796e-02  1.695997812115546e-02
  3.600000000000002e+00  1.954677386427209e+05  4.332485206593791e+05  -1.778018353853731e+03  2.286667411293083e+05  1.455075819729697e+05  -5.503268333833570e+04  2.335095866897383e-02  2.977213555017592e-02  1.040020597524768e-02
  3.700000000000002e+00  2.669263368404337e+05  6.227181943532682e+05  -3.847824734842391e+04  3.902722057248657e+05  1.454975527324017e+05  -1.506424733911883e+05  4.366833353130640e-02  4.402284036253249e-02  1.027331310389353e-02
  3.800000000000002e+00  2.809088957728601e+05  7.699031697489351e+05  -2.276124397742613e+05  5.897872741530744e+05  2.651468899045960e+05  -2.400596037629022e+05  6.507316541807318e-02  5.281519125265548e-02  3.159894074665329e-02
  3.900000000000002e+00  2.007200847384695e+05  9.314589410726310e+05  -4.717266692044332e+05  6.696440252870166e+05  4.007504193596467e+05  -2.443915826998837e+05  6.516726560865825e-02  6.119052767610209e-02  5.859226925611961e-02
  4.000000000000002e+00  9.996859971791932e+04  9.871868251534072e+05  -7.239978705043622e+05  5.822835306533703e+05  3.820231023837735e+05  -1.864799812975425e+05  4.112793114138091e-02  6.310541566592393e-02  6.742729413151327e-02
  4.100000000000001e+00  -5.406681854106009e+04  8.620443996058183e+05  -3.734672047973069e+05  2.206805035695464e+05  8.444567272911256e+04  -3.046999345724414e+04  -2.782595526048961e-02  4.782864870127148e-02  4.963821832360828e-03
  4.200000000000001e+00  -5.664620534759091e+05  4.024179371447227e+05  7.783598181748280e+05  -4.700015820536130e+05  -4.434809120251207e+05  1.909151464326749e+05  -1.463339442893518e-01  7.996745364850881e-04  -1.358076493716290e-01
  4.300000000000001e+00  -1.068271510807153e+06  -3.543693045738294e+05  1.890439601776433e+06  -1.064840863875458e+06  -8.161421383963338e+05  3.041918394165946e+05  -2.351447396404376e-01  -7.182704808989941e-02  -2.556070853365006e-01
  4.400000000000000e+00  -9.289214489559213e+05  -1.037961422257441e+06  2.168521080872750e+06  -1.120611110197600e+06  -6.588284016615142e+05  3.124903373749919e+05  -2.239687228927895e-01  -1.381685242840517e-01  -2.640835048483473e-01
  4.500000000000000e+00  -3.067561613197591e+05  -1.338682137827594e+06  1.714289098095983e+06  -7.557578066704287e+05  -1.147241092419767e+05  3.269860917978405e+05  -1.441192041415873e-01  -1.667124197740660e-01  -1.801972731888560e-01
  4.600000000000000e+00  2.686322605187233e+05  -1.146811396968296e+06  9.015748438623815e+05  -3.202172971585287e+05  2.862927665653288e+05  3.062727095500419e+05  -6.151851643674555e-02  -1.368184358392064e-01  -7.143508790939530e-02
  4.699999999999999e+00  5.511307807051786e+05  -5.918919001193577e+05  -4.255366415711871e+04  1.243249100785927e+04  2.540773262063260e+05  1.855036059183452e+05  -7.112982138582834e-03  -6.156659750726194e-02  1.297165579713840e-02
  4.799999999999999e+00  5.789026925494112e+05  -3.769879469929037e+04  -8.121722454278371e+05  1.918492495522689e+05  -2.583629122663880e+04  2.278671831673715e+04  1.856877914148677e-02  1.009944498887507e-02  4.363396631499214e-02
  4.899999999999999e+00  4.796785687875708e+05  1.993851023782631e+05  -1.158563773571691e+06  2.316897528673628e+05  -2.542094826621472e+05  -7.617222703369470e+04  2.163804979537278e-02  4.062440816027722e-02  1.953546642494474e-02
  4.999999999999998e+00  3.702484973806289e+05  1.395614959144516e+05  -1.149008805302617e+06  2.016328451175973e+05  -3.369541401954094e+05  -1.073466442796309e+05  1.070437641175054e-02  3.323533344291601e-02  -2.581974190969592e-02
  5.099999999999998e+00  2.743631909270086e+05  -1.625382776947689e+04  -1.033736187891159e+06  1.516709689327429e+05  -3.526621944761731e+05  -1.229737185628391e+05  -3.042238388383509e-03  1.205715928801574e-02  -5.683010302899739e-02
  5.199999999999998e+00  1.975119549530337e+05  -1.505188102661349e+05  -9.483367289638658e+05  9.021464182574319e+04  -3.731071609136775e+05  -1.307737771993422e+05  -1.117048217043322e-02  -4.966597391833273e-03  -6.605015352199348e-02
  5.299999999999997e+00  1.591177098033704e+05  -2.764717402088366e+05  -8.430086625338773e+05  1.792703181108741e+04  -3.660889096422002e+05  -1.155602335347882e+05  -1.603023632034862e-02  -1.480023391393165e-02  -5.638090335031534e-02
  5.399999999999997e+00  1.560595778449739e+05  -4.026248822253388e+05  -6.439838030472179e+05  -5.536796535500974e+04  -3.084639388584787e+05  -9.721821219028674e+04  -2.381851866568622e-02  -2.304955633010503e-02  -3.231581826812203e-02
  5.499999999999996e+00  1.809166265114266e+05  -5.005415913991234e+05  -4.522294931859844e+05  -1.012401945999911e+05  -2.562813774165462e+05  -9.507379138179983e+04  -3.025896332648445e-02  -3.250952007755364e-02  -3.999607769464588e-03
  5.599999999999996e+00  2.524838520764763e+05  -5.431581975991058e+05  -3.885785794419064e+05  -1.020078770382328e+05  -2.454298566223430e+05  -9.749813458750330e+04  -2.642448049401720e-02  -3.678537160347775e-02  1.528359489236990e-02
  5.699999999999996e+00  3.661145804638124e+05  -5.157186669787830e+05  -3.820945450309835e+05  -7.810351233779857e+04  -2.393981566017098e+05  -9.201926030518071e+04  -1.505747168621685e-02  -2.943470857683544e-02  1.406448933208144e-02
  5.799999999999995e+00  4.577446161346110e+05  -4.289828481617072e+05  -3.605572341111773e+05  -4.678729871750737e+04  -1.983125655683299e+05  -7.334373223774834e+04  -4.389822329186038e-03  -1.265762687876212e-02  3.346408310697663e-05
  5.899999999999995e+00  5.019969695677523e+05  -2.977054733584776e+05  -3.464778521477328e+05  -1.213450307046003e+04  -1.454497759970658e+05  -3.581855064562290e+04  4.156336022808783e-03  7.619268476279116e-03  -1.126346993667423e-02
  5.999999999999995e+00  5.171655474152921e+05  -1.831775926401839e+05  -3.614491871101215e+05  1.408834770945236e+04  -1.430523886343233e+05  1.487295829039591e+04  1.458032448257181e-02  2.390478488524339e-02  -2.082480346297114e-02
  6.099999999999994e+00  5.029165128497868e+05  -1.664125432492090e+05  -4.288619229261276e+05  3.996652124484594e+04  -2.040989683267254e+05  6.101629213421209e+04  2.970844920022831e-02  3.103258705896167e-02  -3.445740913378206e-02
  6.199999999999994e+00  4.551699388683902e+05  -2.158819251990516e+05  -5.722614706583064e+05  9.744218163387636e+04  -2.775508516935193e+05  9.023142208086741e+04  4.525367183280480e-02  3.361914872492577e-02  -4.922508056415600e-02
  6.299999999999994e+00  4.113794559012428e+05  -2.263672652284248e+05  -7.187205475786180e+05  1.877257127969036e+05  -3.193909770753878e+05  1.226519038080957e+05  5.309689088820033e-02  3.758405832045828e-02  -6.348906714047318e-02
  6.399999999999993e+00  4.370496893551944e+05  -1.530198726171480e+05  -7.404214375913135e+05  2.618807542012718e+05  -3.193339042099586e+05  1.881396187670077e+05  5.202048075507345e-02  4.208116829975959e-02  -7.777057705522585e-02
  6.499999999999993e+00  5.472685014545277e+05  -7.901622773338274e+03  -6.372434324514604e+05  2.854494138405480e+05  -2.927321358147995e+05  2.567549993779470e+05  4.840199029220858e-02  4.800313623304460e-02  -8.635575031002052e-02
  6.599999999999993e+00  6.620917219015977e+05  1.975971557842572e+05  -5.720956063228120e+05  2.860767502691428e+05  -2.785905018593462e+05  2.546494894160353e+05  4.603730335609953e-02  6.064973611567235e-02  -8.211803560538203e-02
  6.699999999999992e+00  6.769585087515068e+05  4.415728369946715e+05  -6.731350058286824e+05  2.987087615050318e+05  -2.894417884739092e+05  1.520295792290590e+05  3.930050979224319e-02  8.032247763726690e-02  -6.662410034099814e-02
  6.799999999999992e+00  5.769879910590068e+05  6.935677089814538e+05  -8.702732736286566e+05  3.076084757091801e+05  -2.764451636204704e+05  -1.744149094994278e+04  1.986492697363523e-02  1.017191850750285e-01  -4.949611431857012e-02
  6.899999999999991e+00  4.217817443265734e+05  9.103250420434627e+05  -1.004364474307307e+06  2.828807990010837e+05  -1.936902663141274e+05  -2.000164902097170e+05  -1.020170793071084e-02  1.181094486007571e-01  -3.936714553862025e-02
  6.999999999999991e+00  2.685558729235298e+05  1.044974952432979e+06  -1.006459422672368e+06  2.348411159059364e+05  -7.075722951639857e+04  -3.426539785875900e+05  -3.868148507178377e-02  1.255519471330092e-01  -3.689784896837586e-02
  7.099999999999991e+00  1.437032706545425e+05  1.065271665133135e+06  -9.221144275816339e+05  2.142505829653417e+05  1.810896346886316e+04  -4.151975027945138e+05  -5.369017186811957e-02  1.231370475437262e-01  -3.442103057814713e-02
  7.199999999999990e+00  6.001652724226363e+04  9.913852607647246e+05  -8.112504626330492e+05  2.483590797842691e+05  2.709715979990592e+04  -4.271200753796610e+05  -5.289098018524299e-02  1.117535711066261e-01  -2.407505230296879e-02
  7.299999999999990e+00  1.420596019516461e+04  8.582493873367077e+05  -6.868382018533110e+05  3.116009463659041e+05  -3.267156859270505e+04  -4.005716488905738e+05  -4.241014308444020e-02  9.068677988247829e-02  -6.507246590100981e-03
  7.399999999999990e+00  -1.593020549180666e+04  6.578337639585005e+05  -5.468264481964693e+05  3.665339288139255e+05  -1.078254321959342e+05  -3.502750339197317e+05  -2.841361319741298e-02  5.837746837252566e-02  1.235092199013456e-02
  7.499999999999989e+00  -3.892522630762978e+04  4.090311105853170e+05  -4.014664716644998e+05  3.837268059675274e+05  -1.360920296580728e+05  -2.714562999541608e+05  -1.627209280846745e-02  2.253906085600262e-02  2.996285354767383e-02
  7.599999999999989e+00  -4.788022836583795e+04  1.908511645104451e+05  -2.770273646073461e+05  3.571286911108071e+05  -9.024224197232240e+04  -1.576629097872065e+05  -7.925873894189549e-03  -2.968384953490296e-03  4.609551735313443e-02
  7.699999999999989e+00  -5.525725001435302e+04  4.399913835794268e+04  -1.995393526883735e+05  3.072313719820297e+05  5.526154008329329e+03  -1.518981646531755e+04  -1.245498992177748e-03  -1.405787707065879e-02  5.891104986886759e-02
  7.799999999999988e+00  -5.564270687987803e+04  -3.366789817801421e+04  -1.702618145680416e+05  2.602883457253384e+05  1.170531778492637e+05  1.301718832518780e+05  5.823093289091684e-03  -1.555760237417303e-02  6.943696649096633e-02
  7.899999999999988e+00  -1.328011041762726e+04  -3.506541058428417e+04  -1.668353718272434e+05  2.260628648401409e+05  2.235231380108966e+05  2.358616480434672e+05  1.274046698165487e-02  -1.198814860771219e-02  7.884411986407093e-02
  7.999999999999988e+00  5.194450476226571e+04  -2.404747569809268e+03  -1.736268359281498e+05  2.049406046882902e+05  2.985522157814357e+05  2.699355563188034e+05  1.904656759932131e-02  -9.547358749123672e-03  8.193011129564021e-02
  8.099999999999987e+00  9.044203696684763e+04  4.159568071720861e+03  -1.562227806025989e+05  1.842974158354647e+05  3.146392794850625e+05  2.423847984276535e+05  2.203130147490164e-02  -1.284066532111403e-02  7.210599769850815e-02
  8.199999999999987e+00  1.055026938388145e+05  -3.724474477477540e+04  -1.042621459546760e+05  1.417888389574500e+05  2.964759584294120e+05  1.875570824558175e+05  1.698698686128412e-02  -2.102391508636426e-02  5.608353637543844e-02
  8.299999999999986e+00  1.453939589831372e+05  -1.134490586679399e+05  -5.689725115679404e+04  7.449951331535337e+04  2.981268860592702e+05  1.327636192394382e+05  4.338142513164949e-03  -3.015139125818532e-02  4.921017330860696e-02
  8.399999999999986e+00  2.222570168997119e+05  -2.127570634770161e+05  -3.799074442801592e+04  1.362040221532594e+04  3.234638729977597e+05  9.389821920311480e+04  -7.962598665155906e-03  -3.811759893866917e-02  5.619290715433817e-02
  8.499999999999986e+00  2.910446965675020e+05  -3.275589153650030e+05  -1.658123317731409e+04  -8.874621029058349e+03  3.343452754842517e+05  8.041670142605592e+04  -1.148846017333784e-02  -4.631750998892269e-02  6.834638769118752e-02
  8.599999999999985e+00  3.095490114636397e+05  -4.408401798559052e+05  3.168032015435502e+04  5.800784530945566e+03  3.208033245760862e+05  8.259305109121760e+04  -5.608267241886496e-03  -5.596571043951933e-02  7.696217233688962e-02
  8.699999999999985e+00  3.048862765343329e+05  -5.160866305938008e+05  1.021511668795610e+05  1.914848500551789e+04  2.896826105020121e+05  8.504892177552551e+04  8.279643565466499e-04  -6.362869609112665e-02  7.641165911605630e-02
  8.799999999999985e+00  3.152169053521204e+05  -5.358949171302916e+05  1.382444946706772e+05  5.418867383379957e+02  2.374042626534209e+05  7.543913320971283e+04  1.966744617567889e-03  -6.526003023555448e-02  6.428956233403868e-02
  8.899999999999984e+00  3.465190496748899e+05  -4.944032366465268e+05  8.498406160291820e+04  -4.519523539915145e+04  1.619725738934576e+05  5.101572956729233e+04  5.898085374620466e-04  -5.867572457643946e-02  4.319635244050145e-02
  8.999999999999984e+00  3.780399234726596e+05  -3.890070080430027e+05  -4.140511344244808e+04  -8.505054573286964e+04  8.521258223171296e+04  2.296488232109861e+04  2.835635540161925e-03  -4.482426894212632e-02  2.194701115929052e-02
  9.099999999999984e+00  3.852738154101176e+05  -2.417226122058808e+05  -1.436836050246603e+05  -7.704358532358114e+04  4.713080510553072e+04  7.548874306062670e+03  1.246159313119059e-02  -2.847849812870168e-02  1.017918699220515e-02
  9.199999999999983e+00  3.526275259481208e+05  -1.209660178027525e+05  -1.340575739449164e+05  3.761989499470178e+03  7.749273224212926e+04  7.993757185451161e+03  2.864056750701462e-02  -1.715085021244230e-02  1.248952894266656e-02
  9.299999999999983e+00  2.907059526292819e+05  -8.726422198270545e+04  -1.856967501619115e+04  1.385997829968930e+05  1.643404804363842e+05  1.298987770566742e+04  4.634219543196124e-02  -1.533112263096900e-02  2.644467290230790e-02
  9.399999999999983e+00  2.441024671615743e+05  -1.257822964798408e+05  1.389255538076047e+05  2.658397699323574e+05  2.614313356697406e+05  6.403792697934623e+03  5.785877180773421e-02  -2.004857972994519e-02  4.537285557036365e-02
  9.499999999999982e+00  2.470344892208280e+05  -1.895132481228711e+05  2.670208158703984e+05  3.256886669454201e+05  3.243777591917718e+05  -1.556285112377611e+04  5.731795259994129e-02  -2.670640897798516e-02  6.302118700222738e-02
  9.599999999999982e+00  2.943427842453951e+05  -2.419155497303338e+05  3.353053441012836e+05  2.959922462802982e+05  3.242044000102018e+05  -3.710479216906644e+04  4.478496644516875e-02  -3.263258373198583e-02  7.362699212026069e-02
  9.699999999999982e+00  3.561816847725527e+05  -2.641801134228588e+05  3.630870931972410e+05  2.007314690799135e+05  2.592926853043346e+05  -4.387234106577514e+04  2.560136419040698e-02  -3.633787863931831e-02  7.378267318675609e-02
  9.799999999999981e+00  4.099908413190648e+05  -2.488012323912863e+05  3.720119093757472e+05  8.547423966087986e+04  1.549551737963351e+05  -3.903937708531355e+04  5.964572953281812e-03  -3.661473330284254e-02  6.431832874760739e-02
  9.899999999999981e+00  4.458180754251093e+05  -2.048187712084215e+05  3.579417125475255e+05  -1.557046005834128e+04  4.446780138304771e+04  -3.480727923931618e+04  -1.010132707230247e-02  -3.342546666133557e-02  4.825375393562303e-02
  9.999999999999980e+00  4.652406442043792e+05  -1.517135818598146e+05  3.153031034009857e+05  -8.900567779633292e+04  -5.170164561741550e+04  -3.495870981504257e+04  -2.104043977225585e-02  -2.799912593766474e-02  2.848059673817457e-02
  1.009999999999998e+01  4.769572071829409e+05  -1.049233933848830e+05  2.498757907158870e+05  -1.316792838982889e+05  -1.291208492036658e+05  -3.458075725772809e+04  -2.654079568791748e-02  -2.180873950162484e-02  8.269927167924315e-03
  1.019999999999998e+01  4.915184333565244e+05  -6.386840633014541e+04  1.725853589894354e+05  -1.430069654725100e+05  -1.882815738314338e+05  -3.103776287871102e+04  -2.687646433080173e-02  -1.552586122635268e-02  -8.888905527967369e-03
  1.029999999999998e+01  5.150438732440473e+05  -1.637122490987630e+04  9.250524581302235e+04  -1.302321624883626e+05  -2.292200740903064e+05  -2.880261563064706e+04  -2.375873338702060e-02  -9.447875605637023e-03  -2.118942996508300e-02
  1.039999999999998e+01  5.363942739839671e+05  3.784108137218472e+04  1.011849226770556e+04  -1.084334971824224e+05  -2.551134528538710e+05  -3.387949540494151e+04  -2.004079806649660e-02  -4.506172566265798e-03  -2.917755579485409e-02
  1.049999999999998e+01  5.381708368315842e+05  8.855507597938988e+04  -7.148922002058203e+04  -9.054588219242750e+04  -2.738734888653453e+05  -4.567797921177372e+04  -1.784839338386502e-02  -1.098700912072892e-03  -3.506729058827718e-02
  1.059999999999998e+01  5.170254146639809e+05  1.322996404219972e+05  -1.461997247670647e+05  -8.005111377268942e+04  -2.900343010722818e+05  -5.725894559918952e+04  -1.743631503701937e-02  1.733066153878099e-03  -4.009281625218204e-02
  1.069999999999998e+01  4.832597027682016e+05  1.708274832700705e+05  -2.200780037344059e+05  -7.060003605128916e+04  -2.996524555756400e+05  -6.213981235428715e+04  -1.733170722829363e-02  4.955616363389040e-03  -4.316718055432752e-02
  1.079999999999998e+01  4.521085632300280e+05  2.095236418468769e+05  -2.963280653973572e+05  -5.377410278035187e+04  -2.981490177688038e+05  -5.657206179936113e+04  -1.596018142059807e-02  9.244836184526989e-03  -4.367391651838445e-02
  1.089999999999998e+01  4.340205567155621e+05  2.544784083140887e+05  -3.593568966247796e+05  -3.035796752238481e+04  -2.847589224038677e+05  -4.248757923993104e+04  -1.324167405527087e-02  1.484373289445216e-02  -4.279468590827819e-02
  1.099999999999998e+01  4.347857317986020e+05  3.048277972546011e+05  -3.896268179866993e+05  -9.135341178765901e+03  -2.634421264112694e+05  -2.651181332812969e+04  -1.061909087139173e-02  2.088888285354744e-02  -4.235498125825077e-02
  1.109999999999998e+01  4.508607585489618e+05  3.466569690306205e+05  -3.945374650405360e+05  6.020444752052181e+03  -2.405076104840336e+05  -1.555798867272105e+04  -9.038020882389013e-03  2.544327252814298e-02  -4.275489134311728e-02
  1.119999999999998e+01  4.672247763780261e+05  3.670509249448472e+05  -4.060360475170473e+05  2.006160484200301e+04  -2.203136077410588e+05  -1.539107803154262e+04  -7.228104948209521e-03  2.721612340451600e-02  -4.191494172355485e-02
  1.129999999999998e+01  4.726897437131992e+05  3.732061609081638e+05  -4.333096613746451e+05  3.665556195997140e+04  -2.060667213976264e+05  -2.257277826012968e+04  -4.101683478930571e-03  2.739863301002396e-02  -3.797176240949898e-02
  1.139999999999998e+01  4.653499597222270e+05  3.785045327761679e+05  -4.493162121873746e+05  5.296979914197914e+04  -1.961641668763813e+05  -2.486985676357601e+04  -6.934280170802905e-04  2.802098397200253e-02  -3.175190390716888e-02
  1.149999999999998e+01  4.444387682722685e+05  3.826507246093032e+05  -4.294589480536116e+05  6.412525451773695e+04  -1.806417587164609e+05  -1.413921857695800e+04  1.338118861395185e-03  2.947080268148505e-02  -2.550674295876471e-02
  1.159999999999997e+01  4.119792503378391e+05  3.764115129302912e+05  -3.801939302364439e+05  7.156787117845754e+04  -1.488656977320534e+05  5.719015795879006e+03  2.305511834259015e-03  3.039128792616590e-02  -2.036651678206152e-02
  1.169999999999997e+01  3.783728675844048e+05  3.605892948555034e+05  -3.303698496149132e+05  7.936916108862151e+04  -1.002798165459141e+05  2.638903537417664e+04  3.562030372358307e-03  2.975282628708660e-02  -1.568476751224163e-02
  1.179999999999997e+01  3.554486121984342e+05  3.506267432430711e+05  -3.051749152870826e+05  8.469684838346329e+04  -4.787884613907610e+04  4.346686721446214e+04  4.832091521537468e-03  2.856851603243235e-02  -1.061874926597125e-02
  1.189999999999997e+01  3.442255954064620e+05  3.559237076963854e+05  -3.097891159740602e+05  8.286215517309764e+04  -7.951786260493775e+03  5.368149805705869e+04  5.067444767945113e-03  2.826020869305075e-02  -5.422064668223940e-03
  1.199999999999997e+01  3.345555457794386e+05  3.653557699852262e+05  -3.275773011701550e+05  7.621947727351941e+04  1.317268686532745e+04  5.332546712875317e+04  4.232260129926861e-03  2.833594386888929e-02  -1.469045543963935e-03
  1.209999999999997e+01  3.161015454154776e+05  3.567751301308835e+05  -3.322996405192146e+05  7.277191981071106e+04  2.135575177272479e+04  4.272548692288634e+04  3.113280428390420e-03  2.676950103899898e-02  -1.984592531965299e-04
  1.219999999999997e+01  2.890684381360826e+05  3.193187763400816e+05  -3.098998287240551e+05  7.812006972251029e+04  2.829498799671833e+04  2.755566681717944e+04  2.483638255070546e-03  2.240959410647615e-02  -1.391473061866811e-03
  1.229999999999997e+01  2.633140303325526e+05  2.631833402623191e+05  -2.712163276255165e+05  8.973695943817514e+04  4.224113296489126e+04  1.371616831977848e+04  2.537775360173050e-03  1.656338943107488e-02  -2.803625691106823e-03
  1.239999999999997e+01  2.490841082657493e+05  2.080093025735869e+05  -2.389310816532818e+05  9.868090882968044e+04  6.119601776459146e+04  4.054449985521384e+03  3.006614865592353e-03  1.183867484792606e-02  -2.254708925806204e-03
  1.249999999999997e+01  2.488609423953297e+05  1.652505596807426e+05  -2.239210117568676e+05  9.657059071727011e+04  7.654633368111051e+04  -1.367013417634121e+03  3.786404556382387e-03  9.578726816448401e-03  4.016174067554124e-04
  1.259999999999997e+01  2.585256822738511e+05  1.333828501767817e+05  -2.191190389488015e+05  8.271435159197057e+04  8.399327535551574e+04  -4.191397301445983e+03  5.056948313266345e-03  9.035833129382321e-03  3.809459835576675e-03
  1.269999999999997e+01  2.745644452087447e+05  1.068683384835075e+05  -2.134102815385546e+05  6.549155287336941e+04  8.678912512439972e+04  -6.554366759659151e+03  7.124876195866889e-03  8.654852690018278e-03  6.578102462098171e-03
  1.279999999999997e+01  2.930124025856457e+05  8.299031776740360e+04  -2.052256830394914e+05  5.502207135244805e+04  8.893737165269158e+04  -1.016382364761658e+04  9.912051669640796e-03  7.463914916649558e-03  7.844929516364190e-03
  1.289999999999997e+01  3.058153117273427e+05  5.807871082984515e+04  -2.006860104350738e+05  5.477863134919990e+04  9.026697266416764e+04  -1.505333679179961e+04  1.240724069675380e-02  5.417616217147611e-03  7.481846764903151e-03
  1.299999999999997e+01  3.066134973169073e+05  2.512260292272236e+04  -2.008341492295413e+05  6.055533632811363e+04  8.811482607230883e+04  -1.903739084670619e+04  1.324893283412512e-02  3.044588943629476e-03  6.174360410062102e-03
  1.309999999999997e+01  2.989866107856883e+05  -1.558686559444431e+04  -1.959291662930000e+05  6.560644351110214e+04  8.076276305853231e+04  -1.956151108239986e+04  1.180438727858361e-02  1.094380800021247e-03  4.755536468290692e-03
  1.319999999999997e+01  2.943498302029512e+05  -5.034369706368988e+04  -1.763299187268074e+05  6.598304735915027e+04  6.859654173776828e+04  -1.545427392235048e+04  8.535690563411531e-03  -1.187236171939189e-04  3.559573229036017e-03
  1.329999999999997e+01  3.001886750018907e+05  -6.348993853949555e+04  -1.439589768447713e+05  6.335122957559851e+04  5.311571597061816e+04  -6.569290406908399e+03  4.611619627687758e-03  -1.155713878956563e-03  2.619043127545206e-03
  1.339999999999997e+01  3.122790992682805e+05  -5.150418555669426e+04  -1.114923082310182e+05  6.438407384726242e+04  3.657312287320581e+04  4.269571345372182e+03  1.467025849870187e-03  -2.892414481074569e-03  2.327979367261863e-03
  1.349999999999997e+01  3.191796175883819e+05  -2.681279708377178e+04  -9.245750045879441e+04  7.533502881587892e+04  2.324648811832406e+04  1.082408995297160e+04  1.774430236381513e-04  -5.762719824437175e-03  3.585981166320166e-03
  1.359999999999997e+01  3.144509445767940e+05  -9.015151052071520e+03  -8.939913225332601e+04  9.641579211007246e+04  1.705133657345791e+04  9.537764078108152e+03  7.656562826285206e-04  -9.484505104547738e-03  6.589242555841397e-03
  1.369999999999997e+01  3.027960862948018e+05  -1.271318712326847e+04  -9.529268358358415e+04  1.226882859182338e+05  1.657573301836856e+04  2.607688952797924e+03  2.460105110658638e-03  -1.348261298389881e-02  1.001014176752840e-02
  1.379999999999997e+01  2.943048133306286e+05  -4.048240517937823e+04  -1.040279412626566e+05  1.477143794290444e+05  1.537942734061217e+04  -5.845984343585427e+03  4.451404429712832e-03  -1.734251742796001e-02  1.200796038617657e-02
  1.389999999999997e+01  2.964521139491001e+05  -7.850582136916503e+04  -1.114787923339939e+05  1.665545925030405e+05  7.328288275986503e+03  -1.367552640357946e+04  6.399936603563941e-03  -2.035923363859882e-02  1.165739260519912e-02
  1.399999999999997e+01  3.069189342620848e+05  -1.048176817237026e+05  -1.135875167450471e+05  1.775212036276792e+05  -8.051488578999323e+03  -2.055775264662125e+04  8.283515107953856e-03  -2.156836543565248e-02  9.655882753871733e-03
  1.409999999999997e+01  3.138167323573462e+05  -1.080685262196018e+05  -1.098128009496622e+05  1.814604532929095e+05  -2.557294571980111e+04  -2.524156909530778e+04  9.653055157605471e-03  -2.080503432015428e-02  7.801151661898169e-03
  1.419999999999997e+01  3.091217344333396e+05  -9.429765401242040e+04  -1.048734193424893e+05  1.807272656107440e+05  -3.980002071616333e+04  -2.576041623624624e+04  9.703758440826077e-03  -1.908674201515881e-02  7.456092406137510e-03
  1.429999999999997e+01  2.971400624017658e+05  -7.858424033801128e+04  -1.053482476170051e+05  1.787874871666093e+05  -4.821363991500265e+04  -2.293583558031750e+04  8.326748686772328e-03  -1.780672676414428e-02  8.467157800410557e-03
  1.439999999999996e+01  2.880988011200677e+05  -7.132606810165482e+04  -1.143363187208038e+05  1.787714579802781e+05  -5.104438030407218e+04  -2.063158356172731e+04  6.531545435328266e-03  -1.741460148321340e-02  9.391959860307773e-03
  1.449999999999996e+01  2.876278362729558e+05  -7.082551417722572e+04  -1.294354341038334e+05  1.800163523167421e+05  -5.171429703499848e+04  -2.104913814003094e+04  5.385961167199900e-03  -1.708752907924740e-02  8.616738477102079e-03
  1.459999999999996e+01  2.923633541816933e+05  -6.806254934545718e+04  -1.451065280035585e+05  1.778037271488622e+05  -5.590517589686150e+04  -2.224097242883800e+04  4.805336621067291e-03  -1.584655334802982e-02  5.485848819178478e-03
  1.469999999999996e+01  2.943459974297567e+05  -5.774152583961075e+04  -1.577677192273167e+05  1.675100259606226e+05  -6.676052680008829e+04  -2.113150481538286e+04  3.759079967612456e-03  -1.369011281059858e-02  8.613962702574842e-04
  1.479999999999996e+01  2.901334993716598e+05  -4.253983837523778e+04  -1.686028934780592e+05  1.480423843330432e+05  -8.117410592337571e+04  -1.639709143519171e+04  1.460625409964896e-03  -1.153276750724308e-02  -3.301816946516472e-03
  1.489999999999996e+01  2.847471187328064e+05  -2.763516521900583e+04  -1.804132509025065e+05  1.229153201731068e+05  -9.274858866898826e+04  -8.672742367790013e+03  -1.700644271112379e-03  -1.027539262246681e-02  -5.292816609092550e-03
  1.499999999999996e+01  2.860366244787811e+05  -1.579859522911728e+04  -1.936520995855575e+05  9.942957514292694e+04  -9.782978377329302e+04  3.637510352487764e+02  -4.290232823834889e-03  -1.013924875710343e-02  -4.870823422700996e-03
  1.509999999999996e+01  2.965084584951672e+05  -7.152537805071472e+03  -2.064211228591226e+05  8.549602598338293e+04  -9.693605889771268e+04  9.392288060285016e+03  -4.971036885122187e-03  -1.062369205881799e-02  -3.217659080555985e-03
  1.519999999999996e+01  3.112940263309957e+05  -9.560382459016460e+02  -2.168669453692822e+05  8.431457839201776e+04  -9.166818464610599e+04  1.729537583566986e+04  -3.593636663732197e-03  -1.090988779988245e-02  -1.763822129100248e-03
  1.529999999999996e+01  3.228723766065793e+05  4.332338598821214e+03  -2.245675827601356e+05  9.125981124377255e+04  -8.257389428511789e+04  2.206622629697471e+04  -1.253071398761232e-03  -1.026725469414921e-02  -1.016890344196560e-03
  1.539999999999996e+01  3.256627137448948e+05  1.151120049207343e+04  -2.301852453648916e+05  9.683746693418486e+04  -6.960526533570835e+04  2.118733958767919e+04  5.700868042693345e-04  -8.377586609510022e-03  -3.120025243579764e-04
  1.549999999999996e+01  3.186455114684216e+05  2.266904904183520e+04  -2.339826720686530e+05  9.308455544383763e+04  -5.413068067687289e+04  1.323851972823910e+04  8.755959258018330e-04  -5.591390841679006e-03  1.164301811020831e-03
  1.559999999999996e+01  3.067217236221005e+05  3.784136683203345e+04  -2.348774555187340e+05  7.830262044367570e+04  -3.975667620481340e+04  -6.673538826222408e+00  -5.786301453471864e-04  -2.683893518080709e-03  3.343811388795460e-03
  1.569999999999996e+01  2.973032373980051e+05  5.443758566358330e+04  -2.320935473630796e+05  5.750256098037967e+04  -3.028799551125438e+04  -1.363554371860091e+04  -3.421237164375694e-03  -4.184714265089781e-04  5.311734247061294e-03
  1.579999999999996e+01  2.940958796205999e+05  6.650903520881495e+04  -2.269534725846645e+05  3.898868542821436e+04  -2.642745963109609e+04  -2.239343835581755e+04  -6.801482208305513e-03  6.432903217236506e-04  6.089872725942249e-03
  1.589999999999996e+01  2.950530632619807e+05  6.842953114692695e+04  -2.216626458764676e+05  3.001791757095795e+04  -2.466482378258723e+04  -2.409388107402977e+04  -9.516351184768060e-03  3.206654185282947e-04  5.431343366128012e-03
  1.599999999999996e+01  2.955292887567594e+05  6.054681438074019e+04  -2.169348254487827e+05  3.251282027554370e+04  -2.033825284874657e+04  -2.110333244288695e+04  -1.055976542838699e-02  -1.034270487415523e-03  3.930100023689287e-03
  1.609999999999996e+01  2.926608823452726e+05  5.178800306123136e+04  -2.112726084173269e+05  4.127142910237821e+04  -1.192236676854184e+04  -1.836294046274839e+04  -9.787250425745256e-03  -2.484757961502544e-03  2.563986600064085e-03
  1.619999999999996e+01  2.867224193048645e+05  5.449779148365427e+04  -2.029387460144414e+05  4.790046526660123e+04  -1.986044693191318e+03  -1.984490738434104e+04  -7.936363929456325e-03  -2.904543005806230e-03  2.044165341004648e-03
  1.629999999999996e+01  2.792474371272665e+05  7.345243381077590e+04  -1.928665931680567e+05  4.693286039293305e+04  5.240161483194282e+03  -2.625891316632320e+04  -5.987823479874406e-03  -1.710809743687337e-03  2.423980915586532e-03
  1.639999999999996e+01  2.721581228269496e+05  1.032392963732597e+05  -1.844993763820802e+05  3.917128159414322e+04  6.714676704702138e+03  -3.507950996115524e+04  -4.447332851117388e-03  9.766302680965311e-04  3.276531500486303e-03
  1.649999999999996e+01  2.673813648776244e+05  1.336076173917159e+05  -1.807578033065373e+05  2.960884976314579e+04  2.076686500752462e+03  -4.209894031638019e+04  -3.238202943738833e-03  4.530762196852714e-03  4.019552723620540e-03
  1.659999999999997e+01  2.657117573596300e+05  1.548201685752672e+05  -1.810963130366371e+05  2.324479795610761e+04  -6.222149162163814e+03  -4.393038115633278e+04  -2.071740851500684e-03  8.006083186083930e-03  4.117968679884879e-03
  1.669999999999997e+01  2.657773584937483e+05  1.600963361517275e+05  -1.815794681293498e+05  2.258593704303056e+04  -1.362549444055982e+04  -4.017741669971554e+04  -8.339137260853888e-04  1.027537024672851e-02  3.266766237536299e-03
  1.679999999999997e+01  2.649576471948163e+05  1.469555879452558e+05  -1.784917081046870e+05  2.638922581164354e+04  -1.630996573884875e+04  -3.363242829385759e+04  2.129290385902589e-04  1.038776379217112e-02  1.510570198382624e-03
  1.689999999999997e+01  2.632106453772326e+05  1.212663437536013e+05  -1.710758993570723e+05  3.099685579073355e+04  -1.466178855835860e+04  -2.803357715917435e+04  6.225343143399888e-04  8.412676285924176e-03  -7.752911490338714e-04
  1.699999999999997e+01  2.632972244168381e+05  9.511706273132566e+04  -1.618585626656233e+05  3.352684927076374e+04  -1.361703062703042e+04  -2.560913135923802e+04  1.748133522086784e-04  5.551023672061113e-03  -3.118618965183900e-03
  1.709999999999997e+01  2.668940664791145e+05  7.842283475447939e+04  -1.543090073995258e+05  3.417161943550620e+04  -1.874890612875408e+04  -2.638274786273837e+04  -8.252758902634475e-04  3.285777917837028e-03  -5.158821977094689e-03
  1.719999999999997e+01  2.730014248264470e+05  7.344036938211531e+04  -1.501928103135093e+05  3.563337348973153e+04  -3.048152014210158e+04  -2.849840388848666e+04  -1.715254942775558e-03  2.368218986338019e-03  -6.551376589488369e-03
  1.729999999999998e+01  2.798933151281967e+05  7.612113968462184e+04  -1.493648176347643e+05  4.034384842983499e+04  -4.308729244727549e+04  -2.910527207099920e+04  -1.977667252164255e-03  2.594741387497437e-03  -6.943141766466363e-03
  1.739999999999998e+01  2.869129713717487e+05  8.009048817027234e+04  -1.517936422115495e+05  4.852205843920299e+04  -4.899292123498414e+04  -2.554561669460723e+04  -1.611596256337533e-03  3.203475568795769e-03  -6.142453716592982e-03
  1.749999999999998e+01  2.930022375895935e+05  7.926745531623793e+04  -1.583250580355314e+05  5.809385356902465e+04  -4.482790586986686e+04  -1.739545440759715e+04  -1.032083475515193e-03  3.414765891689487e-03  -4.372494102499856e-03
  1.759999999999998e+01  2.957027926900265e+05  7.020282915289029e+04  -1.688660006456662e+05  6.599079809108423e+04  -3.401887316120068e+04  -7.644725079302894e+03  -6.621652665127666e-04  2.802339429628116e-03  -2.324532009480590e-03
  1.769999999999998e+01  2.932347741426310e+05  5.319619493708624e+04  -1.810238866476845e+05  6.947356545015753e+04  -2.420527558143790e+04  -9.583234388006723e+02  -6.730791978216748e-04  1.404117299689382e-03  -8.394666871419105e-04
  1.779999999999998e+01  2.869188721377899e+05  3.201139505716214e+04  -1.915360631017931e+05  6.704479677880464e+04  -2.163548014519406e+04  -4.352897801040019e+02  -1.001038275108024e-03  -3.236502065860730e-04  -4.284884143364509e-04
  1.789999999999998e+01  2.812414961340762e+05  1.305133255555879e+04  -1.984738589766214e+05  5.905654266284264e+04  -2.672982198469125e+04  -5.364956428424053e+03  -1.491199210039417e-03  -1.699843434387627e-03  -9.882925274659496e-04
  1.799999999999999e+01  2.805658761770177e+05  3.246688478012239e+03  -2.011399604057629e+05  4.799083314312702e+04  -3.487741191107854e+04  -1.221899637903636e+04  -1.955883716234928e-03  -2.101988185923136e-03  -1.981941313746763e-03
  1.809999999999999e+01  2.857087031991902e+05  6.244207336356289e+03  -1.990890293280001e+05  3.841499050476449e+04  -4.103267658685020e+04  -1.787866403519833e+04  -2.130927505300655e-03  -1.312368238171577e-03  -2.869767167208874e-03
  1.819999999999999e+01  2.938106336083658e+05  1.869985488846119e+04  -1.927159818685973e+05  3.507438945521084e+04  -4.330529169347225e+04  -2.159176654689665e+04  -1.795619322056923e-03  1.973079775009637e-04  -3.344811909995334e-03
  1.829999999999999e+01  3.011072031221202e+05  3.208374127496445e+04  -1.842515922141893e+05  3.949306446692623e+04  -4.313279626245830e+04  -2.429153355520003e+04  -1.018813459768704e-03  1.545286525936946e-03  -3.369956522738668e-03
  1.839999999999999e+01  3.056788654633839e+05  3.963243213374987e+04  -1.771272560583370e+05  4.852722000951701e+04  -4.275766258771790e+04  -2.624533948429998e+04  -2.038239571499551e-04  2.124778794918749e-03  -3.121537443460529e-03
  1.849999999999999e+01  3.074018190338376e+05  4.034605856941562e+04  -1.738339226470042e+05  5.674446051130054e+04  -4.283000991946372e+04  -2.606211455879096e+04  2.473882120430721e-04  1.938396065206744e-03  -2.814454016222747e-03
  1.859999999999999e+01  3.063205484932394e+05  3.742993363291901e+04  -1.743198027081327e+05  6.064857186401127e+04  -4.223667330854907e+04  -2.223361493243695e+04  3.201954294088762e-04  1.404351741583965e-03  -2.475758570987537e-03
  1.870000000000000e+01  3.023582889151638e+05  3.448964898939813e+04  -1.763347112694612e+05  6.061796933886484e+04  -3.980727578041928e+04  -1.510991450499975e+04  3.733841742862135e-04  9.259033185700786e-04  -1.890130867829274e-03
  1.880000000000000e+01  2.959691802636437e+05  3.292719056134906e+04  -1.774412665994800e+05  5.912401087489368e+04  -3.599037353210849e+04  -7.377460211616966e+03  7.559558700575270e-04  6.243468681657576e-04  -8.704605214288853e-04
  1.890000000000000e+01  2.889459999332156e+05  3.245628857767469e+04  -1.768311739073138e+05  5.811185705682921e+04  -3.277131450002741e+04  -2.496758289071710e+03  1.460905973658010e-03  4.294555072719432e-04  4.057582819561185e-04
  1.900000000000000e+01  2.844116241297417e+05  3.203578199535640e+04  -1.755524500610688e+05  5.783229094688105e+04  -3.192708562987420e+04  -2.479024766788349e+03  2.107233370719446e-03  2.150350973086556e-04  1.445708331607663e-03
  1.910000000000000e+01  2.850807963390099e+05  3.003030077361032e+04  -1.749885426928948e+05  5.737931090237571e+04  -3.337411197735053e+04  -6.917843062259736e+03  2.197840208904545e-03  -1.490912446073278e-04  1.855633032594560e-03
  1.920000000000000e+01  2.916426775832903e+05  2.567417324327934e+04  -1.744614001961381e+05  5.618922746655121e+04  -3.524096139218425e+04  -1.352823811466342e+04  1.477977558351409e-03  -7.017704284440543e-04  1.662263745191560e-03
  1.930000000000000e+01  3.016886974676461e+05  2.022027639893743e+04  -1.711056603372762e+05  5.475458312099202e+04  -3.566826138053911e+04  -1.952781407360642e+04  1.526671795001741e-04  -1.335171167020165e-03  1.202730911259757e-03
  1.940000000000001e+01  3.100859734623113e+05  1.679522788577175e+04  -1.628411670397886e+05  5.447062355031175e+04  -3.439172938538389e+04  -2.294402029904937e+04  -1.146940407919832e-03  -1.789183249443051e-03  7.467212564025277e-04
  1.950000000000001e+01  3.116364627985688e+05  1.885360888646955e+04  -1.514030844897493e+05  5.670686608390289e+04  -3.231294678263631e+04  -2.302635554162276e+04  -1.701595376630437e-03  -1.762386307846796e-03  3.522748470325301e-04
  1.960000000000001e+01  3.038441750139577e+05  2.788722434995577e+04  -1.420985434275757e+05  6.142420317411356e+04  -2.992308922037650e+04  -2.012992956707950e+04  -1.212569164361512e-03  -1.083007355002717e-03  3.054386189911921e-05
  1.970000000000001e+01  2.886022854725368e+05  4.279679025152986e+04  -1.397963637472552e+05  6.713966687726330e+04  -2.676971732930636e+04  -1.558435050203284e+04  1.247106549683876e-05  1.998332713540573e-04  -1.293135110363862e-04
  1.980000000000001e+01  2.711664867510353e+05  5.942824452115349e+04  -1.455219847928685e+05  7.186168763556109e+04  -2.244619797512668e+04  -1.114627095044589e+04  1.322247208599614e-03  1.689422511779354e-03  -2.990612049688976e-05
  1.990000000000001e+01  2.572670450967165e+05  7.192823208990213e+04  -1.564705073475368e+05  7.434208918133588e+04  -1.788013990096771e+04  -8.237217892129574e+03  2.184313128508189e-03  2.768457157467744e-03  2.425193757447009e-04
