TITLE = "Temporal Signal for receiver number 00602"
VARIABLES = "Time","xx","yy","zz","xy","yz","xz","u","v","w"
# x1       3.540946160000e+05
# x2       4.720184950000e+06
# x3       -3.000000000000e+03
  0.000000000000000e+00  0.000000000000000e+00  0.000000000000000e+00  0.000000000000000e+00  0.000000000000000e+00  0.000000000000000e+00  0.000000000000000e+00  0.000000000000000e+00  0.000000000000000e+00  0.000000000000000e+00
  1.000000000000000e-01  0.000000000000000e+00  0.000000000000000e+00  0.000000000000000e+00  0.000000000000000e+00  0.000000000000000e+00  0.000000000000000e+00  0.000000000000000e+00  0.000000000000000e+00  0.000000000000000e+00
  2.000000000000000e-01  0.000000000000000e+00  0.000000000000000e+00  0.000000000000000e+00  0.000000000000000e+00  0.000000000000000e+00  0.000000000000000e+00  0.000000000000000e+00  0.000000000000000e+00  0.000000000000000e+00
  3.000000000000000e-01  0.000000000000000e+00  0.000000000000000e+00  0.000000000000000e+00  0.000000000000000e+00  0.000000000000000e+00  0.000000000000000e+00  0.000000000000000e+00  0.000000000000000e+00  0.000000000000000e+00
  4.000000000000000e-01  3.363294079215259e-23  9.942079180278628e-23  3.447142240880276e-23  2.136706673088852e-23  5.583287466444704e-24  2.420184963439341e-24  3.034141212368505e-30  7.984393646804140e-30  6.331689244299622e-31
  5.000000000000000e-01  -7.019995943176502e-18  -3.194570215710516e-17  -9.869422120479665e-18  -4.945007123527225e-18  -1.208909184074965e-18  -1.382166752427445e-18  -8.468209979216256e-25  -2.469837977188370e-24  -1.331377267781240e-25
  6.000000000000000e-01  -3.857161302033712e-15  -1.457524425580698e-14  -3.749193419392978e-15  -5.242625160667532e-15  -1.401180963859932e-15  -8.118119006378609e-16  -7.326688348735055e-22  -1.085922496628099e-21  -3.026907673489661e-22
  7.000000000000000e-01  -9.149594665284077e-14  -7.913610955232795e-13  -1.323048379890387e-13  -7.672211348553290e-14  -7.545595929672389e-14  -4.619751075329020e-15  -1.752720791993090e-20  -5.417121732688472e-20  -1.685460513446079e-20
  7.999999999999999e-01  -8.687904282974099e-12  -3.146562654300453e-11  -7.912772556549154e-12  -4.338434530843237e-12  -1.018315208121806e-12  -3.604500055254364e-13  -5.926157191912631e-19  -2.304978470931304e-18  -3.839489661664978e-19
  8.999999999999999e-01  -8.627557550680823e-11  -1.978630585139608e-10  -7.342107081302704e-11  -2.488095403621053e-11  9.812238430779246e-12  1.191200425323501e-11  -2.560302578030153e-18  -1.710662371148213e-17  1.442732894827414e-18
  9.999999999999999e-01  -4.744305149688973e-10  -7.705994440774412e-10  -4.451051009865985e-10  -2.505568141329982e-10  4.648396652282425e-11  5.079154777724843e-11  -2.939029952971454e-17  -6.863871304221882e-17  1.735801568406611e-17
  1.100000000000000e+00  -1.797003737752730e-09  -2.048515682121243e-09  -1.860417975360982e-09  -1.259242359310171e-10  -1.773393903017696e-10  3.270878286387072e-10  -4.301612970596502e-17  -1.347170651494017e-16  2.736650255406614e-17
  1.200000000000000e+00  -1.647447266822370e-08  -3.571572849059290e-08  -1.669221964371404e-08  2.276593617776772e-09  -1.590938134991680e-09  1.041478636596946e-09  3.332798658833450e-16  -2.979798114362148e-15  1.474486841698379e-16
  1.300000000000000e+00  -3.751673884771341e-08  -3.068848911501311e-08  -3.173669861610600e-08  -1.684726932740209e-08  1.203237427454099e-08  -6.145751073965390e-10  -9.846940474958848e-16  -4.959273550585026e-15  2.432919518674693e-15
  1.400000000000000e+00  2.942659218744986e-08  2.228118337772782e-07  -4.237746416413867e-08  1.174398158642302e-07  1.402775968166198e-08  4.317768083779154e-09  1.706834355786987e-14  1.783412653363075e-14  9.940175655774200e-15
  1.500000000000000e+00  2.392199723106030e-07  -7.386654415194541e-07  -7.135837542791574e-08  5.089760288716696e-07  -2.878767872638074e-07  -2.198501545670338e-07  4.344086625491066e-14  -3.890213517994087e-14  -5.491987284636619e-14
  1.600000000000000e+00  -2.862221709126649e-06  -3.491087615137584e-06  -2.109540770663868e-06  -3.953620106152891e-06  1.717478844223996e-06  1.499773832640272e-07  -4.375184667577962e-13  -5.214389505474764e-13  2.180744118093945e-13
  1.700000000000000e+00  2.574924361484767e-05  4.464678362334601e-05  1.970123115705710e-05  1.597123050081664e-05  -7.106646666537969e-06  -2.683660496929980e-06  2.159034726281321e-12  4.156678587244476e-12  -1.005150924785955e-12
  1.800000000000000e+00  -1.202258052058071e-04  -2.652496308338446e-04  -9.033290077556097e-05  -6.295385660889941e-05  3.206801702064999e-05  2.976262447568439e-06  -8.840569584063701e-12  -1.981006561366090e-11  3.704311221738580e-12
  1.900000000000001e+00  2.061577648450005e-04  6.903672730551132e-04  1.715143167787225e-04  5.891925943195905e-05  -8.122305946622423e-05  6.674932746962404e-05  1.196656051144882e-11  4.283030408978987e-11  -8.499401330458461e-12
  2.000000000000000e+00  2.184600333237493e-04  -2.116680092483221e-04  2.717242881943126e-04  1.216737040553256e-04  2.395167401499437e-04  -3.142733177187478e-04  -2.699366890173953e-12  4.164305389764532e-12  1.901599084878111e-11
  2.100000000000001e+00  -1.244708725824918e-03  -3.321923849699358e-03  -1.725684541204741e-03  -4.173480725378202e-04  -2.197216379178983e-04  7.488698243287097e-04  9.233720406769878e-12  -2.048946867349686e-10  -1.250093550124757e-11
  2.200000000000001e+00  4.167710320401473e-03  2.278094915757099e-02  3.918182593354480e-03  1.264905079786953e-03  -1.483596015538626e-03  -6.944974563583283e-04  -1.024426070044495e-10  1.154438764047739e-09  -3.742549433029255e-11
  2.300000000000001e+00  -5.010637017264332e-03  -5.687181227742687e-02  -5.074806310072065e-03  -3.053158427686654e-03  5.265826701645565e-03  9.414835684527726e-04  2.950717917172196e-11  -2.534705593186168e-09  1.470158144795167e-10
  2.400000000000001e+00  3.761104051451798e-02  2.056583594354579e-01  3.705822883113465e-02  2.483018630751535e-02  -3.511372472124700e-02  -7.301476117861421e-03  2.867033874225572e-09  1.126120759533700e-08  -2.675964787874179e-09
  2.500000000000001e+00  -1.460658653263946e-01  -5.518019581198546e-01  -1.992746128152025e-01  -9.096676664273150e-02  1.259042243272916e-01  4.745017770362257e-02  -1.371642111506747e-08  -3.722090822635157e-08  1.513762547967758e-08
  2.600000000000001e+00  6.158569705651492e-01  1.544089416482286e+00  8.250420166269543e-01  2.974242792688787e-01  -3.888841076642793e-01  -2.047872837049906e-01  4.713938590214540e-08  1.257879778947095e-07  -5.438892482103506e-08
  2.700000000000001e+00  -1.279595927536573e+00  -2.164817941983323e+00  -1.453975900501937e+00  -5.539473051806952e-01  4.307837093496281e-01  3.188005067158549e-01  -7.714213676225591e-08  -2.098273185726374e-07  6.807403107780163e-08
  2.800000000000001e+00  1.204504686585166e+00  2.455228720774948e-01  1.714623178545226e-02  6.146956631845728e-01  7.396884889042679e-01  2.543525081377238e-01  6.923763278157360e-08  8.687408851114303e-08  1.224751150008456e-07
  2.900000000000001e+00  6.359789119336133e+00  1.146072686509489e+01  1.004434374230233e+01  1.853588413144405e+00  -3.715756838651470e+00  -3.085124745431572e+00  3.958263987260348e-07  9.223413645035049e-07  -7.656386683499510e-07
  3.000000000000001e+00  -1.397779762415857e+01  -1.966855294913534e+01  -1.372150051757413e+01  -5.641978253407027e+00  4.955273377856268e+00  2.025067959803719e+00  -1.024616468892807e-06  -1.840556695091485e-06  6.889434869582508e-07
  3.100000000000001e+00  -9.592730983443059e+01  -1.451666744881512e+02  -1.219343042606141e+02  -4.010245263056088e+01  6.013687668942153e+01  3.631880300754569e+01  -6.957511558063300e-06  -1.242273828776164e-05  1.063413045525305e-05
  3.200000000000002e+00  -2.663986787823982e+02  -4.214617606981718e+02  -3.008610932199420e+02  -1.304842334532813e+02  1.430186907883316e+02  8.197443844167142e+01  -2.023637789324773e-05  -3.597627112736047e-05  2.400713081195550e-05
  3.300000000000002e+00  -4.334088357619634e+02  -7.517873916926387e+02  -4.219258506620502e+02  -2.420258760763881e+02  1.959847237928957e+02  9.906729003336997e+01  -3.453809894618417e-05  -6.470172520357605e-05  2.838892779302392e-05
  3.400000000000002e+00  -4.254409892871096e+02  -8.631158524398592e+02  -3.722856156722993e+02  -2.783536145646542e+02  2.236173298672930e+02  9.997628194352275e+01  -3.631159107609329e-05  -7.518440616858771e-05  2.584330972691724e-05
  3.500000000000002e+00  -3.100775858849356e+02  -7.780036101436439e+02  -2.620784062973884e+02  -2.533778690090488e+02  2.773722862165191e+02  1.213477587082781e+02  -2.902127820833954e-05  -6.943399551855424e-05  2.827411387013551e-05
  3.600000000000002e+00  -3.513288115570375e+02  -9.461928792567127e+02  -3.264442315453631e+02  -3.095484872132343e+02  3.773358379698975e+02  1.661483796011022e+02  -3.436513090483737e-05  -8.608870225598735e-05  3.806702410196315e-05
  3.700000000000002e+00  -8.075689197479236e+02  -1.826708570669661e+03  -7.824459041135665e+02  -5.752728878217996e+02  6.277556170936393e+02  2.666391139387105e+02  -7.290433682568932e-05  -1.619163991020451e-04  7.372646109704071e-05
  3.800000000000002e+00  -1.863019558553819e+03  -3.583646229103039e+03  -1.791531525659885e+03  -1.183705932514713e+03  1.164181346338514e+03  5.204617321895204e+02  -1.614688216150825e-04  -3.177288029594383e-04  1.520336251896562e-04
  3.900000000000002e+00  -5.508951534745449e+03  -9.770871689229380e+03  -5.974381970151233e+03  -3.003271518654652e+03  3.333821170952242e+03  1.665684114604507e+03  -4.408089588639101e-04  -8.520790307766811e-04  4.919413548388890e-04
  4.000000000000002e+00  -1.532994639569922e+04  -2.546316589206777e+04  -1.682931399050482e+04  -7.931311693859453e+03  8.749317691938017e+03  4.726979693935430e+03  -1.202314553035857e-03  -2.207062309965013e-03  1.371042828892687e-03
  4.100000000000001e+00  -3.635468805428105e+04  -6.077158209753662e+04  -3.967675249157317e+04  -1.889847449397813e+04  2.008501783235700e+04  1.083674594712847e+04  -2.832444464795678e-03  -5.264816342807838e-03  3.117562162497613e-03
  4.200000000000001e+00  -6.883319541268803e+04  -1.187393908338311e+05  -7.511108719538475e+04  -3.667338179870939e+04  3.910536087626170e+04  2.071793930974543e+04  -5.409958672684902e-03  -1.025889439198787e-02  5.939378417716923e-03
  4.300000000000001e+00  -1.012842138620907e+05  -1.833163706015195e+05  -1.092704978002135e+05  -5.721379660255723e+04  6.237119450390273e+04  3.204091734039864e+04  -8.168880795336619e-03  -1.594010151823094e-02  8.954733786041034e-03
  4.400000000000000e+00  -1.232978929754226e+05  -2.401075623089131e+05  -1.323522203120640e+05  -7.542074600545110e+04  8.731205706054108e+04  4.271025288167190e+04  -1.027755449273422e-02  -2.118262697559373e-02  1.144260122400536e-02
  4.500000000000000e+00  -1.376097778092255e+05  -2.910680492917686e+05  -1.510650107487195e+05  -9.098477528091472e+04  1.165814797617212e+05  5.526204886710057e+04  -1.197668638446529e-02  -2.606789311505349e-02  1.421794902001557e-02
  4.600000000000000e+00  -1.424845136693996e+05  -3.347112357709061e+05  -1.603176862474040e+05  -1.057545229216835e+05  1.468878137027285e+05  6.765749622862795e+04  -1.324063436926625e-02  -3.053276793978683e-02  1.667435308762348e-02
  4.699999999999999e+00  -1.435692741613763e+05  -3.737330288628459e+05  -1.604868706392827e+05  -1.208903164712032e+05  1.745347943351482e+05  7.978024074696779e+04  -1.457175620100444e-02  -3.477176171306133e-02  1.830470917789962e-02
  4.799999999999999e+00  -1.468042005001359e+05  -4.135160848281645e+05  -1.601435143001702e+05  -1.379056603201320e+05  2.013881839983167e+05  9.472479163321984e+04  -1.642645234384404e-02  -3.894396528936984e-02  2.004896892053186e-02
  4.899999999999999e+00  -1.104185444713635e+05  -4.137815026872538e+05  -1.226980558366446e+05  -1.434371978429378e+05  2.162895607333036e+05  9.733893431299611e+04  -1.511756712114255e-02  -3.983123819136462e-02  1.898589620240195e-02
  4.999999999999998e+00  -2.277373611902836e+04  -3.620619541144130e+05  -3.749288592879617e+04  -1.274589810127916e+05  2.146754034372002e+05  8.363359356194566e+04  -9.824672428380471e-03  -3.643900300546508e-02  1.388061567991699e-02
  5.099999999999998e+00  7.124716569729224e+04  -3.061157166610769e+05  3.743673043110659e+04  -1.015084735162341e+05  2.135617460556367e+05  7.150690588145803e+04  -3.565717335040682e-03  -3.207069152268139e-02  9.824057928470928e-03
  5.199999999999998e+00  1.447514373982973e+05  -2.663509190998882e+05  6.726030255460214e+04  -7.505895031580256e+04  2.201875722725775e+05  6.762279658427087e+04  2.109320452016847e-03  -2.816216243575344e-02  9.512015095487849e-03
  5.299999999999997e+00  1.980040298422241e+05  -2.280428608743631e+05  6.888454989494594e+04  -5.042703313775702e+04  2.273262422989861e+05  6.839170917051574e+04  6.162053938851386e-03  -2.405188623149455e-02  1.124068988472196e-02
  5.399999999999997e+00  2.369323472065465e+05  -1.970610635541340e+05  6.987463985672563e+04  -3.351764457163866e+04  2.336577189412153e+05  7.219939084931262e+04  8.206741352383138e-03  -2.035287803160112e-02  1.305756221524584e-02
  5.499999999999996e+00  2.731212114821300e+05  -1.843965362800210e+05  7.443109854721067e+04  -2.118307929493006e+04  2.459293102757495e+05  7.749673221413374e+04  9.985773055830567e-03  -1.810913575781976e-02  1.427042813535358e-02
  5.599999999999996e+00  3.166295522727066e+05  -1.777358916324700e+05  5.025160306243976e+04  4.047509624770199e+03  2.734232356228673e+05  8.332529949792108e+04  1.400238285012079e-02  -1.684693352450682e-02  1.684262509035538e-02
  5.699999999999996e+00  3.660472406962849e+05  -1.490288217284399e+05  -2.925683058401480e+04  5.385651540966600e+04  3.153017533923551e+05  9.166115101055814e+04  2.017657208858155e-02  -1.361315443017051e-02  2.372215938878439e-02
  5.799999999999995e+00  4.098427123445419e+05  -8.248696370582812e+04  -1.225335254920635e+05  1.081764987321240e+05  3.476321065302831e+05  1.091635905372826e+05  2.467501545912023e-02  -6.222477078158356e-03  3.313723841773927e-02
  5.899999999999995e+00  4.085020927309932e+05  -1.712197807535690e+04  -1.332770031707218e+05  1.118417295799494e+05  3.348841203259767e+05  1.429806230300129e+05  1.994785567497869e-02  1.432150158948968e-03  3.662073463785232e-02
  5.999999999999995e+00  2.990419480514046e+05  -8.682656511732323e+03  3.283772887489723e+04  1.187342014708092e+04  2.492981055527077e+05  1.829741850093284e+05  -1.228994321905561e-03  3.256961133946343e-03  2.395049999339546e-02
  6.099999999999994e+00  6.454298832125185e+04  -5.882375160841471e+04  3.920493391134979e+05  -1.898207385768110e+05  9.319461661005524e+04  2.039166954003520e+05  -3.796831448963641e-02  -1.829840318519117e-03  -8.807060143046627e-03
  6.199999999999994e+00  -2.157251636023638e+05  -1.228378167630366e+05  8.256088322465532e+05  -4.184134043609421e+05  -8.263222468489193e+04  1.908329170036947e+05  -7.789427242865371e-02  -8.749867935850421e-03  -5.127140977900812e-02
  6.299999999999994e+00  -4.159915899858071e+05  -1.568303290878007e+05  1.145622777784338e+06  -5.756991612557794e+05  -2.042921801382845e+05  1.529113081918744e+05  -1.028333783247307e-01  -1.148527773441430e-02  -8.046041420560868e-02
  6.399999999999993e+00  -4.552698854797986e+05  -1.460884690412822e+05  1.223538353598172e+06  -6.039186635932650e+05  -2.157983501894607e+05  1.203962229352394e+05  -1.029012192170781e-01  -9.062972519694555e-03  -7.839937884291842e-02
  6.499999999999993e+00  -3.472180745266254e+05  -1.059065586758584e+05  1.063420945727311e+06  -5.090722204407362e+05  -1.154726015324815e+05  1.150514384093678e+05  -8.206763628465782e-02  -3.977384711365961e-03  -4.582204340461709e-02
  6.599999999999993e+00  -1.668053289361618e+05  -5.479685410203743e+04  7.731257316023756e+05  -3.477938879221019e+05  3.832575092636023e+04  1.302852934622685e+05  -5.144077487097615e-02  1.772240655046011e-03  -5.520973297160408e-04
  6.699999999999992e+00  9.906751724336345e+03  -7.574746269833446e+03  4.670719779807311e+05  -1.870409323554528e+05  1.746940253612521e+05  1.480535605693967e+05  -2.299188241300052e-02  7.229937037628227e-03  3.429795886368553e-02
  6.799999999999992e+00  1.324494807480418e+05  2.089546866631312e+04  2.115426753348068e+05  -7.126399604996321e+04  2.422432649935768e+05  1.504860268725692e+05  -3.623313787527279e-03  1.219807659836879e-02  4.490655587709227e-02
  6.899999999999991e+00  1.896967269720294e+05  2.781431670057745e+04  3.110098974242011e+04  -1.209273875753920e+04  2.224417532732031e+05  1.271984593099401e+05  5.557484354021106e-03  1.594142006390629e-02  3.142057449942275e-02
  6.999999999999991e+00  1.959495744001339e+05  1.132942234217816e+04  -7.024984716509991e+04  2.112725637630431e+03  1.403476517637968e+05  8.410989263747852e+04  6.239661228288461e-03  1.626565368884609e-02  5.045335712456325e-03
  7.099999999999991e+00  1.688802149035481e+05  -3.422137734690647e+04  -9.697629870713137e+04  -1.589448238647593e+04  4.183339960236014e+04  3.843068914230909e+04  1.774796795157390e-03  1.105362060442862e-02  -1.975598959421298e-02
  7.199999999999990e+00  1.276149078462738e+05  -1.005967758152427e+05  -6.511066265029169e+04  -5.665095991205803e+04  -3.572632310334878e+04  8.034852191514259e+03  -4.281168649647078e-03  1.583559523395236e-03  -3.450848470925184e-02
  7.299999999999990e+00  8.025693957530230e+04  -1.769989352181987e+05  -1.175697927767680e+04  -1.109713321715951e+05  -7.877540477212463e+04  -2.348989566699192e+03  -9.695849241785456e-03  -7.970127724570284e-03  -3.845303852145790e-02
  7.399999999999990e+00  1.362789919921177e+04  -2.704109583455094e+05  5.571433675446086e+03  -1.737023284158019e+05  -1.015814337380796e+05  -7.171944891929457e+03  -1.506221588469993e-02  -1.596345260460862e-02  -3.639685644519298e-02
  7.499999999999989e+00  -8.533254794732117e+04  -3.949498928525383e+05  -5.476583974545491e+04  -2.389837324791908e+05  -1.309374663832760e+05  -2.621399840057865e+04  -2.217461508010859e-02  -2.468508145018023e-02  -3.470451620217876e-02
  7.599999999999989e+00  -1.871852170491950e+05  -5.258616052705469e+05  -1.778921761948338e+05  -2.877792171810166e+05  -1.824586387198929e+05  -6.271783436150569e+04  -2.940642266583452e-02  -3.426544195300172e-02  -3.702466625478273e-02
  7.699999999999989e+00  -2.119366491080826e+05  -5.864368782002266e+05  -3.018027237069702e+05  -2.875162576318401e+05  -2.429649039859766e+05  -9.771946875068557e+04  -3.059722634174460e-02  -3.961563715562005e-02  -4.332208322547503e-02
  7.799999999999988e+00  -8.559295737300135e+04  -5.039646460846759e+05  -3.627728800032791e+05  -2.132952391952629e+05  -2.831512826305910e+05  -1.077938012428272e+05  -1.940586010039116e-02  -3.403563542098138e-02  -5.071957290685742e-02
  7.899999999999988e+00  1.865159084477416e+05  -2.770759653045088e+05  -3.367567511439102e+05  -7.460652133763516e+04  -2.844477089101752e+05  -8.440104610308504e+04  4.258632385249003e-03  -1.547630953200303e-02  -5.484666673318254e-02
  7.999999999999988e+00  4.969694985048632e+05  1.800980308793081e+03  -2.497878804682602e+05  7.966900699725184e+04  -2.470822951481259e+05  -4.326623013714988e+04  3.207738909779304e-02  9.116299811014200e-03  -5.145482463096777e-02
  8.099999999999987e+00  7.057478852083015e+05  2.020578355551192e+05  -1.372101667101577e+05  1.869544871161496e+05  -1.886563979303780e+05  -1.528542950737219e+04  5.216262860187362e-02  2.813333062592303e-02  -3.854291639846464e-02
  8.199999999999987e+00  7.404435118168200e+05  2.776429328412422e+05  -1.181418837813528e+04  2.122391527754975e+05  -1.342331003140064e+05  -2.621417538669499e+04  5.647756015755942e-02  3.636388378075848e-02  -1.876302515510471e-02
  8.299999999999986e+00  6.143382198127231e+05  2.682576678373227e+05  1.029243988220959e+05  1.659820265883451e+05  -9.678435256793073e+04  -8.278349838272933e+04  4.429629843925813e-02  3.603723654842821e-02  1.800838079079300e-03
  8.399999999999986e+00  4.063405118217709e+05  2.498329847833603e+05  1.684655019915272e+05  9.274747393576699e+04  -8.431106539381477e+04  -1.718441138568587e+05  2.211477379027676e-02  3.430219589067275e-02  1.536022844563917e-02
  8.499999999999986e+00  2.105347060200966e+05  2.810331453149588e+05  1.479122436686401e+05  4.653578183276799e+04  -9.913038207523793e+04  -2.723986571356524e+05  -1.658605581650922e-05  3.779066466004510e-02  1.489752750189076e-02
  8.599999999999985e+00  8.292725498720698e+04  3.613170957384230e+05  2.921481566194179e+04  5.875366146452822e+04  -1.311303725766049e+05  -3.631194339697738e+05  -1.418330290643980e-02  4.755125704522906e-02  -1.019912151800043e-03
  8.699999999999985e+00  3.301245077041801e+04  4.462291883702918e+05  -1.570273811519564e+05  1.240250643079790e+05  -1.650041907966384e+05  -4.249600965968106e+05  -1.757475110827907e-02  5.942397031927771e-02  -2.701869309985459e-02
  8.799999999999985e+00  4.530516805544252e+04  4.963525337947986e+05  -3.467256720357030e+05  2.132137749559394e+05  -1.859263748535530e+05  -4.434756231620889e+05  -1.161409552516235e-02  6.827484001086838e-02  -5.315797680292872e-02
  8.899999999999984e+00  9.981855737461901e+04  5.072065019776436e+05  -4.750316031759687e+05  2.951169189393899e+05  -1.819618958293624e+05  -4.099351515057876e+05  5.549832164730007e-04  7.209446854618308e-02  -6.844269510376771e-02
  8.999999999999984e+00  1.694802741610825e+05  4.805054813059122e+05  -5.144220184100843e+05  3.523745864036390e+05  -1.477120497274522e+05  -3.291346575251550e+05  1.501058619367210e-02  7.031999069642909e-02  -6.793718745525400e-02
  9.099999999999984e+00  2.224050192042619e+05  4.118609147694844e+05  -4.731608194226036e+05  3.807673241822153e+05  -9.156455023143755e+04  -2.238085205570411e+05  2.761538208332193e-02  6.264846423189303e-02  -5.621884416337000e-02
  9.199999999999983e+00  2.317590563501029e+05  3.097522185453159e+05  -3.853334933193236e+05  3.829734354340307e+05  -3.211096869414952e+04  -1.237432582126434e+05  3.552960372229972e-02  5.063264753146162e-02  -4.191428120801444e-02
  9.299999999999983e+00  1.855470504992857e+05  2.029866978904763e+05  -3.012113943096137e+05  3.663300305567634e+05  2.510363312058869e+04  -4.583366771406263e+04  3.805528755461058e-02  3.824314434868733e-02  -2.857622177764896e-02
  9.399999999999983e+00  9.418523412906416e+04  1.256146674608169e+05  -2.565478968588084e+05  3.343967180383629e+05  8.927400431094329e+04  1.447841016712690e+04  3.517266744505379e-02  2.966117623353057e-02  -1.284310730620747e-02
  9.499999999999982e+00  -1.989714937425328e+04  9.048565891217752e+04  -2.507226915455265e+05  2.791420107299152e+05  1.621834327054797e+05  6.905136412569514e+04  2.593825109703565e-02  2.601011500785144e-02  7.396978252921239e-03
  9.599999999999982e+00  -1.320906827978256e+05  7.893065527829078e+04  -2.447573539578023e+05  1.887894868367340e+05  2.321297732502370e+05  1.194783294385209e+05  1.013572601257245e-02  2.485541060621457e-02  2.733215281479504e-02
  9.699999999999982e+00  -2.212445159039278e+05  5.433566007305567e+04  -1.978156196224138e+05  6.482720466023625e+04  2.859528055799657e+05  1.558718759359088e+05  -9.534128780428603e-03  2.216810705489151e-02  3.935095888655055e-02
  9.799999999999981e+00  -2.715572324277097e+05  -1.631833286230014e+04  -1.064718087497813e+05  -6.435766946690764e+04  3.186094570001949e+05  1.687347759950827e+05  -2.713976339869614e-02  1.513645450425389e-02  4.040007012552719e-02
  9.899999999999981e+00  -2.747796274670538e+05  -1.349787700835236e+05  3.038264490682197e+03  -1.526001396678022e+05  3.353406459957458e+05  1.614653953812596e+05  -3.661166968980568e-02  4.264892129509905e-03  3.409612912455010e-02
  9.999999999999980e+00  -2.388554030287719e+05  -2.646595401783768e+05  9.462260712683167e+04  -1.684365263605960e+05  3.491640757359651e+05  1.473846872318709e+05  -3.596122443879372e-02  -7.093170809464769e-03  2.700771146952866e-02
  1.009999999999998e+01  -1.854797815512178e+05  -3.574524859695648e+05  1.406873220238622e+05  -1.220089834429536e+05  3.667313408235767e+05  1.371622078895602e+05  -2.866010431627376e-02  -1.517914157514747e-02  2.287057600135190e-02
  1.019999999999998e+01  -1.369612230552731e+05  -3.797217501874888e+05  1.311737145532985e+05  -6.205932626636582e+04  3.759390146014055e+05  1.328024781202416e+05  -2.145690092841658e-02  -1.791728622542267e-02  2.017323726061463e-02
  1.029999999999998e+01  -1.006141588705766e+05  -3.303993948917129e+05  7.412355503821291e+04  -3.592277499766641e+04  3.555814107435106e+05  1.309874385424748e+05  -1.870966386011308e-02  -1.593978350529474e-02  1.560718296005366e-02
  1.039999999999998e+01  -7.064735869540815e+04  -2.521094734660310e+05  -1.483256997475646e+03  -5.048759795930157e+04  2.998249161777088e+05  1.330304438100244e+05  -1.902006332340257e-02  -1.298499499903921e-02  8.802906209591161e-03
  1.049999999999998e+01  -3.976230452283577e+04  -2.012150415025514e+05  -5.890322984334782e+04  -7.580582073106930e+04  2.282912659256457e+05  1.440013124889714e+05  -1.772704165682208e-02  -1.307481671785396e-02  3.188647062602583e-03
  1.059999999999998e+01  -3.902594575966384e+03  -2.066844222707869e+05  -7.284363037870123e+04  -8.032875880803392e+04  1.712194456993195e+05  1.630111257526519e+05  -1.174901993981505e-02  -1.707340369252677e-02  2.785020777580015e-03
  1.069999999999998e+01  3.175669878885301e+04  -2.602597924819081e+05  -4.128537588748955e+04  -6.091304893723537e+04  1.483411790929212e+05  1.809151371948168e+05  -2.769708087059047e-03  -2.286795973839975e-02  8.685533350149110e-03
  1.079999999999998e+01  5.605312426907181e+04  -3.313397217468578e+05  1.518279321370448e+04  -4.272406783970389e+04  1.595310292825664e+05  1.858060650091494e+05  4.220930834091192e-03  -2.773216888990289e-02  1.838645095202802e-02
  1.089999999999998e+01  6.517637041287722e+04  -3.927785721871332e+05  7.105195902825428e+04  -5.035446614977966e+04  1.921739779646861e+05  1.730288829250291e+05  6.088662106983907e-03  -3.076146192783667e-02  2.852440358335565e-02
  1.099999999999998e+01  6.662651425395830e+04  -4.351793044453055e+05  1.094596817167344e+05  -8.038591564484523e+04  2.336591571978035e+05  1.501361454348740e+05  4.577607690807365e-03  -3.295727038800305e-02  3.791117557588474e-02
  1.109999999999998e+01  7.454733652294858e+04  -4.552701304294755e+05  1.275583914024533e+05  -1.071501586356487e+05  2.747185560633782e+05  1.317368153698170e+05  3.642139613910775e-03  -3.467578128461143e-02  4.713518997789019e-02
  1.119999999999998e+01  9.876461748251955e+04  -4.475123877059811e+05  1.328974775556239e+05  -1.112549355681563e+05  3.055394741164895e+05  1.289600939759592e+05  4.958354010637746e-03  -3.474418233431893e-02  5.572567707090637e-02
  1.129999999999998e+01  1.330937574111764e+05  -4.166982057215418e+05  1.306983553979249e+05  -9.576063950232473e+04  3.172537040396833e+05  1.402857278937821e+05  6.835749860621787e-03  -3.274681594781473e-02  6.119692520572449e-02
  1.139999999999998e+01  1.629743624994621e+05  -3.748297347025693e+05  1.230861515124576e+05  -8.081336010018176e+04  3.054227198623142e+05  1.525475492187971e+05  6.496126995856382e-03  -2.962961342619644e-02  6.088435706626043e-02
  1.149999999999998e+01  1.842905764027468e+05  -3.179665572012643e+05  1.176177641053820e+05  -8.613852097057119e+04  2.706195007156103e+05  1.535495516537737e+05  2.643045760306574e-03  -2.560508046190065e-02  5.394998632013431e-02
  1.159999999999997e+01  2.024746213550720e+05  -2.344337430777059e+05  1.228296692573865e+05  -1.143427484508427e+05  2.206532774402502e+05  1.412518164485572e+05  -3.387741460285267e-03  -2.006564936037473e-02  4.245714720310928e-02
  1.169999999999997e+01  2.183871600639122e+05  -1.348448602227673e+05  1.380836020618722e+05  -1.495755303131792e+05  1.687049080725917e+05  1.221737312068176e+05  -8.373586166468874e-03  -1.355895946601205e-02  3.019198252862961e-02
  1.179999999999997e+01  2.285397190058016e+05  -4.844777873777763e+04  1.544265646407847e+05  -1.694710119614920e+05  1.271972276212420e+05  1.058100037417608e+05  -9.261995679833853e-03  -7.929241916230900e-03  2.049244650232834e-02
  1.189999999999997e+01  2.332835371567921e+05  7.975672020894805e+03  1.654222876643389e+05  -1.612469812206439e+05  1.016739058555733e+05  9.894191805071924e+04  -5.189718980244752e-03  -4.202013349307588e-03  1.498270739422095e-02
  1.199999999999997e+01  2.384276210862240e+05  4.381736505931724e+04  1.715976475890652e+05  -1.300448736989632e+05  8.794312992069879e+04  1.031006557362211e+05  1.800479149359691e-03  -1.630725682930559e-03  1.278513352552593e-02
  1.209999999999997e+01  2.491542108161398e+05  7.854102043260411e+04  1.732691988116291e+05  -9.190773996905402e+04  7.657513800553416e+04  1.137612197400856e+05  8.305695169193267e-03  1.140333344789817e-03  1.155213593745232e-02
  1.219999999999997e+01  2.629052136111371e+05  1.222571040447583e+05  1.689269315100833e+05  -6.206930562869310e+04  5.951639788348028e+04  1.217616036856284e+05  1.172081820896617e-02  4.874461893640323e-03  9.047373160041004e-03
  1.229999999999997e+01  2.713422810549480e+05  1.711366147556485e+05  1.570427219251510e+05  -4.821081761840010e+04  3.469356807959183e+04  1.195251875592498e+05  1.137869784372444e-02  9.302904650368529e-03  4.266256930215100e-03
  1.239999999999997e+01  2.676211614338178e+05  2.135415272720939e+05  1.386721937458602e+05  -4.871270760987172e+04  6.707495082412423e+03  1.056511822581079e+05  8.630665099171061e-03  1.340627487395493e-02  -2.053422161906122e-03
  1.249999999999997e+01  2.509270275476695e+05  2.405001297244783e+05  1.190547074712692e+05  -5.476084549814282e+04  -1.767146809223953e+04  8.355167686628186e+04  5.845223682585938e-03  1.616050663628993e-02  -8.416978820351913e-03
  1.259999999999997e+01  2.270307509771186e+05  2.494861896839088e+05  1.032606413856407e+05  -5.625176951496883e+04  -3.209117234070488e+04  5.816314583183549e+04  4.882518795067270e-03  1.699490963659920e-02  -1.315672548864507e-02
  1.269999999999997e+01  2.022961647732423e+05  2.393704439950898e+05  9.237101717025458e+04  -4.948273993961325e+04  -3.140672952383707e+04  3.323318362306488e+04  5.880735109457190e-03  1.580316687547922e-02  -1.485617444158868e-02
  1.279999999999997e+01  1.807306658678417e+05  2.115640416087015e+05  8.542794204492771e+04  -3.865795517743084e+04  -1.526829788472225e+04  1.017063154911729e+04  7.510472817689282e-03  1.318012518622592e-02  -1.332832118701264e-02
  1.289999999999997e+01  1.669497296389618e+05  1.758231354266901e+05  8.367413092027763e+04  -2.964391400840687e+04  1.062463386528688e+04  -1.168576509030430e+04  8.536687378658852e-03  1.046760047408207e-02  -9.732996738701045e-03
  1.299999999999997e+01  1.644589104560507e+05  1.440928799949219e+05  8.827975189801885e+04  -2.458673423577963e+04  3.629687734213130e+04  -3.319018231855975e+04  8.680228986052557e-03  8.724849464108004e-03  -6.028966006768981e-03
  1.309999999999997e+01  1.719138403928771e+05  1.184874052324257e+05  9.482002689479403e+04  -2.221073982487663e+04  5.159433316128167e+04  -5.284038641425525e+04  8.045467276866697e-03  7.707115433100192e-03  -3.879674646448705e-03
  1.319999999999997e+01  1.840121368873134e+05  9.406713754445946e+04  9.699770695522106e+04  -2.114993181606061e+04  5.047145453638928e+04  -6.754700452019883e+04  6.497015208953853e-03  6.524386910205802e-03  -3.881708398347151e-03
  1.329999999999997e+01  1.960795073673624e+05  7.027824976393423e+04  9.425519452056153e+04  -2.047200122472526e+04  3.228798133293505e+04  -7.472311677449902e+04  3.830582724164644e-03  4.910617164115264e-03  -5.766787734751839e-03
  1.339999999999997e+01  2.039661735443061e+05  4.920750701295937e+04  8.843802780825451e+04  -1.842012510279189e+04  2.810702071698609e+03  -7.389869800524072e+04  5.066053555511300e-04  3.138128791528349e-03  -8.675097975320819e-03
  1.349999999999997e+01  2.014454777471657e+05  2.737946519606988e+04  7.670154896473563e+04  -1.367192158854939e+04  -2.771983023907830e+04  -6.723576997330124e+04  -2.381266918127446e-03  1.226891215139738e-03  -1.168560064248497e-02
  1.359999999999997e+01  1.858671031636560e+05  3.002706420899194e+03  5.508671683077005e+04  -7.188609335752911e+03  -5.051806508304251e+04  -5.791288229230569e+04  -3.983150255347234e-03  -5.503227004259925e-04  -1.433638825072923e-02
  1.369999999999997e+01  1.635933687614031e+05  -1.302175826040969e+04  2.834770139192180e+04  -1.531540839446350e+03  -6.308152557609233e+04  -4.918623819330169e+04  -4.144593732076688e-03  -1.032690399796473e-03  -1.687897296160279e-02
  1.379999999999997e+01  1.445249512629738e+05  -1.062416372007947e+04  6.052997309643734e+03  1.953809353386779e+03  -6.720230400026964e+04  -4.267376176209838e+04  -3.304639232787404e-03  4.804681369507823e-04  -1.963218019665923e-02
  1.389999999999997e+01  1.322556670016116e+05  1.992602448897198e+03  -9.577156279672712e+03  3.417005986918979e+03  -6.296634411537381e+04  -3.787629188699612e+04  -2.212880515039935e-03  2.960003057200416e-03  -2.203593545344945e-02
  1.399999999999997e+01  1.234171361022790e+05  7.400376264296234e+03  -2.280594158746678e+04  2.963769763565248e+03  -4.818507897781621e+04  -3.351013397006959e+04  -1.510012935752496e-03  4.543437388609370e-03  -2.299968142086498e-02
  1.409999999999997e+01  1.148949917584938e+05  -3.754917425929498e+03  -3.493880559147801e+04  1.576601366996106e+03  -2.357205092190463e+04  -2.833305711599616e+04  -1.254075503955494e-03  4.235781930965223e-03  -2.189417308432043e-02
  1.419999999999997e+01  1.058864851109287e+05  -2.992519371342511e+04  -4.309021544533374e+04  1.715806207295909e+03  4.477815251192553e+03  -2.209625130191037e+04  -8.676144743754947e-04  2.138931640062693e-03  -1.907945830816551e-02
  1.429999999999997e+01  9.800111845808895e+04  -6.420640649932031e+04  -4.724964964379645e+04  6.417028487427858e+03  2.824173202936989e+04  -1.515708926873845e+04  3.954957006544303e-04  -1.027888020314571e-03  -1.542595043979162e-02
  1.439999999999996e+01  9.498624042170383e+04  -9.667611183537543e+04  -5.228719615526355e+04  1.671129093384253e+04  4.485714743294987e+04  -7.730278786353630e+03  2.576983724078314e-03  -4.018679355226967e-03  -1.136435347693675e-02
  1.449999999999996e+01  1.003451333306239e+05  -1.175511975401388e+05  -6.216748551476568e+04  2.973041425607563e+04  5.851767690720322e+04  1.326638194551159e+03  4.840635832055224e-03  -5.805093939910674e-03  -6.694978690921555e-03
  1.459999999999996e+01  1.135402294358338e+05  -1.259251842212919e+05  -7.367902086926113e+04  4.026723688572312e+04  7.563539141817704e+04  1.396094411436947e+04  6.131520377376772e-03  -6.409878609453682e-03  -1.241132420953973e-03
  1.469999999999996e+01  1.285048663302491e+05  -1.311590616408481e+05  -7.774680375169117e+04  4.354234643241077e+04  9.805772359885951e+04  3.109042465236766e+04  5.813024066776841e-03  -6.909815048869641e-03  4.454644416848420e-03
  1.479999999999996e+01  1.380380644566157e+05  -1.445064649400371e+05  -6.704667141247877e+04  3.798495958315439e+04  1.210053199645995e+05  5.139349761746064e+04  4.180689721908706e-03  -8.414608948051462e-03  9.198950168067096e-03
  1.489999999999996e+01  1.385547881872520e+05  -1.702445595549097e+05  -4.185960409199233e+04  2.541709809713089e+04  1.376248995693208e+05  7.116391204776440e+04  2.200173209720464e-03  -1.094092350164317e-02  1.212318895331062e-02
  1.499999999999996e+01  1.323168279796231e+05  -2.017669470758533e+05  -9.958317236883433e+03  9.370032112990582e+03  1.459801718808167e+05  8.540085834619010e+04  8.522256798374621e-04  -1.342030927588810e-02  1.345874449777996e-02
  1.509999999999996e+01  1.250889350481672e+05  -2.276021752867322e+05  1.892121094239194e+04  -5.837511415842026e+03  1.503459022477549e+05  8.998108066455924e+04  8.380976069066587e-04  -1.455609223909467e-02  1.435410525014628e-02
  1.519999999999996e+01  1.219601482647248e+05  -2.381760932656600e+05  3.819532987989379e+04  -1.642241511675834e+04  1.565719639412216e+05  8.376976947581991e+04  2.282262182482163e-03  -1.372738063314985e-02  1.571474105380131e-02
  1.529999999999996e+01  1.250605968184361e+05  -2.292287071097358e+05  4.748913768051223e+04  -2.118598388569335e+04  1.652152451133749e+05  6.955872839309719e+04  4.632916949255323e-03  -1.125509709820555e-02  1.726556760061096e-02
  1.539999999999996e+01  1.324425745199127e+05  -2.051971567424636e+05  5.124060232130052e+04  -2.239394912698964e+04  1.694402274825780e+05  5.330259602615621e+04  6.830949949250595e-03  -8.320728782308785e-03  1.770097438852267e-02
  1.549999999999996e+01  1.389325704869120e+05  -1.781002562550404e+05  5.252693841738685e+04  -2.376737811314851e+04  1.611380501837110e+05  4.058793085922804e+04  7.808444226232922e-03  -6.417709878549036e-03  1.584701888989706e-02
  1.559999999999996e+01  1.397418003026605e+05  -1.593607070339744e+05  5.170840642234579e+04  -2.681513587301257e+04  1.397428401968915e+05  3.448387061981095e+04  7.189783857895874e-03  -6.285239765580489e-03  1.211643739364755e-02
  1.569999999999996e+01  1.340183554885490e+05  -1.525909379655248e+05  4.876711074362127e+04  -2.987816625632545e+04  1.128993371182793e+05  3.467223292986934e+04  5.413563900759998e-03  -7.447482952379493e-03  8.245659934337620e-03
  1.579999999999996e+01  1.253417624379702e+05  -1.551354471837248e+05  4.545349303643259e+04  -3.028969518645212e+04  8.878371178167567e+04  3.847329969380971e+04  3.347601827862641e-03  -8.829020299377276e-03  5.760138297108554e-03
  1.589999999999996e+01  1.195987591096358e+05  -1.627995742982728e+05  4.671277217352999e+04  -2.663788522370149e+04  6.951584691661337e+04  4.333002196534052e+04  1.713183068990487e-03  -9.682385735534904e-03  4.789255664411990e-03
  1.599999999999996e+01  1.215794689060311e+05  -1.720873851272030e+05  5.664369739214778e+04  -1.929937601348294e+04  5.118927458850757e+04  4.774658833211203e+04  9.096628476236283e-04  -9.877407480154461e-03  4.078702490175596e-03
  1.609999999999996e+01  1.308110066612367e+05  -1.801059370168383e+05  7.345081301067886e+04  -8.890876653269061e+03  3.076571640289393e+04  5.095097637615218e+04  1.148576589098953e-03  -9.688272288796982e-03  2.415744728597978e-03
  1.619999999999996e+01  1.408700522505472e+05  -1.826719451352767e+05  8.834706291944130e+04  4.681292122169845e+03  1.370783595389242e+04  5.158493141110308e+04  2.562947314875644e-03  -9.272490391814778e-03  2.049946715050211e-04
  1.629999999999996e+01  1.440840498378152e+05  -1.725400184141530e+05  9.055017683674840e+04  2.122884301041992e+04  1.252581897887588e+04  4.789854717834434e+04  5.132016202117846e-03  -8.186891849730413e-03  -5.445425040260595e-04
  1.639999999999996e+01  1.371133329487150e+05  -1.426325734311378e+05  7.584391526156706e+04  3.814782499818903e+04  3.564556016899591e+04  3.909170418161603e+04  8.286302333484048e-03  -5.832973524230244e-03  1.891211061487763e-03
  1.649999999999996e+01  1.232488909295327e+05  -9.396833766977018e+04  5.001463266003675e+04  5.074704540520153e+04  7.877398889680459e+04  2.673856989689381e+04  1.114142337754264e-02  -2.177959654899222e-03  7.294683107414425e-03
  1.659999999999997e+01  1.088201188970115e+05  -3.998935140971145e+04  2.537974390756438e+04  5.411135233485659e+04  1.243020168818738e+05  1.533228390473875e+04  1.273440083024281e-02  1.795464289789777e-03  1.321068724397931e-02
  1.669999999999997e+01  9.818207128141262e+04  8.168213784410799e+02  1.214180413908079e+04  4.492473885782414e+04  1.518808848553874e+05  9.335136065858398e+03  1.226991461279367e-02  4.534180874715897e-03  1.654257749622464e-02
  1.679999999999997e+01  9.221218434530881e+04  1.742515582935360e+04  1.308785431930926e+04  2.438866937350540e+04  1.520509148700424e+05  1.056410009465671e+04  9.705740660189529e-03  5.194167133664166e-03  1.581305863307848e-02
  1.689999999999997e+01  8.949172552022294e+04  1.116834114365494e+04  2.368267179812180e+04  -1.637078345041358e+03  1.291944813362990e+05  1.739400293527379e+04  5.696998107687919e-03  4.018175555518485e-03  1.151402690515582e-02
  1.699999999999997e+01  8.872829977860668e+04  -5.893047564201702e+03  3.496349592040924e+04  -2.461601692036100e+04  9.684222585033638e+04  2.509387843239589e+04  1.454203990367219e-03  2.178257631813351e-03  5.465890226098053e-03
  1.709999999999997e+01  9.009441680397303e+04  -1.809431426252964e+04  3.979671847812417e+04  -3.738650082770346e+04  6.852637108655761e+04  2.928104957705165e+04  -1.851437803085618e-03  1.131320618790914e-03  -2.907072319927938e-04
  1.719999999999997e+01  9.406537767066290e+04  -1.616651726145574e+04  3.656024456463176e+04  -3.868294284700409e+04  5.051974579897570e+04  2.797284221242549e+04  -3.865232949964773e-03  1.581964126649584e-03  -4.500661500068341e-03
  1.729999999999998e+01  9.949868997472030e+04  -1.928801717842134e+03  2.802782290217858e+04  -3.289807092750836e+04  4.259763182383816e+04  2.174664145069869e+04  -4.879229258733703e-03  3.188570657892873e-03  -6.532906669601721e-03
  1.739999999999998e+01  1.040453354534203e+05  1.457317466279444e+04  1.932386392162022e+04  -2.677072336539676e+04  4.167552275732960e+04  1.370992896364376e+04  -5.477696703173688e-03  4.942998997584974e-03  -6.390560135266950e-03
  1.749999999999998e+01  1.053502240417393e+05  2.447673507361518e+04  1.409879857210384e+04  -2.487048933176116e+04  4.519814682088077e+04  7.174949322878369e+03  -5.963777226258244e-03  6.056538980050907e-03  -4.552913886037017e-03
  1.759999999999998e+01  1.021857145674240e+05  2.630221348620605e+04  1.282253520222741e+04  -2.683103334999811e+04  5.177989443515433e+04  4.486372980989489e+03  -6.103016057227021e-03  6.459243324276652e-03  -1.863816998223690e-03
  1.769999999999998e+01  9.457415673797399e+04  2.401478543373082e+04  1.427436831793378e+04  -2.875972023476158e+04  6.023519474279640e+04  6.453339123734650e+03  -5.485784717849369e-03  6.513661411299985e-03  5.830326961791285e-04
  1.779999999999998e+01  8.326446665498124e+04  2.150158875030402e+04  1.654649837936544e+04  -2.713355395921066e+04  6.925451652386201e+04  1.197302414291680e+04  -3.932724529848723e-03  6.524414654025721e-03  2.029422374572417e-03
  1.789999999999998e+01  7.002916528712725e+04  1.990328459134175e+04  1.829082399868665e+04  -2.131211319449986e+04  7.783238006555587e+04  1.875582355378381e+04  -1.661466574802141e-03  6.526381496775051e-03  2.262844155475279e-03
  1.799999999999999e+01  5.807082447388152e+04  1.933726259705102e+04  2.035529193082419e+04  -1.383581247988956e+04  8.528570789929129e+04  2.434163715390565e+04  7.709425667639022e-04  6.460035011454858e-03  1.586057001370677e-03
  1.809999999999999e+01  5.104835031938125e+04  1.944994126027796e+04  2.453373755429802e+04  -8.603636663972031e+03  9.051843794997646e+04  2.697601615567894e+04  2.704031027059863e-03  6.279074062936887e-03  4.603521702098567e-04
  1.819999999999999e+01  5.069834186804869e+04  1.833691161630303e+04  3.178609640652359e+04  -8.727897598113481e+03  9.201537393193602e+04  2.628699979685350e+04  3.555605875902893e-03  5.815182971889768e-03  -8.562829213755647e-04
  1.829999999999999e+01  5.638578925576004e+04  1.254747345177696e+04  4.200139280116346e+04  -1.569808403010070e+04  8.880791447909277e+04  2.316642028056131e+04  2.913832069303620e-03  4.834326429878127e-03  -2.236608183509930e-03
  1.839999999999999e+01  6.602923877671853e+04  4.706410658610907e+02  5.381255999823171e+04  -2.849417852823905e+04  8.169444162118362e+04  1.913970388831927e+04  8.526805959527384e-04  3.348651790848411e-03  -3.548215679519787e-03
  1.849999999999999e+01  7.726134696048564e+04  -1.459799037304632e+04  6.611644338298769e+04  -4.411623264550555e+04  7.279272406595954e+04  1.582087589311131e+04  -2.047909809135299e-03  1.804463668563219e-03  -4.577150773782962e-03
  1.859999999999999e+01  8.765161931455025e+04  -2.643128361510921e+04  7.777196075026842e+04  -5.851600281847239e+04  6.429320267333227e+04  1.456716990051797e+04  -4.890102557333491e-03  8.031383531414320e-04  -5.145296463084969e-03
  1.870000000000000e+01  9.431212279479054e+04  -3.124424660403396e+04  8.615279328954349e+04  -6.794621735572327e+04  5.759433403541007e+04  1.591442425843533e+04  -6.733895256685355e-03  6.103768663096955e-04  -5.275066830859387e-03
  1.880000000000000e+01  9.488966723314855e+04  -3.130971299716050e+04  8.846342315774901e+04  -7.060101841829656e+04  5.317440519965730e+04  1.937591701762936e+04  -7.085585867924160e-03  9.358340315171803e-04  -5.217613547947716e-03
  1.890000000000000e+01  8.928643705177156e+04  -3.250075853511762e+04  8.306978004019932e+04  -6.662597441139174e+04  5.139764417600240e+04  2.384085841910896e+04  -5.978342191879532e-03  1.221491341075367e-03  -5.256517838962615e-03
  1.900000000000000e+01  8.046587485110527e+04  -3.953725364006039e+04  7.137050498767766e+04  -5.824568447552169e+04  5.243984545819137e+04  2.790651823707555e+04  -3.913593258662418e-03  1.087318201991577e-03  -5.503043464229737e-03
  1.910000000000000e+01  7.326296611675988e+04  -5.281094754403439e+04  5.778126797890328e+04  -4.863405064717806e+04  5.588447475156753e+04  3.086483479582014e+04  -1.646910866395727e-03  4.622448370600130e-04  -5.847955541737493e-03
  1.920000000000000e+01  7.235172656087342e+04  -6.859156060743913e+04  4.690495315738041e+04  -4.038440429993852e+04  6.073538910644829e+04  3.285890007724892e+04  2.552126061690189e-04  -4.150194481646266e-04  -6.028378480573205e-03
  1.930000000000000e+01  7.993538080644960e+04  -8.199661320927028e+04  4.164544303702911e+04  -3.479973606841438e+04  6.559988199198153e+04  3.452325085863008e+04  1.508984768734243e-03  -1.216328537640596e-03  -5.788241987154415e-03
  1.940000000000001e+01  9.442353534196412e+04  -8.978711878419675e+04  4.127109089971281e+04  -3.146093918214733e+04  6.949934516908154e+04  3.656564144783941e+04  2.123344948003279e-03  -1.699071761263398e-03  -4.983904425251379e-03
  1.950000000000001e+01  1.112817955149395e+05  -9.171235176244807e+04  4.243348696276225e+04  -2.942005691011818e+04  7.207858638348521e+04  3.897605767100096e+04  2.234726310437595e-03  -1.770382633236945e-03  -3.682274335222916e-03
  1.960000000000001e+01  1.251018678385575e+05  -8.961043426846176e+04  4.209077281257699e+04  -2.818692919743061e+04  7.321754809468219e+04  4.114420486619560e+04  1.904975931158878e-03  -1.557997656817932e-03  -2.173845575897536e-03
  1.970000000000001e+01  1.323586338857399e+05  -8.539440406974277e+04  3.924412932935708e+04  -2.787407243886513e+04  7.307612290092518e+04  4.224326272786920e+04  1.188713398915430e-03  -1.209653269183066e-03  -8.369617681941564e-04
  1.980000000000001e+01  1.330113453951278e+05  -7.995721219441295e+04  3.578765856266356e+04  -2.906831154686863e+04  7.212719213306688e+04  4.184211731697663e+04  1.457283766841440e-04  -8.442908848860810e-04  5.265551573890800e-05
  1.990000000000001e+01  1.290527915219959e+05  -7.390904937990723e+04  3.405380482320145e+04  -3.220477707096104e+04  7.138486049749862e+04  4.029944498355124e+04  -1.117463733400360e-03  -5.233911164517430e-04  4.731733769320969e-04
