TITLE = "Temporal Signal for receiver number 02017"
VARIABLES = "Time","xx","yy","zz","xy","yz","xz","u","v","w"
# x1       3.670946160000e+05
# x2       4.727684950000e+06
# x3       -3.000000000000e+03
  0.000000000000000e+00  0.000000000000000e+00  0.000000000000000e+00  0.000000000000000e+00  0.000000000000000e+00  0.000000000000000e+00  0.000000000000000e+00  0.000000000000000e+00  0.000000000000000e+00  0.000000000000000e+00
  1.000000000000000e-01  0.000000000000000e+00  0.000000000000000e+00  0.000000000000000e+00  0.000000000000000e+00  0.000000000000000e+00  0.000000000000000e+00  0.000000000000000e+00  0.000000000000000e+00  0.000000000000000e+00
  2.000000000000000e-01  0.000000000000000e+00  0.000000000000000e+00  0.000000000000000e+00  0.000000000000000e+00  0.000000000000000e+00  0.000000000000000e+00  0.000000000000000e+00  0.000000000000000e+00  0.000000000000000e+00
  3.000000000000000e-01  2.146208012077263e-19  -1.322501451670446e-18  -7.679713104541463e-20  4.835503551930143e-19  -1.460616585942539e-20  3.037926799000140e-19  7.868165221577648e-26  -8.675194137048061e-26  1.205255988584498e-26
  4.000000000000000e-01  -1.761107690132654e-11  -2.936895847469996e-11  -2.705329012322093e-11  8.989738102943346e-12  1.480386608907299e-11  -9.412813225030910e-12  1.688056537457399e-18  -2.465769852409904e-18  2.661408356844234e-18
  5.000000000000000e-01  9.604376870527583e-09  1.910009653755509e-08  1.292478005796537e-08  -5.650878445116539e-09  -6.773335319127242e-09  4.003269016729409e-09  -9.866753658539040e-16  1.625589297858555e-15  -1.114356132244391e-15
  6.000000000000000e-01  -6.850674340620121e-07  -7.321563714100109e-07  -6.211247157715391e-07  2.482075262725209e-07  2.188277649027656e-07  -2.518330954993211e-07  6.192807030685524e-14  -6.045772066571704e-14  4.669993737101665e-14
  7.000000000000000e-01  -3.276674924467250e-06  -5.597977604523759e-06  -2.428520478275326e-06  2.733273029406730e-06  1.977239222380377e-06  -1.608040558176874e-06  5.171915149638680e-13  -4.842704817676411e-13  2.420045684952590e-13
  7.999999999999999e-01  -1.312673677873518e-05  2.486102750365099e-06  -1.029811453672396e-05  7.912205150316078e-06  6.506874347332545e-06  -1.766948283642114e-05  3.290876572652561e-12  9.331860608628308e-13  1.462522414418382e-12
  8.999999999999999e-01  -5.618938055836241e-04  -5.960359203747274e-04  -4.629010825476565e-04  2.354120859099263e-04  1.516049556124333e-04  -1.979016250886829e-04  5.834044114954298e-11  -4.481909998164781e-11  2.898674030844829e-11
  9.999999999999999e-01  -4.573170603384908e-03  -4.787839159571460e-03  -3.427678120311109e-03  1.739113103442488e-03  1.064903296667041e-03  -8.755347843151056e-04  3.934544591982629e-10  -3.953280872444974e-10  1.967545017836830e-10
  1.100000000000000e+00  -1.784529509414399e-02  -1.988871207582641e-02  -1.312190002672379e-02  5.968071625539099e-03  3.408582019162194e-03  -1.907861722180734e-03  1.197172823768108e-09  -1.790840512430022e-09  6.567475131404388e-10
  1.200000000000000e+00  -5.790489845113202e-02  -9.556120680968032e-02  -5.212433633582166e-02  2.280319853227426e-02  1.640118654121640e-02  -1.015704030732400e-02  3.489577770051153e-09  -8.171404609037401e-09  2.994117967786044e-09
  1.300000000000000e+00  -2.852106937348525e-01  -4.182421242826443e-01  -2.763345761734678e-01  1.117152993182812e-01  1.201417210261811e-01  -7.617140642833910e-02  2.166049372594576e-08  -3.317292799083901e-08  1.989336511040459e-08
  1.400000000000000e+00  3.737303910694909e-01  4.165785905320197e-01  2.147650754734352e-01  -1.868876256466644e-01  -7.571808973448836e-02  2.595785499523491e-02  -3.310851518175915e-08  3.132617439294009e-08  -8.862319741005594e-09
  1.500000000000000e+00  3.209766559147400e+00  4.265953827119174e+00  3.123089225201876e+00  -1.358761976384206e+00  -1.263998624387461e+00  1.050007053349653e+00  -2.570524945529299e-07  3.536471724546347e-07  -2.352401410751810e-07
  1.600000000000000e+00  -1.524190006817805e+01  -1.900344083608235e+01  -1.312192087866721e+01  7.105821418319413e+00  5.046157603103944e+00  -4.011015730913916e+00  1.256714389979687e-06  -1.576644296815820e-06  9.313849759084910e-07
  1.700000000000000e+00  6.573748765131003e+01  7.962729129981049e+01  5.812857744049906e+01  -3.081838584775052e+01  -2.290538433101358e+01  1.880771076809799e+01  -5.453284131682056e-06  6.718996728255119e-06  -4.231029269279072e-06
  1.800000000000000e+00  -1.697183354760079e+01  -5.918207066141817e+01  -3.544143093110315e+00  1.350214098113885e+01  -4.397836222082531e+00  1.208348321019523e+01  9.796005468399185e-07  -4.884071741237530e-06  -1.734780145246948e-06
  1.900000000000001e+00  -9.208928770822263e+01  -3.671361026094705e+02  -1.082859855397768e+02  8.201093340235077e+01  7.165270644821673e+01  -2.486824911237663e+01  6.336652771319875e-06  -3.026460664444937e-05  8.572296450390500e-06
  2.000000000000000e+00  7.950682759003813e+01  -4.647395183280768e+02  -8.602839686845495e+01  2.540994749258195e+01  1.192327345638152e+02  -5.122537275329086e+01  -9.085539944770056e-06  -3.513837555213622e-05  1.498652321608510e-05
  2.100000000000001e+00  1.774910960726998e+02  -6.104187779968707e+02  -1.812994779902128e+01  -1.386619510232916e+00  1.450695516504155e+02  -6.036698466443816e+01  -1.651179154086720e-05  -4.214696904534080e-05  1.511390454085304e-05
  2.200000000000001e+00  2.452363600452417e+02  -8.414644831216482e+02  -2.387401455484199e+01  -1.779948523192755e+01  2.190302690691163e+02  -1.352771869903805e+02  -1.901549848082228e-05  -5.632357695664948e-05  2.188488762913616e-05
  2.300000000000001e+00  1.616777534557529e+02  -1.446952908431865e+03  1.444180193437815e+01  1.015529510615646e+02  2.927671868528333e+02  -1.795888670848732e+02  -7.916337219382118e-06  -1.001982644394468e-04  1.704037554440979e-05
  2.400000000000001e+00  6.278609743283497e+02  -2.211957435978511e+03  1.977946358825069e+02  5.656628303058508e+01  4.419228444041986e+02  -2.216672629847238e+02  -4.668309392244098e-05  -1.554288190451262e-04  2.130024012398086e-05
  2.500000000000001e+00  4.780895953792270e+02  -3.781577248340564e+03  -1.595271050931060e+02  2.473609686320972e+02  8.412382877673854e+02  -5.940443952163990e+02  -2.623595998747479e-05  -2.632722482770921e-04  8.214002956933440e-05
  2.600000000000001e+00  -1.497033730846622e+03  -1.012203455181941e+04  -1.561983898768933e+03  1.913830692526597e+03  1.743619759927698e+03  -9.743181305467331e+02  1.482375413739699e-04  -7.797993894522691e-04  1.545536109451695e-04
  2.700000000000001e+00  -6.912927199560452e+03  -2.744729825346596e+04  -7.124752177059195e+03  6.587519581904451e+03  5.640895469136591e+03  -3.428092413877588e+03  6.192539638979863e-04  -2.200995638837198e-03  6.559148893839900e-04
  2.800000000000001e+00  -1.850160201963899e+04  -6.458648522052116e+04  -2.088052598972064e+04  1.645809656482087e+04  1.470660478216153e+04  -9.703398198204344e+03  1.627334156484970e-03  -5.213279750739948e-03  1.959249725797172e-03
  2.900000000000001e+00  -2.608930416921359e+04  -1.213416549214983e+05  -3.811069410004866e+04  2.988850369455636e+04  3.041837424716913e+04  -2.045828574929608e+04  2.539481461892837e-03  -9.731157160326369e-03  4.095162176994948e-03
  3.000000000000001e+00  -3.798948657397098e+04  -2.355684682287987e+05  -6.534166065884362e+04  6.085928220928308e+04  5.815482018189706e+04  -4.145831536914581e+04  4.153684192275465e-03  -1.905866950976449e-02  7.353996772258471e-03
  3.100000000000001e+00  -4.522509702320046e+04  -3.501060576923515e+05  -9.433066829899108e+04  9.027591806897643e+04  9.843213215481085e+04  -7.881677090921992e+04  6.658073135884934e-03  -2.760251288982760e-02  1.267379039423956e-02
  3.200000000000002e+00  -1.863283805244570e+04  -7.456119122109642e+05  -1.668297642806351e+05  1.931933965397190e+05  1.700473850959935e+05  -1.425957331765573e+05  7.213237926124513e-03  -6.051125664164782e-02  2.066370496429394e-02
  3.300000000000002e+00  4.250922178044678e+04  -9.235038037116327e+05  -1.350332244007403e+05  2.943363762009782e+05  2.839901322914577e+05  -2.781685949252787e+05  1.063609198822900e-02  -7.410162361862407e-02  3.327774621006453e-02
  3.400000000000002e+00  3.272454611021533e+05  -9.288372800215752e+05  -1.062942470564896e+05  2.462203740540461e+05  3.842702931597877e+05  -4.512940939415749e+05  -1.724000459492059e-03  -6.530013665392821e-02  5.229532807249686e-02
  3.500000000000002e+00  1.310389410005270e+06  -2.028466773376956e+06  2.158677902983438e+05  3.264191550594968e+05  4.654721474368551e+05  -4.370393784138398e+05  -8.126517224196968e-02  -1.555203635765770e-01  2.981611737470972e-02
  3.600000000000002e+00  5.526327705899546e+05  -1.275158590300331e+06  3.900503954062504e+05  4.808237669555384e+05  7.733381622645988e+05  -8.316958387801616e+05  2.072588364894173e-02  -6.904324449507047e-02  6.665650583130783e-02
  3.700000000000002e+00  -1.251129578634863e+06  1.168373009855688e+06  -1.796490871686768e+05  3.183990784305661e+05  8.728672697619511e+05  -1.317614953136556e+06  2.198650614729347e-01  1.778602392750099e-01  1.321986630772542e-01
  3.800000000000002e+00  -1.048934660884104e+06  1.393324927127449e+06  -6.540486481111997e+05  2.746845626614768e+05  5.733892023587761e+05  -9.882540729700099e+05  2.058559054782994e-01  2.006441141195772e-01  9.206544685949994e-02
  3.900000000000002e+00  4.371377741365306e+05  -1.041613827107464e+05  -5.008696597915153e+05  5.779773022816136e+05  4.248980963143276e+05  -3.422072953367069e+05  5.368951436789450e-02  2.578668395391681e-02  7.972555253945916e-03
  4.000000000000002e+00  1.200478072033963e+06  -7.574578924990316e+05  -2.401645156133711e+05  7.144872189954357e+05  4.647730033418103e+05  -8.369728135411236e+04  -2.617808773588418e-02  -6.851334198585861e-02  -3.846971632776552e-02
  4.100000000000001e+00  1.027745018756632e+06  -4.172040923393749e+05  -2.657987445565863e+05  6.220702400153637e+05  4.429726741343704e+05  -1.371122811713002e+05  -8.374287677293963e-03  -3.125400223377475e-02  -4.993944106793129e-02
  4.200000000000001e+00  7.326508618070116e+05  -7.860945447459948e+04  -3.764722721367349e+05  5.419030928501533e+05  3.767773481077091e+05  -1.769844106463307e+05  2.949117086170836e-02  2.180538430185049e-02  -5.031933391592390e-02
  4.300000000000001e+00  5.992372799638797e+05  -9.776466778729492e+04  -3.889268753631013e+05  5.271123258412250e+05  3.558924329396827e+05  -1.358532269665899e+05  5.452130659618046e-02  3.722877591656506e-02  -4.779559888387805e-02
  4.400000000000000e+00  4.219215998201630e+05  -1.075159349233225e+05  -3.699719318109859e+05  5.395223743404286e+05  3.031080552150178e+05  -1.114181722570986e+05  6.140614642577798e-02  3.855610204176400e-02  -4.779748685448201e-02
  4.500000000000000e+00  2.309615820047508e+05  8.017065140164229e+03  -4.171107868811283e+05  5.310324908062132e+05  1.721315993142887e+05  -8.330813597955300e+04  6.313335449172049e-02  4.702282966951332e-02  -5.148895046748062e-02
  4.600000000000000e+00  1.869136849880442e+05  2.109408727143911e+04  -5.001055281323911e+05  4.929200701798931e+05  8.219859990971604e+04  1.614803558197231e+04  7.082563580600751e-02  5.776946219288279e-02  -5.217018830982488e-02
  4.699999999999999e+00  2.373402085422277e+05  -8.734090304057076e+04  -6.026779021262226e+05  5.105630111057562e+05  1.175834044726540e+05  1.321982310415634e+05  6.600370998867006e-02  5.032823154893198e-02  -4.524476977428537e-02
  4.799999999999999e+00  1.399426981769419e+05  -1.766889287942340e+05  -6.887353158235942e+05  6.394813500101601e+05  1.696206705613925e+05  1.925136743740244e+05  5.891010928552213e-02  2.753679745239019e-02  -4.582106199319606e-02
  4.899999999999999e+00  -5.482587292761170e+04  -2.567549581410498e+05  -6.862232379148499e+05  7.985750967008224e+05  1.463705355596071e+05  2.407560943832463e+05  7.035992454800334e-02  4.386892388676806e-03  -6.063129328478550e-02
  4.999999999999998e+00  -1.339222697263834e+04  -3.767110501744899e+05  -7.100520450056867e+05  8.875875047084307e+05  1.333237727303293e+05  3.485656419600997e+05  7.186875129939044e-02  -1.723577002344438e-02  -6.362665596998858e-02
  5.099999999999998e+00  3.225529188197594e+05  -4.626453443194511e+05  -9.343955648608870e+05  9.145125631053909e+05  2.258980857583580e+05  4.761715860347877e+05  3.801285241128081e-02  -3.514144153994791e-02  -3.745974721085217e-02
  5.199999999999998e+00  6.824054310105639e+05  -4.268913867218379e+05  -1.191393639355483e+06  9.372126007721100e+05  3.505952803907403e+05  5.570930473207711e+05  -4.505884045806173e-03  -4.076140625161818e-02  -1.052440425180093e-02
  5.299999999999997e+00  8.150212444182142e+05  -3.209317659942895e+05  -1.250666159801386e+06  9.559497321136092e+05  3.915104642021692e+05  5.781510835115674e+05  -1.690801047735986e-02  -3.196583591085263e-02  -5.756998519273426e-03
  5.399999999999997e+00  7.369514559826959e+05  -2.261868344044991e+05  -1.135643217790706e+06  9.271138595019995e+05  3.498015231142134e+05  5.621174038581771e+05  -2.848340859316385e-03  -1.621590586142159e-02  -1.542534317701267e-02
  5.499999999999996e+00  6.066368194249746e+05  -1.581136585400105e+05  -9.978705925343975e+05  8.631023182494255e+05  2.940195340235186e+05  5.293623963281786e+05  7.479633343359255e-03  -3.652699265142913e-03  -2.664244898663376e-02
  5.599999999999996e+00  5.421525274898931e+05  -9.068774193081426e+04  -9.458612250454988e+05  8.022867249703405e+05  2.652330716513505e+05  4.843796844831835e+05  1.310403673736067e-03  7.406118719842012e-03  -3.101139507573681e-02
  5.699999999999996e+00  5.347657874755650e+05  -7.496826840193044e+04  -1.000215113272814e+06  7.651301921420051e+05  2.777203896363685e+05  4.668607367482452e+05  -8.754372355933439e-03  1.806240315862924e-02  -3.408060922358143e-02
  5.799999999999995e+00  5.107615350837504e+05  -5.154882805597982e+04  -1.058526910826105e+06  7.448237238280532e+05  3.347067808587739e+05  4.841235263232256e+05  -1.022932622689715e-02  2.842288123072727e-02  -3.993730389645569e-02
  5.899999999999995e+00  4.499209657827957e+05  7.564972307667778e+04  -1.017391391798568e+06  7.361471095856373e+05  4.094672230700143e+05  4.865792283744694e+05  -5.174889914564735e-03  3.931674497465068e-02  -3.806237021650508e-02
  5.999999999999995e+00  4.139983607354994e+05  2.302802046210965e+05  -9.002078863353580e+05  7.453516444543322e+05  4.500277331691990e+05  4.911482739879393e+05  -1.061826199089815e-03  4.858496729791876e-02  -2.868621669901906e-02
  6.099999999999994e+00  4.344597851400243e+05  3.046766335492352e+05  -8.160929633024975e+05  7.638210702352929e+05  4.576344609437380e+05  5.237259333926245e+05  1.347245205409551e-05  5.504880828537161e-02  -2.134165867441115e-02
  6.199999999999994e+00  4.568819418440519e+05  3.277294722849109e+05  -8.030037718331295e+05  7.663463591258831e+05  4.730722429016519e+05  5.283006145770550e+05  2.771755318015457e-04  5.941620444243283e-02  -1.793344738403378e-02
  6.299999999999994e+00  4.936422745725246e+05  3.584790340644067e+05  -7.755971442001692e+05  7.287633588496227e+05  4.959530597648894e+05  4.709383246572451e+05  -6.188126083894746e-03  5.920529357934420e-02  -1.668397439008821e-02
  6.399999999999993e+00  5.751780943963317e+05  3.933649505432481e+05  -7.393406988298852e+05  6.462375789711161e+05  5.099328121621850e+05  3.835285159635534e+05  -2.222767587536007e-02  5.653283301718208e-02  -1.403476786062245e-02
  6.499999999999993e+00  6.353632608938768e+05  4.354231931041349e+05  -7.567336511509977e+05  5.658192102633872e+05  5.155089307003893e+05  3.120464990483718e+05  -3.198119200562367e-02  5.953465662831826e-02  -1.025284442124768e-02
  6.599999999999993e+00  6.688036825202514e+05  4.042775947621683e+05  -7.802694669911065e+05  5.393001213935693e+05  5.263529536067515e+05  3.028873821204287e+05  -2.912099023869964e-02  6.056302473969458e-02  -1.198367987642559e-02
  6.699999999999992e+00  7.700509469033051e+05  2.114014241627704e+05  -7.756703582654177e+05  5.275924272892342e+05  5.552481571860220e+05  3.594117358959627e+05  -3.123863380278426e-02  4.787868808651152e-02  -2.013239416063864e-02
  6.799999999999992e+00  9.397980684043256e+05  -4.018809347704134e+04  -7.935886041916403e+05  4.642439279693643e+05  5.829247174946670e+05  4.110860556484041e+05  -4.625416146253050e-02  3.156914425748645e-02  -2.681480117538157e-02
  6.899999999999991e+00  1.088641095899090e+06  -2.109650876341249e+05  -8.506814906106020e+05  3.656874456106810e+05  5.892642798809898e+05  3.877551303867848e+05  -6.234134675493288e-02  2.367514013004745e-02  -2.564264921693208e-02
  6.999999999999991e+00  1.166768729165176e+06  -3.095769759111522e+05  -8.955241826208029e+05  2.866665474987942e+05  5.858925541362427e+05  2.961123144837950e+05  -7.188717795416422e-02  1.796781836323562e-02  -1.825246462601050e-02
  7.099999999999991e+00  1.173653026546756e+06  -3.669603292037505e+05  -8.792406146197022e+05  2.411708797760806e+05  5.628784145306078e+05  2.040262963531223e+05  -7.501348027663599e-02  1.020956075309194e-02  -1.408125462325837e-02
  7.199999999999990e+00  1.100859838361180e+06  -3.696008819889388e+05  -8.275117532593464e+05  2.333496967347650e+05  5.028147056316175e+05  1.572385148659003e+05  -6.663202563219647e-02  7.708498193087960e-03  -1.765236050640604e-02
  7.299999999999990e+00  9.796774661319602e+05  -3.313670923937385e+05  -7.747333118103269e+05  2.647353159564881e+05  4.384079836700263e+05  1.413967685564232e+05  -4.562730861375730e-02  1.368881041006141e-02  -2.095441952204854e-02
  7.399999999999990e+00  8.703505492011443e+05  -3.174695680300511e+05  -7.371700736721193e+05  3.132453535334116e+05  4.141319577174605e+05  1.193889129059990e+05  -2.189178491376486e-02  2.067938037299778e-02  -1.563867195334204e-02
  7.499999999999989e+00  8.031348746287156e+05  -3.493627785915494e+05  -7.479729095760284e+05  3.581813493057358e+05  4.282518842804804e+05  7.565506252963183e+04  -5.789901856328734e-03  2.268693342344819e-02  -4.409006174657885e-03
  7.599999999999989e+00  7.993443511881164e+05  -3.595748055465371e+05  -7.940575194951684e+05  3.957763058392298e+05  4.534718054900139e+05  2.365072635810614e+04  -1.670651531167550e-03  2.156197897029939e-02  5.391862130303912e-03
  7.699999999999989e+00  8.388556908388232e+05  -3.148468164400160e+05  -7.934615705332088e+05  4.319846384593134e+05  4.773211464584554e+05  -5.576581862426843e+03  -3.890361110983980e-03  1.899006570359119e-02  1.139152956597918e-02
  7.799999999999988e+00  8.507939736081996e+05  -2.684222156607606e+05  -7.045668381331847e+05  4.681073865066973e+05  5.057268454595029e+05  4.089840405517187e+03  1.355814688748896e-04  1.473737862132764e-02  1.788918867325826e-02
  7.899999999999988e+00  7.698916341818974e+05  -2.800082441103028e+05  -5.806854988839682e+05  5.135169481203723e+05  5.393189598520601e+05  3.442241948596836e+04  1.819656791036442e-02  9.063502758112329e-03  2.918086414968721e-02
  7.999999999999988e+00  6.024810199324749e+05  -3.443809948027353e+05  -4.941443566749427e+05  5.863532387664786e+05  5.623450363651844e+05  5.962699752317359e+04  4.390744379387639e-02  2.732812664175992e-03  4.137390114244403e-02
  8.099999999999987e+00  4.303117267561042e+05  -3.966682032147491e+05  -4.671044395546681e+05  6.829061859399215e+05  5.685864991136173e+05  7.031138656496079e+04  6.216425236214942e-02  -1.999374050370043e-03  4.680459527525736e-02
  8.199999999999987e+00  2.918469615671985e+05  -4.157635083732702e+05  -5.074873467402775e+05  7.880176170709163e+05  5.734274115536888e+05  7.269003878996675e+04  6.816801529483105e-02  -5.933145192980579e-03  4.376340774776024e-02
  8.299999999999986e+00  1.974446710407793e+05  -4.162342114549807e+05  -5.817439084763415e+05  8.790450605080486e+05  5.853886404596551e+05  7.491370838128384e+04  6.649057179372141e-02  -1.227529662133981e-02  3.700333022096639e-02
  8.399999999999986e+00  1.560753373867182e+05  -4.133395981674152e+05  -6.169380944459233e+05  9.361248963141299e+05  5.940581762776226e+05  6.408665504717551e+04  6.075345884221679e-02  -2.331674649531252e-02  3.238752923765239e-02
  8.499999999999986e+00  1.486537673301680e+05  -4.323748787463165e+05  -5.913660872258869e+05  9.627458436191408e+05  5.747768243649215e+05  9.520610829741241e+03  5.216608827861854e-02  -3.981168155705284e-02  3.269634344369263e-02
  8.599999999999985e+00  1.755723331828591e+05  -4.736555629714625e+05  -5.403272367026919e+05  9.683646187943284e+05  5.067525202971757e+05  -1.003254651928464e+05  3.891175007205856e-02  -5.819629645672733e-02  3.661386775796378e-02
  8.699999999999985e+00  2.578182088040839e+05  -5.184210348094312e+05  -4.736311516261554e+05  9.657320441863576e+05  4.033277605849652e+05  -2.238992679173077e+05  2.000249001792585e-02  -7.380375466029430e-02  3.831876732182533e-02
  8.799999999999985e+00  3.217922019411336e+05  -5.851625567563224e+05  -4.129478856414414e+05  9.807353617739364e+05  3.129148093107280e+05  -3.078024388029942e+05  4.271277172099639e-03  -8.670881076372337e-02  3.509845162729215e-02
  8.899999999999984e+00  3.585209060219782e+05  -6.141780552072749e+05  -3.848770756355341e+05  9.786335927998336e+05  2.697616302841644e+05  -3.278244356405222e+05  -5.394781833847536e-03  -9.069566332117739e-02  3.089269257033343e-02
  8.999999999999984e+00  3.800941057500406e+05  -5.532131574955134e+05  -4.379501537491602e+05  9.118442887116754e+05  2.914117157586872e+05  -3.363432378780778e+05  -9.882355963548769e-03  -7.985746714779009e-02  3.799904869441856e-02
  9.099999999999984e+00  4.015246717092090e+05  -4.625741158616500e+05  -5.036058578338057e+05  8.110067320756128e+05  3.634038297421765e+05  -3.601397637655890e+05  -1.139595368127709e-02  -6.277333406439248e-02  5.468790719055207e-02
  9.199999999999983e+00  4.228343706804616e+05  -4.520650521759245e+05  -4.578943871500579e+05  7.512909521538151e+05  4.367485832649354e+05  -3.563081676366195e+05  -1.090112679233198e-02  -5.469786835973344e-02  6.308494861157266e-02
  9.299999999999983e+00  4.399048348455694e+05  -5.166158845286308e+05  -2.980354131733819e+05  7.475140324361478e+05  4.784816966198887e+05  -3.080324956619316e+05  -8.495898361884087e-03  -5.652794792079119e-02  5.675760318749681e-02
  9.399999999999983e+00  4.478199337223109e+05  -5.709214962796920e+05  -1.602015582246991e+05  7.527261059174555e+05  4.993240553741735e+05  -2.690261937632385e+05  -4.628896991136243e-03  -5.675973034475910e-02  4.939804276041056e-02
  9.499999999999982e+00  4.602001355960161e+05  -5.713854927423818e+05  -1.315114381612531e+05  7.356020935063800e+05  5.088957214689994e+05  -2.674518627160796e+05  -1.399094847506001e-03  -4.853853115931585e-02  4.994475611893892e-02
  9.599999999999982e+00  4.850338314463436e+05  -5.384779237535272e+05  -1.707261932203780e+05  7.109884949217619e+05  4.944361570932473e+05  -2.737865792508373e+05  4.897511638467463e-04  -3.557374375948753e-02  5.242727330680028e-02
  9.699999999999982e+00  5.134767399284206e+05  -4.927691662441331e+05  -2.022401757785694e+05  7.003200387773183e+05  4.470196459080888e+05  -2.584712796031309e+05  1.685989845331129e-03  -2.416284134227590e-02  4.871697491467263e-02
  9.799999999999981e+00  5.358566138554147e+05  -4.379446127439776e+05  -2.041233854019118e+05  7.012060635136934e+05  3.791857151194162e+05  -2.235231328446100e+05  1.478444169490236e-03  -1.764217665116879e-02  3.819020422606295e-02
  9.899999999999981e+00  5.496706913515534e+05  -3.738018128177378e+05  -1.934719794374227e+05  6.980927306864556e+05  3.090918529733656e+05  -1.800652247940637e+05  -2.622339294039181e-04  -1.544052075875097e-02  2.572693384630264e-02
  9.999999999999980e+00  5.554970440640402e+05  -3.019642651896863e+05  -1.949417069168540e+05  6.818416990049686e+05  2.467132923219620e+05  -1.345842397707417e+05  -1.890689316600464e-03  -1.422947400593361e-02  1.574237505123712e-02
  1.009999999999998e+01  5.535523802457076e+05  -2.246550350882322e+05  -2.137601987950088e+05  6.570717726872390e+05  2.031056218068108e+05  -9.573163782331455e+04  -1.909795369832527e-03  -1.050118347958052e-02  9.759064291458166e-03
  1.019999999999998e+01  5.441793578641256e+05  -1.445415230058108e+05  -2.295828197739500e+05  6.333507607221097e+05  1.873597332912839e+05  -6.818498500230251e+04  2.935523708587447e-05  -2.862166427343698e-03  5.998292534823075e-03
  1.029999999999998e+01  5.165461712921994e+05  -7.730874328583920e+04  -2.436679924358087e+05  6.177564164737260e+05  1.895182583635685e+05  -4.718376928380675e+04  4.229240686421296e-03  6.920500310726300e-03  1.032986844062473e-03
  1.039999999999998e+01  4.743255559561761e+05  -2.343684181094182e+04  -2.685790809250366e+05  6.084320191711892e+05  1.964935306306919e+05  -2.563567810706779e+04  1.031489796262880e-02  1.676934212858531e-02  -5.591677265335030e-03
  1.049999999999998e+01  4.414808245173976e+05  1.060739881720219e+04  -3.153467603461396e+05  6.031148345472355e+05  2.029799714885527e+05  4.734938965141666e+03  1.535375804996692e-02  2.339840759483930e-02  -1.281219293389697e-02
  1.059999999999998e+01  4.406221505988464e+05  2.771315413924468e+03  -3.877390212603511e+05  6.038355923972289e+05  1.995501315323084e+05  4.714164380051792e+04  1.534465274102118e-02  2.339758371446572e-02  -2.043778387493756e-02
  1.069999999999998e+01  4.777585943129978e+05  -2.811409005876249e+04  -4.620646736245622e+05  6.061033719509795e+05  1.827255587055337e+05  9.188306687263754e+04  1.027614880151200e-02  1.918979984800082e-02  -2.658833387393992e-02
  1.079999999999998e+01  5.302127119752766e+05  -4.404527082374183e+04  -5.238566383927375e+05  6.029528932698191e+05  1.670242126505834e+05  1.228938278771421e+05  4.354183952166620e-03  1.619504193319000e-02  -2.861600734117851e-02
  1.089999999999998e+01  5.736949980856997e+05  -4.182171670255769e+04  -5.768671481311009e+05  5.975039809910281e+05  1.683642303627072e+05  1.358825978563532e+05  1.054862460344554e-03  1.602305766698036e-02  -2.698150511716617e-02
  1.099999999999998e+01  6.080742262412307e+05  -4.552956018815376e+04  -6.161845575683266e+05  5.963347137249468e+05  1.832026702596482e+05  1.448490132842082e+05  2.092096838380619e-04  1.631333648867970e-02  -2.548242975294486e-02
  1.109999999999998e+01  6.431624999507428e+05  -6.577986912742266e+04  -6.347265512395095e+05  5.995495842522449e+05  1.976303851532103e+05  1.614752312494856e+05  -5.120349259857026e-04  1.526826579599684e-02  -2.661274449102709e-02
  1.119999999999998e+01  6.797300486554665e+05  -9.163421204619517e+04  -6.464537112561836e+05  6.044441524388362e+05  2.109169225925040e+05  1.757420506073210e+05  -2.796160786366963e-03  1.333773493448747e-02  -2.818695123144672e-02
  1.129999999999998e+01  7.146303486622848e+05  -1.098808788547581e+05  -6.665577155892163e+05  6.097019470339051e+05  2.280304182850599e+05  1.745744495715198e+05  -6.651576487621881e-03  1.171563030766573e-02  -2.722343540164518e-02
  1.139999999999998e+01  7.396836039752862e+05  -1.200799401177110e+05  -6.921364436150878e+05  6.177804626068665e+05  2.457959829062277e+05  1.624788953221076e+05  -9.774093426798233e-03  1.102699578161299e-02  -2.381955130606933e-02
  1.149999999999998e+01  7.441521289447690e+05  -1.259265840666952e+05  -7.162263385499937e+05  6.289732029555892e+05  2.589463691878563e+05  1.533088284212302e+05  -9.512449421371961e-03  1.159421644423230e-02  -2.017165250229234e-02
  1.159999999999997e+01  7.292665886684186e+05  -1.211806657398985e+05  -7.394032308534797e+05  6.342448022401285e+05  2.690709962658610e+05  1.524107301094573e+05  -5.862317593502004e-03  1.405423968629438e-02  -1.762638035757614e-02
  1.169999999999997e+01  7.106201753223041e+05  -9.859636198625051e+04  -7.581146894432619e+05  6.243242878153257e+05  2.814728355119064e+05  1.555190187878966e+05  -1.361017434995154e-03  1.809256185458579e-02  -1.650062936141866e-02
  1.179999999999997e+01  7.032680069437145e+05  -6.410049939458026e+04  -7.589204707323692e+05  6.020349115124169e+05  2.983597111754477e+05  1.591172659197047e+05  9.938545851560481e-04  2.175572878773699e-02  -1.682549039289801e-02
  1.189999999999997e+01  7.123262000592995e+05  -2.853562506433525e+04  -7.339083452475733e+05  5.744725307041532e+05  3.190770814749204e+05  1.617708121354708e+05  -5.824030061449079e-04  2.405620791120340e-02  -1.738847808700878e-02
  1.199999999999997e+01  7.311219581996133e+05  -1.094914909685240e+03  -6.945559931016570e+05  5.438450405483921e+05  3.445013517140981e+05  1.591866062126186e+05  -5.782639335745597e-03  2.584882761797837e-02  -1.599917517851173e-02
  1.209999999999997e+01  7.435927944717978e+05  7.963418642074910e+03  -6.604156828133921e+05  5.129148347825625e+05  3.748158846955709e+05  1.492966601650213e+05  -1.217349656489671e-02  2.729658400755161e-02  -1.220376713168232e-02
  1.219999999999997e+01  7.329290263678600e+05  -4.977824527571322e+03  -6.418049234288624e+05  4.890860309689653e+05  4.043946332056071e+05  1.356968096406852e+05  -1.608587622529028e-02  2.724556783323792e-02  -7.751469820194090e-03
  1.229999999999997e+01  6.972825352697191e+05  -2.513196497248747e+04  -6.370439260849030e+05  4.790782980192807e+05  4.260293424242096e+05  1.209768095851227e+05  -1.517986232977524e-02  2.566166157110587e-02  -3.568721036199114e-03
  1.239999999999997e+01  6.534004752263268e+05  -3.380176225748718e+04  -6.383520673639067e+05  4.841747266594854e+05  4.372383315801045e+05  1.051992408075419e+05  -1.040543712697793e-02  2.391358483420794e-02  9.504495085750076e-04
  1.249999999999997e+01  6.209160247467873e+05  -3.182556905102306e+04  -6.380792262066785e+05  5.005206113465519e+05  4.398026405279227e+05  9.125434427895653e+04  -4.875723188499275e-03  2.256560389501533e-02  5.651110249842014e-03
  1.259999999999997e+01  6.074743115770011e+05  -2.953348707590498e+04  -6.273932711714745e+05  5.207379836642891e+05  4.389261730961322e+05  8.399734800215643e+04  -1.164191123432898e-03  2.137384643126883e-02  8.930280720493185e-03
  1.269999999999997e+01  6.015351045022891e+05  -2.923003271156944e+04  -6.001563969499255e+05  5.390727999071972e+05  4.450064394915802e+05  8.418342149393132e+04  6.214284741520597e-04  2.055060149588309e-02  9.649099622702710e-03
  1.279999999999997e+01  5.795192399441416e+05  -2.712413984801435e+04  -5.661943304701110e+05  5.550347324755739e+05  4.682499197532632e+05  8.730615240082910e+04  2.421954778601054e-03  2.077526099896547e-02  8.820052044733712e-03
  1.289999999999997e+01  5.386014868232341e+05  -2.197190497245791e+04  -5.432640616648315e+05  5.680976177003876e+05  5.070648260727150e+05  9.036819326128716e+04  5.111274565386800e-03  2.213397083643157e-02  8.063003316805676e-03
  1.299999999999997e+01  5.050842010599874e+05  -2.112898556963296e+04  -5.374883570802100e+05  5.750993054700732e+05  5.473197540024302e+05  9.618366018517487e+04  7.359650880734928e-03  2.345228845438056e-02  7.135744632367779e-03
  1.309999999999997e+01  4.947213284336151e+05  -2.867378513100292e+04  -5.426718261734422e+05  5.752368959231578e+05  5.736415734677014e+05  1.082589411188260e+05  8.740864072458941e-03  2.369518401575599e-02  4.741291451784086e-03
  1.319999999999997e+01  4.975271091272890e+05  -3.887351850912855e+04  -5.518935363257187e+05  5.743600509044302e+05  5.774562042441778e+05  1.278884588982799e+05  1.066182431464516e-02  2.277591799477530e-02  3.714313105716260e-04
  1.329999999999997e+01  5.064225156342680e+05  -5.819185749284973e+04  -5.641072771656882e+05  5.827131549925356e+05  5.598792503600500e+05  1.530743283329270e+05  1.293232616695479e-02  1.965110741580142e-02  -5.185218489953870e-03
  1.339999999999997e+01  5.248719447354841e+05  -1.047042115951922e+05  -5.778985395599118e+05  6.065524664491849e+05  5.340775466861514e+05  1.704041820413072e+05  1.313050717075429e-02  1.261986834246086e-02  -9.389745949500802e-03
  1.349999999999997e+01  5.485968390768494e+05  -1.756428106260465e+05  -5.828122797754980e+05  6.425192736961755e+05  5.146767724121724e+05  1.617323232743275e+05  1.012497155356193e-02  2.685891188872651e-03  -9.368997726304729e-03
  1.359999999999997e+01  5.700041303203116e+05  -2.501707267892914e+05  -5.673553416324905e+05  6.810404751112163e+05  5.008107266368177e+05  1.286012117110699e+05  4.987434055511726e-03  -7.049184511194472e-03  -5.727543871554427e-03
  1.369999999999997e+01  5.916690972457627e+05  -3.180970176972930e+05  -5.359680684750295e+05  7.122100096029824e+05  4.838004133110853e+05  9.129488128994247e+04  -9.390696762696429e-04  -1.492366150073965e-02  -2.084683683687991e-03
  1.379999999999997e+01  6.119603805222183e+05  -3.708051877644514e+05  -5.075228713537620e+05  7.277009272381540e+05  4.665130840177198e+05  6.289286696540642e+04  -6.113593403619407e-03  -2.034575152326148e-02  -6.820433928457790e-05
  1.389999999999997e+01  6.121524440207327e+05  -3.854036320942457e+05  -4.950233223256670e+05  7.234669421032509e+05  4.563045039683380e+05  4.358056122356059e+04  -8.352470477027685e-03  -2.187064282358712e-02  1.098056015600898e-03
  1.399999999999997e+01  5.798653151821312e+05  -3.539330536098336e+05  -4.953092284605866e+05  7.035325188787606e+05  4.474322584539555e+05  3.371777393136745e+04  -6.823765001031008e-03  -1.894159252672256e-02  1.091449309420645e-03
  1.409999999999997e+01  5.337659031258014e+05  -3.061364709544985e+05  -4.975773710394310e+05  6.772862453405438e+05  4.301704314390934e+05  3.438253001720052e+04  -3.783812917967432e-03  -1.396056234698709e-02  -9.621734496129213e-04
  1.419999999999997e+01  5.028187959050759e+05  -2.799119260784501e+05  -4.969674600771812e+05  6.541894294739183e+05  4.099127652684456e+05  3.912363508619866e+04  -2.250432164435217e-03  -1.033820692039828e-02  -3.586644808126363e-03
  1.429999999999997e+01  4.914542846015388e+05  -2.827577703304320e+05  -4.985551307625870e+05  6.410429021376098e+05  3.998304454370601e+05  3.749977057539269e+04  -2.534632082427156e-03  -9.213597275669991e-03  -4.092588534703324e-03
  1.439999999999996e+01  4.843050438310827e+05  -2.927987955231343e+05  -5.084683878233924e+05  6.384682470744053e+05  4.006647407981440e+05  2.622391170780696e+04  -2.820146470463316e-03  -9.030746338450147e-03  -2.060928380249259e-03
  1.449999999999996e+01  4.708271328102023e+05  -2.897881192860165e+05  -5.252421403131015e+05  6.410321264996417e+05  4.012312841894922e+05  1.078080388331061e+04  -1.982938166124107e-03  -8.075216969309804e-03  5.420563614509541e-04
  1.459999999999996e+01  4.518942095436441e+05  -2.743017721134213e+05  -5.401132890949950e+05  6.448339502389714e+05  3.933379140510819e+05  -1.286241415571302e+03  -3.993271009508452e-04  -6.584004853242741e-03  1.921319499628194e-03
  1.469999999999996e+01  4.340287360369220e+05  -2.600713551142588e+05  -5.446182168748805e+05  6.519630730735380e+05  3.773159525918000e+05  -5.003141456113805e+03  1.008144075511290e-03  -6.040635006303135e-03  1.598796670585415e-03
  1.479999999999996e+01  4.244603805717840e+05  -2.575256073828254e+05  -5.374283072873283e+05  6.646979327571503e+05  3.577456490539379e+05  -1.589558865071963e+02  1.673392212986717e-03  -7.232951894910999e-03  -3.204046453925853e-05
  1.489999999999996e+01  4.250572126011577e+05  -2.653504138798421e+05  -5.233462944862568e+05  6.796670042673639e+05  3.407589027944814e+05  7.590712058072572e+03  1.801868439595862e-03  -9.499814243267412e-03  -1.987125670826081e-03
  1.499999999999996e+01  4.289857241477908e+05  -2.730483341410593e+05  -5.085013910303900e+05  6.907451471632018e+05  3.320465151531032e+05  1.149797500500342e+04  2.165507889500899e-03  -1.138590748679028e-02  -3.079403221808732e-03
  1.509999999999996e+01  4.282808095169214e+05  -2.707006173095102e+05  -4.983888400115547e+05  6.938802951750439e+05  3.318406187586957e+05  1.137704105984053e+04  3.111536416886307e-03  -1.175246939774006e-02  -2.842239722642317e-03
  1.519999999999996e+01  4.229694809291625e+05  -2.586535044122911e+05  -4.973776809337966e+05  6.876104393691237e+05  3.339928319154138e+05  1.178331608437633e+04  3.915511163409092e-03  -1.065759482286936e-02  -1.680592684994404e-03
  1.529999999999996e+01  4.187562395500361e+05  -2.482054820767623e+05  -5.066368407824287e+05  6.732573182800834e+05  3.327164482376510e+05  1.353360996159701e+04  3.598873367610636e-03  -9.336117103130516e-03  -4.414865500859395e-05
  1.539999999999996e+01  4.214590760335556e+05  -2.509669106997537e+05  -5.232548467727391e+05  6.562650368813878e+05  3.277753737525760e+05  1.408846340410952e+04  1.994221531657558e-03  -9.014786235600236e-03  1.762962950630824e-03
  1.549999999999996e+01  4.381326862490582e+05  -2.671627908494032e+05  -5.426567273178454e+05  6.441196941343950e+05  3.223907309270565e+05  1.484293737280421e+04  -4.066492055299413e-04  -9.858134226785512e-03  3.115125877234194e-03
  1.559999999999996e+01  4.755565394108871e+05  -2.872832986446565e+05  -5.624754197028680e+05  6.404914819799126e+05  3.192794076732247e+05  1.984718428125599e+04  -3.239140210810521e-03  -1.142245557569303e-02  3.388808992829653e-03
  1.569999999999996e+01  5.314652382345601e+05  -3.027504464617376e+05  -5.835544727078724e+05  6.408633594453144e+05  3.189947174879895e+05  2.684120902535702e+04  -6.527280579129995e-03  -1.347760941608916e-02  2.737642248786896e-03
  1.579999999999996e+01  5.903212161819512e+05  -3.092015203332150e+05  -6.064153363188114e+05  6.351501802921254e+05  3.202567480393059e+05  2.638858138794444e+04  -1.017423638266939e-02  -1.556398818035510e-02  1.988726442508573e-03
  1.589999999999996e+01  6.307097128354309e+05  -3.031277319383461e+05  -6.282869325053575e+05  6.179523613703824e+05  3.226421623958930e+05  1.272909487097347e+04  -1.323980983748353e-02  -1.635267754014406e-02  1.880404204981029e-03
  1.599999999999996e+01  6.386473161912287e+05  -2.825691940380803e+05  -6.433150093103336e+05  5.969544995647235e+05  3.292690548909784e+05  -8.251145923755805e+03  -1.404725311247625e-02  -1.451456478107596e-02  2.476741537450396e-03
  1.609999999999996e+01  6.157050515963747e+05  -2.521603112831976e+05  -6.455266983496911e+05  5.878509224249895e+05  3.441142003210391e+05  -2.455371620459571e+04  -1.155959392717338e-02  -1.030252530868939e-02  3.253613197315825e-03
  1.619999999999996e+01  5.753055466056126e+05  -2.237081391769621e+05  -6.344431910826106e+05  5.991715612694111e+05  3.652385573955899e+05  -2.975985843055839e+04  -6.741226491007373e-03  -5.607280112548501e-03  3.727860661450920e-03
  1.629999999999996e+01  5.333381961459818e+05  -2.075121835966242e+05  -6.169964109018923e+05  6.234664969958325e+05  3.832278282013245e+05  -2.711445659011470e+04  -2.133971820602379e-03  -2.335903695342092e-03  3.883131054538138e-03
  1.639999999999996e+01  5.022438817644544e+05  -2.044031149422796e+05  -6.017408085877198e+05  6.443659938607882e+05  3.885037784094267e+05  -2.279261495141924e+04  8.164267018482571e-05  -1.081819760579679e-03  3.988750334510533e-03
  1.649999999999996e+01  4.882546372324428e+05  -2.076875768381188e+05  -5.921520317110427e+05  6.505748795547042e+05  3.794079538003688e+05  -1.809621101855799e+04  -4.606755588700147e-04  -1.161055652858161e-03  4.014178093486086e-03
  1.659999999999997e+01  4.897865926222067e+05  -2.105241807192763e+05  -5.865458030533986e+05  6.421111413142298e+05  3.630884139407101e+05  -9.283622753637082e+03  -2.501043630402200e-03  -1.546683262300139e-03  3.498161951076591e-03
  1.669999999999997e+01  5.003604209340429e+05  -2.108274619796574e+05  -5.823911810619859e+05  6.265323245894351e+05  3.501644132473253e+05  6.404728696611810e+03  -4.426522130699067e-03  -1.700266177357627e-03  2.200617421443822e-03
  1.679999999999997e+01  5.151549333253124e+05  -2.105298681584551e+05  -5.787919365178517e+05  6.128982979155409e+05  3.481162724841506e+05  2.641599352881520e+04  -5.293447489278289e-03  -1.657218216851547e-03  5.888995999779530e-04
  1.689999999999997e+01  5.332980173564117e+05  -2.117671964819512e+05  -5.762420923330816e+05  6.081994228634917e+05  3.572368763023205e+05  4.475361685121276e+04  -4.889047462303001e-03  -1.502752149029022e-03  -4.475238893042635e-04
  1.699999999999997e+01  5.530723696022126e+05  -2.147182022696171e+05  -5.754784110227115e+05  6.151804813012880e+05  3.713113179464339e+05  5.585941348296947e+04  -3.305699059295992e-03  -9.575008024630263e-04  -3.161507771277451e-04
  1.709999999999997e+01  5.683679107021205e+05  -2.189019186485689e+05  -5.757918451816882e+05  6.306463044821506e+05  3.824092444073992e+05  5.696823223730470e+04  -8.899051887556541e-04  2.983980586373193e-04  8.427599748838719e-04
  1.719999999999997e+01  5.728637807935165e+05  -2.248513091572353e+05  -5.737889349338211e+05  6.465660017573426e+05  3.859488191119873e+05  4.976992109860101e+04  1.486901362130748e-03  2.014758283491894e-03  2.335571216119580e-03
  1.729999999999998e+01  5.662415741723379e+05  -2.333144132712579e+05  -5.652252778157102e+05  6.549948006611119e+05  3.826804146647537e+05  3.997386287507896e+04  2.634759685362902e-03  3.384055924546587e-03  3.449935273730873e-03
  1.739999999999998e+01  5.537925179223265e+05  -2.423820745459134e+05  -5.498402869077001e+05  6.529066127597759e+05  3.769466086439023e+05  3.307021542131064e+04  1.972165322810925e-03  3.792770409956919e-03  3.918317958760684e-03
  1.749999999999998e+01  5.405089213236892e+05  -2.472147728562007e+05  -5.330688944981449e+05  6.429428952231527e+05  3.728318244095327e+05  3.022136098032759e+04  2.012195136288185e-04  3.392027787981409e-03  3.863240347427148e-03
  1.759999999999998e+01  5.275593015096959e+05  -2.442150072005745e+05  -5.210226098638063e+05  6.304976849656061e+05  3.712094323648509e+05  2.956314970940635e+04  -1.222843716559497e-03  2.811376367900022e-03  3.332475681288852e-03
  1.769999999999998e+01  5.141667465501958e+05  -2.355208547338315e+05  -5.143976263427012e+05  6.204613495486042e+05  3.701915928202446e+05  3.028718769008418e+04  -1.300107098847594e-03  2.415628515148934e-03  2.107552640541345e-03
  1.779999999999998e+01  5.007389468946799e+05  -2.275640249683325e+05  -5.091622305868866e+05  6.151665377469666e+05  3.680725864291759e+05  3.344927902737928e+04  -1.406195783986042e-04  2.015667354613862e-03  1.697564143934265e-04
  1.789999999999998e+01  4.902314132861024e+05  -2.236404507171647e+05  -5.023967932532223e+05  6.135525532569677e+05  3.654162695941275e+05  3.907912325347654e+04  1.337127548054661e-03  1.345916547185405e-03  -1.769480206636136e-03
  1.799999999999999e+01  4.870277284228494e+05  -2.202320886464234e+05  -4.952573792455699e+05  6.125591621625078e+05  3.647132249426117e+05  4.451511792611872e+04  2.163462563846451e-03  5.211012504473490e-04  -2.562212034314075e-03
  1.809999999999999e+01  4.939174734862144e+05  -2.131546937054858e+05  -4.908642968867513e+05  6.101942122201867e+05  3.682149522216828e+05  4.683713189368455e+04  1.842020246279693e-03  -2.243636729282132e-04  -1.683610279011468e-03
  1.819999999999999e+01  5.100774744121575e+05  -2.052426852001108e+05  -4.911066226758829e+05  6.071382462594263e+05  3.751285023722168e+05  4.653096076100263e+04  4.509699116202595e-04  -9.776392363076115e-04  -5.758641817861265e-06
  1.829999999999999e+01  5.315437623917225e+05  -2.045621687264911e+05  -4.958585650856454e+05  6.053166596531133e+05  3.809532107024572e+05  4.753985250784235e+04  -1.500513362952995e-03  -1.989881281458668e-03  7.190215132991242e-04
  1.839999999999999e+01  5.534336084513686e+05  -2.147733546766051e+05  -5.041766466799552e+05  6.054325251741937e+05  3.811156299255945e+05  5.303085520303439e+04  -3.305232592165357e-03  -3.166710268860546e-03  -5.051270446483837e-04
  1.849999999999999e+01  5.711471349893112e+05  -2.295094056875946e+05  -5.151485425616624e+05  6.064728407030316e+05  3.761270537283825e+05  6.108514338527762e+04  -4.338191670387418e-03  -3.944340306914779e-03  -2.765526794042503e-03
  1.859999999999999e+01  5.802304550633790e+05  -2.370577316150110e+05  -5.275331272559449e+05  6.070986929206044e+05  3.718633706888405e+05  6.544090697576102e+04  -4.339550898583247e-03  -3.735709034680674e-03  -3.945688729295708e-03
  1.870000000000000e+01  5.778072631572948e+05  -2.297863289184009e+05  -5.390875537525336e+05  6.067335995285166e+05  3.735210007554669e+05  6.135143100759609e+04  -3.546196440027731e-03  -2.458965039698694e-03  -2.755151938067464e-03
  1.880000000000000e+01  5.649605737743205e+05  -2.095794917030007e+05  -5.473275991562073e+05  6.057433207977159e+05  3.800184235137077e+05  5.054414589561324e+04  -2.544901183326530e-03  -6.501169780507933e-04  -5.723305738365723e-05
  1.890000000000000e+01  5.468617644141283e+05  -1.856622293378063e+05  -5.515635239644848e+05  6.051802842883442e+05  3.851203938351804e+05  4.019835323641249e+04  -1.846074756057856e-03  9.242098211022277e-04  1.951096234901071e-03
  1.900000000000000e+01  5.293142964582548e+05  -1.674305467171075e+05  -5.536711630967846e+05  6.061626404961892e+05  3.839064918885289e+05  3.679903045128411e+04  -1.502988525882747e-03  1.857818461429282e-03  1.802596316254581e-03
  1.910000000000000e+01  5.153247721421878e+05  -1.587908170284342e+05  -5.563599845615515e+05  6.088268529647066e+05  3.773605215578863e+05  4.094292383276434e+04  -1.185813115064981e-03  2.360595535235749e-03  -9.799502439160930e-05
  1.920000000000000e+01  5.059410275794644e+05  -1.582118964662444e+05  -5.603518778608309e+05  6.116229500219891e+05  3.708282739139150e+05  4.802096587237186e+04  -6.404938310359461e-04  2.919830104568573e-03  -2.132235276829109e-03
  1.930000000000000e+01  5.028597032162136e+05  -1.623943339175641e+05  -5.636629517718684e+05  6.121775254143638e+05  3.693587124086666e+05  5.292573097221668e+04  -4.171222408162162e-05  3.762673694552489e-03  -2.895613328084704e-03
  1.940000000000001e+01  5.079181155459441e+05  -1.688619633539320e+05  -5.639944453050762e+05  6.093309525701298e+05  3.743503568951517e+05  5.372442329304184e+04  1.936777737371367e-04  4.698833360560684e-03  -2.038417680907875e-03
  1.950000000000001e+01  5.194704391962693e+05  -1.757453812702095e+05  -5.612897310105507e+05  6.044098630954862e+05  3.831817967507708e+05  5.177804331291376e+04  -5.749696830944270e-05  5.408021468171089e-03  -2.029143813579316e-04
  1.960000000000001e+01  5.311769183154524e+05  -1.813378126927197e+05  -5.574199913011013e+05  6.004910792086676e+05  3.914020888568332e+05  4.948871548947288e+04  -3.943184629845710e-04  5.738151449206737e-03  1.556185013555190e-03
  1.970000000000001e+01  5.361396467271774e+05  -1.852620739391058e+05  -5.533965287265797e+05  6.005002044492422e+05  3.960118096245326e+05  4.822734776710690e+04  -2.364614377547905e-04  5.674274916976701e-03  2.458597315306333e-03
  1.980000000000001e+01  5.319680433657457e+05  -1.890854146522870e+05  -5.478164891120194e+05  6.057718131585787e+05  3.974817665861112e+05  4.771166231348639e+04  6.750893229417431e-04  5.142245981038298e-03  2.424506578034829e-03
  1.990000000000001e+01  5.215857576316205e+05  -1.942882659100805e+05  -5.388559279010150e+05  6.155986983368889e+05  3.985226652807792e+05  4.656711540674645e+04  2.131757282751782e-03  4.042330816586493e-03  1.993210191829171e-03
