TITLE = "Temporal Signal for receiver number 01764"
VARIABLES = "Time","xx","yy","zz","xy","yz","xz","u","v","w"
# x1       3.650946160000e+05
# x2       4.744184950000e+06
# x3       -3.000000000000e+03
  0.000000000000000e+00  0.000000000000000e+00  0.000000000000000e+00  0.000000000000000e+00  0.000000000000000e+00  0.000000000000000e+00  0.000000000000000e+00  0.000000000000000e+00  0.000000000000000e+00  0.000000000000000e+00
  1.000000000000000e-01  0.000000000000000e+00  0.000000000000000e+00  0.000000000000000e+00  0.000000000000000e+00  0.000000000000000e+00  0.000000000000000e+00  0.000000000000000e+00  0.000000000000000e+00  0.000000000000000e+00
  2.000000000000000e-01  0.000000000000000e+00  0.000000000000000e+00  0.000000000000000e+00  0.000000000000000e+00  0.000000000000000e+00  0.000000000000000e+00  0.000000000000000e+00  0.000000000000000e+00  0.000000000000000e+00
  3.000000000000000e-01  0.000000000000000e+00  0.000000000000000e+00  0.000000000000000e+00  0.000000000000000e+00  0.000000000000000e+00  0.000000000000000e+00  0.000000000000000e+00  0.000000000000000e+00  0.000000000000000e+00
  4.000000000000000e-01  2.540433354770507e-18  3.749722536171440e-18  2.248295157653630e-18  1.392230918346853e-18  -2.828549815600252e-19  1.715758870418079e-19  -1.892981825470745e-25  -4.597070971410582e-25  3.007919600083172e-27
  5.000000000000000e-01  2.652025337652418e-14  3.393041989758769e-14  -2.657186848843760e-14  2.823469330068492e-14  -1.315258540214332e-14  8.495174589136590e-15  -3.089317525516613e-21  -3.886454748463045e-21  8.949739484382470e-22
  6.000000000000000e-01  2.393950524201217e-12  -3.388107775710867e-14  1.977855844985703e-11  -5.880764636777372e-12  1.386169808734709e-12  -3.730982675081486e-12  1.350523326631394e-19  3.032537789743212e-19  -1.476969493203340e-19
  7.000000000000000e-01  2.020543111460658e-09  2.322960123590346e-09  1.578523001463264e-09  9.410587788782465e-10  1.151587556324179e-10  8.441136886177033e-11  -1.169294321382627e-16  -2.689463960604218e-16  -7.039943944002565e-17
  7.999999999999999e-01  -1.078237728701658e-08  -5.627102689615955e-09  -1.605802810737163e-08  1.466744869655516e-09  1.411470626171204e-09  2.682468367831310e-09  7.663742361195979e-16  2.001734830627603e-16  -6.649367975404705e-17
  8.999999999999999e-01  -3.425009367035669e-07  -3.345304436693971e-07  -2.890790783589001e-07  -1.269709685180049e-07  2.611779961195025e-09  -4.076892480834162e-09  2.286923693053154e-14  3.202610869262534e-14  8.115446032320222e-15
  9.999999999999999e-01  -3.502433880664919e-06  -3.978258801792733e-06  -2.425139083496812e-06  -1.895929489491702e-06  9.019851934156584e-09  -3.360395828041943e-07  2.372084805090358e-13  4.053515764664611e-13  8.983739004174262e-14
  1.100000000000000e+00  -1.543507522125060e-05  -1.483057830392754e-05  -1.032744310927626e-05  -6.928165784471246e-06  4.109537487362322e-07  -9.914740890601686e-07  1.109479157859014e-12  1.429420543240020e-12  1.997651263808535e-13
  1.200000000000000e+00  -6.612374791148939e-05  -5.186974019676205e-05  -4.439977549708699e-05  -2.311553747488016e-05  2.421421221871347e-06  -3.215186262474030e-06  4.918788153861005e-12  4.815399890092131e-12  1.973475306699705e-14
  1.300000000000000e+00  2.367917996546204e-05  1.487426498922623e-04  -1.319610522794112e-07  9.436056237917553e-05  1.665879217690050e-05  1.576407740474080e-05  -3.088765207530472e-12  -1.995272534738595e-11  -3.908378535672940e-12
  1.400000000000000e+00  7.130570736885178e-04  1.076443193069308e-03  5.505797656484271e-04  5.082881937370221e-04  2.070711345070575e-04  1.123509542003284e-04  -6.422180399570205e-11  -1.408850313065784e-10  -3.463026933238934e-11
  1.500000000000000e+00  2.763774159817355e-03  2.203339779960677e-03  2.891835129331838e-03  2.097568104164451e-04  -3.640597647883674e-05  -7.384038795674697e-05  -1.557238600226672e-10  -2.114152583307076e-10  -5.497224824677137e-11
  1.600000000000000e+00  -3.396476332963649e-03  -1.004361009796917e-02  -2.803545174631988e-03  -4.056917415748513e-03  -4.002031480524613e-03  -7.717884838173596e-04  2.891277824199912e-10  1.551461379915994e-09  5.285450706514397e-10
  1.700000000000000e+00  -2.236132906852946e-02  -1.292432781163870e-02  -2.003599732109138e-02  9.215941655814723e-05  4.579146962910780e-03  4.962741907708623e-04  1.109192354484390e-09  8.691983820716411e-10  8.474672373883570e-11
  1.800000000000000e+00  7.050166079679640e-02  9.933751174325299e-02  6.286437098315667e-02  2.559474947998439e-02  2.133960504035925e-02  4.374816760911303e-03  -3.405763119658875e-09  -1.312178950936071e-08  -4.702612834529457e-09
  1.900000000000001e+00  -5.564539600396608e-02  -1.273305968157806e-01  -7.008044620996270e-02  -3.257319951908146e-02  -6.445742055987874e-02  -1.136678951059538e-02  1.820875168497804e-09  1.864309176762732e-08  9.773514442138424e-09
  2.000000000000000e+00  -2.494795334428658e-01  -2.988825861041954e-01  -1.042675437468472e-01  -1.094803085786914e-01  1.111889442379166e-01  1.529621534449817e-02  1.592924366435628e-08  2.590094184080052e-08  -9.888769408112080e-09
  2.100000000000001e+00  1.117081125489638e+00  1.733905702500007e+00  6.122183427120185e-01  4.806299591515768e-01  -1.520614996173386e-01  -3.951488057814519e-02  -6.187821411888589e-08  -1.588055258835931e-07  9.318634969517241e-09
  2.200000000000001e+00  -2.801486565069530e+00  -3.172512838826680e+00  -1.377196986009980e+00  -1.363555143766267e+00  6.245309074328330e-01  -9.795768559714622e-03  1.821279743774307e-07  3.606858049983779e-07  -2.499386502249489e-08
  2.300000000000001e+00  1.708045853701537e+01  2.759007777537620e+01  2.063724833814194e+01  6.883823642288886e+00  9.047662296717732e+00  3.489904585493214e+00  -1.012056770652625e-06  -2.544410666481316e-06  -1.534900548322556e-06
  2.400000000000001e+00  2.843957317872681e+01  5.086422248219679e+01  3.429114370508329e+01  1.994892541364818e+01  1.413382094672217e+01  9.559533736347481e+00  -2.639985726982194e-06  -5.084486494000592e-06  -2.651998396288412e-06
  2.500000000000001e+00  -1.297051492552624e+02  -3.554027541251505e+02  -1.403626607330413e+02  -3.398771473234882e+01  -3.973628501811594e+01  5.524736250523759e+00  3.689730881091384e-06  3.009828027413853e-05  5.358228633846470e-06
  2.600000000000001e+00  -3.101245388451757e+02  -9.691883355418789e+02  -3.458230637791452e+02  -7.718196724784261e+01  -8.860094014931884e+01  9.395980582622562e+00  8.303198967727947e-06  7.961866177696843e-05  1.260979304026079e-05
  2.700000000000001e+00  -2.151271310763866e+02  -1.027980047027344e+03  -2.512952127954040e+02  -1.189115021592851e+01  -7.637097394881481e+01  3.138172402748481e+01  -1.911944118313179e-06  7.904044711231049e-05  8.529144448665339e-06
  2.800000000000001e+00  -6.444240954694249e+01  -8.682577504084678e+02  -5.841894216508896e+01  4.595197999472597e+01  -5.246578480923564e+01  5.254850627137301e+01  -1.051449207213952e-05  6.349442573029529e-05  1.769050234791292e-06
  2.900000000000001e+00  -1.707826407274324e+02  -1.376768416249409e+03  -1.003030096178211e+02  4.539313677303912e+00  -3.524168550070883e+01  7.482950451150242e+01  -5.200886784208613e-06  1.063146074763616e-04  -3.875024588002783e-06
  3.000000000000001e+00  -3.567855372673018e+02  -2.380429782544426e+03  -2.529551771177293e+02  -1.413444681414254e+01  -1.007422442015088e+01  1.167323944424550e+02  -4.649973146625193e-06  1.837818527745524e-04  -1.002422197808236e-05
  3.100000000000001e+00  -6.182521821284175e+02  -3.874433346053151e+03  -5.284712319653739e+02  1.930357921202192e+00  -6.840359692031055e+01  1.704419579695336e+02  -1.089928418571950e-05  2.944967921678261e-04  -1.635788738570718e-06
  3.200000000000002e+00  -1.759934135419964e+03  -8.073040893567942e+03  -1.884092445203098e+03  -2.172602235584334e+02  -5.676958384763008e+02  2.062586862460684e+02  1.273067034030822e-05  6.196772399537024e-04  6.086532060719853e-05
  3.300000000000002e+00  -6.326896570061820e+03  -2.193993079882558e+04  -6.904659147663554e+03  -1.709770913153797e+03  -2.144601987470740e+03  8.161460710396450e+01  1.862550085560206e-04  1.750689842105463e-03  2.701653249799468e-04
  3.400000000000002e+00  -1.585478666745003e+04  -5.201238965063949e+04  -1.745700392905319e+04  -5.017299373981377e+03  -5.561469285854466e+03  -3.219782743989457e+02  5.650505643079366e-04  4.195729761364463e-03  7.327836786325999e-04
  3.500000000000002e+00  -3.087993631146414e+04  -1.024340157933723e+05  -3.331651526095960e+04  -1.088273162200141e+04  -1.064424536536316e+04  -9.701838401093478e+02  1.212524180445907e-03  8.257522753840490e-03  1.389810402521912e-03
  3.600000000000002e+00  -4.945814595099660e+04  -1.721261296881321e+05  -5.142717008394518e+04  -1.967759809114860e+04  -1.699364141743733e+04  -1.923214386316529e+03  2.137160703690750e-03  1.383503600397422e-02  2.102616640473966e-03
  3.700000000000002e+00  -6.825664310914912e+04  -2.567066936394330e+05  -6.746650016960468e+04  -3.073909836049894e+04  -2.272517566322053e+04  -2.738706830282051e+03  3.199913694943519e-03  2.050977784525809e-02  2.604790999611090e-03
  3.800000000000002e+00  -9.251335977713401e+04  -3.680363856096666e+05  -8.703131713649425e+04  -4.784857540997704e+04  -2.971414660755426e+04  -4.918151049300302e+03  4.909956360100118e-03  2.934496945289244e-02  3.299735349406909e-03
  3.900000000000002e+00  -1.262422780738280e+05  -5.136753026115940e+05  -1.089357822604262e+05  -7.500596759661262e+04  -3.682591914290515e+04  -7.586662911255675e+03  7.735183531538256e-03  4.088272079721533e-02  3.954679170714110e-03
  4.000000000000002e+00  -1.499888526859036e+05  -6.670790445214149e+05  -1.235399338305022e+05  -1.030359780196989e+05  -4.572553708465897e+04  -1.237877816273038e+04  1.029946048775202e-02  5.266465110509825e-02  4.953218931568252e-03
  4.100000000000001e+00  -1.908762600247074e+05  -8.640339279397811e+05  -1.466309346227509e+05  -1.496110176971603e+05  -5.654756508991391e+04  -1.823067258761978e+04  1.491408153259191e-02  6.808956798896075e-02  6.012758188143208e-03
  4.200000000000001e+00  -2.391058891174431e+05  -1.091560715885796e+06  -1.555057408965159e+05  -2.136125600073556e+05  -6.198649794063238e+04  -2.262309788010522e+04  2.119743024828454e-02  8.576296755094155e-02  5.472970499594176e-03
  4.300000000000001e+00  -1.102961587123904e+05  -1.116377086040596e+06  -3.616409324184453e+04  -1.919309514454021e+05  -4.265798305421470e+04  -1.128834692717312e+04  1.331226482951067e-02  8.538691318428339e-02  3.173551492157242e-05
  4.400000000000000e+00  3.001378270735708e+04  -1.113866133138664e+06  8.885372495126790e+04  -1.618530497721526e+05  -2.790546079108111e+04  -1.498550201080138e+03  4.754235654265505e-03  8.233486615626458e-02  -4.798913982244110e-03
  4.500000000000000e+00  4.752042644648440e+04  -1.269500945273709e+06  1.294577549943273e+05  -1.999204778017635e+05  -3.725734794544522e+04  -3.055692149678378e+03  8.010670815361238e-03  9.269137477558310e-02  -6.314277305453439e-03
  4.600000000000000e+00  1.583563772707060e+05  -1.319128244960123e+06  2.599278612262563e+05  -1.906089703578034e+05  -1.554467969445915e+04  1.095459217469808e+04  2.877994057138530e-03  9.318218003540250e-02  -1.487968465214213e-02
  4.699999999999999e+00  3.339242169517414e+05  -1.258858696638857e+06  4.158406783513345e+05  -1.311616972378498e+05  2.042369567447285e+04  1.392534158614449e+04  -9.312621086715864e-03  8.342800842083874e-02  -2.343356720960643e-02
  4.799999999999999e+00  4.436878494044192e+05  -1.206868524512276e+06  4.668964127051759e+05  -1.240726649591766e+05  1.915769142283557e+04  -8.187155632464526e+03  -1.040415802863012e-02  7.245517388163104e-02  -2.084228136170207e-02
  4.899999999999999e+00  4.456013089913742e+05  -1.067754070082882e+06  4.252094908693227e+05  -2.347203290051796e+05  -7.185911148032706e+04  -6.233733063012575e+04  1.140287074487888e-02  5.363071533342816e-02  -4.971498100816356e-04
  4.999999999999998e+00  2.851853852542868e+05  -7.489606076195580e+05  3.144505447008990e+05  -4.353341733519019e+05  -2.905689687121122e+05  -1.985327404378791e+05  5.423909501713917e-02  2.208722522364496e-02  4.130990436698613e-02
  5.099999999999998e+00  2.066915356612539e+04  -3.177615918833474e+05  1.443617777828642e+05  -5.712223613152878e+05  -5.716143738278992e+05  -4.254398671602177e+05  9.326093940391200e-02  -1.564690042432832e-02  9.434920790531594e-02
  5.199999999999998e+00  -1.562747083158960e+05  2.870520588591570e+04  -3.332164855363201e+04  -5.081228443542736e+05  -7.478935579026645e+05  -6.309560098339618e+05  1.007630841123095e-01  -4.635197615174766e-02  1.317308321387208e-01
  5.299999999999997e+00  -1.276840498012033e+05  5.976059769852104e+04  -9.236575258915250e+04  -3.066371607646355e+05  -6.759428632809693e+05  -6.500416869656894e+05  7.505344038567494e-02  -5.254280047008707e-02  1.241367671137077e-01
  5.399999999999997e+00  5.387625221793558e+04  -2.742598224326333e+05  5.907980330658968e+04  -1.456547531769597e+05  -3.958935019390226e+05  -4.453367201453401e+05  3.733892693589774e-02  -2.555789426923875e-02  7.116535076790009e-02
  5.499999999999996e+00  2.381559011988613e+05  -7.123529711570635e+05  3.528969935836475e+05  -1.251259593621781e+05  -1.276061552976434e+05  -1.795701557682075e+05  1.230983760757340e-02  1.442489380030821e-02  1.463743162415632e-02
  5.599999999999996e+00  2.844611569685115e+05  -9.445467387340447e+05  5.703074113647881e+05  -2.044632313952308e+05  -3.016935892313543e+04  -4.326299275722102e+04  1.199572330825860e-02  3.675454613065523e-02  -4.382932412873266e-03
  5.699999999999996e+00  1.858596517271660e+05  -8.584531776132063e+05  5.471442449874276e+05  -2.768933402433223e+05  -4.826450442998302e+04  -6.415915049977857e+04  2.919131005789458e-02  2.839364234726021e-02  1.109268566043479e-02
  5.799999999999995e+00  6.815266664160398e+04  -5.507836717121754e+05  3.690967965778654e+05  -2.818161267661694e+05  -5.698316255446660e+04  -1.312446898464048e+05  4.634987755556742e-02  -4.144819625186001e-04  3.181327240722882e-02
  5.899999999999995e+00  3.905989125112531e+04  -2.410442689904130e+05  2.413558718813726e+05  -2.391532648238321e+05  -1.484807823983884e+04  -1.502261171892666e+05  5.071489701989229e-02  -2.538417186562882e-02  3.600125546575255e-02
  5.999999999999995e+00  9.483153705145400e+04  -8.877254011171317e+04  2.527840797854475e+05  -1.949018907698156e+05  5.129511320088573e+04  -1.161687749152057e+05  4.315142745809138e-02  -3.135545541001048e-02  2.075793745646543e-02
  6.099999999999994e+00  1.636035893927997e+05  -1.114517544083316e+05  3.289936233188482e+05  -1.716443538467946e+05  1.000226044321934e+05  -5.665832334289452e+04  3.234994311572741e-02  -2.202903224824958e-02  -1.675844769237023e-03
  6.199999999999994e+00  2.386868676471977e+05  -2.320548887703048e+05  3.366404673889192e+05  -1.435493985977138e+05  1.098869318975647e+05  1.726700435994643e+04  1.915680443458116e-02  -8.604687295416079e-03  -1.694719781680160e-02
  6.299999999999994e+00  3.758267296919199e+05  -3.789040800802918e+05  2.413759613725076e+05  -7.214516566421514e+04  8.120361842044140e+04  8.187791002807621e+04  -1.667285262216407e-03  3.590449210911022e-03  -1.602015388275711e-02
  6.399999999999993e+00  5.675217262811062e+05  -5.409396157453782e+05  1.510175770638387e+05  3.295520310362823e+04  3.359793740767983e+04  9.082320824641635e+04  -2.798465637811415e-02  1.746579810344766e-02  1.201239667701824e-03
  6.499999999999993e+00  6.990037773251076e+05  -7.246608249755623e+05  1.590411777308736e+05  1.007177119022356e+05  1.270760785809191e+04  3.535417934958101e+04  -4.457588431730266e-02  3.550437136288684e-02  2.219124716504436e-02
  6.599999999999993e+00  6.757830763461882e+05  -8.674924061490064e+05  2.281005867138751e+05  5.618835876372310e+04  5.724525744657176e+04  -1.499805527749586e+04  -3.527822716860056e-02  5.006502810018124e-02  2.881407778915089e-02
  6.699999999999992e+00  5.164075648317158e+05  -8.565490600962578e+05  2.506076215449497e+05  -1.141966557290677e+05  1.628541886964660e+05  3.339121600314305e+04  1.175971495980107e-03  4.869430457100981e-02  1.128363254864431e-02
  6.799999999999992e+00  3.233377508387019e+05  -6.416500474979237e+05  1.735855231259866e+05  -3.321792440389986e+05  2.879264314594633e+05  2.026400113343723e+05  4.870890437369590e-02  2.697155529590215e-02  -2.370078682918850e-02
  6.899999999999991e+00  2.065163189069264e+05  -3.317446986963026e+05  2.781549805254298e+04  -4.817434787534384e+05  3.764806523974244e+05  4.065939231810315e+05  8.339847016686454e-02  -3.398856694007830e-03  -5.596437297991674e-02
  6.999999999999991e+00  1.884233264578340e+05  -1.362502787640919e+05  -1.276667686047700e+05  -5.104091269144388e+05  3.901080656234492e+05  5.215218917910142e+05  9.161536765586371e-02  -2.203277804443900e-02  -6.879812824735605e-02
  7.099999999999991e+00  2.326981045045751e+05  -1.524674406806735e+05  -2.440774052079306e+05  -4.373474920192023e+05  3.330685959687320e+05  4.939420611882515e+05  7.595082239744655e-02  -2.087599387555847e-02  -6.110083879472021e-02
  7.199999999999990e+00  3.137598620145305e+05  -2.909898042344433e+05  -2.981885287365137e+05  -3.202993983182832e+05  2.445202763873520e+05  3.664903268657111e+05  4.849613104609923e-02  -9.113957562702049e-03  -4.168878269157664e-02
  7.299999999999990e+00  3.869192533779689e+05  -4.142553617867421e+05  -3.042442008950337e+05  -2.258214387566947e+05  1.760414890454051e+05  2.361906229005828e+05  2.574718513622732e-02  4.647257388352122e-04  -2.234038529415098e-02
  7.399999999999990e+00  3.996734098776085e+05  -4.569146712943082e+05  -2.838370045410512e+05  -1.887299319504988e+05  1.573965506446089e+05  1.787000779892579e+05  1.805807705966461e-02  2.345976760172432e-03  -1.127476742476600e-02
  7.499999999999989e+00  3.667037577727097e+05  -4.316307743397471e+05  -2.320814341332718e+05  -2.081887184509097e+05  1.781312442550570e+05  1.950537124988729e+05  2.223517258632380e-02  -3.439616067477571e-04  -9.229764967916812e-03
  7.599999999999989e+00  3.257576530404869e+05  -4.005252062744161e+05  -1.579359808055841e+05  -2.673918578041343e+05  2.109886801026703e+05  2.448401533201425e+05  3.007593216291993e-02  -1.265103278916488e-03  -1.419694566085598e-02
  7.699999999999989e+00  2.818499949777375e+05  -4.170745448177017e+05  -9.449803864257984e+04  -3.354835456507669e+05  2.424258925763541e+05  2.887801774861458e+05  3.536258787796664e-02  2.777639486715219e-03  -2.412379076166782e-02
  7.799999999999988e+00  2.254856418677965e+05  -4.788215112557361e+05  -5.468399852084451e+04  -3.690492103283088e+05  2.704433330395985e+05  3.065013058682155e+05  3.476712908233474e-02  9.540879867378962e-03  -3.563534603822555e-02
  7.899999999999988e+00  1.565516945759726e+05  -5.434149028556958e+05  -1.911678032662323e+04  -3.398635436352544e+05  2.808599826913821e+05  3.041343641199862e+05  2.870803981210224e-02  1.371913664839909e-02  -4.401752126270381e-02
  7.999999999999988e+00  1.049378051465095e+05  -5.618569317728293e+05  4.492712722235845e+04  -2.722814266804292e+05  2.527502333367413e+05  3.035774240363807e+05  2.089387728465559e-02  1.114101634252219e-02  -4.695651513492932e-02
  8.099999999999987e+00  6.643437964232192e+04  -5.161045290159402e+05  1.236763194014135e+05  -2.460780548619070e+05  1.743821099988999e+05  3.070117467698892e+05  2.056459727532715e-02  1.482549712945514e-03  -4.424452610712808e-02
  8.199999999999987e+00  -2.303349424721252e+04  -4.350323918154566e+05  1.526796394581968e+05  -3.177804218369432e+05  6.189571257673444e+04  2.884887878807540e+05  3.513483398142044e-02  -1.160434210116114e-02  -3.552959370889120e-02
  8.299999999999986e+00  -1.998945216852759e+05  -3.705393347487529e+05  1.028665511817045e+05  -4.568664703860546e+05  -4.024043737482150e+04  2.302985881339225e+05  6.072206451588498e-02  -2.193557274696804e-02  -2.195621269446883e-02
  8.399999999999986e+00  -4.230944974086704e+05  -3.676346635509417e+05  1.818809344141262e+04  -5.860860064723387e+05  -9.643624882673292e+04  1.523012253015428e+05  8.567011801900191e-02  -2.392768637385335e-02  -7.421788222279594e-03
  8.499999999999986e+00  -6.263140648197941e+05  -4.566870310137608e+05  -2.866316649364107e+04  -6.627612075328432e+05  -1.106203871700226e+05  8.565965117673117e+04  1.004515170503313e-01  -1.425596905164949e-02  3.660252156007641e-03
  8.599999999999985e+00  -7.033420422641509e+05  -5.723278242633690e+05  4.998094489147523e+04  -6.779299564577744e+05  -9.807257161073720e+04  6.305049202858162e+04  9.743500919514685e-02  3.440151516868935e-04  5.370253534763676e-03
  8.699999999999985e+00  -6.780369754308505e+05  -6.697598485869534e+05  2.063268763208968e+05  -6.720486701322250e+05  -9.401271526466956e+04  5.262105549701903e+04  8.390138613518036e-02  1.348204352493387e-02  1.951389354461848e-03
  8.799999999999985e+00  -6.319219237062300e+05  -7.282376669175045e+05  3.241212861661039e+05  -6.703924262796269e+05  -1.148755310797787e+05  9.656933054792533e+03  6.988205807826561e-02  2.087120858984489e-02  1.715519704421852e-03
  8.899999999999984e+00  -5.787160521289996e+05  -7.020298678103950e+05  3.737720822063840e+05  -6.551683030883910e+05  -1.382022006064890e+05  -4.998243632397112e+04  5.651577138359526e-02  1.828503972369773e-02  3.717354066880960e-03
  8.999999999999984e+00  -5.354964444316780e+05  -6.189040855733542e+05  3.595151196560368e+05  -6.271628498088194e+05  -1.556934117156433e+05  -9.618431610981646e+04  4.516242324336767e-02  9.906332574742759e-03  6.364556257715724e-03
  9.099999999999984e+00  -4.905738881549097e+05  -5.314495516189907e+05  3.244276662296751e+05  -6.018399699337565e+05  -1.694851877440292e+05  -1.111051649605170e+05  3.539885035910368e-02  2.602649596560224e-03  9.637263371348820e-03
  9.199999999999983e+00  -4.465024928347992e+05  -4.716977014705620e+05  3.049907111346962e+05  -5.863889121923866e+05  -1.787799316011604e+05  -1.114349267567569e+05  2.744007882728471e-02  -3.662423623657665e-04  1.467951975345455e-02
  9.299999999999983e+00  -4.127792605327017e+05  -4.461662519585426e+05  3.024727388559914e+05  -5.652584625231385e+05  -1.822765454768673e+05  -1.272910544342370e+05  1.995067689826657e-02  7.747225689638579e-04  2.245045428968187e-02
  9.399999999999983e+00  -3.839536409413965e+05  -4.524352248076654e+05  3.152647770057413e+05  -5.282885206924496e+05  -1.797824782137860e+05  -1.636769749230501e+05  1.031945663932092e-02  5.319417608302375e-03  3.128342623922534e-02
  9.499999999999982e+00  -3.491876813663620e+05  -4.778377116937895e+05  3.596798034206475e+05  -4.825423839339219e+05  -1.759132483082874e+05  -1.955250411334173e+05  -3.040062191331329e-04  1.170570478828669e-02  3.910587711833817e-02
  9.599999999999982e+00  -3.213042504049808e+05  -5.165913471110907e+05  4.234604683318433e+05  -4.489897359129364e+05  -1.747585972024280e+05  -1.975069172305454e+05  -7.165414290163602e-03  1.866821691926793e-02  4.548899870967730e-02
  9.699999999999982e+00  -3.144508043151898e+05  -5.601249366249199e+05  4.567079150584046e+05  -4.424924354844285e+05  -1.680751103299519e+05  -1.749217497936534e+05  -7.914267488629766e-03  2.517936097402380e-02  5.018733927299544e-02
  9.799999999999981e+00  -2.997216317627953e+05  -5.644154072115615e+05  4.279589880353112e+05  -4.405480608213910e+05  -1.459875599090560e+05  -1.651857777698995e+05  -7.985707171408958e-03  2.788919069828759e-02  5.292502985659353e-02
  9.899999999999981e+00  -2.534601547522623e+05  -4.947961003791624e+05  3.270949743675672e+05  -4.052845694713750e+05  -1.095565073663788e+05  -1.975076831175689e+05  -1.426396547124921e-02  2.380109378499996e-02  5.218421541012630e-02
  9.999999999999980e+00  -1.939885965483157e+05  -3.833940708736345e+05  1.695283357841776e+05  -3.353203794810637e+05  -6.920450543168453e+04  -2.607071279895822e+05  -2.578038815904776e-02  1.527403275305684e-02  4.692562598583300e-02
  1.009999999999998e+01  -1.560051020633979e+05  -3.072100280973439e+05  1.070592352742229e+04  -2.692100367249466e+05  -3.897208805537628e+04  -3.173150131753824e+05  -3.488221733293385e-02  8.529516072423089e-03  4.026879645806285e-02
  1.019999999999998e+01  -1.442893903655913e+05  -2.998116265460163e+05  -8.053130380280633e+04  -2.428227810834828e+05  -2.725051711988775e+04  -3.338600220002244e+05  -3.539801012141626e-02  6.432644332347425e-03  3.728789521133361e-02
  1.029999999999998e+01  -1.463880391139355e+05  -3.461891388753378e+05  -8.310374713043823e+04  -2.677221571618745e+05  -2.772393261475788e+04  -3.008995363912384e+05  -2.637703405407260e-02  8.405140165348395e-03  3.999730420467452e-02
  1.039999999999998e+01  -1.483296581050238e+05  -4.204901686994550e+05  -3.783224348412312e+04  -3.267824245923149e+05  -2.657162058128959e+04  -2.417740860537778e+05  -1.310741264977124e-02  1.311945057863628e-02  4.626024323905985e-02
  1.049999999999998e+01  -1.249484468950604e+05  -4.837292438381146e+05  5.921653704957278e+03  -3.810304291569839e+05  -2.362143793946469e+04  -1.897548061961767e+05  -4.207204808758028e-03  1.743402445890183e-02  5.304718296334460e-02
  1.059999999999998e+01  -6.665514699448820e+04  -5.028771918274148e+05  3.575746180848583e+04  -3.999232877018508e+05  -2.532119125030410e+04  -1.465356903664009e+05  -3.182762530343840e-03  1.786568034550448e-02  5.661334922754092e-02
  1.069999999999998e+01  3.124216748444379e+03  -4.856945224483057e+05  7.257771266501992e+04  -3.879154669070762e+05  -2.521196727271048e+04  -8.658922921192909e+04  -5.982811088342694e-03  1.444740465109276e-02  5.201599282857928e-02
  1.079999999999998e+01  6.944684924285123e+04  -4.623422336213158e+05  1.380793371108526e+05  -3.710284401113531e+05  -1.404592330936423e+04  5.438481449619004e+03  -8.386972290519813e-03  9.855988119572189e-03  3.751608155751666e-02
  1.089999999999998e+01  1.364533573932620e+05  -4.561382320535335e+05  2.189076269461600e+05  -3.677346828734930e+05  1.187478224762061e+03  1.104370724512696e+05  -9.727485826646273e-03  6.630797101490666e-03  1.886820387075566e-02
  1.099999999999998e+01  1.974849686698657e+05  -4.772388798416606e+05  2.762850318153322e+05  -3.784069209233217e+05  6.611276032713250e+03  1.912688440325268e+05  -1.029607058528337e-02  5.953066507316476e-03  4.755367679122357e-03
  1.109999999999998e+01  2.401413991049624e+05  -5.124190193774600e+05  2.934935657546258e+05  -3.899000402129052e+05  7.069494414573019e+03  2.387014370037068e+05  -1.055865085945066e-02  6.612826069811409e-03  -3.538482499905663e-03
  1.119999999999998e+01  2.567473367457889e+05  -5.391732454599207e+05  2.822825585551566e+05  -3.922944796891209e+05  2.441128245826362e+04  2.787359964722673e+05  -1.096437493151438e-02  6.811402746976544e-03  -1.293352839150372e-02
  1.129999999999998e+01  2.410660054899560e+05  -5.431570850992129e+05  2.623029965660923e+05  -3.868573923906757e+05  7.090165023649532e+04  3.325027799446755e+05  -1.150525217003749e-02  5.724696065699960e-03  -2.870090267630527e-02
  1.139999999999998e+01  2.003742121709314e+05  -5.168248557082686e+05  2.514790547257274e+05  -3.760303220867197e+05  1.368454239220764e+05  3.929883340035813e+05  -1.246362590799184e-02  2.732176070159048e-03  -4.807779528472731e-02
  1.149999999999998e+01  1.556675676828647e+05  -4.675340251678726e+05  2.526770549576497e+05  -3.607989276818112e+05  1.989352923010279e+05  4.364700325483224e+05  -1.387753322799791e-02  -1.929043164144697e-03  -6.265175551043745e-02
  1.159999999999997e+01  1.208129883588023e+05  -4.141700529169009e+05  2.538393128324817e+05  -3.439706223236609e+05  2.359543917227055e+05  4.449069734404885e+05  -1.467325413693329e-02  -6.915387991372747e-03  -6.550655272000359e-02
  1.169999999999997e+01  9.330962953865768e+04  -3.748157063794705e+05  2.466961135223889e+05  -3.331688675900644e+05  2.446620870324687e+05  4.244500728660789e+05  -1.336109828389558e-02  -1.019532845095312e-02  -5.747141399285707e-02
  1.179999999999997e+01  6.318791022160412e+04  -3.628526175788509e+05  2.358922923341792e+05  -3.376786354104726e+05  2.389362980656864e+05  3.963860324620452e+05  -9.713188713589522e-03  -9.583336446261154e-03  -4.583599004603438e-02
  1.189999999999997e+01  3.196595778146997e+04  -3.732405520746497e+05  2.305895152397075e+05  -3.527194049984603e+05  2.324317974066316e+05  3.743676837308820e+05  -5.405563114022323e-03  -5.717671871514111e-03  -3.750057135755510e-02
  1.199999999999997e+01  1.291670972290515e+04  -3.812239964956812e+05  2.299745273533463e+05  -3.569343480591213e+05  2.278282486181604e+05  3.587547703909372e+05  -2.501472405098515e-03  -3.188932137101965e-03  -3.440239319330778e-02
  1.209999999999997e+01  8.851488028896738e+03  -3.761207902622276e+05  2.230207431184627e+05  -3.372189259483285e+05  2.225249548701445e+05  3.499318981123171e+05  -1.594386241344761e-03  -5.750158202296367e-03  -3.508624277493867e-02
  1.219999999999997e+01  1.748466225874696e+04  -3.702308132844665e+05  2.053434428123665e+05  -3.039686748815293e+05  2.151842776330262e+05  3.532492657588092e+05  -2.722182212840795e-03  -1.246967934145971e-02  -3.781409085070002e-02
  1.229999999999997e+01  5.314975583273511e+04  -3.643515357146094e+05  1.940494252917875e+05  -2.725477928320720e+05  2.026832764215488e+05  3.647752628927780e+05  -7.336972098027393e-03  -2.030812760854808e-02  -4.021498973592526e-02
  1.239999999999997e+01  1.243785086278379e+05  -3.461854601552106e+05  2.060857387200710e+05  -2.454511872702607e+05  1.831034377203497e+05  3.713812287873478e+05  -1.619887115087610e-02  -2.716611597538778e-02  -4.035196422182235e-02
  1.249999999999997e+01  2.018164692026585e+05  -3.239441126169222e+05  2.257756728404567e+05  -2.189651304830224e+05  1.623998631986172e+05  3.668488962690380e+05  -2.650560567526032e-02  -3.138589957718504e-02  -3.923571052483813e-02
  1.259999999999997e+01  2.415531322072544e+05  -3.265090209266958e+05  2.152146235147456e+05  -1.959632809278948e+05  1.475854232690988e+05  3.527247677294287e+05  -3.381222355079696e-02  -3.123642654582002e-02  -3.907845180395439e-02
  1.269999999999997e+01  2.303683589888105e+05  -3.669947011763803e+05  1.490852507983031e+05  -1.831779187198465e+05  1.357460601092144e+05  3.250815067704511e+05  -3.656323227711029e-02  -2.656413836988071e-02  -3.975931225723019e-02
  1.279999999999997e+01  1.942097095181844e+05  -4.248905243767141e+05  3.804510183398401e+04  -1.804307155852464e+05  1.162692560435996e+05  2.741380983668026e+05  -3.722061835809783e-02  -2.003209972868823e-02  -3.874674467701425e-02
  1.289999999999997e+01  1.686993515274903e+05  -4.728812914983910e+05  -8.048805263739168e+04  -1.816680866255290e+05  8.556241150809207e+04  1.993920908975055e+05  -3.869214915779337e-02  -1.484622056880439e-02  -3.460220201489708e-02
  1.299999999999997e+01  1.666850690587182e+05  -5.059495218928761e+05  -1.717551659294604e+05  -1.820473387774897e+05  5.157871529714452e+04  1.147812046265952e+05  -4.128241864616666e-02  -1.194509197070063e-02  -2.856767565687698e-02
  1.309999999999997e+01  1.751822099327779e+05  -5.341028333376979e+05  -2.219158362234639e+05  -1.802735214317647e+05  2.327551413978754e+04  3.675014894754229e+04  -4.337955201950137e-02  -1.044468737590664e-02  -2.224180716569367e-02
  1.319999999999997e+01  1.735365367083710e+05  -5.613419584025402e+05  -2.337487758873552e+05  -1.769797921279270e+05  1.640442634350665e+03  -2.943756670284778e+04  -4.376361790015568e-02  -9.645348683708513e-03  -1.522966052735482e-02
  1.329999999999997e+01  1.498094718601154e+05  -5.825594643772877e+05  -2.139705086002125e+05  -1.741987834388805e+05  -1.942424645641064e+04  -8.927447932357204e+04  -4.254529432729066e-02  -9.546897952830400e-03  -6.021636415647322e-03
  1.339999999999997e+01  1.066950599390122e+05  -5.957465830476572e+05  -1.759440017167130e+05  -1.774530500156950e+05  -4.602370478084005e+04  -1.465850865701127e+05  -4.019335492930022e-02  -9.917323948779401e-03  5.165305536275527e-03
  1.349999999999997e+01  5.537672536130716e+04  -6.057410295631080e+05  -1.423408897880540e+05  -1.922345438530882e+05  -8.035130630500498e+04  -2.007076357570160e+05  -3.678767233179685e-02  -1.025220420621165e-02  1.618659437937867e-02
  1.359999999999997e+01  8.236284436901940e+03  -6.169103229314433e+05  -1.286576706132521e+05  -2.168262956469181e+05  -1.187972371702714e+05  -2.509781142287081e+05  -3.278190681422004e-02  -1.034670304288983e-02  2.493411789995059e-02
  1.369999999999997e+01  -2.721715545497092e+04  -6.295388777988696e+05  -1.239803589515050e+05  -2.437941696480079e+05  -1.535194260955699e+05  -2.962873787082598e+05  -2.913382221507311e-02  -1.015287363009043e-02  3.072987965815288e-02
  1.379999999999997e+01  -5.531578707628454e+04  -6.436994335453692e+05  -1.015530041713782e+05  -2.693898854745517e+05  -1.768836186428491e+05  -3.311994987535841e+05  -2.607573263469432e-02  -9.325420516989263e-03  3.385580332806097e-02
  1.389999999999997e+01  -8.858879729438854e+04  -6.604109879411366e+05  -4.905549062882917e+04  -2.970161064304245e+05  -1.851592590437122e+05  -3.476532798306585e+05  -2.248492512314170e-02  -7.474753514468314e-03  3.440678515198920e-02
  1.399999999999997e+01  -1.328083765336914e+05  -6.749706430683300e+05  2.045178951068436e+04  -3.294835451728117e+05  -1.807428936669457e+05  -3.433540791546025e+05  -1.704931379453836e-02  -5.110828480270127e-03  3.259683397869467e-02
  1.409999999999997e+01  -1.764970706804820e+05  -6.771235539307568e+05  8.323883791393593e+04  -3.615501650846086e+05  -1.705153915655171e+05  -3.257518308502400e+05  -1.018570052759749e-02  -3.434387513850747e-03  2.983072020190823e-02
  1.419999999999997e+01  -2.021001526419789e+05  -6.652260129145700e+05  1.251418458409638e+05  -3.845516571033288e+05  -1.611463195330945e+05  -3.061165956072438e+05  -3.803134928126887e-03  -2.806936385860043e-03  2.834574259170507e-02
  1.429999999999997e+01  -2.052416407389510e+05  -6.508940869925320e+05  1.459659940826636e+05  -3.949302803255456e+05  -1.556093924963306e+05  -2.908074013673983e+05  5.374139838867573e-04  -2.385362129252077e-03  2.932326422615887e-02
  1.439999999999996e+01  -1.957187767308139e+05  -6.439499285409406e+05  1.574229031441496e+05  -3.963980564607061e+05  -1.522953479549622e+05  -2.782467255797550e+05  2.645261233508134e-03  -1.464479948657776e-03  3.189812445075973e-02
  1.449999999999996e+01  -1.886104692802723e+05  -6.422317665320348e+05  1.752613666747331e+05  -3.958707297514167e+05  -1.461693844955582e+05  -2.614852977825923e+05  3.756084095003118e-03  -2.869882188620760e-04  3.380004421603870e-02
  1.459999999999996e+01  -1.954394888241558e+05  -6.377123488376334e+05  2.058323905738909e+05  -3.973022094550770e+05  -1.330913224487227e+05  -2.347009565409633e+05  5.446902604439949e-03  5.792106431380390e-04  3.313450311585143e-02
  1.469999999999996e+01  -2.156083781515117e+05  -6.265091437956485e+05  2.451719996130230e+05  -4.004955491274412e+05  -1.140689042184326e+05  -1.981678694823472e+05  8.343061405384168e-03  1.036506226108771e-03  2.982661572207890e-02
  1.479999999999996e+01  -2.374165309032137e+05  -6.115821043799450e+05  2.839150772358542e+05  -4.031057376401485e+05  -9.403548287066513e+04  -1.564073377719194e+05  1.211184782591770e-02  1.507111421084178e-03  2.527287284428290e-02
  1.489999999999996e+01  -2.481423210135880e+05  -5.980987794727252e+05  3.130865748408189e+05  -4.029955496933065e+05  -7.774671761885966e+04  -1.139443447423464e+05  1.617093654571388e-02  2.393937909301706e-03  2.129204312366191e-02
  1.499999999999996e+01  -2.442588489593251e+05  -5.884443512134176e+05  3.294429936065085e+05  -3.997702477766514e+05  -6.711846536941355e+04  -7.373698200495295e+04  2.014513104261017e-02  3.679624435552627e-03  1.906666792511897e-02
  1.509999999999996e+01  -2.342440788014545e+05  -5.812517228305207e+05  3.337371510439538e+05  -3.937403348606517e+05  -6.038590271882642e+04  -3.642889057303283e+04  2.373775519706574e-02  4.931556069545423e-03  1.818135319437992e-02
  1.519999999999996e+01  -2.290516489645787e+05  -5.732028886969999e+05  3.303578828022166e+05  -3.865734417691112e+05  -5.291280472822752e+04  -6.116537478716956e+02  2.637644311186317e-02  5.665859593003047e-03  1.688145244413592e-02
  1.529999999999996e+01  -2.305340783674123e+05  -5.607552895443254e+05  3.265305487405110e+05  -3.815271466974521e+05  -3.983256245885431e+04  3.440020511922383e+04  2.738708734363462e-02  5.756027088977531e-03  1.349216642178257e-02
  1.539999999999996e+01  -2.301501360512480e+05  -5.426196052054379e+05  3.258415129623328e+05  -3.815473509014475e+05  -2.063001331188863e+04  6.668165407893415e+04  2.648769179615166e-02  5.545511647234084e-03  8.045617303516772e-03
  1.549999999999996e+01  -2.174145721843567e+05  -5.205859128908432e+05  3.238226485122275e+05  -3.875695247933558e+05  -5.803855723061182e+02  9.316714961062201e+04  2.400446429288594e-02  5.537763343944203e-03  2.362839355892520e-03
  1.559999999999996e+01  -1.897684661852170e+05  -4.977387220827770e+05  3.095671073655260e+05  -3.962511945720775e+05  1.388948632787746e+04  1.126423866914574e+05  2.071434594343165e-02  5.882415119949369e-03  -1.852852603229740e-03
  1.569999999999996e+01  -1.540836195211443e+05  -4.779354260389830e+05  2.748208632194755e+05  -4.019329113144498e+05  2.083635683149001e+04  1.284592702526463e+05  1.747027793571033e-02  6.385295006428724e-03  -4.517941903073837e-03
  1.579999999999996e+01  -1.199031268664351e+05  -4.638335456317712e+05  2.238969357786071e+05  -4.011571087030022e+05  2.336837677064725e+04  1.456562259709072e+05  1.477103305742438e-02  6.811223409919102e-03  -6.797749147803684e-03
  1.589999999999996e+01  -9.302117898293171e+04  -4.563605014935404e+05  1.711070470920053e+05  -3.949656594641380e+05  2.631824984408665e+04  1.656856714733421e+05  1.260078914436515e-02  7.140626129905861e-03  -9.790602864839140e-03
  1.599999999999996e+01  -7.408002022558030e+04  -4.555910504244165e+05  1.295028876065061e+05  -3.878244229637679e+05  3.219762744229457e+04  1.845773527101922e+05  1.067238015146801e-02  7.532318088160610e-03  -1.347862687311832e-02
  1.609999999999996e+01  -6.127971462109848e+04  -4.600324370485272e+05  1.041208955643586e+05  -3.832392238360237e+05  3.992096723077140e+04  1.946728627051085e+05  8.911633942234943e-03  7.958556031354227e-03  -1.679674414644354e-02
  1.619999999999996e+01  -5.337826522457393e+04  -4.675051090184304e+05  9.266857429948186e+04  -3.812486995413872e+05  4.673257430332019e+04  1.902180353088437e+05  7.517356260716391e-03  8.082424950431780e-03  -1.847023160452066e-02
  1.629999999999996e+01  -4.947435068135236e+04  -4.764694854332489e+05  9.018173917144448e+04  -3.797988662888362e+05  5.052329771317506e+04  1.718210588445115e+05  6.506339290074052e-03  7.515966844922759e-03  -1.779180728041148e-02
  1.639999999999996e+01  -4.792406076503135e+04  -4.858073910925920e+05  9.271573235735662e+04  -3.778941768383316e+05  5.098324087128864e+04  1.465091097545029e+05  5.569180942835389e-03  6.209457674729369e-03  -1.501969856290434e-02
  1.649999999999996e+01  -4.686469642557124e+04  -4.937465096373311e+05  9.762069521859028e+04  -3.769343363411684e+05  4.902292323671669e+04  1.231563818872564e+05  4.327232112626886e-03  4.538150042230733e-03  -1.104301465061432e-02
  1.659999999999997e+01  -4.484408217057461e+04  -4.979186839861457e+05  1.018049161833603e+05  -3.784217442630384e+05  4.632459414715064e+04  1.065050496464196e+05  2.670156814758889e-03  3.075086264496500e-03  -6.856578152967846e-03
  1.669999999999997e+01  -4.012856181661748e+04  -4.960650815922612e+05  1.023779395304104e+05  -3.813775847523829e+05  4.427491334211748e+04  9.483114308747998e+04  5.970934576496377e-04  2.159286263412867e-03  -3.098867351229286e-03
  1.679999999999997e+01  -3.072059108001203e+04  -4.872202369586076e+05  9.773845874157510e+04  -3.824429337567096e+05  4.279042443439241e+04  8.237973719204057e+04  -1.991560933821211e-03  1.578631284070106e-03  6.794497717015965e-05
  1.689999999999997e+01  -1.643885864874617e+04  -4.738511802702082e+05  8.856883209876128e+04  -3.792596055461902e+05  4.105668710807690e+04  6.518638572253275e+04  -4.905100399772850e-03  9.509428167307523e-04  2.624499036530233e-03
  1.699999999999997e+01  -1.035202576854020e+03  -4.623100497735027e+05  7.918600362115061e+04  -3.737747454943137e+05  3.892153233383479e+04  4.570412200407178e+04  -7.355485409116814e-03  1.749313106024119e-04  4.396877090377007e-03
  1.709999999999997e+01  9.473374572999373e+03  -4.601859935018502e+05  7.612099693676279e+04  -3.709706367933248e+05  3.769612143773980e+04  3.135561251517089e+04  -8.312798306507599e-03  -4.680177190366269e-04  4.984694693730282e-03
  1.719999999999997e+01  1.188935464743845e+04  -4.707587702438906e+05  8.406305694979113e+04  -3.741912631005009e+05  3.892077295356063e+04  2.866131070283776e+04  -7.442700263492512e-03  -5.831187061764961e-04  4.118727355864837e-03
  1.729999999999998e+01  7.541484547767657e+03  -4.890108762526701e+05  1.029988671244282e+05  -3.817144511529179e+05  4.143191580777784e+04  3.704178193563491e+04  -5.577352714924061e-03  -2.063674268306930e-04  2.253222263205954e-03
  1.739999999999998e+01  8.770365343742901e+01  -5.057193087317299e+05  1.275617213623486e+05  -3.893033552272709e+05  4.245732533426298e+04  4.839310047219727e+04  -4.000486911355590e-03  4.400323105946978e-04  4.328305386623124e-04
  1.749999999999998e+01  -7.916428112928428e+03  -5.136032517621435e+05  1.507098288748268e+05  -3.947226535904050e+05  4.047761575568688e+04  5.309175943661010e+04  -3.536520482834901e-03  1.237194099458903e-03  -4.220622111578759e-04
  1.759999999999998e+01  -1.637582247767815e+04  -5.111778524396420e+05  1.678915769143694e+05  -3.988994215464164e+05  3.700656640008357e+04  4.706304824574717e+04  -4.158386466260842e-03  2.178825147304830e-03  -2.879501064022118e-04
  1.769999999999998e+01  -2.608184993354518e+04  -5.024491213830983e+05  1.766264649061584e+05  -4.037648911477297e+05  3.594875592501004e+04  3.473557066751398e+04  -5.246971360485192e-03  3.306074095687157e-03  -2.171051635721740e-04
  1.779999999999998e+01  -3.747036193197925e+04  -4.931263156983886e+05  1.762998493008413e+05  -4.088174115201559e+05  3.988615373018730e+04  2.491561594558963e+04  -6.226264657469271e-03  4.442518066430109e-03  -1.409179523151267e-03
  1.789999999999998e+01  -4.972990741626712e+04  -4.870913757126306e+05  1.688754460309758e+05  -4.114896352403638e+05  4.722143909490348e+04  2.333365508640146e+04  -6.793940940853867e-03  5.184458391069008e-03  -3.962764479523723e-03
  1.799999999999999e+01  -6.068818712404840e+04  -4.848298096585947e+05  1.578329673329819e+05  -4.095667036281647e+05  5.302553256642685e+04  2.825151864388963e+04  -6.907414275583277e-03  5.159203970594948e-03  -6.685788227412958e-03
  1.809999999999999e+01  -6.863971990154898e+04  -4.849461290204204e+05  1.450385835392279e+05  -4.020137211367204e+05  5.275636937564485e+04  3.321027288663862e+04  -6.632160869178294e-03  4.255305488749040e-03  -8.114666444450106e-03
  1.819999999999999e+01  -7.426128931822005e+04  -4.854747602155601e+05  1.300068958982984e+05  -3.893052837681472e+05  4.530921277914551e+04  3.300401515396148e+04  -5.919492557480636e-03  2.716575077675567e-03  -7.604516343184804e-03
  1.829999999999999e+01  -7.981728421354447e+04  -4.846197321529483e+05  1.119316914287928e+05  -3.726720195324178e+05  3.409195061684751e+04  2.778871395050855e+04  -4.724049975234366e-03  1.021645694384132e-03  -5.866243297465829e-03
  1.839999999999999e+01  -8.632825617724202e+04  -4.807896729742335e+05  9.344085913657186e+04  -3.539994942003622e+05  2.415329734813951e+04  2.203342028296940e+04  -3.095200389452763e-03  -4.165363768865703e-04  -4.176682202551490e-03
  1.849999999999999e+01  -9.268272926321480e+04  -4.730045954206348e+05  8.133244783719021e+04  -3.366934970581472e+05  1.823361999464319e+04  1.996166480610799e+04  -1.171682025204763e-03  -1.408771595418654e-03  -3.334144915870388e-03
  1.859999999999999e+01  -9.695993779837465e+04  -4.631777185696077e+05  8.041101194010317e+04  -3.243068331604624e+05  1.588924593312251e+04  2.240986083768298e+04  8.028144793639405e-04  -1.950672734518588e-03  -3.378418471582251e-03
  1.870000000000000e+01  -9.863283646499438e+04  -4.558778397360363e+05  9.010485513259354e+04  -3.191406000438494e+05  1.442461883559384e+04  2.676184998401995e+04  2.561473020143173e-03  -2.126830008111167e-03  -3.597764141422421e-03
  1.880000000000000e+01  -9.871958029160956e+04  -4.555595954356868e+05  1.060481025953192e+05  -3.211900702431558e+05  1.132464804807909e+04  2.879939273451532e+04  3.830716326789735e-03  -1.998930109187907e-03  -3.123097108302985e-03
  1.890000000000000e+01  -9.786201849862296e+04  -4.639168379516010e+05  1.233968255335083e+05  -3.278373962962010e+05  6.191928454673596e+03  2.574354604464876e+04  4.334724469714345e-03  -1.649726686879745e-03  -1.514753558861947e-03
  1.900000000000000e+01  -9.623165586948568e+04  -4.786144864017700e+05  1.401708842978046e+05  -3.355898758230953e+05  1.692117501366968e+02  1.815128212066908e+04  3.969296959050386e-03  -1.261620560726778e-03  1.042741187681891e-03
  1.910000000000000e+01  -9.370478064101152e+04  -4.949646616132839e+05  1.561132128633589e+05  -3.411600785319473e+05  -5.122493605067454e+03  9.051215505513906e+03  2.822263292476433e-03  -1.143335986627127e-03  3.753569355087149e-03
  1.920000000000000e+01  -9.020349734405499e+04  -5.086102862457635e+05  1.696360935206691e+05  -3.423345159155861e+05  -8.492647917804201e+03  2.147625404357721e+03  1.101882812350485e-03  -1.635552577623222e-03  5.669600009049207e-03
  1.930000000000000e+01  -8.523909956469219e+04  -5.165237413903863e+05  1.782914346483753e+05  -3.388973280248914e+05  -9.749114852735103e+03  -6.049248170210903e+02  -8.939539316719610e-04  -2.846194779137306e-03  6.293141565961539e-03
  1.940000000000001e+01  -7.810813982006680e+04  -5.179273463243234e+05  1.799911564999939e+05  -3.329150088473173e+05  -8.968337193620093e+03  3.969339364164110e+02  -2.768593475538964e-03  -4.513045013784826e-03  5.713807657743274e-03
  1.950000000000001e+01  -6.912765283976182e+04  -5.147077788526686e+05  1.745320952750020e+05  -3.282632161999561e+05  -5.960424885352534e+03  3.703631901608438e+03  -3.987645903181344e-03  -6.022556529173058e-03  4.383854128027709e-03
  1.960000000000001e+01  -6.047677273658406e+04  -5.108476726170261e+05  1.644671075264169e+05  -3.285823418449759e+05  -4.322028941391612e+02  7.997620581855259e+03  -4.112723065205588e-03  -6.728281618682273e-03  2.781181033763470e-03
  1.970000000000001e+01  -5.524043082165682e+04  -5.108325085538212e+05  1.537818672375800e+05  -3.352443482536918e+05  7.315375827008752e+03  1.248011895047041e+04  -3.116613888193838e-03  -6.327125109439623e-03  1.221707698224277e-03
  1.980000000000001e+01  -5.539208970992731e+04  -5.168660491274174e+05  1.459401490079035e+05  -3.465622909555888e+05  1.577609879524952e+04  1.687751268754020e+04  -1.438284140852169e-03  -4.978048304933699e-03  -1.081016601860743e-04
  1.990000000000001e+01  -6.162568023246609e+04  -5.269721705813924e+05  1.421785662837269e+05  -3.588854298743729e+05  2.249626631482918e+04  2.113536402829908e+04  3.209746230506395e-04  -3.256700315841612e-03  -1.054863153407091e-03
