TITLE = "Temporal Signal for receiver number 01556"
VARIABLES = "Time","xx","yy","zz","xy","yz","xz","u","v","w"
# x1       3.630946160000e+05
# x2       4.738184950000e+06
# x3       -3.000000000000e+03
  0.000000000000000e+00  0.000000000000000e+00  0.000000000000000e+00  0.000000000000000e+00  0.000000000000000e+00  0.000000000000000e+00  0.000000000000000e+00  0.000000000000000e+00  0.000000000000000e+00  0.000000000000000e+00
  1.000000000000000e-01  0.000000000000000e+00  0.000000000000000e+00  0.000000000000000e+00  0.000000000000000e+00  0.000000000000000e+00  0.000000000000000e+00  0.000000000000000e+00  0.000000000000000e+00  0.000000000000000e+00
  2.000000000000000e-01  0.000000000000000e+00  0.000000000000000e+00  0.000000000000000e+00  0.000000000000000e+00  0.000000000000000e+00  0.000000000000000e+00  0.000000000000000e+00  0.000000000000000e+00  0.000000000000000e+00
  3.000000000000000e-01  3.455230931523498e-09  3.618814673652417e-09  1.772161560338835e-08  -9.896196591241277e-09  9.067052541913638e-09  -3.492613082635669e-10  -1.797759239478865e-15  4.169497740398680e-16  1.788583424392996e-16
  4.000000000000000e-01  -1.835705744588083e-05  -1.202650431794813e-04  -3.488227003230163e-05  -7.008413499577964e-06  -3.385253152427201e-05  -1.356093899871965e-05  4.194932695457556e-12  1.182995544659009e-11  1.446642006583482e-12
  5.000000000000000e-01  1.319846096025592e-03  4.684135753501966e-03  1.679371101265362e-03  -4.719450104668009e-05  1.113543122605626e-03  2.365706107044885e-04  -1.208690515088111e-10  -4.330826453204927e-10  -5.719093246904676e-11
  6.000000000000000e-01  -3.496828731074975e-03  3.519099870223571e-02  -4.146067196384786e-03  5.364782840702202e-03  6.328255711369119e-03  1.019874655841644e-02  -2.646571091148658e-09  -3.710538482646816e-09  8.899371190488840e-10
  7.000000000000000e-01  -2.896074305688111e-02  2.600137347059241e-02  -3.809759584772784e-02  2.692058486980948e-02  -1.287754774742875e-02  2.726997816732366e-02  -7.771884844044244e-09  -3.608170830058881e-09  4.564029306894938e-09
  7.999999999999999e-01  7.482334150978531e-02  2.811393825487755e-01  -5.592676057227441e-02  -9.175775332376655e-03  -2.698981884196358e-02  1.817673845391542e-02  -5.441504999596660e-09  -2.554386336955907e-08  1.247377790279137e-08
  8.999999999999999e-01  4.655757742908716e-01  8.112474049234240e-01  3.271011302004631e-01  1.787479619929553e-02  9.637683435110489e-02  2.436527765426750e-02  1.111500477142686e-08  -5.769602597707658e-08  -3.121014947920637e-08
  9.999999999999999e-01  -2.790478820759667e+00  -8.569968580479804e+00  -2.531632226521311e+00  -3.423981662249433e-01  -1.957805761801728e+00  -2.310882127405724e-01  1.331707976231847e-07  7.508645720395675e-07  1.025230227223827e-07
  1.100000000000000e+00  1.337194459213627e+00  3.717993336161273e+00  -3.235901807720657e+00  4.129801348479474e-01  -2.667774058177845e+00  1.575152782017057e-01  4.050243085570969e-08  -2.326647147928693e-07  3.635574636350877e-07
  1.200000000000000e+00  5.442623773895225e+00  -6.745247702902265e+01  -8.991362379500905e-01  -6.440087449043109e+00  1.706840878192399e+00  -2.482241286120516e+00  1.253324713123680e-06  5.413463046945485e-06  -1.257117857072017e-06
  1.300000000000000e+00  -4.400232048059196e+02  -1.474149443098060e+03  -4.644032950667669e+02  -1.856451094674753e+01  -2.518509758354805e+02  6.129082589078329e+00  -1.610495209050649e-07  1.182645068777123e-04  2.718405390316912e-05
  1.400000000000000e+00  -4.899135114306270e+02  -3.025673048469042e+03  -6.918181583206431e+02  2.119978305226933e+02  -6.521774333252051e+02  5.486789291123438e+01  -2.975214587599663e-05  2.361833580894668e-04  6.088737076430289e-05
  1.500000000000000e+00  -1.986018454600413e+02  -3.920967521543963e+03  -3.439548710844831e+02  7.904083161008953e+02  -1.007657483335947e+03  1.516542965183911e+02  -9.538025858173287e-05  2.881312802695037e-04  7.750590091292354e-05
  1.600000000000000e+00  4.286973772848888e+02  -4.422287849576600e+03  3.746084499846268e+02  1.269288020372446e+03  -1.429946233290009e+03  1.502781076286610e+02  -1.332867567585001e-04  2.996430479305287e-04  8.687738274408270e-05
  1.700000000000000e+00  -4.156651481390357e+01  -7.662879273875412e+03  -7.659082186242294e+01  1.630464611804632e+03  -2.582558741925778e+03  7.589868861630636e+01  -1.384520021481819e-04  5.229892947147038e-04  1.918811484321529e-04
  1.800000000000000e+00  4.219965837172690e+01  -1.224265446816543e+04  5.417580957537892e+02  3.340406125777054e+03  -3.896133186453751e+03  4.290220118539744e+02  -3.316000275484994e-04  8.415239546536317e-04  2.288301360583659e-04
  1.900000000000001e+00  2.264470845148907e+02  -1.855164938260842e+04  7.535770317786669e+02  4.007271170334231e+03  -6.320978744397463e+03  8.259247714033452e+01  -3.218649598696301e-04  1.273312693413432e-03  3.671129458520902e-04
  2.000000000000000e+00  -3.732697948130589e+03  -3.559997499184387e+04  -4.108125404674337e+03  1.263785638483465e+03  -1.095777153289070e+04  -1.793062710060667e+03  2.510952792855236e-04  2.534900917522155e-03  8.755980941515507e-04
  2.100000000000001e+00  -1.474440063173990e+04  -8.622709844404172e+04  -1.638429215130298e+04  4.130865425416382e+02  -1.820451031902479e+04  -3.071590456872807e+03  5.070462550454784e-04  6.393821116221917e-03  1.561303583637893e-03
  2.200000000000001e+00  -3.510390651074926e+04  -2.049803717195173e+05  -4.032254087955896e+04  5.095460485715402e+03  -3.665289876828079e+04  -3.413655129214969e+03  -1.275161883437421e-04  1.545411878396324e-02  3.272267106864816e-03
  2.300000000000001e+00  -5.957612426460692e+04  -4.229070154598494e+05  -6.863656887938650e+04  2.042915021457981e+04  -6.464900226685457e+04  -7.751928963502412e+03  -2.298857417250322e-03  3.164263606653965e-02  5.405192568263647e-03
  2.400000000000001e+00  -8.037195564611800e+04  -7.410876196172973e+05  -1.083433208827200e+05  7.899258522932398e+03  -1.124381488659359e+05  -2.642090830687769e+04  -8.162307016927217e-05  5.479277385090978e-02  1.001173293160385e-02
  2.500000000000001e+00  -1.118092535156233e+05  -1.179944206759835e+06  -1.274496868585801e+05  1.026667965601487e+03  -1.624706117531228e+05  -5.729081458375377e+04  -1.577015521118463e-04  8.554389015379994e-02  1.497996271200894e-02
  2.600000000000001e+00  -1.025813162525068e+05  -1.753135835231280e+06  -7.496087765746991e+04  -3.410464562984210e+04  -1.005404862273924e+05  -1.204990618425602e+05  1.678270799322947e-03  1.232884888208663e-01  3.457064072735128e-03
  2.700000000000001e+00  -1.241133927027954e+05  -2.258873009807329e+06  -1.225685847735934e+05  -5.489948679987355e+05  -1.396686145798085e+05  -2.458033106607809e+05  6.261076208720077e-02  1.586154690484828e-01  1.258559724340640e-02
  2.800000000000001e+00  -6.737728625102654e+05  -2.183163158075247e+06  -3.333294798271290e+05  -1.579142008831228e+06  -6.025861583329396e+05  -4.160127315374106e+05  2.064061022718529e-01  1.492763459334316e-01  9.162070958908521e-02
  2.900000000000001e+00  -1.631614374676525e+06  -1.720392811866389e+06  -4.356335740872367e+05  -2.283694126028651e+06  -1.255056807802317e+06  -6.329720682265117e+05  3.175996505265555e-01  1.146600425955580e-01  2.030729147961889e-01
  3.000000000000001e+00  -2.191475066273177e+06  -1.550147581682465e+06  -3.803711799792204e+05  -2.242901339927982e+06  -1.546049219043904e+06  -8.535661917048509e+05  3.168883360896600e-01  1.082981078172302e-01  2.479442968693847e-01
  3.100000000000001e+00  -2.438036140067753e+06  -1.760638797314891e+06  -4.833032378186185e+05  -2.026243252014663e+06  -1.461430466212841e+06  -1.011868111036166e+06  2.905555292957563e-01  1.204424121138280e-01  2.285657347545330e-01
  3.200000000000002e+00  -2.629693904495294e+06  -1.930467023002818e+06  -6.931219756336495e+05  -1.976050693018212e+06  -1.300014349889354e+06  -1.038506022816571e+06  2.840933152708847e-01  1.242660258902790e-01  1.929358465181533e-01
  3.300000000000002e+00  -2.742309419925966e+06  -1.866303497659866e+06  -7.534400271013340e+05  -1.975124343659914e+06  -1.260353153289808e+06  -1.059486033145781e+06  2.812667222207726e-01  1.285811613577663e-01  1.758313059922123e-01
  3.400000000000002e+00  -2.210241450391832e+06  -1.711995360105107e+06  -5.549265870602521e+05  -2.063512435737408e+06  -1.291919553971603e+06  -1.173493264502442e+06  2.246518827349935e-01  1.459390285949342e-01  1.765119273450365e-01
  3.500000000000002e+00  -1.861735112216164e+06  -1.827617435478809e+06  -5.343724096417965e+05  -2.317099411850950e+06  -1.291938674179668e+06  -1.390756335564277e+06  1.823025092522107e-01  1.699249904254363e-01  1.868547899417516e-01
  3.600000000000002e+00  -1.499319394372914e+06  -2.182554548575908e+06  -8.973754124151689e+05  -2.430220739485681e+06  -1.309852688914411e+06  -1.312566679023672e+06  1.500866251457459e-01  1.706928024422853e-01  1.566618404282274e-01
  3.700000000000002e+00  -8.719328646815472e+05  -2.245656953071586e+06  -1.082658453471478e+06  -2.220903445966563e+06  -1.331637507526627e+06  -7.632881396654540e+05  1.097866877670632e-01  1.204047705925285e-01  5.034710441943147e-02
  3.800000000000002e+00  -5.056320138375989e+05  -2.105774061664287e+06  -9.194134866258283e+05  -2.030174094999318e+06  -1.330196369711558e+06  -2.634323413613274e+05  8.307753440932213e-02  7.422953484877881e-02  -3.657018179504309e-02
  3.900000000000002e+00  -4.425851553213176e+05  -1.994100167491414e+06  -6.876993515746216e+05  -1.985352165929685e+06  -1.268187875941169e+06  -7.435605717731485e+04  8.135133816296125e-02  4.998984790522894e-02  -5.552610311767264e-02
  4.000000000000002e+00  -4.867254282556079e+05  -1.882904488909654e+06  -6.419859650301173e+05  -1.969965350313161e+06  -1.112808179246519e+06  -8.764922335177171e+04  8.668410471048746e-02  3.146301769298829e-02  -4.744258899977970e-02
  4.100000000000001e+00  -5.619264012830993e+05  -1.861749335990174e+06  -8.376392794453509e+05  -1.966341524685089e+06  -9.112655641803140e+05  -1.291348479007783e+05  8.807892402037219e-02  2.101582642458532e-02  -4.817869490120506e-02
  4.200000000000001e+00  -6.004760883263219e+05  -1.998715327217815e+06  -1.112416248112138e+06  -1.944456332324727e+06  -6.325088694167743e+05  3.132502647007368e+04  8.279258498220025e-02  1.989563594614800e-02  -7.661830875705225e-02
  4.300000000000001e+00  -5.831116334015079e+05  -2.169887863338311e+06  -1.319928276733632e+06  -1.904624160703509e+06  -3.612070637374710e+05  3.341127323434608e+05  7.280504166126203e-02  2.368333766669546e-02  -1.172636794571660e-01
  4.400000000000000e+00  -6.017587855782891e+05  -2.330779798145575e+06  -1.505514825764303e+06  -1.946547850054798e+06  -2.634564136469300e+05  5.431307930125105e+05  6.918591532856008e-02  2.956501214491570e-02  -1.450726345666742e-01
  4.500000000000000e+00  -6.673392553947974e+05  -2.454852377286387e+06  -1.650188285208995e+06  -2.025394310339358e+06  -2.770171519250254e+05  5.788756905434203e+05  7.217038973757620e-02  3.971944970026909e-02  -1.490936090343697e-01
  4.600000000000000e+00  -7.233334830408866e+05  -2.506909685643880e+06  -1.836070789517936e+06  -2.047216233449550e+06  -2.387550601801883e+05  5.597722502133209e+05  7.412277909578222e-02  4.751880566862097e-02  -1.365587701057926e-01
  4.699999999999999e+00  -6.139683607122884e+05  -2.469053542651950e+06  -2.066169628424424e+06  -2.033368640427347e+06  -1.828493055478875e+05  6.384033464983674e+05  6.094031476198582e-02  4.049224605802859e-02  -1.191615975327612e-01
  4.799999999999999e+00  -3.819437531541940e+05  -2.346251886914128e+06  -2.264004335358758e+06  -2.005223180603270e+06  -1.396669193582274e+05  8.460639368607959e+05  3.769446291262912e-02  1.831961805350576e-02  -9.981974546641699e-02
  4.899999999999999e+00  -2.852870917417394e+05  -2.189433365212489e+06  -2.420017412411859e+06  -1.973378123595919e+06  -6.370150562990378e+04  1.057653656914839e+06  3.365916577782863e-02  1.369483986909462e-04  -7.298510277407684e-02
  4.999999999999998e+00  -2.891636826434848e+05  -2.097276448190248e+06  -2.444759062060474e+06  -1.976674926838242e+06  -1.451327761599763e+04  1.181299762164988e+06  3.881592619717687e-02  -8.603173928370480e-03  -4.252947765992053e-02
  5.099999999999998e+00  -2.448358600158094e+05  -2.146725429482484e+06  -2.402570194510581e+06  -2.015217819322910e+06  -7.337715303550410e+04  1.175548091039689e+06  2.971542103156945e-02  -1.535872342441660e-02  -1.893307486032132e-02
  5.199999999999998e+00  -1.535210567759460e+05  -2.245373360513738e+06  -2.350374613436066e+06  -2.025558940477675e+06  -1.618722513477927e+05  1.039582126253890e+06  8.563891203200596e-03  -2.247168073386410e-02  -2.639043532308542e-03
  5.299999999999997e+00  -1.042114903140461e+05  -2.311377487936744e+06  -2.222177484445024e+06  -2.003089456704349e+06  -2.218958548248732e+05  8.255454501905688e+05  -6.572842076184703e-03  -2.279731225676956e-02  1.487322840709365e-02
  5.399999999999997e+00  -8.966106909285199e+04  -2.345090509173619e+06  -1.981406885502173e+06  -2.009303296509166e+06  -2.651513697835942e+05  6.440328251062965e+05  -1.009010232723914e-02  -1.745738150015742e-02  2.960570403824175e-02
  5.499999999999996e+00  -1.274000852167849e+05  -2.371806499128077e+06  -1.739743977675401e+06  -2.057810325957126e+06  -3.036828005595106e+05  5.826644139107330e+05  -5.138519120020268e-03  -1.955065135026372e-02  2.939406113508825e-02
  5.599999999999996e+00  -1.674422822920370e+05  -2.369142638698218e+06  -1.622835071033674e+06  -2.122296784695927e+06  -3.726105920964131e+05  6.001305852169374e+05  5.408486813590375e-03  -3.050316347813629e-02  2.239596578416515e-02
  5.699999999999996e+00  -1.924003152446094e+05  -2.392579784927810e+06  -1.625041286131277e+06  -2.184566995052271e+06  -4.343955850879961e+05  5.780416018015991e+05  2.076849280161289e-02  -3.621664007865412e-02  1.925776482967120e-02
  5.799999999999995e+00  -3.009411377979412e+05  -2.467053165996923e+06  -1.579797654201245e+06  -2.132982001973629e+06  -3.727945918510660e+05  5.411879986186437e+05  2.367873712495767e-02  -3.551930594290010e-02  4.642415971004717e-03
  5.899999999999995e+00  -5.342198560603320e+05  -2.563818107172218e+06  -1.441170094364768e+06  -1.891676630707267e+06  -2.085428394413231e+05  5.810073884124684e+05  -5.037271843111516e-03  -2.744847251145355e-02  -2.876454548830585e-02
  5.999999999999995e+00  -7.077428824096342e+05  -2.599259061765950e+06  -1.341292764758751e+06  -1.609826943348415e+06  -1.042112440610209e+05  6.484725225556770e+05  -4.871518083022348e-02  -1.708137230173564e-02  -5.258473005137339e-02
  6.099999999999994e+00  -8.665385146233458e+05  -2.552042416089830e+06  -1.327555149229217e+06  -1.544756500937937e+06  -1.412500011389511e+05  6.517934012360845e+05  -5.364043344985441e-02  -1.215665255121070e-02  -4.576903681163487e-02
  6.199999999999994e+00  -1.073565551786556e+06  -2.488658067426023e+06  -1.338803627423366e+06  -1.686347343330671e+06  -2.509641450049746e+05  5.907103518323499e+05  -1.879851466408817e-02  -9.129552628869273e-03  -2.749577572393275e-02
  6.299999999999994e+00  -1.257236557013244e+06  -2.434163175392041e+06  -1.343570258903761e+06  -1.833189679211613e+06  -3.113575236846306e+05  5.500456478255710e+05  1.526551988243379e-02  -3.295489973719414e-03  -2.120822953877824e-02
  6.399999999999993e+00  -1.343623348632908e+06  -2.352209388559396e+06  -1.350858468774982e+06  -1.885207718135749e+06  -3.070896813442690e+05  5.741751046555178e+05  2.839517017861563e-02  -2.467286295318888e-04  -2.750615718226185e-02
  6.499999999999993e+00  -1.438701291024455e+06  -2.286588831678504e+06  -1.366125712724339e+06  -1.903219318680121e+06  -3.019236601202855e+05  6.102567805735326e+05  3.603953015426233e-02  1.042428835331515e-03  -3.407268622223290e-02
  6.599999999999993e+00  -1.585250461699489e+06  -2.239593532000675e+06  -1.341790340787169e+06  -1.949221380328273e+06  -3.205286310148336e+05  5.999769186012781e+05  4.993126738445172e-02  7.056317672302784e-03  -3.119178143802249e-02
  6.699999999999992e+00  -1.713433116240266e+06  -2.178956130186419e+06  -1.279545314498773e+06  -2.003373368083813e+06  -3.592604904798013e+05  5.278804752493456e+05  6.439328350397149e-02  1.482993599623146e-02  -1.705698531539676e-02
  6.799999999999992e+00  -1.771160884610767e+06  -2.109085308660780e+06  -1.211146152746353e+06  -2.024137885946118e+06  -4.320452069254228e+05  3.961485870259530e+05  7.161366875616351e-02  1.459859785582610e-02  4.757106683273956e-03
  6.899999999999991e+00  -1.790187108135460e+06  -2.051414124341657e+06  -1.142466819840267e+06  -2.025614035111522e+06  -5.349264428151344e+05  2.323317290756967e+05  7.326362717516928e-02  5.086963373421517e-03  2.756549186282244e-02
  6.999999999999991e+00  -1.808939945950059e+06  -1.990772821790098e+06  -1.043008688899357e+06  -2.033539147889945e+06  -6.363346219312580e+05  9.671401455984969e+04  7.447095603078632e-02  -5.932639021397737e-03  4.585728486714443e-02
  7.099999999999991e+00  -1.882840982645796e+06  -1.959954711056978e+06  -9.283397284181811e+05  -2.047557608064427e+06  -7.267863870486079e+05  4.366478780901291e+03  7.936550396892109e-02  -8.901971785127701e-03  5.972927975436098e-02
  7.199999999999990e+00  -1.992458026384202e+06  -1.968830950773212e+06  -8.071219465542843e+05  -2.055414088769025e+06  -8.035336226634863e+05  -7.873023448787628e+04  8.499350415290058e-02  -3.420932253703174e-03  7.392652603480618e-02
  7.299999999999990e+00  -2.115734929259410e+06  -2.024816840911699e+06  -7.308910080318856e+05  -2.061315972000101e+06  -8.527426385989886e+05  -1.645833225971274e+05  8.934564051330658e-02  3.168204007363104e-03  8.640801150454565e-02
  7.399999999999990e+00  -2.302666698632573e+06  -2.143673601905951e+06  -7.268711354163614e+05  -2.090297443180220e+06  -8.640157113958531e+05  -2.196312364125713e+05  9.827212132347767e-02  7.300757514313631e-03  8.662781116996186e-02
  7.499999999999989e+00  -2.490654694645268e+06  -2.240324106177393e+06  -7.044091959434006e+05  -2.138460652865354e+06  -8.580143865615745e+05  -2.203109787795238e+05  1.090431954324966e-01  9.297304401082333e-03  7.547632894963759e-02
  7.599999999999989e+00  -2.604690993886441e+06  -2.251816559604079e+06  -6.713014170892597e+05  -2.177614925351545e+06  -8.857863979654243e+05  -2.382962642503482e+05  1.141069807425754e-01  1.066548710351539e-02  7.003051820030666e-02
  7.699999999999989e+00  -2.647135755187620e+06  -2.188231518759388e+06  -6.801121276269986e+05  -2.166964339857962e+06  -9.410036070314174e+05  -3.264477254215235e+05  1.076614105639579e-01  1.074856363979795e-02  7.650920843303048e-02
  7.799999999999988e+00  -2.678268876034810e+06  -2.127240604873088e+06  -7.421555486720881e+05  -2.098305564016038e+06  -9.787124516030254e+05  -4.375406428635334e+05  9.100682868938537e-02  1.138724044901994e-02  8.196343349868403e-02
  7.899999999999988e+00  -2.646962318635370e+06  -2.080724807669201e+06  -7.216857627500674e+05  -2.010834671824916e+06  -9.787770565633108e+05  -4.687517896859375e+05  6.807961110166147e-02  1.278007186456016e-02  7.136631219222098e-02
  7.999999999999988e+00  -2.502150243102672e+06  -1.998041492682893e+06  -5.524975972622994e+05  -1.959653845918725e+06  -9.697928060100965e+05  -3.936133840048003e+05  4.801770468972601e-02  1.097937298305743e-02  5.078512855895128e-02
  8.099999999999987e+00  -2.405827233544186e+06  -1.905710301651802e+06  -4.180553000649025e+05  -1.965225979763139e+06  -9.752500245856362e+05  -3.252077784189132e+05  4.646839189574658e-02  4.501944161092728e-03  4.296679123342680e-02
  8.199999999999987e+00  -2.388822339173255e+06  -1.855535318928587e+06  -4.211513868145176e+05  -2.005426801545094e+06  -9.947086678544363e+05  -2.957597328819006e+05  5.227215110783452e-02  -5.781103557774793e-04  4.833632505654328e-02
  8.299999999999986e+00  -2.358986010622204e+06  -1.837816819535074e+06  -4.945435459360814e+05  -2.032099713544458e+06  -9.883652718173889e+05  -2.518223581179839e+05  4.851636301596663e-02  -2.194363408409561e-03  4.887755759692818e-02
  8.399999999999986e+00  -2.361260573686010e+06  -1.869943646886890e+06  -6.076336638846420e+05  -2.054703408624630e+06  -9.611565763672628e+05  -1.958620006836453e+05  4.188553840421103e-02  1.560755299372591e-03  4.068046511699943e-02
  8.499999999999986e+00  -2.344335465440595e+06  -1.900687448232108e+06  -6.866495147067823e+05  -2.064517578887370e+06  -9.401606861382521e+05  -1.590723380676493e+05  3.188594218003549e-02  5.860734080696955e-03  3.228381152149144e-02
  8.599999999999985e+00  -2.253558854750088e+06  -1.900855818689300e+06  -7.225254149450549e+05  -2.046847967241630e+06  -9.305529202390709e+05  -1.577413720565690e+05  1.478361888431899e-02  6.528292050275086e-03  2.891329970556415e-02
  8.699999999999985e+00  -2.147225696993043e+06  -1.895581111451292e+06  -7.470949030667370e+05  -2.024133746394573e+06  -9.160000464017902e+05  -1.686141669875070e+05  -2.404569788740085e-03  5.843855203448276e-03  2.942320986158441e-02
  8.799999999999985e+00  -2.050029136643385e+06  -1.900027102847264e+06  -7.652583291052489e+05  -2.009175104967945e+06  -8.919724292217722e+05  -1.714647711947541e+05  -1.331708999298496e-02  7.507595296339585e-03  3.409756088811278e-02
  8.899999999999984e+00  -1.961378485920761e+06  -1.914826448586314e+06  -7.543243937721569e+05  -2.012529620266740e+06  -8.559577305544991e+05  -1.520741613645708e+05  -1.638243577589141e-02  1.413516078282627e-02  3.664790181465594e-02
  8.999999999999984e+00  -1.881037852524496e+06  -1.941791972623431e+06  -7.325439522837406e+05  -2.024107557889120e+06  -8.006303477355781e+05  -9.493642110362540e+04  -1.566693676255010e-02  2.284228693548836e-02  3.300063951012014e-02
  9.099999999999984e+00  -1.771687695955387e+06  -1.961213992755549e+06  -7.266936850066499e+05  -2.020711916676659e+06  -7.416085849546173e+05  -1.523875034525174e+04  -2.063957006191179e-02  2.784059339518877e-02  2.892832631662621e-02
  9.199999999999983e+00  -1.691289750845884e+06  -1.978892218797652e+06  -6.784453376284470e+05  -2.040455191818538e+06  -7.062462726971111e+05  5.521178863940483e+04  -2.707274671022275e-02  3.076633290243085e-02  2.321559243304449e-02
  9.299999999999983e+00  -1.717663135389311e+06  -2.023526818981994e+06  -5.493059565366561e+05  -2.114888946978935e+06  -6.622695900318492e+05  1.607189208270648e+05  -2.369385714919300e-02  3.575174253034079e-02  3.962353345185397e-03
  9.399999999999983e+00  -1.785298497721302e+06  -2.090650202213509e+06  -5.137623836836314e+05  -2.182930318241530e+06  -5.737915325541962e+05  3.206129112198185e+05  -1.486956977150091e-02  3.945148997161444e-02  -2.143982192105006e-02
  9.499999999999982e+00  -1.747185301907761e+06  -2.095338874037245e+06  -6.444508788287489e+05  -2.171746643818253e+06  -4.928255547113945e+05  4.295427730166879e+05  -1.552815244434879e-02  3.289655136960187e-02  -2.276307991207057e-02
  9.599999999999982e+00  -1.629058346000768e+06  -2.024960623053594e+06  -8.564133228466224e+05  -2.099985347444863e+06  -4.637099734290930e+05  4.327201032198120e+05  -2.454658438670676e-02  1.747463046506170e-02  -4.926420964903378e-03
  9.699999999999982e+00  -1.563707668689719e+06  -1.950694843333105e+06  -9.996331316125304e+05  -2.063189585322550e+06  -4.739286221725223e+05  3.987753642833104e+05  -2.722713992048058e-02  6.131737926137624e-03  4.960703662844413e-03
  9.799999999999981e+00  -1.569976516650586e+06  -1.901128828739545e+06  -1.007539112295112e+06  -2.095586313241631e+06  -4.813068444997726e+05  4.048884115422151e+05  -2.068404576433646e-02  5.830255767584923e-03  1.825637242212889e-04
  9.899999999999981e+00  -1.609282258055368e+06  -1.877971316046446e+06  -9.928904299624893e+05  -2.135325976957874e+06  -4.576458939743414e+05  4.440814873829004e+05  -1.437398031259247e-02  1.077025225958572e-02  -1.190532959068036e-02
  9.999999999999980e+00  -1.630590722053845e+06  -1.861308956846181e+06  -1.024599409834427e+06  -2.123932322858260e+06  -4.328913867271566e+05  4.744675262239003e+05  -1.501741369652130e-02  1.211204814086661e-02  -2.396597901424916e-02
  1.009999999999998e+01  -1.607090554295208e+06  -1.835401278325694e+06  -1.105641746236431e+06  -2.078548428971685e+06  -4.376289907243839e+05  4.796671736673720e+05  -2.153107584305190e-02  9.106014056101891e-03  -3.235534728679577e-02
  1.019999999999998e+01  -1.550179535219235e+06  -1.786339038540297e+06  -1.212906401633520e+06  -2.063555393602601e+06  -4.596823178559406e+05  4.465533005158582e+05  -2.727145731497950e-02  7.109648565842652e-03  -3.254787757900090e-02
  1.029999999999998e+01  -1.524352020339798e+06  -1.742060802704403e+06  -1.282628591961014e+06  -2.095043661180091e+06  -4.748718456015029e+05  3.894653624375535e+05  -2.540006309448778e-02  7.362282736409309e-03  -2.713393291599425e-02
  1.039999999999998e+01  -1.565876611670588e+06  -1.761700268461742e+06  -1.265876042502494e+06  -2.116239679471493e+06  -4.823130764921403e+05  3.822986795317884e+05  -1.751690004628060e-02  4.895073260793038e-03  -2.828707832262502e-02
  1.049999999999998e+01  -1.622961898519601e+06  -1.852152307170457e+06  -1.214879261470008e+06  -2.068601462448141e+06  -4.976676087431712e+05  4.623858415689178e+05  -1.035930358162128e-02  -4.366866644335319e-03  -4.166779078597601e-02
  1.059999999999998e+01  -1.635222345131866e+06  -1.956901498741815e+06  -1.206417288504816e+06  -1.966709529340127e+06  -5.231949984854994e+05  5.638016476812281e+05  -7.684742611228953e-03  -1.734420514947571e-02  -5.654047323779382e-02
  1.069999999999998e+01  -1.617713704170007e+06  -2.016564863316758e+06  -1.216602050426564e+06  -1.883178410438736e+06  -5.427070277561287e+05  6.034611446875606e+05  -8.173935680127749e-03  -2.575822845529761e-02  -5.984242401343284e-02
  1.079999999999998e+01  -1.620398350162448e+06  -2.018664284179489e+06  -1.202813459091162e+06  -1.869438342316672e+06  -5.490455839282358e+05  5.806023011274338e+05  -8.957183851203938e-03  -2.448972071127013e-02  -5.303487465822018e-02
  1.089999999999998e+01  -1.650395982807565e+06  -2.003648969143396e+06  -1.214501682064569e+06  -1.909967571731418e+06  -5.503176683358663e+05  5.489674309044981e+05  -8.554548820786901e-03  -1.692494104196921e-02  -4.566602497419631e-02
  1.099999999999998e+01  -1.670037627681333e+06  -2.007647815686743e+06  -1.280011842107431e+06  -1.956739431748111e+06  -5.555013025309189e+05  5.314332934610742e+05  -7.996297346144718e-03  -9.471707324857357e-03  -4.140524735842965e-02
  1.109999999999998e+01  -1.649022280205840e+06  -2.019804179770594e+06  -1.320250505828203e+06  -1.978422880201282e+06  -5.681850304622948e+05  5.110778700129230e+05  -8.731208412553908e-03  -4.993216757894665e-03  -3.809011311340856e-02
  1.119999999999998e+01  -1.601450800637843e+06  -2.021811691800344e+06  -1.276370053765633e+06  -1.968116535626441e+06  -5.847021437641899e+05  4.719142604738923e+05  -1.169612861862609e-02  -3.690242321799979e-03  -3.408647704693300e-02
  1.129999999999998e+01  -1.579694328074634e+06  -2.026020669801824e+06  -1.190662042926076e+06  -1.936623980354726e+06  -5.972708180256658e+05  4.156745850221182e+05  -1.595746854195071e-02  -4.708483598503943e-03  -2.869292776075559e-02
  1.139999999999998e+01  -1.607817994806146e+06  -2.042913142935647e+06  -1.116567109666498e+06  -1.907893467188432e+06  -6.004175636614511e+05  3.552645350633338e+05  -1.949131881824788e-02  -5.573927162283462e-03  -2.142807159124965e-02
  1.149999999999998e+01  -1.653847624070791e+06  -2.054232887694681e+06  -1.059652317359204e+06  -1.902232779844512e+06  -6.009848986629582e+05  3.007146478319346e+05  -2.142333730553281e-02  -4.370890106441512e-03  -1.190718281949670e-02
  1.159999999999997e+01  -1.675752539746859e+06  -2.036629246246969e+06  -1.017020342368535e+06  -1.924032298167535e+06  -6.112925215686867e+05  2.536658923503537e+05  -2.179010652235530e-02  -1.449554354917177e-03  -1.498945370478323e-03
  1.169999999999997e+01  -1.670493168191484e+06  -2.000052757085921e+06  -9.982360552612564e+05  -1.964494152181877e+06  -6.326077454785954e+05  2.123408124070974e+05  -2.099325850257843e-02  1.671257489329216e-03  5.994827060745308e-03
  1.179999999999997e+01  -1.676850825219417e+06  -1.987059498936725e+06  -1.000595290284480e+06  -2.007391974251799e+06  -6.550425200348754e+05  1.708234640917298e+05  -1.933786436585448e-02  3.818716088781606e-03  8.569441882242684e-03
  1.189999999999997e+01  -1.726576973718100e+06  -2.017594472320308e+06  -9.976032472862380e+05  -2.040297771767031e+06  -6.673723103318433e+05  1.252628696754158e+05  -1.673723240203633e-02  5.188365653032497e-03  8.230872820566547e-03
  1.199999999999997e+01  -1.805157769114780e+06  -2.064853182324846e+06  -9.711262038076865e+05  -2.060839052487793e+06  -6.674779198250765e+05  8.749158492873231e+04  -1.365512592112729e-02  6.398324054109674e-03  6.995967557709779e-03
  1.209999999999997e+01  -1.862945947796089e+06  -2.095929153541881e+06  -9.366738326455901e+05  -2.070142619758691e+06  -6.659721938803556e+05  7.354000172321925e+04  -1.191153258837769e-02  6.470806191578010e-03  4.643820268763777e-03
  1.219999999999997e+01  -1.868472536674420e+06  -2.107255414601233e+06  -9.219198129287359e+05  -2.069604259361138e+06  -6.734632988552073e+05  7.465445430437216e+04  -1.286074088434384e-02  4.151494267009018e-03  1.550752686096383e-03
  1.229999999999997e+01  -1.839353602373027e+06  -2.113153934731962e+06  -9.309449080875262e+05  -2.063260821747936e+06  -6.846624771254527e+05  6.033063378066917e+04  -1.567166196202037e-02  8.892279441615620e-04  3.305075522559200e-04
  1.239999999999997e+01  -1.809612984038517e+06  -2.121088984483680e+06  -9.436246291085898e+05  -2.053329054292247e+06  -6.860521095260103e+05  1.785566402801473e+04  -1.788547969476760e-02  -9.954575884690703e-04  2.795501383194604e-03
  1.249999999999997e+01  -1.797226346597542e+06  -2.125178438678316e+06  -9.484098285697835e+05  -2.038579438278789e+06  -6.765892262506189e+05  -3.176692079163645e+04  -1.674390583567533e-02  -1.843770380257232e-03  7.724485228417092e-03
  1.259999999999997e+01  -1.805477363727774e+06  -2.114002106058483e+06  -9.543351814393447e+05  -2.022779381309079e+06  -6.690238547137255e+05  -6.184213633264374e+04  -1.153593695272135e-02  -3.475314346473037e-03  1.279487282955831e-02
  1.269999999999997e+01  -1.832969186557120e+06  -2.091654601983589e+06  -9.763916430081414e+05  -2.014654766846176e+06  -6.738334310172637e+05  -7.096710079623753e+04  -5.101710037161955e-03  -6.184573380564127e-03  1.637103500140857e-02
  1.279999999999997e+01  -1.870114852590310e+06  -2.081380064584844e+06  -1.013482513857882e+06  -2.018139126255623e+06  -6.899244159835464e+05  -7.842001152881482e+04  -1.532651800979753e-03  -8.682727813570757e-03  1.754497316779620e-02
  1.289999999999997e+01  -1.895783153876138e+06  -2.094308540624495e+06  -1.039100832673037e+06  -2.030585934475031e+06  -7.089107913465985e+05  -9.350604384143376e+04  -2.298945925907462e-03  -1.015087332513102e-02  1.628432453222900e-02
  1.299999999999997e+01  -1.904833053429241e+06  -2.118003099935757e+06  -1.034701566099512e+06  -2.045520384522366e+06  -7.239383702348426e+05  -1.072584205093564e+05  -5.085575704207177e-03  -1.137299327151155e-02  1.427014810847885e-02
  1.309999999999997e+01  -1.916713040474803e+06  -2.135976448544902e+06  -1.014906814625185e+06  -2.053266440380449e+06  -7.318538914684290e+05  -1.125201880696804e+05  -6.973285224472501e-03  -1.330813214396469e-02  1.425681109117535e-02
  1.319999999999997e+01  -1.937608287740225e+06  -2.137728738532615e+06  -1.001652230828323e+06  -2.047900151870869e+06  -7.301915965233237e+05  -1.102940208431833e+05  -7.151393878470338e-03  -1.506334070508331e-02  1.720721208521489e-02
  1.329999999999997e+01  -1.950021022930102e+06  -2.123540278218486e+06  -1.000241751871825e+06  -2.035101267790416e+06  -7.190669424906388e+05  -9.778128389573689e+04  -5.528201292001108e-03  -1.464227255929289e-02  2.076348000722662e-02
  1.339999999999997e+01  -1.945225709454651e+06  -2.109453416935944e+06  -1.004115212049347e+06  -2.026502767476423e+06  -7.049441384938142e+05  -6.746604565308934e+04  -1.683099616665183e-03  -1.159564837647226e-02  2.120918726210820e-02
  1.349999999999997e+01  -1.934272111115990e+06  -2.111926024643017e+06  -1.004211612273629e+06  -2.029298468071343e+06  -6.958693157114872e+05  -2.148874000233315e+04  3.192921233940247e-03  -7.526120939383718e-03  1.715575527213584e-02
  1.359999999999997e+01  -1.928605560276186e+06  -2.126911932494976e+06  -9.978251986313090e+05  -2.043694671448499e+06  -6.921492787447851e+05  2.213236264863920e+04  5.859920091212925e-03  -4.403942113110511e-03  1.133046026852686e-02
  1.369999999999997e+01  -1.926700991658316e+06  -2.135252959295055e+06  -9.905730261826643e+05  -2.064005518734750e+06  -6.878656991323162e+05  4.632155386700510e+04  4.287891572893088e-03  -3.310752684905086e-03  7.854940251329030e-03
  1.379999999999997e+01  -1.921663814976628e+06  -2.128457060092376e+06  -9.878847856092644e+05  -2.080115775421410e+06  -6.814061811417035e+05  5.339636773239397e+04  1.056188446911627e-04  -3.962291512689386e-03  7.786770504092052e-03
  1.389999999999997e+01  -1.915029049158622e+06  -2.118791746518570e+06  -9.908304612533806e+05  -2.083163531094357e+06  -6.781756956666700e+05  5.874476876554457e+04  -3.089616578452121e-03  -5.006538753814512e-03  8.578944588371194e-03
  1.399999999999997e+01  -1.912247415058678e+06  -2.118406416672182e+06  -9.971931779876343e+05  -2.073135590284129e+06  -6.820624415061298e+05  7.216991318823195e+04  -3.184883617192334e-03  -5.364433603116583e-03  7.929231647092859e-03
  1.409999999999997e+01  -1.908960796902156e+06  -2.120558785753191e+06  -1.002819748699516e+06  -2.059875170627416e+06  -6.882178396198398e+05  9.237550306062990e+04  -8.874507478253648e-04  -5.005079996563583e-03  6.296944435864898e-03
  1.419999999999997e+01  -1.898276850680619e+06  -2.114013829028361e+06  -1.006575169662533e+06  -2.054451533449571e+06  -6.863437110146153e+05  1.138189111278722e+05  1.876118333662344e-03  -4.264440130296212e-03  5.235135299043612e-03
  1.429999999999997e+01  -1.884592955888445e+06  -2.104077535545902e+06  -1.009449141687414e+06  -2.059093219992301e+06  -6.715148713842478e+05  1.304092644611039e+05  3.737355807488674e-03  -3.202554735024571e-03  5.454944889653471e-03
  1.439999999999996e+01  -1.875484139412781e+06  -2.103318033379673e+06  -1.006667882363939e+06  -2.067139572287819e+06  -6.506942071667238e+05  1.351731868417710e+05  3.996566870714397e-03  -1.823198399383816e-03  6.740592813561855e-03
  1.449999999999996e+01  -1.870316944655337e+06  -2.110767336656341e+06  -9.939936700226343e+05  -2.071695900133875e+06  -6.359143116583806e+05  1.263546707081616e+05  2.475653558489603e-03  -5.127374472575481e-04  7.837689141897025e-03
  1.459999999999996e+01  -1.865464073204253e+06  -2.114627678106217e+06  -9.802090764230648e+05  -2.071821684484418e+06  -6.322953944305877e+05  1.147166789073564e+05  -1.149950053198069e-04  -1.612156822819654e-04  6.940516252073940e-03
  1.469999999999996e+01  -1.861269854050891e+06  -2.110651616246820e+06  -9.790327632401481e+05  -2.071589509713970e+06  -6.353002311009767e+05  1.156786535975592e+05  -2.325445463426749e-03  -1.398188730310551e-03  3.893329234251259e-03
  1.479999999999996e+01  -1.859612567046403e+06  -2.105715784714269e+06  -9.904260190811423e+05  -2.075727234344484e+06  -6.375741169459244e+05  1.320959093561041e+05  -2.877609115217072e-03  -3.547291662517744e-03  9.681089409812095e-04
  1.489999999999996e+01  -1.859688708671974e+06  -2.104375348578413e+06  -9.985943692683916e+05  -2.085367211790415e+06  -6.360711085721833e+05  1.517242216896969e+05  -1.562086924748173e-03  -5.061835425747067e-03  3.141685349095470e-04
  1.499999999999996e+01  -1.860200885973189e+06  -2.102238980116738e+06  -9.896262355439586e+05  -2.096062774221811e+06  -6.326706145173202e+05  1.628642927609253e+05  7.723829607426316e-04  -5.105883873576896e-03  1.555919990220247e-03
  1.509999999999996e+01  -1.863243325809052e+06  -2.093097779884988e+06  -9.662863322048668e+05  -2.100763996747419e+06  -6.300897509670556e+05  1.650904108503778e+05  3.137251080382247e-03  -4.106531305534965e-03  2.813039072239916e-03
  1.519999999999996e+01  -1.871067023038260e+06  -2.075475623940830e+06  -9.432661130635415e+05  -2.096395367146491e+06  -6.298254594249455e+05  1.640636863712971e+05  5.046178444447953e-03  -2.822465138845682e-03  3.147439293021258e-03
  1.529999999999996e+01  -1.880528287989491e+06  -2.052723531378699e+06  -9.323730079993638e+05  -2.086742314407892e+06  -6.330959003296657e+05  1.639432374297425e+05  6.268785275927368e-03  -1.581454125087152e-03  2.988255196108202e-03
  1.539999999999996e+01  -1.884767756939435e+06  -2.031878873712524e+06  -9.343981268815240e+05  -2.077965524382683e+06  -6.406208523959985e+05  1.669547743661300e+05  6.464541840782189e-03  -5.412564797430541e-04  2.952565552801255e-03
  1.549999999999996e+01  -1.879783084067202e+06  -2.021872677581995e+06  -9.423733019551662e+05  -2.073326913405450e+06  -6.506466143068993e+05  1.747459058872522e+05  5.350366728751209e-03  1.239448848396421e-04  3.159292439520033e-03
  1.559999999999996e+01  -1.867298884891132e+06  -2.027589241314490e+06  -9.494398276052934e+05  -2.072888493157942e+06  -6.591722267593601e+05  1.868491620812101e+05  3.034262468354516e-03  5.655250516985349e-04  3.318662929585989e-03
  1.569999999999996e+01  -1.853128921029926e+06  -2.044153802335747e+06  -9.533790088353296e+05  -2.075278046079854e+06  -6.630467833894386e+05  1.996186083113177e+05  1.812328389800060e-04  1.146557414122564e-03  2.932034583294331e-03
  1.579999999999996e+01  -1.843562216785649e+06  -2.058955686150951e+06  -9.552447791973476e+05  -2.078379677134801e+06  -6.616386667529542e+05  2.090476827914081e+05  -2.024966513881432e-03  1.866768442282024e-03  1.548858654570842e-03
  1.589999999999996e+01  -1.841019989268135e+06  -2.060769958077033e+06  -9.561762361774470e+05  -2.079958026388342e+06  -6.561512556502245e+05  2.143034366498337e+05  -2.370261626292503e-03  2.301414664550290e-03  -8.960152493327298e-04
  1.599999999999996e+01  -1.842228800976411e+06  -2.047830605731827e+06  -9.574897654296211e+05  -2.078953283907263e+06  -6.496093867356066e+05  2.172894844310034e+05  -5.387775985594865e-04  2.174111424120251e-03  -3.988848059715045e-03
  1.609999999999996e+01  -1.840730820155759e+06  -2.027937424336639e+06  -9.613193014196986e+05  -2.075541303498303e+06  -6.469565454455224e+05  2.193835839260390e+05  2.286349052800254e-03  1.807757068425235e-03  -6.952113494821439e-03
  1.619999999999996e+01  -1.831970392448949e+06  -2.011415916966513e+06  -9.674131877899371e+05  -2.069606487247538e+06  -6.519401111992762e+05  2.202101587771238e+05  4.136125955938508e-03  1.904028272282687e-03  -8.821290937262204e-03
  1.629999999999996e+01  -1.818132567200834e+06  -2.003923096930849e+06  -9.718526048866690e+05  -2.060893117449079e+06  -6.625601786661774e+05  2.187599646619019e+05  3.939449540555130e-03  2.932234925482931e-03  -8.922776060809646e-03
  1.639999999999996e+01  -1.807722374729407e+06  -2.004789573374506e+06  -9.729438729138994e+05  -2.051611644221548e+06  -6.715855422863909e+05  2.141020219705204e+05  2.326647357499232e-03  4.746378575022747e-03  -7.515791700005776e-03
  1.649999999999996e+01  -1.807790796329893e+06  -2.010464766239885e+06  -9.758802273765721e+05  -2.046483843673147e+06  -6.730294219216272e+05  2.056237610541121e+05  6.217079460305087e-04  6.567798409445836e-03  -5.792918914943953e-03
  1.659999999999997e+01  -1.816797069080239e+06  -2.018235228138546e+06  -9.868313417782603e+05  -2.048186108431958e+06  -6.673625322749313e+05  1.931594303980998e+05  -6.098004695304490e-04  7.243376911114474e-03  -4.803656811713975e-03
  1.669999999999997e+01  -1.826694159649177e+06  -2.026379746132756e+06  -1.004090568450261e+06  -2.054200275788542e+06  -6.599216964819733e+05  1.768931150875447e+05  -1.775490558987786e-03  6.004922653260077e-03  -4.403583099364368e-03
  1.679999999999997e+01  -1.831174115409416e+06  -2.032514109730271e+06  -1.019903614915933e+06  -2.059271369788157e+06  -6.554757993686689e+05  1.580713282905401e+05  -3.267507126591118e-03  3.356722267920673e-03  -3.652719221852966e-03
  1.689999999999997e+01  -1.830885751014424e+06  -2.034112196741931e+06  -1.029319689656862e+06  -2.059477189089123e+06  -6.549931651258344e+05  1.401794191339313e+05  -4.549439053405208e-03  9.242394188222834e-04  -2.145622864277108e-03
  1.699999999999997e+01  -1.831886090875072e+06  -2.030895019005046e+06  -1.032469255093839e+06  -2.053806513174263e+06  -6.560184715472659e+05  1.287510741176460e+05  -4.320489393674969e-03  1.234530531816078e-04  -5.801427728355488e-04
  1.709999999999997e+01  -1.840529006888339e+06  -2.025807614822217e+06  -1.030250828669190e+06  -2.044233585420793e+06  -6.546956065838279e+05  1.283726211463792e+05  -1.644879090922472e-03  1.101910204295359e-03  -6.580807693303090e-05
  1.719999999999997e+01  -1.858859682364254e+06  -2.022925203649563e+06  -1.022696746730012e+06  -2.035484312940583e+06  -6.481351425342903e+05  1.382623517064168e+05  3.011984653307864e-03  3.025894314249803e-03  -1.067505507979355e-03
  1.729999999999998e+01  -1.882734825910379e+06  -2.023964059423540e+06  -1.011395518974136e+06  -2.032923630631599e+06  -6.366321599471595e+05  1.511764786945301e+05  7.817935435629454e-03  4.943244741047985e-03  -3.002248939381457e-03
  1.739999999999998e+01  -1.904209138181066e+06  -2.027188421595026e+06  -9.998320660113358e+05  -2.038411345491051e+06  -6.242086767165638e+05  1.583344908924548e+05  1.064757932928306e-02  6.150592077471624e-03  -4.689950334013722e-03
  1.749999999999998e+01  -1.917439412951570e+06  -2.029578797864795e+06  -9.905561390888429e+05  -2.048101660168263e+06  -6.161627723745450e+05  1.562019976066780e+05  1.031294514156701e-02  6.142946213112024e-03  -5.154425330607143e-03
  1.759999999999998e+01  -1.922970250669577e+06  -2.029275765800721e+06  -9.839441936847210e+05  -2.055420750315628e+06  -6.151634049648071e+05  1.486855336349198e+05  7.167478273528203e-03  4.762531185539838e-03  -4.241214276637135e-03
  1.769999999999998e+01  -1.926269266592130e+06  -2.026420567110252e+06  -9.806027886810587e+05  -2.056764008578858e+06  -6.193925739953963e+05  1.428770761944435e+05  2.840202338689803e-03  2.470220669112862e-03  -2.661882761570751e-03
  1.779999999999998e+01  -1.932079619853531e+06  -2.022890201941808e+06  -9.832310419778442e+05  -2.054090132435635e+06  -6.243093118166451e+05  1.426917927826334e+05  -7.262935914070070e-04  1.885899103520373e-04  -1.388223183201616e-03
  1.789999999999998e+01  -1.940164155449338e+06  -2.021062449094928e+06  -9.942160107207828e+05  -2.052010133496129e+06  -6.261219177058779e+05  1.461983244717275e+05  -2.385840599983890e-03  -1.287476890730936e-03  -9.239069725058663e-04
  1.799999999999999e+01  -1.946213544467791e+06  -2.021810974585563e+06  -1.011146527356776e+06  -2.052773530144338e+06  -6.238557441295424e+05  1.485216432966638e+05  -2.241697974524117e-03  -1.749782269897746e-03  -1.145678178717597e-03
  1.809999999999999e+01  -1.946156629537086e+06  -2.023666404205349e+06  -1.026023275698012e+06  -2.054155044519758e+06  -6.191209157733327e+05  1.471550287512038e+05  -1.138246145536909e-03  -1.575046652144049e-03  -1.780059680004598e-03
  1.819999999999999e+01  -1.938913817883480e+06  -2.024264579167759e+06  -1.030241269646452e+06  -2.051994171774562e+06  -6.146790317389957e+05  1.444350135126372e+05  1.218237926679275e-04  -1.401611968509879e-03  -2.790506307087842e-03
  1.829999999999999e+01  -1.925582353071263e+06  -2.022710004769261e+06  -1.021158341584399e+06  -2.044790651643289e+06  -6.128423533548220e+05  1.448097048052803e+05  1.032863331510286e-03  -1.716293302839648e-03  -4.162152394276489e-03
  1.839999999999999e+01  -1.907674420495089e+06  -2.020674783002613e+06  -1.004761196444939e+06  -2.036038391185701e+06  -6.144575133618494e+05  1.499954761514930e+05  1.249817307313426e-03  -2.500383942473158e-03  -5.499686980101963e-03
  1.849999999999999e+01  -1.886887563216309e+06  -2.021054811464156e+06  -9.918899354817569e+05  -2.031966164809161e+06  -6.192508955648666e+05  1.569711963427445e+05  5.843516402283925e-04  -3.189143047567252e-03  -6.115897267190269e-03
  1.859999999999999e+01  -1.865330453134989e+06  -2.025051153792298e+06  -9.905478219818246e+05  -2.036405483286121e+06  -6.268635520670930e+05  1.604540133471815e+05  -8.421605869676867e-04  -3.121388043367000e-03  -5.592615819750928e-03
  1.870000000000000e+01  -1.845382252321143e+06  -2.030664470729703e+06  -1.000308336422388e+06  -2.047466066334159e+06  -6.369960606336243e+05  1.572139013935146e+05  -2.635240033782247e-03  -2.189819816142632e-03  -4.161826891332239e-03
  1.880000000000000e+01  -1.829620790311437e+06  -2.034652145729453e+06  -1.013150309284108e+06  -2.059003386093881e+06  -6.486414004880206e+05  1.484974218514309e+05  -4.392709994687364e-03  -1.060059113734237e-03  -2.483177047108060e-03
  1.890000000000000e+01  -1.820682412841620e+06  -2.036051172402689e+06  -1.019656603511873e+06  -2.065303402416014e+06  -6.599284485643838e+05  1.387666102500962e+05  -5.864067037911693e-03  -6.870667954732176e-04  -1.074590120397694e-03
  1.900000000000000e+01  -1.819860411699129e+06  -2.037217047885663e+06  -1.015189309942432e+06  -2.064691612367152e+06  -6.692394389424463e+05  1.321032213189634e+05  -6.908879062758149e-03  -1.547013299519484e-03  1.406699066512468e-05
  1.910000000000000e+01  -1.825299741021687e+06  -2.041365879957401e+06  -1.002107911355070e+06  -2.059556813906286e+06  -6.762453761017870e+05  1.294446271392303e+05  -7.438862045547820e-03  -3.270710881324144e-03  1.034652141838422e-03
  1.920000000000000e+01  -1.832318649476170e+06  -2.049488975421493e+06  -9.875209271363041e+05  -2.053915534169115e+06  -6.814960808257966e+05  1.285550879977478e+05  -7.384819915001448e-03  -4.893770511617498e-03  2.204511655460971e-03
  1.930000000000000e+01  -1.836484179680538e+06  -2.059488682950180e+06  -9.784775572871976e+05  -2.051069459707946e+06  -6.852937097060820e+05  1.264123608938831e+05  -6.629777984526941e-03  -5.436450592786125e-03  3.591604034739210e-03
  1.940000000000001e+01  -1.836885491355133e+06  -2.067528298573857e+06  -9.777082581648115e+05  -2.052631453720365e+06  -6.872788355438295e+05  1.220819226978830e+05  -5.003868081145632e-03  -4.448241180786110e-03  5.162907098011505e-03
  1.950000000000001e+01  -1.836647254893940e+06  -2.070239731432579e+06  -9.827653639033716e+05  -2.058548999865377e+06  -6.869563491820958e+05  1.175446908703792e+05  -2.473913170394335e-03  -2.244407920706367e-03  6.738930962875238e-03
  1.960000000000001e+01  -1.840337039378101e+06  -2.066806427277601e+06  -9.890064894883170e+05  -2.067182149734331e+06  -6.840574398642742e+05  1.157103428349589e+05  6.369796647255838e-04  2.810637237628100e-04  7.904510444595454e-03
  1.970000000000001e+01  -1.850158580571775e+06  -2.059696432026893e+06  -9.931508023102044e+05  -2.075434530427490e+06  -6.784148403016659e+05  1.178425033303873e+05  3.678770993275483e-03  2.142541797531872e-03  8.137488069406928e-03
  1.980000000000001e+01  -1.863475859851460e+06  -2.053280082520634e+06  -9.942486165692816e+05  -2.079944371834079e+06  -6.703116885337910e+05  1.229217454237707e+05  5.962712143823445e-03  2.793512115089580e-03  7.187927318274129e-03
  1.990000000000001e+01  -1.873935395867094e+06  -2.051210387364709e+06  -9.929012945063518e+05  -2.079454512854606e+06  -6.613655942862988e+05  1.289832297191222e+05  7.035633725165580e-03  2.400867647104763e-03  5.318348845530958e-03
