TITLE = "Temporal Signal for receiver number 01533"
VARIABLES = "Time","xx","yy","zz","xy","yz","xz","u","v","w"
# x1       3.625946160000e+05
# x2       4.722184950000e+06
# x3       -3.000000000000e+03
  0.000000000000000e+00  0.000000000000000e+00  0.000000000000000e+00  0.000000000000000e+00  0.000000000000000e+00  0.000000000000000e+00  0.000000000000000e+00  0.000000000000000e+00  0.000000000000000e+00  0.000000000000000e+00
  1.000000000000000e-01  0.000000000000000e+00  0.000000000000000e+00  0.000000000000000e+00  0.000000000000000e+00  0.000000000000000e+00  0.000000000000000e+00  0.000000000000000e+00  0.000000000000000e+00  0.000000000000000e+00
  2.000000000000000e-01  0.000000000000000e+00  0.000000000000000e+00  0.000000000000000e+00  0.000000000000000e+00  0.000000000000000e+00  0.000000000000000e+00  0.000000000000000e+00  0.000000000000000e+00  0.000000000000000e+00
  3.000000000000000e-01  0.000000000000000e+00  0.000000000000000e+00  0.000000000000000e+00  0.000000000000000e+00  0.000000000000000e+00  0.000000000000000e+00  0.000000000000000e+00  0.000000000000000e+00  0.000000000000000e+00
  4.000000000000000e-01  -1.507035583863465e-17  -1.123378144156994e-16  -7.146114279966270e-18  -9.998289650185146e-18  -2.984718019840376e-17  -2.071111514939307e-17  -3.297895227739330e-25  -8.975556628003087e-24  -5.369909655114824e-24
  5.000000000000000e-01  -5.960000861130244e-15  -1.321304758606394e-12  -2.452366485077700e-13  3.209619567194789e-14  1.083678692663063e-13  -1.104115351162797e-13  3.430129737621998e-20  -9.565744697907826e-20  5.508308848753870e-21
  6.000000000000000e-01  -2.446988789972996e-11  -2.785205918919528e-10  -7.639676295267845e-11  8.564010122459235e-12  3.319279284541024e-11  -1.621325367936684e-11  2.295936316261051e-18  -2.315169572327153e-17  2.542225689603134e-18
  7.000000000000000e-01  -1.887740808754700e-09  -5.894237026619725e-09  -2.460822188126984e-09  -5.254243926436612e-10  -4.530841198211882e-11  -9.791150472422637e-11  -1.141946263163144e-16  -5.561171411173173e-16  2.392620032794446e-18
  7.999999999999999e-01  -2.010393163071270e-08  -3.798092574881940e-08  -2.424326646747504e-08  -1.065596044193134e-08  -2.791539774363532e-09  -3.028515756126983e-09  -1.929462333552389e-15  -3.523587412007434e-15  -3.755987048686479e-16
  8.999999999999999e-01  -5.348492474050899e-08  -5.185330029305816e-09  -7.417938288376418e-08  -6.149831217166813e-08  -2.681436171356433e-09  -2.796713310626445e-08  -1.099376024970071e-14  1.133922308061673e-15  -1.466292768961270e-15
  9.999999999999999e-01  -6.018922547285726e-07  -1.238657261334023e-06  -6.774342508115947e-07  1.039572224416224e-07  -7.056833299236824e-08  -1.024487263116683e-07  8.040045478660537e-15  -9.520018329763973e-14  -1.076135061570444e-14
  1.100000000000000e+00  -2.779243898534242e-06  -7.921260360166282e-06  -3.851600747083024e-06  4.307777742912629e-07  3.519375950863207e-07  -4.403641473356268e-07  4.795931488955800e-14  -6.415787605542884e-13  4.335057053915831e-14
  1.200000000000000e+00  1.225079618745728e-05  2.069157039082326e-05  8.630733653590857e-06  -3.807342219235714e-06  -3.320647070868708e-06  -6.186760950174324e-07  -8.072423253888215e-13  2.340466118305841e-12  -7.154108483576077e-13
  1.300000000000000e+00  7.818631545233751e-05  1.151355649985785e-04  7.809968670637097e-05  2.033300997735711e-05  -2.692953880542434e-05  9.709817939425173e-06  3.087572522936855e-12  1.152875439694882e-11  -4.600785481951842e-12
  1.400000000000000e+00  -1.752979135114779e-04  -8.399807639368243e-04  -1.704723544955876e-04  6.450888036147288e-05  -8.866241271933905e-05  6.321949437938366e-05  1.173841948110472e-11  -7.580740136977569e-11  -9.556960164786051e-12
  1.500000000000000e+00  2.170262223450987e-03  5.543726906871242e-03  2.152993762155408e-03  -8.655733697365679e-04  1.061304185187711e-04  -3.035913320710609e-05  -1.152772709358091e-10  5.175151542545569e-10  -1.437549424464210e-11
  1.600000000000000e+00  -1.314656764736574e-03  -8.184127863179702e-03  -1.736796602391013e-03  5.010405818646429e-03  -2.909729286399554e-03  -7.338926367095714e-04  7.129118061494568e-10  -8.314647344260604e-10  -4.460000913860119e-10
  1.700000000000000e+00  7.237142636744507e-03  3.007093102690603e-02  6.056589357935673e-03  -1.582993040838498e-02  4.117436497559046e-03  1.775710659967217e-03  -1.853474736355983e-09  2.751500303993397e-09  6.347292868487926e-10
  1.800000000000000e+00  -7.031834838316940e-02  -1.896071048554581e-01  -6.799867896019153e-02  4.039763536851179e-02  2.256976731689122e-02  -3.961409149730271e-03  4.276323177228444e-09  -1.598160719499970e-08  3.640026895487517e-09
  1.900000000000001e+00  3.098494971395345e-01  7.855158860318449e-01  2.895095077660844e-01  -1.092924111945764e-01  -1.026438792267159e-01  9.477561450226759e-03  -1.055803674303623e-08  6.478667980307298e-08  -1.632081271027281e-08
  2.000000000000000e+00  -1.017427163674012e+00  -2.421787617007527e+00  -8.828897685213292e-01  2.952768200981751e-01  2.805030629178046e-01  -1.441856410667265e-02  2.774312897886695e-08  -1.983740194171023e-07  4.373055495000374e-08
  2.100000000000001e+00  2.631136462904453e+00  6.003047038117987e+00  2.294366943103362e+00  -6.751257550672932e-01  -7.243553075127920e-01  3.471407888434863e-02  -6.948083030483994e-08  4.939043079775362e-07  -1.116178178983670e-07
  2.200000000000001e+00  -5.010344958188776e+00  -1.098624123646708e+01  -4.754217780899723e+00  7.810292291565391e-01  1.475263049095144e+00  -1.742990361029155e-01  8.940553115834493e-08  -9.181787833007273e-07  2.494660242630707e-07
  2.300000000000001e+00  6.933516229760126e+00  1.678577096529000e+01  8.602909526567478e+00  4.941156209023544e-01  -3.770876428580406e+00  3.447445820114933e-01  6.202420878960193e-08  1.356806099201822e-06  -5.865349365880124e-07
  2.400000000000001e+00  -2.691316152581949e+01  -6.714517563827727e+01  -4.476489379803217e+01  5.079572048890851e+00  2.672554959266212e+01  -5.528967194682989e+00  7.731107613089855e-07  -5.659617572720252e-06  3.838546289258479e-06
  2.500000000000001e+00  -1.298341750659415e+02  -3.266339032761913e+02  -1.699389548471293e+02  4.499674576513987e+01  8.411284928396981e+01  -2.160218909015209e+01  6.148050810540530e-06  -2.703850769302351e-05  1.186094211255350e-05
  2.600000000000001e+00  -1.011643243479326e+02  -2.641594324370270e+02  -1.409113363220729e+02  9.653577977563462e+01  9.995458226774279e+01  -4.075199437216438e+01  1.252300944552272e-05  -2.220821368097369e-05  1.343545977254653e-05
  2.700000000000001e+00  -1.950856348917836e+01  -3.361148503686967e+01  -3.091636022145559e+01  1.250813696996580e+02  1.086745325870533e+02  -5.510801800234783e+01  1.511307474662643e-05  -4.304371749700202e-06  1.144033632430381e-05
  2.800000000000001e+00  -5.317963213106202e+01  -8.215139851642969e+01  -5.210849231421276e+01  1.512849312164826e+02  1.641395853686811e+02  -7.377923015376206e+01  1.765678735983416e-05  -9.637789764064258e-06  1.430977523504331e-05
  2.900000000000001e+00  -2.140598231105646e+02  -4.434031489694669e+02  -2.264698895606467e+02  2.233549200666054e+02  2.730066589107163e+02  -1.085708465411781e+02  2.582039223538298e-05  -4.102013931595806e-05  2.606621167691267e-05
  3.000000000000001e+00  -3.406728177275791e+02  -7.134212579831670e+02  -3.851020019317808e+02  3.285562840278920e+02  3.848490403248986e+02  -1.551255511411749e+02  3.801802909426221e-05  -6.601272360871074e-05  4.027345032326120e-05
  3.100000000000001e+00  -6.095510284351483e+02  -1.318712621630390e+03  -7.826968851235860e+02  6.045993310996658e+02  7.211991531078380e+02  -2.819039772171879e+02  7.323657434277890e-05  -1.198398480620794e-04  8.309544917393184e-05
  3.200000000000002e+00  -2.096603154700193e+03  -4.898217551806076e+03  -2.827413390976272e+03  1.077570923114942e+03  2.045569309123171e+03  -5.210773847736023e+02  1.311265719758450e-04  -4.243448057161866e-04  2.584771464515751e-04
  3.300000000000002e+00  -5.783685888978471e+03  -1.424873082071437e+04  -8.138769611691911e+03  2.665293541423662e+03  5.148365804381470e+03  -1.363061325893453e+03  3.423005975321113e-04  -1.212146500108828e-03  6.811838735169439e-04
  3.400000000000002e+00  -1.253576274954677e+04  -3.137607756610156e+04  -1.729453819117368e+04  6.056069648771999e+03  1.103615425040775e+04  -2.978682778194535e+03  7.805597570788409e-04  -2.649155764907083e-03  1.455164988940431e-03
  3.500000000000002e+00  -1.755771830991872e+04  -4.283256924166823e+04  -2.482345679632605e+04  1.245251563362556e+04  1.843768582297673e+04  -6.187195388122710e+03  1.606755384221266e-03  -3.680537026092695e-03  2.360890242635192e-03
  3.600000000000002e+00  -1.747511767983685e+04  -3.834982621781508e+04  -2.640120794883062e+04  1.978706272543389e+04  2.710544000709039e+04  -1.064317278145400e+04  2.494997749253257e-03  -3.475200357967151e-03  3.278286013178282e-03
  3.700000000000002e+00  -1.164446508843442e+04  -8.718827338503188e+03  -2.174157182105132e+04  3.252663545605244e+04  3.638438697714341e+04  -1.772523829579981e+04  4.119094427830040e-03  -1.360269589741038e-03  4.103917029647349e-03
  3.800000000000002e+00  -8.317022355177352e+02  5.218131348782632e+04  -7.624284917777700e+03  4.166540626088953e+04  4.184864646814529e+04  -2.552307048357933e+04  5.098261790485325e-03  3.069219120638028e-03  4.226461571271023e-03
  3.900000000000002e+00  2.425151238999295e+04  1.655724236803314e+05  1.902707918878274e+04  6.311841107377734e+04  4.799981983261697e+04  -3.817488353395809e+04  7.883752169487607e-03  1.152213433689948e-02  4.552699939058908e-03
  4.000000000000002e+00  8.107130743757212e+04  4.092298347120442e+05  8.885224739517336e+04  8.184547787363423e+04  3.040845674572309e+04  -4.884036090709425e+04  9.650935614854004e-03  3.029584842393180e-02  1.598144361993556e-03
  4.100000000000001e+00  9.511231513416784e+03  4.145512657430542e+05  1.009248681029921e+04  8.857735089079988e+04  6.392775389052319e+04  -6.807262258493259e+04  1.037054746306174e-02  2.870174418905256e-02  6.683723903594263e-03
  4.200000000000001e+00  -8.527548779979748e+04  3.636981742199797e+05  -1.562552674922470e+05  1.254542048631918e+05  1.451003732410824e+05  -9.882996041095228e+04  1.603094767268965e-02  2.244865564581824e-02  2.118772717153842e-02
  4.300000000000001e+00  -1.337120430962110e+05  4.732699778490879e+05  -2.199810098664624e+05  1.320195533137039e+05  2.148945517622735e+05  -1.134296855409278e+05  1.556779349301826e-02  2.704034614833101e-02  3.112929340683779e-02
  4.400000000000000e+00  -1.441363314873860e+05  5.616403236253449e+05  -8.328062492732637e+04  8.503397599410218e+04  1.585440938223681e+05  -1.088449836677748e+05  7.617340895881767e-03  3.005352733169823e-02  1.283407998826757e-02
  4.500000000000000e+00  -1.247257158589918e+05  6.833769378975360e+05  -7.100515555457592e+04  1.721969804344402e+05  1.360817401547697e+05  -1.603536711248251e+05  2.121892469760994e-02  3.779206744539763e-02  7.218623553522332e-03
  4.600000000000000e+00  -1.311620034058136e+05  1.010860588481635e+06  -2.308825353712848e+05  2.512895455208456e+05  2.680863253701002e+05  -2.055817672510181e+05  3.212063059028709e-02  6.229842330040102e-02  3.793673160793908e-02
  4.699999999999999e+00  -2.342237737766335e+05  1.001828069720945e+06  -8.198922717873374e+04  -2.777437326062004e+04  2.967374938830564e+05  -5.333398108346260e+04  -1.317863996015259e-02  5.611730033874486e-02  3.613456177432703e-02
  4.799999999999999e+00  -2.903480976503718e+05  3.313648283547920e+05  4.923713156349589e+05  -5.217683024498455e+05  5.347035188109081e+04  2.604895593151812e+05  -9.612178973219297e-02  -4.689301387035877e-03  -3.801426533830861e-02
  4.899999999999999e+00  -1.792891132116992e+05  -4.011745942833361e+05  9.246872614806762e+05  -7.348804277780318e+05  -2.518775525303487e+05  3.999030445416516e+05  -1.317369312363656e-01  -6.353134647219495e-02  -1.177979177789144e-01
  4.999999999999998e+00  5.230206085372201e+03  -7.100665118914397e+05  9.665456731385868e+05  -4.813627007468659e+05  -3.262488963689881e+05  2.605129424338067e+05  -8.738158250087322e-02  -8.762291402653474e-02  -1.387836159824493e-01
  5.099999999999998e+00  1.510950398004369e+05  -7.266892905269841e+05  8.276294796930666e+05  -5.915241388920220e+04  -1.364258251276173e+05  9.146866433408381e+04  -2.114617533499958e-02  -8.895283457157505e-02  -9.727869229644098e-02
  5.199999999999998e+00  2.267304360524836e+05  -5.987850973708025e+05  5.047646461806112e+05  1.726734956490160e+05  1.155321069951151e+05  5.166754986559478e+04  9.603391410992024e-03  -6.911351963524792e-02  -2.085186040679322e-02
  5.299999999999997e+00  2.451367274252049e+05  -2.799694591076960e+05  5.587457556824808e+03  1.679354368106503e+05  2.165291945207404e+05  6.913726391715276e+04  6.177564135514021e-03  -3.032646999386927e-02  3.563054609105854e-02
  5.399999999999997e+00  2.065468396519877e+05  7.374391414927684e+04  -4.563487036243167e+05  9.710492147022973e+04  1.067174557072447e+05  5.206449813376634e+04  -3.491729861014678e-03  2.334950829078197e-03  3.176589175945130e-02
  5.499999999999996e+00  1.515511070133044e+05  2.070103106183250e+05  -7.016035356681988e+05  7.167922981232204e+04  -1.139563132047637e+05  2.281834595263076e+04  -6.294526307232070e-03  9.817183104641955e-03  -1.364754026451977e-02
  5.599999999999996e+00  1.472367756283437e+05  1.193374872417573e+05  -6.832634299993963e+05  7.525482014419821e+04  -2.852015647008447e+05  2.182659453416180e+04  -6.078307838826504e-03  1.837342983832740e-04  -5.303880437867415e-02
  5.699999999999996e+00  1.847255033458626e+05  -2.169632473091549e+04  -4.652133523744309e+05  4.357763266261202e+04  -3.182205980354393e+05  2.648437455411060e+04  -9.659639950734300e-03  -8.734659130636360e-03  -5.939361311770500e-02
  5.799999999999995e+00  2.227172883895439e+05  -1.040591891733196e+05  -1.933347783895025e+05  -2.767765986519856e+04  -2.385330203823713e+05  8.406032311930036e+03  -1.690735673447904e-02  -1.110628047119504e-02  -3.644106258679473e-02
  5.899999999999995e+00  2.641164826242021e+05  -1.126021973277867e+05  -1.637767095264350e+04  -7.409139829054593e+04  -1.128083826443545e+05  -1.622289111781697e+04  -2.175664598000061e-02  -1.110855499975869e-02  -2.821885577276994e-03
  5.999999999999995e+00  3.228249913866888e+05  -8.140984721407348e+04  3.969872457732929e+04  -5.853946618830883e+04  1.123963773907881e+04  -1.714580965017919e+04  -1.949738347742321e-02  -8.933328530943295e-03  2.292089984659287e-02
  6.099999999999994e+00  3.864324629154052e+05  -3.861310277947645e+04  6.054188216068256e+04  -4.203545348951663e+03  1.185322051475366e+05  6.690689194728228e+03  -9.739909525985075e-03  -2.548868497201503e-04  3.358317802434514e-02
  6.199999999999994e+00  4.314806353310153e+05  1.319784533563556e+04  1.041467508318428e+05  4.323010582455758e+04  1.965931187313410e+05  3.083560841226908e+04  3.258822245037808e-03  1.497202929235252e-02  3.335336896552305e-02
  6.299999999999994e+00  4.321901628522212e+05  6.152691941709322e+04  1.367924274323760e+05  5.923002435500116e+04  2.218407751118938e+05  4.138451005441430e+04  1.241834069122626e-02  2.938638003319847e-02  2.634478407070097e-02
  6.399999999999993e+00  3.746406106248874e+05  7.890710357904257e+04  9.586077749171985e+04  6.414924028833319e+04  1.886117110281515e+05  5.285807040659126e+04  1.445954990844555e-02  3.455100116813971e-02  1.280065461704438e-02
  6.499999999999993e+00  2.893053273617317e+05  6.097972731110417e+04  -2.715105062962737e+04  9.434432114875678e+04  1.169306980362701e+05  8.580085972902080e+04  1.419490458939419e-02  3.006038759383173e-02  -6.467024511309286e-03
  6.599999999999993e+00  2.400083835098387e+05  6.996053735026694e+04  -1.715000193269394e+05  1.513983498885507e+05  4.417665793399303e+04  1.388739218779115e+05  1.872203539363391e-02  2.701700044852539e-02  -2.820883852495705e-02
  6.699999999999992e+00  2.515893624665644e+05  1.919208302591368e+05  -2.592139497677414e+05  2.024741409473969e+05  1.289095638505166e+04  1.870648675359606e+05  2.795745888096611e-02  3.689492676635920e-02  -4.589485664513200e-02
  6.799999999999992e+00  2.768719585072839e+05  4.235272874711012e+05  -2.537744706215212e+05  2.271888731474707e+05  3.202196076413884e+04  2.061894741075013e+05  3.482100320693475e-02  5.731454051946418e-02  -5.237985836824455e-02
  6.899999999999991e+00  2.592924380874917e+05  6.520034756765381e+05  -1.761755636816262e+05  2.470008629834767e+05  6.311277092909355e+04  2.021786619068441e+05  3.537247233465105e-02  7.398064434330427e-02  -4.665921206505946e-02
  6.999999999999991e+00  2.012715611153384e+05  7.757066520129639e+05  -8.766077305361943e+04  2.962302465271581e+05  6.850858231322131e+04  2.011340009740252e+05  3.396299627520222e-02  7.644446052898779e-02  -3.511684936665797e-02
  7.099999999999991e+00  1.534304914048638e+05  7.954800354797667e+05  -4.893940815389787e+04  3.580299009886071e+05  4.809604940865561e+04  2.108533771271076e+05  3.328968134974297e-02  6.781080726309281e-02  -2.577474126559857e-02
  7.199999999999990e+00  1.541398682650140e+05  7.577694014554679e+05  -7.321552281542432e+04  3.529946649243846e+05  1.392504665769444e+04  2.047305870229658e+05  2.347754707984545e-02  5.630127198974622e-02  -2.466190183940984e-02
  7.299999999999990e+00  2.001892098226952e+05  7.103071419373775e+05  -1.323476087935752e+05  2.208543848651187e+05  -3.077165567990169e+04  1.327326852829427e+05  -8.332897824075987e-03  4.712304413501454e-02  -3.306531512545813e-02
  7.399999999999990e+00  2.606966376117980e+05  7.314348995183459e+05  -2.107010283890547e+05  -6.460765172552544e+03  -8.014343067058305e+04  -3.526594016774217e+04  -5.803498720429435e-02  4.549463659760052e-02  -4.452300150650307e-02
  7.499999999999989e+00  2.853662771019687e+05  8.576356727384854e+05  -3.301174165077755e+05  -2.312634521067427e+05  -1.165432295115196e+05  -2.545515371423787e+05  -1.034033559312060e-01  5.334822757110728e-02  -5.019469888447908e-02
  7.599999999999989e+00  2.353493765538620e+05  1.019141500123241e+06  -4.782218208054286e+05  -3.628564979414300e+05  -1.337043331551006e+05  -4.165827578419431e+05  -1.223527868576160e-01  6.461672740186859e-02  -4.922569762129262e-02
  7.699999999999989e+00  1.197609261876269e+05  1.099966065480945e+06  -5.813962397334988e+05  -3.572214963526887e+05  -1.457998677822707e+05  -4.409692601829433e+05  -1.077049309981646e-01  6.888836516603070e-02  -4.601577277910342e-02
  7.799999999999988e+00  -6.728619119753951e+02  1.039446324024682e+06  -5.876745941258511e+05  -2.356731741469562e+05  -1.646990788969009e+05  -3.414211478031499e+05  -7.048653019526539e-02  5.974901980544619e-02  -4.138544869080447e-02
  7.899999999999988e+00  -6.231419071350140e+04  8.582578194803589e+05  -5.210911122211435e+05  -6.364019971810235e+04  -1.766535801539009e+05  -1.921171514697724e+05  -2.932543195881392e-02  3.879303321387434e-02  -3.175176569543231e-02
  7.999999999999988e+00  -5.285188653374759e+04  6.126020730756117e+05  -4.373883126904071e+05  9.665416246804765e+04  -1.509685252176808e+05  -5.622852323403303e+04  3.186771945223459e-03  1.312744097837645e-02  -1.494311249063479e-02
  8.099999999999987e+00  -9.887646444538543e+03  3.678177572428193e+05  -3.571760357639130e+05  2.054661827865852e+05  -7.357370139241974e+04  4.255131358081260e+04  2.304201976595534e-02  -8.647768043768983e-03  6.365144650604793e-03
  8.199999999999987e+00  1.610992138517109e+04  1.827725933041052e+05  -2.722528051962057e+05  2.470955939071055e+05  3.939742821137542e+04  1.087226956407445e+05  3.180476540917223e-02  -2.127151179736743e-02  2.708669727261174e-02
  8.299999999999986e+00  5.190388834605117e+02  8.310204341426320e+04  -1.939241572517443e+05  2.317332495603377e+05  1.520189057310703e+05  1.474820317585272e+05  3.380464500214911e-02  -2.515158100672498e-02  4.139578161627416e-02
  8.399999999999986e+00  -3.228810313671290e+04  5.870026679624771e+04  -1.469601388832712e+05  1.874022797320396e+05  2.284356762234963e+05  1.539413971777179e+05  3.353064424469099e-02  -2.356032532024194e-02  4.493016223486213e-02
  8.499999999999986e+00  -3.966075841504965e+04  7.026165136844059e+04  -1.456367531908207e+05  1.480771303389619e+05  2.567460651967420e+05  1.274581881297113e+05  3.396985238600149e-02  -2.017050894706051e-02  3.954485946114571e-02
  8.599999999999985e+00  -5.029632644360806e+03  8.001497853932182e+04  -1.742848057367289e+05  1.308735426724814e+05  2.443528154537324e+05  9.085084389154782e+04  3.447353560872046e-02  -1.720975691560494e-02  3.048047496461779e-02
  8.699999999999985e+00  6.043468693531083e+04  7.251668941443539e+04  -1.919169427884664e+05  1.285222620351831e+05  2.078193460939548e+05  7.894372395789021e+04  3.187447612186452e-02  -1.611819253970751e-02  2.129019908729556e-02
  8.799999999999985e+00  1.303181134735752e+05  3.956069081252925e+04  -1.858728995278427e+05  1.302773351061638e+05  1.789337302405147e+05  9.330565005470508e+04  2.590075901809281e-02  -1.867615714898840e-02  1.624936322171881e-02
  8.899999999999984e+00  1.916537211769709e+05  -1.071344074070502e+04  -1.626374051153000e+05  1.299118244473455e+05  1.750943346097840e+05  1.060040936325219e+05  1.962981148821402e-02  -2.428447246346963e-02  1.808425130595180e-02
  8.999999999999984e+00  2.388158502026379e+05  -7.715796128769472e+04  -1.158341549307312e+05  1.324240730515826e+05  1.788710133108664e+05  9.942527734817246e+04  1.660100128034096e-02  -3.188230057037247e-02  2.345925950160188e-02
  9.099999999999984e+00  2.572362645640630e+05  -1.830290073754017e+05  -4.367625413659012e+04  1.465408116615077e+05  1.729799599715614e+05  7.597734181150705e+04  1.736959036777964e-02  -4.243243839223093e-02  2.784829524823250e-02
  9.199999999999983e+00  2.568973358117920e+05  -3.118083937008021e+05  3.798824738553486e+04  1.572513958102169e+05  1.698287559759736e+05  4.616042334753143e+04  1.718814983842100e-02  -5.398864849029789e-02  3.229371641881015e-02
  9.299999999999983e+00  2.606126000309537e+05  -4.082396961041073e+05  9.646867097696310e+04  1.366918144379603e+05  1.971655242119346e+05  1.523146740017608e+04  1.156017915652272e-02  -6.133441264063130e-02  4.183241230546429e-02
  9.399999999999983e+00  2.740676924750228e+05  -4.429387599776437e+05  1.246001837940205e+05  8.232258928808228e+04  2.525885586109161e+05  -1.400769487099231e+04  1.934729724544703e-03  -6.158455490714446e-02  5.536285728662817e-02
  9.499999999999982e+00  2.848434155345550e+05  -4.341897263410420e+05  1.479482560734927e+05  2.382308049042437e+04  2.963526326129214e+05  -3.915398160465417e+04  -5.971102548113684e-03  -5.669209788692434e-02  6.392797481763590e-02
  9.599999999999982e+00  2.887546081795545e+05  -4.006214680838232e+05  1.760712093949011e+05  -1.415125455711281e+04  2.942513190759600e+05  -6.046587476466720e+04  -8.584277851771771e-03  -4.959132771186970e-02  6.117872037613879e-02
  9.699999999999982e+00  2.957304652267921e+05  -3.341288776313853e+05  1.840303296035227e+05  -3.460066290140052e+04  2.435268991756813e+05  -7.380985172240269e+04  -7.138754472942131e-03  -4.107504095184303e-02  4.851076810834656e-02
  9.799999999999981e+00  3.061321360375805e+05  -2.346650480809359e+05  1.462285917917630e+05  -4.558442783432826e+04  1.636718804374015e+05  -6.963706675402960e+04  -3.666498759758581e-03  -3.160211402000111e-02  3.151828731147775e-02
  9.899999999999981e+00  3.071030115779340e+05  -1.255234276473193e+05  8.205793899737533e+04  -4.205737362620946e+04  7.710210532718537e+04  -4.591072209666586e+04  1.760029247300576e-03  -2.225026137711411e-02  1.542227120024182e-02
  9.999999999999980e+00  2.819891693807232e+05  -3.814634436729921e+04  4.400517414021488e+04  -1.159777042280846e+04  5.345420431234742e+03  -1.482211605728427e+04  1.023429916304879e-02  -1.453999654754342e-02  4.258003428539676e-03
  1.009999999999998e+01  2.241502115438954e+05  1.082533156587798e+04  6.496611989290246e+04  5.093151753786216e+04  -2.352294649905590e+04  7.116967265241258e+03  2.183640588313777e-02  -9.908498138247466e-03  2.318382773479596e-03
  1.019999999999998e+01  1.490905974800083e+05  3.253359205098641e+04  1.325873894967493e+05  1.348641228694514e+05  2.039946620374996e+04  5.928199877898973e+03  3.447035882380420e-02  -8.431264948979368e-03  1.357570518686367e-02
  1.029999999999998e+01  9.259611401276047e+04  5.056848985138219e+04  2.096523940979306e+05  2.146236166249124e+05  1.363131101373266e+05  -2.299493646967541e+04  4.404559948865068e-02  -8.825226925873014e-03  3.649111045269857e-02
  1.039999999999998e+01  8.702938613416276e+04  7.276954096259098e+04  2.633404208266788e+05  2.605727676564846e+05  2.719328450746698e+05  -6.565804536472367e+04  4.617356345468441e-02  -1.003428805949941e-02  6.074045415268275e-02
  1.049999999999998e+01  1.375022571592789e+05  8.889990723975051e+04  2.781279463841017e+05  2.558454367515091e+05  3.558791964449147e+05  -9.659269104120610e+04  3.915964645446033e-02  -1.181170519807043e-02  7.331042196213533e-02
  1.059999999999998e+01  2.204732353711918e+05  8.911041258134294e+04  2.577326809151912e+05  2.077305586411393e+05  3.479639657294874e+05  -9.954454979731810e+04  2.580174862034763e-02  -1.395582578570241e-02  6.802456149706275e-02
  1.069999999999998e+01  3.054187227090972e+05  7.623404604697537e+04  2.216961388656850e+05  1.390933353006677e+05  2.585228807180738e+05  -7.745474406427596e+04  1.105675479327437e-02  -1.582145963706164e-02  4.845734177922163e-02
  1.079999999999998e+01  3.728512111848567e+05  6.555443793090750e+04  1.932992164250684e+05  6.932409380773632e+04  1.343461027903310e+05  -4.756930141956524e+04  -1.757570060084909e-03  -1.637402095328281e-02  2.418474936229473e-02
  1.089999999999998e+01  4.110328152275434e+05  7.270364122376883e+04  1.804117920050473e+05  6.849435401703759e+03  2.717518565610206e+04  -2.698395891167337e+04  -1.176398918869057e-02  -1.454810309562321e-02  4.584977383141328e-03
  1.099999999999998e+01  4.109516588631591e+05  1.017426609175560e+05  1.729259439370437e+05  -4.427432320990300e+04  -3.671598974573271e+04  -1.789376822161442e+04  -1.895925055072078e-02  -1.016535423658728e-02  -6.833558738446818e-03
  1.109999999999998e+01  3.725100539659917e+05  1.454573148237022e+05  1.560782274320487e+05  -7.909242330461030e+04  -6.087209795642610e+04  -1.090292387557766e+04  -2.309568125953097e-02  -4.401017257080130e-03  -1.266583048214962e-02
  1.119999999999998e+01  3.137519945143878e+05  1.951496368691274e+05  1.207176047741444e+05  -9.751807299258870e+04  -6.160828755181621e+04  -4.634939053432886e+02  -2.460941057699422e-02  1.213073400287896e-03  -1.673911366178069e-02
  1.129999999999998e+01  2.670692697869475e+05  2.489715500509006e+05  6.878396611948778e+04  -1.067093278262945e+05  -5.411339343350903e+04  1.061986204895394e+04  -2.509354192061763e-02  6.098774688131187e-03  -2.057248373440007e-02
  1.139999999999998e+01  2.540091279789718e+05  3.014626120768904e+05  1.154106273429365e+04  -1.094830225482194e+05  -4.723706376644615e+04  1.789314602201033e+04  -2.508256054821289e-02  1.013118088379281e-02  -2.351381138264925e-02
  1.149999999999998e+01  2.712040327066968e+05  3.415047228876665e+05  -3.520413398173187e+04  -1.011993481678157e+05  -4.511271484399828e+04  2.001135416480863e+04  -2.331368352780977e-02  1.326132994940817e-02  -2.447804052806007e-02
  1.159999999999997e+01  3.058412061183937e+05  3.680569805175388e+05  -5.829706598347369e+04  -8.295166939817964e+04  -5.175757004073141e+04  2.035901335912833e+04  -1.930155932362723e-02  1.606443564829325e-02  -2.357524436615344e-02
  1.169999999999997e+01  3.408393741419175e+05  3.833221191613888e+05  -6.238296012012350e+04  -6.235450967321679e+04  -6.651747715738938e+04  2.234878267531160e+04  -1.410347741807399e-02  1.845533259093699e-02  -2.198081701945667e-02
  1.179999999999997e+01  3.603269956104149e+05  3.927721120111864e+05  -6.226382383242365e+04  -4.563629780358702e+04  -8.140665003122075e+04  2.558986560679144e+04  -9.083212277346715e-03  2.007240554318603e-02  -2.108299378020120e-02
  1.189999999999997e+01  3.615067079545678e+05  4.110643574391751e+05  -6.280720667415282e+04  -3.592310038885428e+04  -8.865581013817941e+04  2.894969534544721e+04  -5.291720740351252e-03  2.180434427492099e-02  -2.161550150115518e-02
  1.199999999999997e+01  3.500908318148435e+05  4.469548726421578e+05  -6.035854624011921e+04  -3.321873970065738e+04  -8.759800615438950e+04  3.146918331938100e+04  -3.338394719909942e-03  2.462026768304413e-02  -2.311527381805844e-02
  1.209999999999997e+01  3.305343356563622e+05  4.891386000175551e+05  -5.561905704613963e+04  -3.674621510564449e+04  -8.182130954366618e+04  3.271490298999955e+04  -3.782759303378563e-03  2.775927690964252e-02  -2.432897306282709e-02
  1.219999999999997e+01  3.064611238796339e+05  5.150143390273880e+05  -5.552483590828338e+04  -4.459447228021068e+04  -7.433135606423867e+04  3.451757196982684e+04  -6.678207976015166e-03  2.926903854500111e-02  -2.414722912637510e-02
  1.229999999999997e+01  2.861397598727376e+05  5.165813285539714e+05  -6.309717928434246e+04  -5.085843147538353e+04  -6.897731839634638e+04  3.918895249519777e+04  -1.046237158678761e-02  2.847613609186389e-02  -2.255502816490996e-02
  1.239999999999997e+01  2.761926193838710e+05  5.029920107027307e+05  -7.763896452768277e+04  -4.904194286644866e+04  -6.595510458725617e+04  4.685073193453941e+04  -1.255546740265182e-02  2.660617993747078e-02  -1.992304360806250e-02
  1.249999999999997e+01  2.738274417242690e+05  4.834925742454826e+05  -9.925394012548572e+04  -3.762705197149260e+04  -5.789098863819271e+04  5.490109512601183e+04  -1.128963811720723e-02  2.510101232366001e-02  -1.607801542801697e-02
  1.259999999999997e+01  2.713291418299181e+05  4.621258987886847e+05  -1.221773301660808e+05  -2.055613162787537e+04  -3.738035941646284e+04  5.943758103397331e+04  -7.065632181483802e-03  2.421034493867211e-02  -1.118590660644926e-02
  1.269999999999997e+01  2.634852763983753e+05  4.410568787731684e+05  -1.323641150819081e+05  -2.600150724007300e+03  -5.383286507100969e+03  5.856044518535271e+04  -1.796064806482803e-03  2.309249319869573e-02  -6.689009708402241e-03
  1.279999999999997e+01  2.497243968885399e+05  4.205102490857024e+05  -1.208360767121731e+05  1.465590066194891e+04  2.961181985163760e+04  5.473571772118851e+04  2.666955962220838e-03  2.076957296153095e-02  -4.415108682093135e-03
  1.289999999999997e+01  2.340768772367553e+05  4.004947815892426e+05  -9.472509017509707e+04  3.211285919284113e+04  5.826740413471057e+04  5.204286598595177e+04  5.623887648884864e-03  1.719360938001891e-02  -4.908940341484223e-03
  1.299999999999997e+01  2.214028955305849e+05  3.830415329984032e+05  -7.152815243623774e+04  5.018237005698283e+04  7.565712863441020e+04  5.044652774854016e+04  7.464405377330259e-03  1.347142342438935e-02  -6.901103090661749e-03
  1.309999999999997e+01  2.104445157352474e+05  3.688202269543599e+05  -6.471990820550937e+04  6.637154577562086e+04  8.263664959361784e+04  4.596998326854149e+04  8.837701643429162e-03  1.078313568237588e-02  -8.410252232600253e-03
  1.319999999999997e+01  1.963101922794565e+05  3.556431340591337e+05  -7.398417767006427e+04  7.593996488746675e+04  8.373503652341696e+04  3.755153210364046e+04  9.875566293171156e-03  9.393335717434141e-03  -8.337140632968537e-03
  1.329999999999997e+01  1.800155410291053e+05  3.399584744606789e+05  -8.761107579948056e+04  7.669867002149584e+04  8.422039903256396e+04  2.970687812526637e+04  1.022762050684626e-02  8.553021353634503e-03  -6.835738935870452e-03
  1.339999999999997e+01  1.691880781442691e+05  3.182599444226212e+05  -9.421780642587897e+04  7.183524365428020e+04  8.810840195826323e+04  2.698464690477243e+04  9.649642624215164e-03  7.197068958090848e-03  -4.623853048838614e-03
  1.349999999999997e+01  1.694699810128613e+05  2.899748066563099e+05  -9.187130712483636e+04  6.658220251101560e+04  9.591419403040719e+04  2.906198499478264e+04  8.464017838450933e-03  4.990701368892668e-03  -2.455393098360565e-03
  1.359999999999997e+01  1.771641177489318e+05  2.578471897730101e+05  -8.753596462353328e+04  6.389785050968458e+04  1.041421246354543e+05  3.149115360953015e+04  7.492122619373478e-03  2.606845695051667e-03  -8.983998493657373e-04
  1.369999999999997e+01  1.823765273411348e+05  2.262818419880421e+05  -8.693484169495365e+04  6.383258533734742e+04  1.085120263270427e+05  2.946815315537525e+04  7.510272251556899e-03  1.016104940780677e-03  -1.467836314876761e-06
  1.379999999999997e+01  1.799807432677621e+05  2.019188685068042e+05  -8.471374435355427e+04  6.464546888354764e+04  1.072602597238932e+05  2.203346302887339e+04  8.594468122080463e-03  7.492895071453327e-04  7.226108007626056e-04
  1.389999999999997e+01  1.719532447914391e+05  1.891654248562042e+05  -7.028476345647812e+04  6.443029321871298e+04  1.024092684627064e+05  1.330515666634814e+04  9.979728682906436e-03  1.342130175711694e-03  1.717974213198827e-03
  1.399999999999997e+01  1.605781404079113e+05  1.842843238917680e+05  -4.301094146357146e+04  6.280779168698168e+04  9.877206779222014e+04  8.645827362413005e+03  1.068383377900197e-02  1.448429808837966e-03  2.948788770779097e-03
  1.409999999999997e+01  1.477489766791188e+05  1.815803169497686e+05  -1.490274059110540e+04  6.019095670820107e+04  9.987162752299069e+04  9.875547287276368e+03  1.007276785257099e-02  1.241895028214814e-04  4.012025416771980e-03
  1.419999999999997e+01  1.383638997137861e+05  1.806424982205123e+05  7.473288792821271e+02  5.720710902210269e+04  1.045060450925866e+05  1.489714049141105e+04  8.044478365806676e-03  -2.413277797777262e-03  4.615225284185783e-03
  1.429999999999997e+01  1.376354996283956e+05  1.821018439195672e+05  7.441843219117600e+02  5.646665948399783e+04  1.076007387320637e+05  2.066994136459657e+04  5.117548447028850e-03  -5.451215203939491e-03  4.804813718275339e-03
  1.439999999999996e+01  1.448407732999370e+05  1.824104741276202e+05  -5.823898905242144e+03  6.221482406967264e+04  1.036743775884232e+05  2.481947506219709e+04  2.326011834979391e-03  -8.545583809449855e-03  4.717549167254348e-03
  1.449999999999996e+01  1.519091365695325e+05  1.753772309111402e+05  -7.639839557465295e+03  7.677804369971984e+04  9.144855757221174e+04  2.499938879645744e+04  8.256469585532411e-04  -1.154860414689376e-02  4.487354958654511e-03
  1.459999999999996e+01  1.519269282419204e+05  1.574441253529497e+05  -2.369462530810707e+03  9.774287910480372e+04  7.603928673392217e+04  1.932964791496612e+04  1.287376455884814e-03  -1.417223795137282e-02  4.456620144486651e-03
  1.469999999999996e+01  1.491157421829240e+05  1.322146738091330e+05  4.159553238944889e+03  1.188769226948989e+05  6.473038730851556e+04  8.639070534589808e+03  3.390064380463965e-03  -1.576793392026532e-02  4.998186439658543e-03
  1.479999999999996e+01  1.544520603523322e+05  1.072785942124888e+05  6.575043720076690e+03  1.348453568425772e+05  6.115362457898661e+04  -3.050489321659213e+03  6.028432411544805e-03  -1.592130827992149e-02  6.116349199372049e-03
  1.489999999999996e+01  1.707125549219232e+05  8.571431232740197e+04  4.350074895045238e+03  1.448365998580840e+05  6.446243784818532e+04  -1.106267590671135e+04  8.073119762898340e-03  -1.521514947461705e-02  7.432211776565924e-03
  1.499999999999996e+01  1.888679943128059e+05  6.666760285345138e+04  1.351430925234792e+03  1.504725734067535e+05  7.157828351677876e+04  -1.309715976310037e+04  8.780388295250154e-03  -1.478008906201117e-02  8.353770399677635e-03
  1.509999999999996e+01  1.989740700653068e+05  5.269687100428470e+04  3.041558219921652e+03  1.517559548859101e+05  7.899137557955546e+04  -1.049302599678607e+04  7.832150979104929e-03  -1.505794140080693e-02  8.257590954794244e-03
  1.519999999999996e+01  1.975972470347168e+05  4.767817724220253e+04  1.067943039609789e+04  1.476132049195871e+05  8.400175672029183e+04  -6.880302394050142e+03  5.500844437590958e-03  -1.562026441838474e-02  6.844320053365814e-03
  1.529999999999996e+01  1.860822984531216e+05  4.939563791565110e+04  1.872307561239430e+04  1.396059022200732e+05  8.535311070170422e+04  -5.352034004466124e+03  2.750631986801598e-03  -1.597849411169941e-02  4.534214919227908e-03
  1.539999999999996e+01  1.689381919538247e+05  5.338820653718973e+04  2.007964602432557e+04  1.318453088127523e+05  8.288161652604536e+04  -6.286698986556691e+03  7.404319033298027e-04  -1.579026175320616e-02  2.286917471009440e-03
  1.549999999999996e+01  1.540600725047536e+05  6.209527516439760e+04  1.272905672342088e+04  1.264709593916504e+05  7.645265104481774e+04  -7.381893633387340e+03  4.346335850074716e-06  -1.465250800346156e-02  8.183492155611774e-04
  1.559999999999996e+01  1.483866561190714e+05  8.088661195428306e+04  -1.461034576835593e+03  1.215598583315451e+05  6.611283412108786e+04  -5.566751293857422e+03  2.596604925574363e-04  -1.254625534655689e-02  8.211081739583775e-05
  1.569999999999996e+01  1.528887565820735e+05  1.071357018163197e+05  -2.060549399566042e+04  1.140154532868649e+05  5.295580459007650e+04  1.144145197122020e+03  8.963544132725213e-04  -1.030123677791181e-02  -4.708241992159058e-04
  1.579999999999996e+01  1.642302978613570e+05  1.305828035367522e+05  -4.116101797272684e+04  1.029361133527375e+05  3.878599598442419e+04  1.254307208109732e+04  1.397070095358853e-03  -8.989283915313017e-03  -1.284060253275665e-03
  1.589999999999996e+01  1.789570875093182e+05  1.429701728389018e+05  -5.641870384743809e+04  9.058458718234206e+04  2.582209279273691e+04  2.575900434319078e+04  1.469701924615997e-03  -8.954030593302020e-03  -2.341111209519970e-03
  1.599999999999996e+01  1.939499193866684e+05  1.428758635764123e+05  -6.119148915977673e+04  8.099346573682352e+04  1.700083660734287e+04  3.624463732298056e+04  1.017737518289366e-03  -9.765047925431623e-03  -3.241764285943335e-03
  1.609999999999996e+01  2.053247858630627e+05  1.336823559644408e+05  -5.693081618856156e+04  7.666572553703592e+04  1.481689732668345e+04  4.077303096798321e+04  -1.488370088876916e-05  -1.079922310735184e-02  -3.606356004966941e-03
  1.619999999999996e+01  2.101286672891477e+05  1.220758710852949e+05  -5.023427544591582e+04  7.582775018361473e+04  1.896534152792750e+04  3.977430115406714e+04  -1.704141741567246e-03  -1.147463003604052e-02  -3.395020964482460e-03
  1.629999999999996e+01  2.085391832177347e+05  1.166618514730418e+05  -4.771844857947680e+04  7.303427758933225e+04  2.601559082501507e+04  3.589569146122674e+04  -4.000053603640700e-03  -1.119712693785515e-02  -2.805336870336652e-03
  1.639999999999996e+01  2.032169106409035e+05  1.230527454099670e+05  -5.262796235208386e+04  6.338000183355928e+04  3.212966014987473e+04  3.082534509733260e+04  -6.547748786503265e-03  -9.636076505907844e-03  -1.930249077493280e-03
  1.649999999999996e+01  1.973203744671936e+05  1.397716935808870e+05  -6.420636921743029e+04  4.688634291611142e+04  3.612125806737295e+04  2.411215187058082e+04  -8.726497729489188e-03  -7.078558252421259e-03  -6.700312523118398e-04
  1.659999999999997e+01  1.937738442383914e+05  1.611269703957533e+05  -7.833336349563932e+04  2.854415041359045e+04  3.925823855525322e+04  1.464898614568416e+04  -1.000352911083484e-02  -4.189435871318102e-03  9.789006866746041e-04
  1.669999999999997e+01  1.948805747778030e+05  1.832547582886234e+05  -8.936323274649041e+04  1.409106789257475e+04  4.250706089868883e+04  2.868667442208502e+03  -1.029174825634254e-02  -1.402913182626385e-03  2.659334483295021e-03
  1.679999999999997e+01  2.003363010121202e+05  2.044940450064610e+05  -9.250981557657389e+04  6.102149265950596e+03  4.508613601655162e+04  -8.833739323098160e+03  -9.886417135588740e-03  1.168311554044677e-03  3.834947223017164e-03
  1.689999999999997e+01  2.061104363798769e+05  2.215611960442669e+05  -8.564209813522590e+04  3.665105129771889e+03  4.574261506443438e+04  -1.748160035373977e+04  -9.050821278176583e-03  3.308018589698983e-03  4.323988694527666e-03
  1.699999999999997e+01  2.077681912131076e+05  2.298479698820341e+05  -7.083313207179490e+04  4.228907613069799e+03  4.513605507254897e+04  -2.127383391853311e+04  -7.816629418075059e-03  4.683437626597074e-03  4.499803431641597e-03
  1.709999999999997e+01  2.052904781293559e+05  2.284564303950279e+05  -5.407050653991066e+04  5.234363800880287e+03  4.590538775518943e+04  -2.025497111492171e+04  -6.187881333190579e-03  5.335797101274605e-03  4.841592455736889e-03
  1.719999999999997e+01  2.027222163784321e+05  2.216664813658982e+05  -4.191095721231564e+04  5.214250840652768e+03  4.991783699629836e+04  -1.580893412687879e+04  -4.374014218544862e-03  5.759977044145001e-03  5.302697934531068e-03
  1.729999999999998e+01  2.026286041379027e+05  2.139265603392195e+05  -3.737934202129051e+04  4.339555772155894e+03  5.606470649608727e+04  -9.975752089352398e+03  -2.679127983192161e-03  6.269248958585238e-03  5.352209147076697e-03
  1.739999999999998e+01  2.033140073272524e+05  2.069208980943103e+05  -3.868685441606605e+04  3.230597332264345e+03  6.106552089262388e+04  -5.302282960447742e+03  -1.376629617706168e-03  6.682102213581456e-03  4.600400034446916e-03
  1.749999999999998e+01  2.021427904396568e+05  2.027585878869870e+05  -4.133239212054529e+04  1.329094549920174e+03  6.199813011290804e+04  -4.156867329275378e+03  -6.919627828374285e-04  6.813029062894559e-03  3.210674381590948e-03
  1.759999999999998e+01  1.989112552206593e+05  2.051606989790685e+05  -4.186117084202311e+04  -2.284923582458904e+03  5.835213709928458e+04  -7.359707200045495e+03  -6.852238798166359e-04  6.820831362515180e-03  1.700977613513634e-03
  1.769999999999998e+01  1.949851812988208e+05  2.149197670159002e+05  -4.016927387493954e+04  -6.254184794492588e+03  5.256232738312832e+04  -1.319562536008394e+04  -1.025792343462900e-03  6.850580385094762e-03  5.031524909894165e-04
  1.779999999999998e+01  1.912898101862334e+05  2.274257711229244e+05  -3.865221474318397e+04  -6.624041886850404e+03  4.837901278646270e+04  -1.799201632696840e+04  -1.049333092889852e-03  6.731198768234786e-03  -1.773549929934866e-04
  1.789999999999998e+01  1.883381272666531e+05  2.364681043860464e+05  -3.914142972487041e+04  -2.870338674708486e+02  4.771762810802431e+04  -1.851031445436623e+04  -3.271669436246567e-04  6.249670725290272e-03  -3.273016073662815e-04
  1.799999999999999e+01  1.869370217840465e+05  2.389280223397580e+05  -3.999577222279984e+04  1.197153474829492e+04  4.897082214790968e+04  -1.390253004930933e+04  9.239806642550403e-04  5.489644554194130e-03  -1.490245739984767e-04
  1.809999999999999e+01  1.878282225177349e+05  2.351825974439476e+05  -3.640331017663806e+04  2.611840348890653e+04  4.899258219220292e+04  -5.891119893924223e+03  2.061383210629312e-03  4.716391920431111e-03  -3.130796310884575e-05
  1.819999999999999e+01  1.908746011666562e+05  2.269833247984836e+05  -2.451410461119310e+04  3.766957399992232e+04  4.663888722461856e+04  2.545884127724799e+03  2.563464265594411e-03  4.076126582360440e-03  -2.931335565573120e-04
  1.829999999999999e+01  1.947912848995185e+05  2.164302469932775e+05  -6.146705509402239e+03  4.390502849236879e+04  4.395852551239159e+04  8.965373741770707e+03  2.386467484968820e-03  3.584804074851022e-03  -8.747117399716343e-04
  1.839999999999999e+01  1.978762209532732e+05  2.059664780273094e+05  1.125610328802734e+04  4.445279923117196e+04  4.362698035100340e+04  1.223704024689316e+04  1.855939210831652e-03  3.262781283565430e-03  -1.403487332734576e-03
  1.849999999999999e+01  1.992537468319028e+05  1.977255319873002e+05  2.080721242352360e+04  4.086093966995436e+04  4.563357039252956e+04  1.271451994211672e+04  1.353211494790108e-03  3.105165358173724e-03  -1.635081479568134e-03
  1.859999999999999e+01  1.991699589738284e+05  1.916847201935510e+05  2.193560850575256e+04  3.567237495280791e+04  4.726685234431412e+04  1.224102525636285e+04  1.055098943294193e-03  2.908443372211239e-03  -1.754987936145863e-03
  1.870000000000000e+01  1.979590229545537e+05  1.848154839241004e+05  1.952879521146647e+04  3.121524253338750e+04  4.647356558261078e+04  1.320439715973875e+04  8.610112399259047e-04  2.277297274820042e-03  -2.103231877939578e-03
  1.880000000000000e+01  1.953650372446798e+05  1.741668990501523e+05  1.818689377776615e+04  2.867840364515445e+04  4.450704035443754e+04  1.696370664458124e+04  5.579409358052209e-04  1.028068461740608e-03  -2.668104342069142e-03
  1.890000000000000e+01  1.913621814115751e+05  1.617256183618188e+05  1.829319180312630e+04  2.794223061504407e+04  4.461979580977016e+04  2.256581629331324e+04  3.848809323284985e-05  -4.174018975400900e-04  -3.044456931888643e-03
  1.900000000000000e+01  1.867933675970423e+05  1.543874029044851e+05  1.736359883827617e+04  2.847396898930475e+04  4.848833297089540e+04  2.703185543274050e+04  -5.669392916723922e-04  -1.246319261577928e-03  -2.880705414524539e-03
  1.910000000000000e+01  1.823105818785884e+05  1.576344865480126e+05  1.355735036859091e+04  3.029448244505425e+04  5.435844716535793e+04  2.743353274747491e+04  -9.706657157114798e-04  -9.788361434738585e-04  -2.260241557362352e-03
  1.920000000000000e+01  1.775123242714751e+05  1.703151282303939e+05  7.079367853873111e+03  3.351027375259764e+04  5.867347064164045e+04  2.287997861341368e+04  -1.009475982309578e-03  1.023976570401974e-04  -1.615904911904986e-03
  1.930000000000000e+01  1.719626668375531e+05  1.861186357291126e+05  -5.720048982972853e+02  3.698909975055757e+04  5.896527839395522e+04  1.501712444510790e+04  -8.383647037767464e-04  1.233102371840988e-03  -1.345963364776073e-03
  1.940000000000001e+01  1.664135742027635e+05  1.986937029556902e+05  -7.850403972807252e+03  3.820888809136290e+04  5.522619075932415e+04  6.905758400756323e+03  -8.176157751976673e-04  1.742285905911942e-03  -1.547057144502653e-03
  1.950000000000001e+01  1.623934800788432e+05  2.048055986296395e+05  -1.322020117345589e+04  3.520798169165177e+04  4.942715596060223e+04  1.311479589222997e+03  -1.155449917924624e-03  1.374098403217848e-03  -2.005524354019145e-03
  1.960000000000001e+01  1.606974920945195e+05  2.042484287669731e+05  -1.432300638183491e+04  2.886858862351947e+04  4.412496230711778e+04  -4.980572899139596e+02  -1.637523497503099e-03  2.365809899076294e-04  -2.332910224774937e-03
  1.970000000000001e+01  1.608177474881982e+05  1.989148031519300e+05  -9.040193202542823e+03  2.286193034528197e+04  4.130504809798941e+04  8.875525646980291e+02  -1.748105366801407e-03  -1.357997538304394e-03  -2.158299011102828e-03
  1.980000000000001e+01  1.620066575041956e+05  1.920793892434205e+05  1.727683348735838e+03  2.094718016688662e+04  4.160795116269314e+04  3.502377329837355e+03  -1.120371086739385e-03  -2.998713116541634e-03  -1.349285199042406e-03
  1.990000000000001e+01  1.644918912492810e+05  1.870602738388211e+05  1.241179405609268e+04  2.412124521279575e+04  4.410471161280028e+04  5.147050457934675e+03  9.631363527310419e-05  -4.286654672930097e-03  -1.711156797211674e-04
