TITLE = "Temporal Signal for receiver number 01984"
VARIABLES = "Time","xx","yy","zz","xy","yz","xz","u","v","w"
# x1       3.670946160000e+05
# x2       4.744184950000e+06
# x3       -3.000000000000e+03
  0.000000000000000e+00  0.000000000000000e+00  0.000000000000000e+00  0.000000000000000e+00  0.000000000000000e+00  0.000000000000000e+00  0.000000000000000e+00  0.000000000000000e+00  0.000000000000000e+00  0.000000000000000e+00
  1.000000000000000e-01  0.000000000000000e+00  0.000000000000000e+00  0.000000000000000e+00  0.000000000000000e+00  0.000000000000000e+00  0.000000000000000e+00  0.000000000000000e+00  0.000000000000000e+00  0.000000000000000e+00
  2.000000000000000e-01  0.000000000000000e+00  0.000000000000000e+00  0.000000000000000e+00  0.000000000000000e+00  0.000000000000000e+00  0.000000000000000e+00  0.000000000000000e+00  0.000000000000000e+00  0.000000000000000e+00
  3.000000000000000e-01  0.000000000000000e+00  0.000000000000000e+00  0.000000000000000e+00  0.000000000000000e+00  0.000000000000000e+00  0.000000000000000e+00  0.000000000000000e+00  0.000000000000000e+00  0.000000000000000e+00
  4.000000000000000e-01  -8.378075918732221e-17  -2.016305953010410e-16  -9.614963102850382e-17  1.210603948839047e-17  -4.727428291914472e-17  -1.791938887893879e-18  -1.291602167361619e-25  1.803674515110846e-23  7.192207292851397e-24
  5.000000000000000e-01  7.095618105442633e-13  -1.189904139959244e-12  3.688905123946352e-13  -1.087264528501946e-13  2.584872978020679e-13  1.886447409566934e-14  9.070139464742785e-20  8.725681041895972e-20  -3.814474587238281e-20
  6.000000000000000e-01  3.875548739857095e-11  5.261257280168113e-10  1.217391675018132e-10  1.011785903291339e-11  6.108146978292187e-11  -9.413731458802439e-12  -1.374273339446690e-17  -4.036687622987822e-17  -9.563393226479864e-18
  7.000000000000000e-01  -1.134611945508245e-08  -2.157298011986445e-08  -1.407414183162827e-08  -1.185392788084307e-09  -6.956758693836908e-09  -5.737908097434254e-10  -7.077727894907639e-17  1.641427008412147e-15  1.021241818872777e-15
  7.999999999999999e-01  -9.327733800817218e-08  -2.573888374557008e-07  -1.372652259910758e-07  -1.642245210736352e-09  -6.769830823712991e-08  -2.581494429770989e-09  2.563885583088761e-15  1.922055829782637e-14  1.224459107146964e-14
  8.999999999999999e-01  -2.221093928660019e-07  -1.557064625190619e-06  -5.082299303514841e-07  1.311829033019557e-07  -3.237632173508195e-07  1.009530665995205e-07  1.633484512751849e-14  1.182436042841679e-13  4.086091529992017e-14
  9.999999999999999e-01  -1.853706368526297e-06  -1.070268551103608e-05  -4.703662926545638e-06  4.603870189629626e-07  -2.016206110458051e-06  2.454565293398762e-07  6.292318157984310e-14  7.404142192629226e-13  2.090955182302861e-13
  1.100000000000000e+00  -1.527371426774578e-05  -5.714548764632373e-05  -3.940864478585238e-05  -6.864805866236239e-06  -1.011070635693763e-05  -3.766815983346786e-06  8.902846246581815e-13  3.679568031471624e-12  1.553014619880683e-12
  1.200000000000000e+00  -5.253966796101799e-05  -2.075297627401104e-04  -1.550490228763251e-04  -5.135887874223497e-05  -2.527476407916478e-05  -2.771325073117105e-05  7.120876862484430e-12  1.378716290183359e-11  5.847537659714615e-12
  1.300000000000000e+00  -9.400764774118058e-05  -7.157644710841670e-04  -2.427565217522140e-04  2.188752035792102e-05  -1.520725870874993e-04  2.385614679668727e-05  1.095024847908636e-11  5.694879093930751e-11  2.164257792584235e-11
  1.400000000000000e+00  -4.095444557437092e-04  -2.498466849374528e-03  -2.442325822534712e-04  8.013480583333177e-04  -1.118285045482103e-03  7.137482556124365e-04  -8.303155469010292e-11  2.237545696379590e-10  6.662870928593003e-11
  1.500000000000000e+00  -7.076732144183949e-05  7.259165462405001e-03  4.885576479804773e-03  9.087633032574477e-04  1.066977318807559e-03  9.971544120986674e-04  -2.951431379232946e-10  -2.788665492732500e-10  -5.237176922168680e-10
  1.600000000000000e+00  1.510565230711755e-02  6.380307168887554e-02  3.032135364517392e-02  -1.041361744119621e-03  1.901018105023049e-02  -3.849321090848901e-03  -1.352521671396489e-10  -4.986448180771345e-09  -2.379023355533258e-09
  1.700000000000000e+00  -4.888500775228930e-04  -1.294207863817364e-01  -7.278832523766904e-02  -2.506415140805054e-04  -3.313033121130263e-02  3.330695393842121e-03  1.754221923206924e-09  6.707489593603772e-09  7.290718104978655e-09
  1.800000000000000e+00  -1.098042818159669e-01  -1.558661280311978e-01  -1.092532428210442e-01  -2.425943536987467e-02  -4.699398472374738e-02  -9.650823703134253e-03  2.193045766977219e-09  2.001169369565082e-08  5.476094662978756e-09
  1.900000000000001e+00  1.823580968273639e-01  8.051393022337467e-01  4.991538145445352e-01  5.694866258686516e-02  2.290659299989085e-01  -2.110668685545425e-03  -1.100082919127893e-08  -6.475704697119641e-08  -3.954322673406442e-08
  2.000000000000000e+00  6.724288789583086e-02  -1.316252311102967e+00  -7.036727523627717e-01  -3.872568448287054e-02  -3.715922197777571e-01  9.302208843746945e-02  1.305291146187211e-08  7.216813903701088e-08  6.299931397320269e-08
  2.100000000000001e+00  -9.323058466617857e-01  7.409421234697919e-01  1.890930627999388e-01  -1.266351829596360e-01  1.290375887556977e-01  -3.541465449750988e-01  1.013163525793833e-08  3.533679349944556e-08  -6.909000751359811e-09
  2.200000000000001e+00  2.889179550897267e+00  -7.455908321463308e-01  6.144957519458449e-01  6.989719203532282e-01  2.805505130462305e-01  1.243322233909405e+00  -6.657846522739046e-08  -2.300829053774225e-07  -1.406366932567168e-07
  2.300000000000001e+00  -4.212793469931266e+00  1.633461543393512e+01  3.137238580884503e+00  -1.938655731553555e+00  1.438715704087484e+00  -3.585862523056939e+00  1.112572728090090e-07  -3.980827440510991e-07  1.708123832133217e-07
  2.400000000000001e+00  -1.190090781081959e+00  -4.892882063588088e+01  -1.394292049928912e+01  -2.089505232546927e+00  -2.633023087054762e+00  8.277015234219210e+00  1.989233004881201e-07  3.035444975767859e-06  -2.809686984884022e-08
  2.500000000000001e+00  4.723605645410447e+01  7.474220613631029e+01  3.869620311116766e+01  2.639373768070621e+01  8.783323047083748e+00  3.914550603364486e+00  -3.382415876333455e-06  -7.883874249449969e-06  -2.033945503054932e-06
  2.600000000000001e+00  -1.790444256644472e+02  -3.172822926868411e+02  -1.617117273225558e+02  -8.025904139713739e+01  -7.580691925639762e+01  -2.986873939635181e+01  1.090227309407382e-05  2.905066854051824e-05  1.054342799862931e-05
  2.700000000000001e+00  -4.742712131480735e+02  -1.126146510772914e+03  -4.747515279341752e+02  -2.483955805489026e+02  -1.440477068990179e+02  -2.488968440983558e+01  2.986026128926796e-05  9.439570969180273e-05  2.013859694776635e-05
  2.800000000000001e+00  -3.589642639288973e+02  -1.208558104594913e+03  -3.666889022724641e+02  -2.351280005060365e+02  -1.115205829722672e+02  3.332585544113927e+00  2.454311144778165e-05  9.675746468152654e-05  1.349472673869770e-05
  2.900000000000001e+00  -1.369328528927288e+02  -9.149430374845824e+02  -1.056575620280599e+02  -1.513497881407601e+02  -1.050648495851964e+02  6.691235457865095e+00  9.133925220627477e-06  7.175575784133390e-05  7.553068740952151e-06
  3.000000000000001e+00  -2.739199498421577e+02  -1.306613156244562e+03  -1.126118225561059e+02  -2.808525198930300e+02  -1.303745621054368e+02  5.688004762903494e+00  2.080824159203599e-05  1.063753854046876e-04  3.760394095593113e-06
  3.100000000000001e+00  -6.789705202379378e+02  -2.711678522885035e+03  -5.285834433754458e+02  -5.779539199569232e+02  -2.050993797001058e+02  5.401147849716277e+01  5.497658389816321e-05  2.224136313702429e-04  1.384164977782418e-05
  3.200000000000002e+00  -1.110867195352928e+03  -4.128089009233138e+03  -8.400137555584298e+02  -8.486762560388350e+02  -2.386030064694950e+02  3.804598665777905e+01  7.937154078710395e-05  3.396992415636243e-04  2.020695714773529e-05
  3.300000000000002e+00  -2.399435032674532e+03  -8.387776807172617e+03  -2.561184135922802e+03  -1.637428873378398e+03  -9.507370425965502e+02  -5.004873097771657e+01  1.750021207015927e-04  6.569925440634710e-04  1.208962154537515e-04
  3.400000000000002e+00  -7.319359976061787e+03  -1.896084330363657e+04  -6.927032392154500e+03  -4.309449220275095e+03  -2.591177491397643e+03  -6.459916496176621e+02  5.094669509483400e-04  1.554150039469251e-03  3.431732881236802e-04
  3.500000000000002e+00  -1.866448632780911e+04  -4.657075467500385e+04  -1.768724263575337e+04  -1.102991249843531e+04  -6.175543768000363e+03  -1.808781545059755e+03  1.336831192815703e-03  3.831153078472970e-03  8.201622642459288e-04
  3.600000000000002e+00  -3.586924917584850e+04  -8.948311687398756e+04  -3.257326342194483e+04  -2.198704604875973e+04  -1.058863602490961e+04  -3.445123612483687e+03  2.639659354033227e-03  7.378075567929862e-03  1.425979736665710e-03
  3.700000000000002e+00  -5.829285510446641e+04  -1.477561625822293e+05  -5.033392297522526e+04  -3.776377536411083e+04  -1.642843513827963e+04  -5.493597579211035e+03  4.416132289233674e-03  1.222057588888610e-02  2.195264212797406e-03
  3.800000000000002e+00  -8.067782531221402e+04  -2.166932563040135e+05  -6.526570532185936e+04  -5.730338839734727e+04  -2.257152103185855e+04  -6.998956877442975e+03  6.497929058957782e-03  1.778003304637085e-02  2.792626228080328e-03
  3.900000000000002e+00  -1.086009510599863e+05  -2.974786480715005e+05  -7.697559846814511e+04  -8.428604725390019e+04  -2.624334655078267e+04  -9.182950117115655e+03  9.313557409728931e-03  2.452446904649049e-02  2.923686983926403e-03
  4.000000000000002e+00  -1.412654996619631e+05  -4.083980697351279e+05  -9.503177978799361e+04  -1.191238259001210e+05  -3.310895335987461e+04  -1.184816518595200e+04  1.281298661850077e-02  3.344679144375817e-02  3.698068540044009e-03
  4.100000000000001e+00  -1.870814872714448e+05  -5.250162540037610e+05  -1.066401687592543e+05  -1.614626796386994e+05  -3.683767433212250e+04  -1.533213729181137e+04  1.727150788477541e-02  4.322072891049088e-02  3.898154357716213e-03
  4.200000000000001e+00  -2.236792849782168e+05  -6.727870329694481e+05  -1.310547164838282e+05  -2.166405676690730e+05  -4.550428909165428e+04  -1.965192072688065e+04  2.292101741172881e-02  5.475838329836375e-02  5.264899534381252e-03
  4.300000000000001e+00  -2.594354784842255e+05  -7.776212298777067e+05  -1.165500215789016e+05  -2.683506902054508e+05  -4.860107464610326e+04  -2.718218481648644e+04  2.726129709278809e-02  6.316936178373857e-02  5.133748117829185e-03
  4.400000000000000e+00  -3.555908586068449e+05  -9.598657672892126e+05  -1.372101051352565e+05  -3.571103177123925e+05  -5.689385543387503e+04  -3.191916734339605e+04  3.715574702567852e-02  7.950119844880293e-02  4.881189893609560e-03
  4.500000000000000e+00  -3.183209641530243e+05  -1.110015816540955e+06  -8.467682797697200e+04  -4.089992370187703e+05  -3.634446307094517e+04  -1.202363308813364e+04  3.780667000626718e-02  8.884973777936211e-02  -9.113215094111937e-04
  4.600000000000000e+00  -2.001400373091968e+05  -1.061729217297939e+06  4.534976336758591e+04  -4.061865027543077e+05  -2.451899847419212e+04  -1.324935738174785e+04  3.112341942096299e-02  8.459486701126727e-02  -3.657762566258003e-03
  4.699999999999999e+00  -1.354671209808781e+05  -1.090425298523376e+06  1.382156940064434e+05  -4.427465650799117e+05  -3.528023940019175e+04  -2.749018691451263e+03  2.923675933043487e-02  8.642043738867575e-02  -6.381163172576779e-03
  4.799999999999999e+00  -2.912268964492704e+04  -1.117357292448634e+06  2.888665994710675e+05  -4.697954150563790e+05  1.801694756874984e+03  3.963742505122958e+04  2.488788862070394e-02  8.603702198679043e-02  -1.903178828128216e-02
  4.899999999999999e+00  1.139606484355127e+05  -1.147598044463849e+06  4.012557051878349e+05  -4.619673560954215e+05  5.552698858119786e+04  7.560987234743581e+04  1.581468542148882e-02  8.534545291206708e-02  -2.863816733804914e-02
  4.999999999999998e+00  2.136340271534100e+05  -1.142212653538879e+06  4.616793780540864e+05  -4.605985238082386e+05  7.954065665640448e+04  6.797280045671608e+04  9.821608426519112e-03  7.861443767527275e-02  -2.952147436417414e-02
  5.099999999999998e+00  2.114514442968464e+05  -1.015884911909659e+06  4.829424962030576e+05  -4.980366495805792e+05  3.462024927567693e+04  4.075386234404857e+03  1.872611186585432e-02  6.252553804789866e-02  -1.723983850190135e-02
  5.199999999999998e+00  1.064939176655341e+05  -7.886267359352189e+05  3.914372328510439e+05  -5.721738559877404e+05  -7.017787827652448e+04  -8.229684374017426e+04  3.762314189457142e-02  4.111183411904510e-02  8.417250431397221e-03
  5.299999999999997e+00  -1.987629746631017e+04  -6.178374658874323e+05  2.222418738455721e+05  -6.283230894867881e+05  -1.802208131400428e+05  -1.650140427712278e+05  5.264456782288989e-02  2.447533214898355e-02  3.244159724221742e-02
  5.399999999999997e+00  -9.412989158895068e+04  -6.060915073438027e+05  1.058594993719925e+05  -6.069635761558933e+05  -2.421680465628588e+05  -2.884682718599899e+05  5.793614464175956e-02  1.681779472831988e-02  4.550442766321655e-02
  5.499999999999996e+00  -1.075056650002288e+05  -6.144062769069091e+05  4.149530841213889e+04  -4.889393747671841e+05  -3.010889301165218e+05  -4.701600521270949e+05  5.435115401266431e-02  6.843043288788997e-03  6.627950743169692e-02
  5.599999999999996e+00  -7.296804702002174e+04  -4.767477779224255e+05  -2.355051971212814e+03  -3.205674550872251e+05  -3.891002898345080e+05  -6.141880187143729e+05  4.388516234397427e-02  -1.055697497707131e-02  9.920055870595189e-02
  5.699999999999996e+00  -1.081372390997725e+04  -3.377742570209501e+05  2.183356424717085e+04  -2.187400618717410e+05  -4.090694763933906e+05  -5.959441781481380e+05  3.270159359224748e-02  -1.776767382915229e-02  1.135060848914308e-01
  5.799999999999995e+00  4.893878739295942e+04  -4.096436654616112e+05  1.703334669347417e+05  -2.477178376621809e+05  -2.718533382779468e+05  -4.163408423337342e+05  2.721414047219666e-02  -4.713714662216293e-03  8.658582752655015e-02
  5.899999999999995e+00  7.786886456362039e+04  -6.537707911501409e+05  3.459955062240304e+05  -3.473582228744289e+05  -5.724966175985509e+04  -2.120592176778064e+05  2.907468588587469e-02  1.733795064865949e-02  3.881489513134515e-02
  5.999999999999995e+00  9.763461840439345e+04  -7.799920935241895e+05  4.281308409882922e+05  -3.980414912255148e+05  8.037638274587321e+04  -1.216208926396045e+05  3.248257858109402e-02  2.611929952972252e-02  1.101993757933591e-02
  6.099999999999994e+00  1.083200416471778e+05  -6.321097217642938e+05  3.764386362881808e+05  -3.435918068557608e+05  9.134414139240222e+04  -1.499558260699082e+05  3.282950396067832e-02  1.403289669712805e-02  1.733589516026671e-02
  6.199999999999994e+00  8.112355004425651e+04  -3.691463136774077e+05  2.454609635797762e+05  -2.559233923346955e+05  7.419531051803063e+04  -1.749846521196951e+05  3.452007716327634e-02  -4.205506653970342e-03  3.481683788910572e-02
  6.299999999999994e+00  3.638187337624845e+04  -2.086878952068127e+05  1.636884980188020e+05  -2.329611946536711e+05  1.273119396917879e+05  -1.187096646496960e+05  4.107049061724057e-02  -1.308216658957329e-02  3.668788318369211e-02
  6.399999999999993e+00  3.348169367483553e+04  -2.188944914375752e+05  1.777823738103511e+05  -2.630215506406188e+05  2.160407434076369e+05  -2.663116603190329e+04  4.501132865604005e-02  -1.069515114992423e-02  1.831181702286910e-02
  6.499999999999993e+00  1.130026289543135e+05  -3.579367699917318e+05  2.010661220064512e+05  -2.646321493687812e+05  2.312171016515337e+05  3.128772491204359e+04  3.656364421226729e-02  -2.459756073979223e-04  -3.004352700155490e-03
  6.599999999999993e+00  2.716928782803191e+05  -5.537942119101683e+05  1.626421868242222e+05  -2.166934370126793e+05  1.526607617383491e+05  3.725150647229365e+04  1.604652590514192e-02  1.689322876514818e-02  -8.141411898080193e-03
  6.699999999999992e+00  4.479119997745061e+05  -7.215654865352776e+05  9.689316849083324e+04  -1.900759535631380e+05  7.721411961007342e+04  1.109397139696204e+04  -4.098560651728445e-03  3.707791211960877e-02  5.016364738713093e-03
  6.799999999999992e+00  5.508858884495847e+05  -7.915695285828856e+05  8.102060177951917e+04  -2.663462576875018e+05  9.683087592010883e+04  -4.646594105756818e+03  -8.249528119912643e-03  5.271241082537891e-02  2.171632032302106e-02
  6.899999999999991e+00  5.372102478034154e+05  -7.318799826589249e+05  1.370809376819789e+05  -4.258829131020610e+05  2.074578860754914e+05  3.261151938990239e+04  7.203354639596557e-03  5.372039914567678e-02  2.423435466311151e-02
  6.999999999999991e+00  4.232203539306942e+05  -5.617803311351581e+05  1.970323472575732e+05  -5.612737192166030e+05  3.241571939652518e+05  1.294794778545703e+05  3.283551738292564e-02  3.559217603305797e-02  5.117192195542289e-03
  7.099999999999991e+00  2.639883356098525e+05  -3.674391763006772e+05  1.695067401583218e+05  -5.973652755119941e+05  3.690727825627751e+05  2.546263910220205e+05  5.569336596965560e-02  6.032218008474330e-03  -2.642905869711594e-02
  7.199999999999990e+00  1.285419303592002e+05  -1.869131071739421e+05  5.449663219388055e+04  -5.382480507488573e+05  3.386154351602520e+05  3.613748632245463e+05  6.646344922488684e-02  -2.443202649341702e-02  -5.191746312527063e-02
  7.299999999999990e+00  5.152395327115449e+04  -4.691359866035433e+04  -9.223677225019541e+04  -4.405036683493149e+05  2.701811332375776e+05  4.080595052994421e+05  6.453367462590880e-02  -4.573663874516845e-02  -5.754820802827824e-02
  7.399999999999990e+00  5.758906299923181e+04  2.073255620624939e+04  -2.008822426826531e+05  -3.508847139558095e+05  1.992518411631684e+05  3.918964318482508e+05  5.243894173788868e-02  -5.346491346502918e-02  -4.435956317730429e-02
  7.499999999999989e+00  1.498488379403626e+05  1.438972857368618e+04  -2.228813740760480e+05  -2.946894030597595e+05  1.503532233702396e+05  3.530061714664028e+05  3.600110888721389e-02  -4.945391194031953e-02  -2.525248242327987e-02
  7.599999999999989e+00  2.595326389185157e+05  -5.461532579574882e+04  -1.803532383845419e+05  -2.951233125843685e+05  1.380989930618312e+05  3.287187465825115e+05  2.446454553716913e-02  -3.800633842014579e-02  -1.315924318082623e-02
  7.699999999999989e+00  3.105125688302841e+05  -1.484841433342264e+05  -1.245139199662257e+05  -3.417573836900553e+05  1.752607766021679e+05  3.293046573446307e+05  2.097919457623435e-02  -2.536675590472411e-02  -1.365816820365812e-02
  7.799999999999988e+00  2.972754133022826e+05  -2.304115484037442e+05  -8.211925179299377e+04  -3.760468703413818e+05  2.559488862490923e+05  3.511346383640511e+05  1.894647585157840e-02  -1.571935192396021e-02  -2.455863640841865e-02
  7.899999999999988e+00  2.605941501165403e+05  -3.044500877740115e+05  -4.706455300935455e+04  -3.542856328839558e+05  3.412705726746423e+05  3.909030220501859e+05  1.161889323599870e-02  -8.620357498636154e-03  -3.972242341354541e-02
  7.999999999999988e+00  2.270314294781988e+05  -3.837957705541096e+05  -1.335042636433787e+04  -2.984249924423832e+05  3.847584590133087e+05  4.387826298428474e+05  1.292601090923221e-03  -2.378066961177949e-03  -5.297707632374421e-02
  8.099999999999987e+00  1.955815143576217e+05  -4.291409611214442e+05  9.615710676937513e+03  -2.562201202647921e+05  3.663801321780558e+05  4.678866623339487e+05  -4.940825623961050e-03  -1.208848837285578e-04  -6.019204429767233e-02
  8.199999999999987e+00  1.647865305088317e+05  -3.779565006770230e+05  1.245035480349791e+04  -2.441746340209783e+05  2.949747788502022e+05  4.490791559979463e+05  -4.305283399541350e-03  -7.999762377735246e-03  -5.893168657371707e-02
  8.299999999999986e+00  1.289538687879012e+05  -2.287178491126289e+05  2.152373738244124e+03  -2.479740678476278e+05  1.939989525194838e+05  3.778670218571057e+05  9.515494096811394e-04  -2.673471233871036e-02  -4.964959066335094e-02
  8.399999999999986e+00  5.857562195333515e+04  -8.461067324837003e+04  -1.213296072608256e+04  -2.687207415199029e+05  8.823721845212237e+04  2.917283217075771e+05  9.688380407108871e-03  -4.619203270543856e-02  -3.780253082529134e-02
  8.499999999999986e+00  -9.137233284277485e+04  -6.905239785163366e+04  -2.375946831042797e+04  -3.333821758922626e+05  6.547207268074975e+03  2.363468294924007e+05  2.397444003418656e-02  -5.241910434875142e-02  -2.978265059982863e-02
  8.599999999999985e+00  -3.137907285999409e+05  -1.986280912504253e+05  -2.265094026076300e+03  -4.419648752899914e+05  -4.014443548214293e+04  2.237041234510012e+05  4.237649697101390e-02  -4.156458398058266e-02  -2.717228187091141e-02
  8.699999999999985e+00  -5.841203109395973e+05  -4.003310727952571e+05  2.013030429056095e+04  -5.588528153945891e+05  -6.650207223804916e+04  2.022415365295447e+05  6.168386302989857e-02  -2.039243858586629e-02  -2.223591853306409e-02
  8.799999999999985e+00  -7.773326722048665e+05  -5.596359995631150e+05  2.034188881004438e+04  -6.314701917577859e+05  -9.112512523534242e+04  1.586720460890783e+05  7.268916616778677e-02  -2.421615944793063e-03  -1.328831393832827e-02
  8.899999999999984e+00  -8.193597010625694e+05  -5.790390949155373e+05  4.344948641509235e+04  -6.361577775268210e+05  -1.026052269803024e+05  1.023887047483764e+05  6.965041797354159e-02  3.101604545270845e-03  -7.266434001942280e-03
  8.999999999999984e+00  -7.631758025586894e+05  -5.487672042851421e+05  6.573279300732198e+04  -6.152049945952398e+05  -1.108887108024009e+05  3.154700350034188e+04  5.748091441127706e-02  3.503027742935927e-03  -3.709310246245783e-03
  9.099999999999984e+00  -6.668026440734838e+05  -5.437195927379535e+05  1.231087088760296e+05  -5.976285712148736e+05  -1.087402713127146e+05  -2.767563719793109e+04  4.302654254908470e-02  4.731892769016616e-03  -4.158564082948636e-03
  9.199999999999983e+00  -6.051297676523295e+05  -5.643876463214036e+05  2.042592705705006e+05  -5.872547462780826e+05  -9.845622359981273e+04  -6.477698703138522e+04  3.326730014596096e-02  8.687462505792595e-03  -4.976773283723616e-03
  9.299999999999983e+00  -6.064192204481192e+05  -5.862965097303111e+05  2.494600010145781e+05  -5.743735966295871e+05  -9.545502913951762e+04  -7.833773010558059e+04  2.902419413058597e-02  1.277793358317279e-02  -3.340407605667405e-03
  9.399999999999983e+00  -6.113901407066651e+05  -5.590520183042006e+05  2.605908120341713e+05  -5.427119481845014e+05  -8.671933783917130e+04  -7.165805561582974e+04  2.511430507403229e-02  1.312470961165997e-02  -2.328273951254174e-03
  9.499999999999982e+00  -5.749036828032942e+05  -5.084473545085385e+05  2.542127487391959e+05  -4.944071720563029e+05  -5.810474511883942e+04  -7.447758115916120e+04  1.703364793231464e-02  1.165837019369248e-02  -1.481487771867997e-03
  9.599999999999982e+00  -5.192751976978099e+05  -4.924949515923324e+05  2.442706524068517e+05  -4.416195694632421e+05  -2.651042594019262e+04  -1.081715560523699e+05  5.744003642639298e-03  1.220018700505908e-02  3.937714326978850e-03
  9.699999999999982e+00  -4.785856738384248e+05  -5.261970637183567e+05  2.477969108450105e+05  -3.964217812412148e+05  -2.249794414606607e+04  -1.543846140948568e+05  -4.046816923686641e-03  1.699357844756169e-02  1.635840386374039e-02
  9.799999999999981e+00  -4.629386217018453e+05  -5.666576819050754e+05  2.756677421049951e+05  -3.613226635471484e+05  -5.474656648491859e+04  -1.819526393448186e+05  -8.640310836361362e-03  2.310250376404676e-02  3.205974712951506e-02
  9.899999999999981e+00  -4.703225306418696e+05  -5.688768852896197e+05  3.146401259017052e+05  -3.456219842520903e+05  -9.515574941133702e+04  -1.756529842602437e+05  -6.916240431870388e-03  2.658029115365159e-02  4.343902563643120e-02
  9.999999999999980e+00  -4.836201564968770e+05  -5.438357919069869e+05  3.184145876380060e+05  -3.597569320108520e+05  -1.083293026188794e+05  -1.548502244828877e+05  -2.162178803280596e-03  2.780441132720223e-02  4.679762929068473e-02
  1.009999999999998e+01  -4.659686465059281e+05  -5.220101078638441e+05  2.639866619333581e+05  -3.882641183772295e+05  -8.497815768347299e+04  -1.453470823592884e+05  -3.758123928196031e-04  2.883485433573898e-02  4.308525673928471e-02
  1.019999999999998e+01  -4.071658698196064e+05  -5.072261163133098e+05  1.702950312010710e+05  -4.079198010639793e+05  -4.848721205491699e+04  -1.606017644908540e+05  -4.652710800966920e-03  2.983870600936311e-02  3.650302107602900e-02
  1.029999999999998e+01  -3.438305272178111e+05  -4.990935247880998e+05  5.173997868531947e+04  -4.163234065060099e+05  -2.394504164696035e+04  -1.951661923130822e+05  -1.161549477219419e-02  3.104451742208483e-02  3.242781274009336e-02
  1.039999999999998e+01  -3.144914786881636e+05  -4.957101853615659e+05  -6.659292652634696e+04  -4.246350179790747e+05  -1.056576149088084e+04  -2.217602504346060e+05  -1.404431937408913e-02  3.209995223658349e-02  3.192104776515763e-02
  1.049999999999998e+01  -3.208780462441594e+05  -5.003948733758739e+05  -1.548264606807194e+05  -4.432472155233551e+05  6.931950307895801e+03  -2.198296383822865e+05  -7.713893042871637e-03  3.209147165610816e-02  3.200158451520528e-02
  1.059999999999998e+01  -3.261844164878987e+05  -5.029964188942607e+05  -2.026484978592919e+05  -4.674875461101669e+05  3.086800527912505e+04  -1.947754010160647e+05  3.651561209717242e-03  2.953092693286334e-02  3.245991001730617e-02
  1.069999999999998e+01  -3.093342725486449e+05  -4.868081116686976e+05  -2.155885250272701e+05  -4.832579838786459e+05  4.665701636006377e+04  -1.590058249932866e+05  1.366082510333344e-02  2.432172489371775e-02  3.538088422148748e-02
  1.079999999999998e+01  -2.784576535542642e+05  -4.570099664812160e+05  -1.944480181252901e+05  -4.873530206745886e+05  4.492913349807609e+04  -1.178337908473936e+05  1.915467566471504e-02  1.857611042411721e-02  3.984718299728070e-02
  1.089999999999998e+01  -2.355746098885908e+05  -4.233971151719550e+05  -1.397514006881106e+05  -4.871878869555996e+05  2.731174838132010e+04  -7.867912447313611e+04  2.009977188134762e-02  1.388565922254777e-02  4.438300023563590e-02
  1.099999999999998e+01  -1.712587748922632e+05  -3.972538903951818e+05  -8.379578679821509e+04  -4.905194001629050e+05  3.099971073070643e+02  -5.190319083546002e+04  1.745431035591860e-02  1.049976654751331e-02  4.935759713653527e-02
  1.109999999999998e+01  -7.120689727080044e+04  -3.750638078035770e+05  -5.499411212348103e+04  -4.917425607666774e+05  -2.559169868453795e+04  -4.354577718964772e+04  1.085004271280443e-02  6.716408552496121e-03  5.333198919485378e-02
  1.119999999999998e+01  4.862498455963074e+04  -3.466175757620769e+05  -4.332266348274097e+04  -4.781433156207827e+05  -4.102835440989322e+04  -4.893744764963925e+04  3.579118738557396e-04  1.235083380082872e-03  5.234689152025113e-02
  1.129999999999998e+01  1.361538045022081e+05  -3.282729135301508e+05  -2.784195704263342e+04  -4.521705624013541e+05  -4.321933269464109e+04  -5.014715876547224e+04  -1.123853671929853e-02  -4.146079019538826e-03  4.395722214565780e-02
  1.139999999999998e+01  1.679560320326249e+05  -3.349319519524190e+05  7.270956755270573e+03  -4.261935578352088e+05  -3.175068554423979e+04  -2.918477428305641e+04  -2.043567932343124e-02  -7.056715488833866e-03  2.980785706217318e-02
  1.149999999999998e+01  1.687974878327634e+05  -3.579024520964234e+05  6.880890029094514e+04  -4.094457579364652e+05  -9.555000438120000e+03  1.465107361469506e+04  -2.547146327816415e-02  -6.999171338874546e-03  1.490752073714359e-02
  1.159999999999997e+01  1.711094112444156e+05  -3.855155296558439e+05  1.492478641058275e+05  -4.041333753326511e+05  1.855335577610687e+04  7.173204008428811e+04  -2.676999130542638e-02  -5.201914088482160e-03  3.226433099668882e-03
  1.169999999999997e+01  1.839295073110146e+05  -4.018248348724936e+05  2.359254178225426e+05  -4.027961405491229e+05  5.701658111479632e+04  1.405346766732188e+05  -2.581711782319448e-02  -3.993974930887478e-03  -6.140653526070172e-03
  1.179999999999997e+01  1.919446303390433e+05  -3.920885010141159e+05  3.088703700902027e+05  -3.979006690382332e+05  1.107984520705021e+05  2.208978555808522e+05  -2.390892460473779e-02  -4.667573163566387e-03  -1.622905084925752e-02
  1.189999999999997e+01  1.764056835445362e+05  -3.588098249813563e+05  3.468710759175011e+05  -3.885998113667517e+05  1.735007773267376e+05  3.008550851406340e+05  -2.141727361263727e-02  -6.311677879886704e-03  -2.764024289849143e-02
  1.199999999999997e+01  1.320549028764117e+05  -3.197965624292466e+05  3.489160124438559e+05  -3.793856846476896e+05  2.345643299896848e+05  3.645399106489205e+05  -1.748290084648340e-02  -6.994686212095466e-03  -3.873647988700089e-02
  1.209999999999997e+01  6.990528136493808e+04  -2.984689361870181e+05  3.337912230910858e+05  -3.759619894652824e+05  2.837620902857782e+05  4.026314047053927e+05  -1.196466370026926e-02  -5.729510484334586e-03  -4.716506831039947e-02
  1.219999999999997e+01  1.367107180524023e+04  -2.999659726780281e+05  3.238871807633021e+05  -3.778840893211575e+05  3.098981284580679e+05  4.132496474079006e+05  -7.039436240732410e-03  -4.103475411944574e-03  -5.007259211407394e-02
  1.229999999999997e+01  -1.767517961589102e+04  -3.045252964180283e+05  3.267645525342386e+05  -3.784871004245491e+05  3.068487905999965e+05  3.972413579177976e+05  -5.009135559144365e-03  -4.806095434073503e-03  -4.634545236223840e-02
  1.239999999999997e+01  -2.980579490110846e+04  -2.982231906554555e+05  3.288065360200565e+05  -3.730389254154458e+05  2.784874495853752e+05  3.599189293754966e+05  -5.753266309687708e-03  -8.511390805811004e-03  -3.812478538455380e-02
  1.249999999999997e+01  -3.324022505443343e+04  -2.877562689508891e+05  3.106902492378069e+05  -3.596126620125010e+05  2.363640530780854e+05  3.119817891344837e+05  -8.354829178164002e-03  -1.364660050215025e-02  -2.904553772529482e-02
  1.259999999999997e+01  -1.528473331754630e+04  -2.792885978925778e+05  2.709702263260503e+05  -3.339670723061506e+05  1.958591333861517e+05  2.651254756395547e+05  -1.347010994215146e-02  -1.853641125355194e-02  -2.234003311652869e-02
  1.269999999999997e+01  3.885685724612949e+04  -2.640648006138685e+05  2.348680728161907e+05  -2.951257449710830e+05  1.682067263383897e+05  2.310149756621482e+05  -2.179065109884859e-02  -2.259577566945500e-02  -1.989312032749524e-02
  1.279999999999997e+01  1.108998682460505e+05  -2.350371804738788e+05  2.337776220789083e+05  -2.536130554657048e+05  1.521609769765445e+05  2.159818291234306e+05  -3.109924780406366e-02  -2.549191453156006e-02  -2.138997587338805e-02
  1.289999999999997e+01  1.553267869294479e+05  -2.091482691135888e+05  2.708170549185947e+05  -2.275823725736671e+05  1.380094925168344e+05  2.181147444486519e+05  -3.676970154478496e-02  -2.621884807818874e-02  -2.434906674849805e-02
  1.299999999999997e+01  1.393145894703843e+05  -2.209956340849786e+05  3.071439488005978e+05  -2.288289291349050e+05  1.199402349891097e+05  2.293764083096061e+05  -3.611747970444766e-02  -2.379185737500690e-02  -2.622930571381571e-02
  1.309999999999997e+01  7.470924977475466e+04  -2.869930253244546e+05  2.953590437194261e+05  -2.527770678592046e+05  1.012532752276982e+05  2.406293248617002e+05  -3.136968855531806e-02  -1.872092230748523e-02  -2.665050303279992e-02
  1.319999999999997e+01  9.437389311011644e+03  -3.846407427580780e+05  2.251909558436237e+05  -2.824718101696933e+05  8.982999483536780e+04  2.478114211732995e+05  -2.775756505358312e-02  -1.309135502727060e-02  -2.741189752213115e-02
  1.329999999999997e+01  -8.879658813577942e+03  -4.741912913441039e+05  1.237816386085361e+05  -3.000298344838699e+05  9.030243468145470e+04  2.489893375199521e+05  -2.908498409411120e-02  -8.855573874852430e-03  -3.019052844798619e-02
  1.339999999999997e+01  3.184579558029010e+04  -5.300092575733847e+05  2.083799454119124e+04  -2.965627096573988e+05  9.744047258379839e+04  2.385750509480880e+05  -3.522208865776496e-02  -6.571891039733777e-03  -3.423296024164631e-02
  1.349999999999997e+01  9.928862962914369e+04  -5.493329150547754e+05  -7.375090645583718e+04  -2.749658889071642e+05  9.880364540259696e+04  2.085209648697677e+05  -4.288000749372756e-02  -5.779150601387546e-03  -3.676849834200690e-02
  1.359999999999997e+01  1.435715925893711e+05  -5.429145163587329e+05  -1.609843230262958e+05  -2.455995879287788e+05  8.638984873220818e+04  1.569027997822980e+05  -4.821875230062734e-02  -5.979813816604219e-03  -3.543307001157640e-02
  1.369999999999997e+01  1.355160582329651e+05  -5.253319224365022e+05  -2.354743291449403e+05  -2.197330242181458e+05  6.253038291766727e+04  8.976246975883524e+04  -4.928472928115293e-02  -6.900358371304346e-03  -2.993331411162177e-02
  1.379999999999997e+01  8.556122454281812e+04  -5.107473407667416e+05  -2.844438698733718e+05  -2.062294034934258e+05  3.319458496671260e+04  1.517104621145088e+04  -4.633313098189634e-02  -8.042319995771289e-03  -2.134862997615871e-02
  1.389999999999997e+01  2.493424170372466e+04  -5.115885627479544e+05  -3.005219261182036e+05  -2.104977151333856e+05  3.020198453222580e+02  -5.891562866230439e+04  -4.056209766854415e-02  -8.420759876759970e-03  -1.083048857358640e-02
  1.399999999999997e+01  -2.646380555648692e+04  -5.323573590605715e+05  -2.881498357424870e+05  -2.323488467999870e+05  -3.656965651067600e+04  -1.232998563532731e+05  -3.297068339129475e-02  -7.257428174678665e-03  3.850745331232867e-04
  1.409999999999997e+01  -6.680790441470769e+04  -5.638670724557602e+05  -2.583259373668667e+05  -2.664311854049444e+05  -7.432466484003996e+04  -1.697276580138592e+05  -2.447678542720500e-02  -4.996953091401121e-03  1.027840929498921e-02
  1.419999999999997e+01  -9.859059418074778e+04  -5.927779377992547e+05  -2.227946284669755e+05  -3.042671769912231e+05  -1.049437538069748e+05  -1.982989107372727e+05  -1.658757147549193e-02  -3.076417926564882e-03  1.655114500079076e-02
  1.429999999999997e+01  -1.213794583637861e+05  -6.132061974850224e+05  -1.884973655068189e+05  -3.372186488307212e+05  -1.209289366667179e+05  -2.169994406401940e+05  -1.099915912712310e-02  -2.587287497173141e-03  1.859259402200956e-02
  1.439999999999996e+01  -1.374644704088676e+05  -6.256964621872139e+05  -1.548619853103407e+05  -3.605509174146424e+05  -1.217646950985352e+05  -2.331561026739805e+05  -8.228090690583499e-03  -3.322293739876698e-03  1.821901167391027e-02
  1.449999999999996e+01  -1.564250405465969e+05  -6.308490320967578e+05  -1.177492799186676e+05  -3.754179984219632e+05  -1.133447962764127e+05  -2.473112871356332e+05  -6.983434807242326e-03  -4.083396167057310e-03  1.804681379389428e-02
  1.459999999999996e+01  -1.849836154264010e+05  -6.271470016094287e+05  -7.489710575303300e+04  -3.868566717706370e+05  -1.017603134143889e+05  -2.552195232215249e+05  -5.314648731045812e-03  -3.824450229940866e-03  1.942577237968974e-02
  1.469999999999996e+01  -2.162667065223351e+05  -6.152433310566889e+05  -2.799473319722567e+04  -3.986876207832599e+05  -8.960462385259097e+04  -2.544530436616765e+05  -2.102638193854502e-03  -2.446732585373976e-03  2.197602364226342e-02
  1.479999999999996e+01  -2.396738669047406e+05  -6.009840608062339e+05  1.940703133658538e+04  -4.112127462195036e+05  -7.794540387058786e+04  -2.469960903388514e+05  2.671572187461274e-03  -6.314034226083715e-04  2.487340132774757e-02
  1.489999999999996e+01  -2.552668071128871e+05  -5.912900865981398e+05  6.525319363055463e+04  -4.228406366940119e+05  -6.908351396476409e+04  -2.371555543006810e+05  8.545122431796762e-03  8.436486066763765e-04  2.805204975903294e-02
  1.499999999999996e+01  -2.707096389001864e+05  -5.876688711040454e+05  1.097410899971616e+05  -4.318988454883986e+05  -6.487626056592046e+04  -2.262297402776274e+05  1.470006900198338e-02  1.628137074475023e-03  3.164355188681053e-02
  1.509999999999996e+01  -2.884267293056989e+05  -5.860308001283540e+05  1.527194630843704e+05  -4.373795231586999e+05  -6.290195075550307e+04  -2.100431099797864e+05  1.979063085326622e-02  1.892522216150853e-03  3.463070856318717e-02
  1.519999999999996e+01  -3.024851765940328e+05  -5.828284528141612e+05  1.904263162313921e+05  -4.389773811003073e+05  -5.748877761209656e+04  -1.844278676116962e+05  2.262518416894589e-02  2.157769165869245e-03  3.507421221056441e-02
  1.529999999999996e+01  -3.074171695907868e+05  -5.773869099185879e+05  2.163163827661688e+05  -4.373995873330886e+05  -4.578212657190976e+04  -1.505417603341733e+05  2.312890927358292e-02  2.768668525843177e-03  3.201858738408507e-02
  1.539999999999996e+01  -3.055780030157549e+05  -5.683495095360674e+05  2.257453882203796e+05  -4.336452358874825e+05  -2.982535860929946e+04  -1.146795801258559e+05  2.239032297023937e-02  3.373623882952524e-03  2.664880491393271e-02
  1.549999999999996e+01  -3.042769561776941e+05  -5.512626562084878e+05  2.223523193433523e+05  -4.283204436407709e+05  -1.226459658417792e+04  -8.318265179639660e+04  2.178944920415712e-02  3.208587049060582e-03  2.128414973859983e-02
  1.559999999999996e+01  -3.075739496053625e+05  -5.224594303312202e+05  2.198913540046226e+05  -4.228490197589738e+05  6.376647060257716e+03  -5.708297420596082e+04  2.204896174575782e-02  1.941482948055116e-03  1.741793085620674e-02
  1.569999999999996e+01  -3.136839976865938e+05  -4.863674533159094e+05  2.309665806209522e+05  -4.188851546734646e+05  2.596310376853746e+04  -3.237098809214857e+04  2.301062131254375e-02  2.538987019695162e-04  1.473103157552061e-02
  1.579999999999996e+01  -3.177185894302216e+05  -4.540971538050062e+05  2.534062697739849e+05  -4.169749518078843e+05  4.432957429648463e+04  -3.692435643015177e+03  2.407226310763704e-02  -6.531574823731224e-04  1.183300703118126e-02
  1.589999999999996e+01  -3.149899755483771e+05  -4.331608043392104e+05  2.717507687425755e+05  -4.171019273031690e+05  5.783167547936982e+04  3.174232910365223e+04  2.463991811646999e-02  -1.764048726527440e-04  7.813500357577573e-03
  1.599999999999996e+01  -3.039852633187867e+05  -4.227219497678709e+05  2.714887356316596e+05  -4.191351995791764e+05  6.467975798160395e+04  7.127218500482831e+04  2.428258666418443e-02  1.373764145094616e-03  3.029840968182226e-03
  1.609999999999996e+01  -2.862334304287215e+05  -4.183542531509800e+05  2.499814501752001e+05  -4.226783393703045e+05  6.676466145776222e+04  1.083805987620403e+05  2.269273102975383e-02  3.374198186816142e-03  -1.457178291240837e-03
  1.619999999999996e+01  -2.641404325130021e+05  -4.179149697145621e+05  2.148854232505886e+05  -4.260390769976798e+05  6.874871007209092e+04  1.377966823575430e+05  1.968532398739695e-02  5.434956552899349e-03  -5.146236259111160e-03
  1.629999999999996e+01  -2.385492189544617e+05  -4.208468371577354e+05  1.759790936097083e+05  -4.266831127024714e+05  7.513270560154943e+04  1.580388398001154e+05  1.536867481181954e-02  7.239086152304028e-03  -8.588406964931881e-03
  1.639999999999996e+01  -2.099681876080153e+05  -4.243134487163265e+05  1.396311015753711e+05  -4.240249575007422e+05  8.620935320101693e+04  1.699273074841219e+05  1.034592633355802e-02  8.263624497277912e-03  -1.245484073375457e-02
  1.649999999999996e+01  -1.821490732938628e+05  -4.240810214597624e+05  1.084547362761551e+05  -4.204933536979083e+05  9.669469004733456e+04  1.744957736830419e+05  5.678297831199576e-03  8.086529272202226e-03  -1.638164525801290e-02
  1.659999999999997e+01  -1.610855242304256e+05  -4.184758618931187e+05  8.317691678409590e+04  -4.191652840314247e+05  9.969516801447797e+04  1.726884763781689e+05  2.454453198515694e-03  6.819909713059596e-03  -1.898354355093386e-02
  1.669999999999997e+01  -1.506534816839319e+05  -4.095043427963396e+05  6.394281785411954e+04  -4.206312181409944e+05  9.303913137939846e+04  1.653585462881450e+05  1.161184520467322e-03  5.045863934141262e-03  -1.892928502155042e-02
  1.679999999999997e+01  -1.488103999913039e+05  -4.006819730104295e+05  5.077614019751250e+04  -4.229112630788552e+05  8.111503228410742e+04  1.534893707018434e+05  1.409753697179588e-03  3.416997576775947e-03  -1.587599592914281e-02
  1.689999999999997e+01  -1.484803612070261e+05  -3.956182739130339e+05  4.279670085348121e+04  -4.238175278173002e+05  7.059560797804485e+04  1.383757213919017e+05  2.156590292192315e-03  2.451599847466118e-03  -1.072631355135661e-02
  1.699999999999997e+01  -1.424611774279991e+05  -3.970120351035859e+05  3.868649594874730e+04  -4.228207862856949e+05  6.526179194970832e+04  1.224177064696109e+05  2.222594813299456e-03  2.371891575523421e-03  -5.197741832631026e-03
  1.709999999999997e+01  -1.269197184085662e+05  -4.039931488214607e+05  3.774741354879905e+04  -4.205048864571181e+05  6.514172023676095e+04  1.089437061853292e+05  9.192787032764499e-04  2.899959357622514e-03  -9.766665894099138e-04
  1.719999999999997e+01  -1.044601505245080e+05  -4.115678598228130e+05  4.019275925395192e+04  -4.173156375834293e+05  6.828222881573963e+04  9.993072714328527e+04  -1.595223808468931e-03  3.247402565203801e-03  1.244659132540298e-03
  1.729999999999998e+01  -8.247253604583681e+04  -4.141083337689447e+05  4.601574217467712e+04  -4.131742659751077e+05  7.169255996710082e+04  9.393295856728670e+04  -4.444306726692542e-03  2.640209750428766e-03  2.137082831573197e-03
  1.739999999999998e+01  -6.825838238552955e+04  -4.102526646969553e+05  5.401161900807852e+04  -4.079262542767076e+05  7.180668593236188e+04  8.738817085708390e+04  -6.693708046549055e-03  8.982274151692614e-04  3.113913518870156e-03
  1.749999999999998e+01  -6.293952352750047e+04  -4.036492442316090e+05  6.205165095200059e+04  -4.019857671495907e+05  6.629715746459767e+04  7.829381324166388e+04  -8.007382471292969e-03  -1.374501686095107e-03  5.025961192099618e-03
  1.759999999999998e+01  -6.089590921474290e+04  -4.001076545051910e+05  6.837557257814087e+04  -3.965004344882002e+05  5.643797225134106e+04  6.782891047312380e+04  -8.757169373293437e-03  -3.107712901488147e-03  7.350840494906610e-03
  1.769999999999998e+01  -5.588063443877132e+04  -4.037808820213993e+05  7.285526555973894e+04  -3.926165842262930e+05  4.687569527582647e+04  5.829299910761144e+04  -9.549021819388825e-03  -3.438432435741689e-03  8.699833540734479e-03
  1.779999999999998e+01  -4.716378311927711e+04  -4.140884963798826e+05  7.720680429606760e+04  -3.906825071795318e+05  4.226350689984451e+04  5.036520817881397e+04  -1.054523083195414e-02  -2.318593178123328e-03  8.046515360428837e-03
  1.789999999999998e+01  -4.033515790858611e+04  -4.262589185308021e+05  8.349684988562502e+04  -3.906310359096517e+05  4.377636069283373e+04  4.264776607280320e+04  -1.121306849780380e-02  -5.302658093884103e-04  5.558065867642193e-03
  1.799999999999999e+01  -4.280228550543205e+04  -4.353363881331665e+05  9.267116877756300e+04  -3.931254139382311e+05  4.883420610623591e+04  3.405803916094806e+04  -1.075753780005666e-02  1.036400030335539e-03  2.394417803395052e-03
  1.809999999999999e+01  -5.712549029363809e+04  -4.401264136817413e+05  1.041667765418576e+05  -3.996475554320270e+05  5.401067261296165e+04  2.554691966477095e+04  -8.860747349948479e-03  2.134768958787360e-03  -2.307719536819516e-04
  1.819999999999999e+01  -7.807025103350233e+04  -4.435092019372843e+05  1.159713342302421e+05  -4.107331423821066e+05  5.795062943075496e+04  1.942870447225129e+04  -6.137500530059130e-03  3.194331579955413e-03  -1.776246122904531e-03
  1.829999999999999e+01  -9.650069121167311e+04  -4.488321754649181e+05  1.245283095649616e+05  -4.239735081070992e+05  6.171304505307678e+04  1.746960179706286e+04  -3.783839612068322e-03  4.665545486608629e-03  -2.539879548526901e-03
  1.839999999999999e+01  -1.059348475513206e+05  -4.555912932299816e+05  1.256793405926880e+05  -4.348513721645544e+05  6.648068817773268e+04  1.999151220584835e+04  -2.601438573287187e-03  6.292634599920487e-03  -3.202161219260201e-03
  1.849999999999999e+01  -1.071076408745736e+05  -4.588413022225622e+05  1.173835550929923e+05  -4.397424927657145e+05  7.137582323244287e+04  2.625105637242562e+04  -2.434064456556623e-03  7.170980312085208e-03  -4.154233974998970e-03
  1.859999999999999e+01  -1.060383241560457e+05  -4.532085685783915e+05  1.018615367842415e+05  -4.377796873053018e+05  7.386600987351805e+04  3.430198057367443e+04  -2.494938982822768e-03  6.514390308536619e-03  -5.225943570525048e-03
  1.870000000000000e+01  -1.082905012389495e+05  -4.376013776533116e+05  8.537084850941395e+04  -4.304637585933033e+05  7.217293592972103e+04  4.137085835538440e+04  -2.194952369240147e-03  4.349063635688419e-03  -5.891818380338048e-03
  1.880000000000000e+01  -1.158472092418178e+05  -4.168116304166250e+05  7.456223092109087e+04  -4.197069123597983e+05  6.749862699197598e+04  4.452214296562105e+04  -1.606293518143309e-03  1.619624355804292e-03  -5.849595269921341e-03
  1.890000000000000e+01  -1.282069278662506e+05  -3.987899148192902e+05  7.209515620892521e+04  -4.072645252701715e+05  6.325975549099893e+04  4.228644897140573e+04  -1.075949236230981e-03  -4.602793755636702e-04  -5.290983440329067e-03
  1.900000000000000e+01  -1.446027355699059e+05  -3.900818220287506e+05  7.559379896255168e+04  -3.953033199731722e+05  6.210660254171861e+04  3.584317746732653e+04  -6.254851506536198e-04  -1.191498237310189e-03  -4.626304178095827e-03
  1.910000000000000e+01  -1.633161635371669e+05  -3.924040380642982e+05  8.050582528058111e+04  -3.865365653961209e+05  6.383512384014843e+04  2.808256165698028e+04  1.166366864510578e-04  -7.652722016659817e-04  -4.052626363701082e-03
  1.920000000000000e+01  -1.801025739973562e+05  -4.024083217777620e+05  8.401821906139619e+04  -3.833126708435828e+05  6.564878397734354e+04  2.205211601667396e+04  1.411239312614117e-03  -2.059708175316621e-05  -3.323252982093514e-03
  1.930000000000000e+01  -1.892787312880844e+05  -4.147774673463608e+05  8.633630367937739e+04  -3.857602552873894e+05  6.449555004620239e+04  1.961263435152987e+04  2.932798496582951e-03  2.304491941881428e-04  -1.996566249293836e-03
  1.940000000000001e+01  -1.871522257375492e+05  -4.257388313108504e+05  8.881726758409236e+04  -3.913609492017276e+05  5.915139455209150e+04  2.087302955536968e+04  3.889431008228719e-03  -3.496611261487254e-04  7.948131204825812e-05
  1.950000000000001e+01  -1.751323043109807e+05  -4.345681815167122e+05  9.124261390906958e+04  -3.960032237734990e+05  5.096857427325830e+04  2.459545141794903e+04  3.600180562653762e-03  -1.596180606644770e-03  2.465826379373702e-03
  1.960000000000001e+01  -1.586420016680333e+05  -4.420191113630565e+05  9.161013143746350e+04  -3.961820268198322e+05  4.296571611937574e+04  2.915058440016602e+04  2.041869802546978e-03  -3.173661154889432e-03  4.266666274445910e-03
  1.970000000000001e+01  -1.436188819094827e+05  -4.481562665380337e+05  8.830563607381505e+04  -3.911349511949855e+05  3.783845011614197e+04  3.323603841217010e+04  -5.513297057126427e-05  -4.851758631263042e-03  4.683498378953411e-03
  1.980000000000001e+01  -1.344576245261022e+05  -4.524184831379078e+05  8.185516480017379e+04  -3.831181413181894e+05  3.650329317292661e+04  3.591095015580252e+04  -1.634950781692978e-03  -6.418524163832231e-03  3.577431921469483e-03
  1.990000000000001e+01  -1.322745136217128e+05  -4.546746598375464e+05  7.511156035043694e+04  -3.761808819665624e+05  3.783747291608997e+04  3.617154527473315e+04  -1.941733594666902e-03  -7.558704829524411e-03  1.622689479848082e-03
