TITLE = "Temporal Signal for receiver number 00926"
VARIABLES = "Time","xx","yy","zz","xy","yz","xz","u","v","w"
# x1       3.570946160000e+05
# x2       4.723184950000e+06
# x3       -3.000000000000e+03
  0.000000000000000e+00  0.000000000000000e+00  0.000000000000000e+00  0.000000000000000e+00  0.000000000000000e+00  0.000000000000000e+00  0.000000000000000e+00  0.000000000000000e+00  0.000000000000000e+00  0.000000000000000e+00
  1.000000000000000e-01  0.000000000000000e+00  0.000000000000000e+00  0.000000000000000e+00  0.000000000000000e+00  0.000000000000000e+00  0.000000000000000e+00  0.000000000000000e+00  0.000000000000000e+00  0.000000000000000e+00
  2.000000000000000e-01  0.000000000000000e+00  0.000000000000000e+00  0.000000000000000e+00  0.000000000000000e+00  0.000000000000000e+00  0.000000000000000e+00  0.000000000000000e+00  0.000000000000000e+00  0.000000000000000e+00
  3.000000000000000e-01  0.000000000000000e+00  0.000000000000000e+00  0.000000000000000e+00  0.000000000000000e+00  0.000000000000000e+00  0.000000000000000e+00  0.000000000000000e+00  0.000000000000000e+00  0.000000000000000e+00
  4.000000000000000e-01  6.083919940949358e-14  4.170516411886728e-14  1.230038619708538e-14  8.993671683465455e-14  4.446991841835354e-14  2.491460384640968e-15  3.706636856643668e-21  1.152991931584769e-20  -8.125243559821665e-22
  5.000000000000000e-01  2.126985991842239e-10  1.013545352028309e-10  4.416948744932941e-11  2.441617386676063e-10  1.072336786592843e-10  7.255625249410552e-13  9.243029170007859e-18  2.620036892641732e-17  -4.420270499890155e-18
  6.000000000000000e-01  7.203973804877708e-09  1.843119735228710e-09  1.834241094694214e-09  7.299620988851301e-09  2.477508244850902e-09  -1.962424164238266e-10  1.487631339660725e-16  5.884871960642262e-16  -3.166113970461209e-16
  7.000000000000000e-01  6.891917653437628e-08  2.824220890923684e-08  1.430494273616027e-08  5.932956250078665e-08  -2.518141649751892e-09  -2.485054142681468e-08  1.782833220924036e-15  4.918059422679568e-15  -6.362796522435909e-15
  7.999999999999999e-01  2.283064785973553e-07  -1.064080985831971e-07  4.829472404599272e-08  1.294834926675803e-08  -1.031941404884028e-07  -9.572495008073805e-08  7.898970414614745e-15  -1.228871470132293e-14  -3.197062724333624e-14
  8.999999999999999e-01  -4.547561770137931e-06  -3.078139195362269e-06  -1.977451745914130e-06  -2.637656103949662e-07  6.685032923471249e-07  2.332880620123642e-07  -3.971001422372224e-13  -1.328052314921781e-13  -9.861804500842806e-14
  9.999999999999999e-01  9.421752570826225e-06  1.087703856593050e-05  3.822998438193883e-06  4.890668492624265e-06  4.816469936101490e-06  2.007572700411493e-06  2.036452738093599e-13  7.601130644459612e-13  8.795457374865281e-13
  1.100000000000000e+00  1.655442487288475e-05  -2.471602070049760e-05  -1.508661368062795e-05  -2.514506864221879e-05  -2.054865742161358e-05  -2.036915028821641e-05  3.660942627675692e-12  -5.789288177411195e-12  -1.319746070110970e-12
  1.200000000000000e+00  -3.333846529121974e-04  -3.398510504531382e-04  -1.507681860308929e-04  -1.531503962815903e-04  6.680774543930504e-05  1.585931215547922e-05  -2.363755474063999e-11  -3.403449208608362e-11  6.785723608398747e-12
  1.300000000000000e+00  -7.380183253344410e-04  -3.074582000801294e-04  -5.331886612524149e-04  -1.013230787018620e-04  2.540613402684390e-04  8.238604972186876e-05  -8.908952190623672e-11  -3.641088316252132e-11  4.082967350209656e-11
  1.400000000000000e+00  4.299892327046171e-03  1.208121212018896e-03  1.367698223186504e-04  1.527155925266726e-03  -4.900866255755060e-04  -1.560513268402542e-03  5.087828777903290e-10  6.682525494028193e-11  -1.291803316219111e-10
  1.500000000000000e+00  -1.627676016243752e-02  -8.396865237123161e-03  -1.797642581956352e-03  -6.867903449853613e-03  5.201855256510383e-03  5.773060953506734e-03  -1.782772577466358e-09  -6.931530654216334e-10  8.195075795051989e-10
  1.600000000000000e+00  1.375353751123780e-02  -2.215570797381005e-02  -2.723299426115551e-02  7.073585015760666e-03  -9.647871366595354e-03  -1.488628702862824e-02  2.973678851634357e-09  -2.801149858844123e-09  -7.061172501660951e-10
  1.700000000000000e+00  3.856493782738799e-02  2.019533533635259e-01  8.917518708462559e-02  9.602227210086051e-02  2.909712735869051e-02  2.730213116582355e-02  -3.862584167035001e-10  2.741417920050338e-08  1.546260073971237e-09
  1.800000000000000e+00  -3.159041252264631e-02  -5.797301565844772e-01  -1.065437972054592e-01  -3.418653506572994e-01  -1.795769436408469e-01  -2.599553627282922e-01  1.103011978926167e-08  -7.834788625822053e-08  -3.483613700571031e-08
  1.900000000000001e+00  -4.746897070662961e-01  1.242901036267234e+00  1.093691928419947e-01  2.163452644626619e-01  4.427393601214406e-01  7.977635177519382e-01  -8.864858754761412e-08  1.368206767602967e-07  1.499518581767354e-07
  2.000000000000000e+00  2.778557773439318e+00  -7.693848729743955e-01  1.335119506300005e+00  6.475939245088695e-01  -1.025631131306234e+00  -1.144643987426615e+00  3.539859720104326e-07  -1.078526684418734e-07  -2.937771612059787e-07
  2.100000000000001e+00  -5.576389223269407e+00  7.006794571615950e-01  -5.155122062197969e+00  -1.001112100204638e-02  4.912132466240006e-01  -1.382766625872135e+00  -4.211963419693574e-07  3.166050964939753e-07  2.201738737534747e-07
  2.200000000000001e+00  -6.124931484468060e+00  -1.804035982672437e+01  3.340679229098523e+00  -7.784837923859482e+00  3.437910496901609e+00  5.793925348464319e+00  -8.679017973032866e-07  -1.890213945105055e-06  3.593724432474087e-07
  2.300000000000001e+00  3.278074896029249e+01  4.295217577889238e+01  2.116380438735729e+01  1.561000101882641e+01  -6.674539041825146e+00  -1.998270761070621e+00  2.781644888061901e-06  3.535426472694383e-06  -6.699863466113069e-07
  2.400000000000001e+00  -1.194861221621269e+02  -1.795056033517879e+02  -1.564409547463132e+02  -4.505727757964591e+01  6.983363579014126e+01  2.357024109938643e+01  -8.087631367389092e-06  -1.530275659924096e-05  1.084751330853857e-05
  2.500000000000001e+00  -4.661092656658910e+02  -8.787651566894450e+02  -5.277689022119142e+02  -2.263650782633937e+02  2.389406143350916e+02  9.715672693297364e+01  -3.318120616301861e-05  -7.425151366339700e-05  3.604776197195728e-05
  2.600000000000001e+00  -5.417889336096970e+02  -1.262891236906342e+03  -6.044690774422355e+02  -3.118414236442961e+02  3.263529436957069e+02  1.300026703910729e+02  -3.806631843121606e-05  -1.065790828742910e-04  4.675287473446055e-05
  2.700000000000001e+00  -2.227336280512124e+02  -9.019110402343832e+02  -2.921319156033329e+02  -1.958269325099236e+02  3.051513843762780e+02  8.792228339078950e+01  -1.566699492147548e-05  -7.685156625095334e-05  3.319890685073391e-05
  2.800000000000001e+00  -8.059959505548284e+01  -7.889642560977132e+02  -1.785176336091937e+02  -1.417769499228635e+02  4.011462562402571e+02  1.016942433592499e+02  -9.608838971777642e-06  -6.977121361981762e-05  3.137870986205953e-05
  2.900000000000001e+00  -3.249169956262705e+02  -1.573782636585556e+03  -5.210687359853353e+02  -2.763752849359107e+02  6.406150354426155e+02  1.594814587249816e+02  -2.532816049684487e-05  -1.366032776962488e-04  5.504625074078066e-05
  3.000000000000001e+00  -1.066026456685397e+03  -3.012880419692377e+03  -1.195837817195623e+03  -6.888238717193489e+02  9.736206774223823e+02  2.914795360054791e+02  -8.419791840939491e-05  -2.517568885809851e-04  1.124025271609173e-04
  3.100000000000001e+00  -1.981030073623667e+03  -5.717497907959803e+03  -2.458730804765252e+03  -1.320189806454255e+03  1.964972440452004e+03  8.024822854283259e+02  -1.539599989232269e-04  -4.998215066646605e-04  2.478646356571377e-04
  3.200000000000002e+00  -5.429711606990067e+03  -1.284774315684011e+04  -7.205372067663811e+03  -2.902152795205906e+03  4.346331284840759e+03  1.598320429766168e+03  -3.913097672950815e-04  -1.095612427644787e-03  5.923517209162167e-04
  3.300000000000002e+00  -1.808083971731506e+04  -3.777894660459965e+04  -2.225192684424889e+04  -9.265865507472114e+03  1.220243190410138e+04  4.752838220471210e+03  -1.290219464242839e-03  -3.223142455475563e-03  1.747454139601316e-03
  3.400000000000002e+00  -4.069142333904735e+04  -8.721391392474482e+04  -5.087568836136490e+04  -2.105246067744278e+04  2.842096738123199e+04  1.127180319208068e+04  -2.910555954626376e-03  -7.450566590464868e-03  4.032616233493151e-03
  3.500000000000002e+00  -6.703139547793024e+04  -1.491828363062429e+05  -8.563986231316702e+04  -3.577024848594752e+04  5.098294665632932e+04  1.930031735240869e+04  -4.724277575201941e-03  -1.269448199531137e-02  7.121130522204326e-03
  3.600000000000002e+00  -8.706920807603715e+04  -2.144953049637233e+05  -1.228288778754787e+05  -4.879193023818372e+04  8.450256688849148e+04  2.981998908703534e+04  -6.123806575244101e-03  -1.852279172381183e-02  1.119138257142079e-02
  3.700000000000002e+00  -9.030513866038571e+04  -2.567599666293120e+05  -1.464143943442316e+05  -5.358184802379242e+04  1.191423636089145e+05  4.008035606816908e+04  -6.541361387060531e-03  -2.246260517081236e-02  1.466787704527593e-02
  3.800000000000002e+00  -6.516771480012868e+04  -2.657240583311652e+05  -1.431382142588150e+05  -4.794623774303102e+04  1.515818588227927e+05  4.504902567174684e+04  -4.797575629946627e-03  -2.407763551030729e-02  1.644035530131091e-02
  3.900000000000002e+00  -4.196241681686236e+04  -2.816592979385795e+05  -1.636650884200421e+05  -3.743179498208361e+04  1.989744524536777e+05  5.461793866180335e+04  -2.992651062786324e-03  -2.623491384025283e-02  2.073610636335088e-02
  4.000000000000002e+00  -2.741584283775572e+04  -3.292361082017462e+05  -2.237605459467092e+05  -2.689337907388838e+04  2.723202854879469e+05  7.600590164673615e+04  -2.240405428621924e-03  -3.127006857583315e-02  2.899097186228295e-02
  4.100000000000001e+00  -2.809974071054785e+04  -3.879229250045405e+05  -3.025980793545038e+05  -2.552251554666846e+04  3.618753701931391e+05  1.050700206894312e+05  -2.429503519744713e-03  -3.799047690560491e-02  3.901722661581244e-02
  4.200000000000001e+00  4.527434131801697e+04  -3.643840532160623e+05  -3.091423672219584e+05  -3.631547342778770e+03  4.281538898117757e+05  1.203294768785192e+05  2.226128942383247e-03  -3.810993665698095e-02  4.366764390973326e-02
  4.300000000000001e+00  2.034937729948437e+05  -2.333826484583782e+05  -2.125436836317952e+05  6.046149098998462e+04  4.490193515253866e+05  1.146641227825545e+05  1.127328862707688e-02  -2.793866065899536e-02  3.779447877942273e-02
  4.400000000000000e+00  3.580877164863876e+05  -1.248128522295905e+05  -1.235991906140448e+05  1.292894169966474e+05  4.915796671311190e+05  1.187092086841521e+05  2.043981251826872e-02  -2.095912630339519e-02  3.248192566461452e-02
  4.500000000000000e+00  5.177480543972582e+05  -5.346736319617973e+04  -1.070148952001141e+05  2.145475661484394e+05  5.679625249292176e+05  1.221359579422827e+05  3.418568852030133e-02  -1.656883121977650e-02  3.556706775619375e-02
  4.600000000000000e+00  6.515176200821295e+05  6.312327130874858e+04  -1.613896725655317e+05  3.151386519521915e+05  6.261405289702354e+05  1.172555686574330e+05  4.592771096708372e-02  -6.695682520961289e-03  4.525430943373298e-02
  4.699999999999999e+00  6.623832470961319e+05  2.285434793867657e+05  -2.429670229446534e+05  3.667601791210150e+05  6.301330726224288e+05  1.340821696811552e+05  4.139716149425672e-02  8.543227330301073e-03  5.495302928149405e-02
  4.799999999999999e+00  5.233217241076317e+05  3.169115906053723e+05  -2.297371427796732e+05  2.755324185428698e+05  5.338798805975803e+05  1.659363647130028e+05  1.625722823298177e-02  1.755115040132741e-02  4.737601112952004e-02
  4.899999999999999e+00  2.166582481909805e+05  1.491209591475984e+05  6.053526700611381e+04  -3.216765909027726e+04  2.951875031302928e+05  2.014427573852476e+05  -3.549645043589791e-02  3.602711438314781e-03  1.055963504788514e-03
  4.999999999999998e+00  -2.572994455469156e+05  -2.604478114998724e+05  7.246529792105269e+05  -5.160384159151139e+05  -3.069529735389276e+04  2.605702162031920e+05  -1.154491694848123e-01  -3.192800663640630e-02  -8.467520572049884e-02
  5.099999999999998e+00  -7.538556960939209e+05  -6.820138937016184e+05  1.537013359102065e+06  -9.756654191695026e+05  -2.839251943511540e+05  3.300138684465227e+05  -1.933474720155966e-01  -6.857713560282251e-02  -1.694017965121567e-01
  5.199999999999998e+00  -1.018726676360458e+06  -8.822332258616730e+05  2.009588369115523e+06  -1.168027804789892e+06  -3.409447969616234e+05  3.361983702422841e+05  -2.196470178366043e-01  -8.543155107158751e-02  -1.999668830955076e-01
  5.299999999999997e+00  -8.885910527037261e+05  -7.998254663159649e+05  1.809177094440869e+06  -1.006592530175360e+06  -2.247862717922963e+05  2.322402824608504e+05  -1.742357223860196e-01  -7.424377095215597e-02  -1.592082756674163e-01
  5.399999999999997e+00  -4.498821728082800e+05  -5.615159096054198e+05  1.078411961766964e+06  -6.239106169782100e+05  -5.238577293968178e+04  7.560981286770060e+04  -8.911009497105182e-02  -4.352975091834826e-02  -7.314951033192904e-02
  5.499999999999996e+00  4.435418635358271e+04  -3.099558926726867e+05  3.108664673454208e+05  -2.592052298718437e+05  7.093505385591913e+04  -3.238726379171852e+04  -1.744115886291196e-02  -1.032186949851533e-02  1.163914883682939e-02
  5.599999999999996e+00  3.708346979675110e+05  -1.188738476768930e+05  -1.235087380523107e+05  -6.542379634325127e+04  1.201064192951002e+05  -6.099654082031637e+04  1.511606274956350e-02  1.238069995992971e-02  5.574375077472353e-02
  5.699999999999996e+00  4.484060128305287e+05  -1.812802673711387e+04  -2.284523432187080e+05  -2.571754104325239e+04  1.270584611145611e+05  -4.938256287923679e+04  1.780166940158281e-02  2.401278551557051e-02  5.008501212430416e-02
  5.799999999999995e+00  3.669868843854071e+05  1.259150710360205e+04  -1.846718913711175e+05  -3.622483180420868e+04  1.226720077104930e+05  -3.943747684183317e+04  1.018657890355250e-02  3.060967124387513e-02  1.831039199121049e-02
  5.899999999999995e+00  2.732089056473948e+05  3.302628963230055e+03  -1.176237565170826e+05  -3.778955445177168e+04  1.129348567873349e+05  -4.255807999397729e+04  4.613438804268598e-03  3.365661192411473e-02  -1.015909488199900e-02
  5.999999999999995e+00  2.147562016685115e+05  -5.868794407176115e+04  -5.305400876828681e+04  -5.436357524562840e+04  9.487408548746005e+04  -4.366028573260298e+04  2.104963670222377e-03  2.970108768806277e-02  -2.375717029072331e-02
  6.099999999999994e+00  1.583549561570643e+05  -1.775116108072620e+05  3.093832943566953e+04  -1.100809053844600e+05  8.344485849597510e+04  -1.885782548439714e+04  -2.281043833565241e-03  1.941256840955335e-02  -2.556273932496166e-02
  6.199999999999994e+00  9.011634872943761e+04  -2.981839310276347e+05  1.220435507516688e+05  -1.716492522487495e+05  9.074595518939379e+04  3.345501199637788e+04  -8.062457812744986e-03  9.237091919017486e-03  -2.052428275294848e-02
  6.299999999999994e+00  4.310912912257794e+04  -3.600997445982565e+05  1.653997200056308e+05  -2.054341279725061e+05  9.904627613050312e+04  8.071872181893626e+04  -9.104668889391940e-03  3.044211187693355e-03  -1.280692260473645e-02
  6.399999999999993e+00  4.645523740625503e+04  -3.656267887225416e+05  1.296996101897434e+05  -2.158441422598966e+05  7.312517278606686e+04  9.298233363659513e+04  -4.575506343933971e-03  1.302141108602526e-04  -8.951178598068250e-03
  6.499999999999993e+00  8.889923726519210e+04  -3.488913222446686e+05  3.598482597388155e+04  -1.984675368264423e+05  8.914731592628714e+03  7.690969729866907e+04  -1.201801558025685e-04  -1.249502972717866e-03  -1.242125596263442e-02
  6.599999999999993e+00  1.409789675144093e+05  -3.281676946401984e+05  -7.773430024046267e+04  -1.449782505727205e+05  -5.710211203916696e+04  4.960729690628777e+04  2.103660823885715e-03  -2.711246667885916e-03  -2.078876399717432e-02
  6.699999999999992e+00  1.717090905538948e+05  -3.468054247572101e+05  -2.069152162920306e+05  -9.857002333763467e+04  -1.183027743822605e+05  9.244480928794734e+03  3.942430651283527e-03  -6.623827105569606e-03  -3.445460186197308e-02
  6.799999999999992e+00  1.780918242032710e+05  -4.488269375506991e+05  -3.597832373729105e+05  -1.037051373332219e+05  -2.040077665795563e+05  -3.887903751191550e+04  5.176254137204532e-03  -1.458277137144030e-02  -5.639314429889476e-02
  6.899999999999991e+00  2.185413398386524e+05  -5.363882101667563e+05  -4.880268193375695e+05  -1.183866203666708e+05  -3.066472423378003e+05  -6.703891209440185e+04  6.215083536788108e-03  -1.906130267365432e-02  -8.156314870857881e-02
  6.999999999999991e+00  3.293934768144313e+05  -4.644374325650631e+05  -5.529197887766418e+05  -6.456926516981656e+04  -3.633088327160776e+05  -6.816159207350459e+04  1.178059027942320e-02  -1.045242412853910e-02  -9.511682977425873e-02
  7.099999999999991e+00  4.835935680590958e+05  -2.085395602490468e+05  -5.704454504649305e+05  6.294184502691100e+04  -3.238798742627832e+05  -7.071392338508533e+04  2.558390354195590e-02  1.117739475648257e-02  -8.743831257531359e-02
  7.199999999999990e+00  6.218474480399955e+05  1.192347217935684e+05  -5.633830255200994e+05  1.958727708635423e+05  -2.142819156279071e+05  -9.442176039223019e+04  4.274604295867707e-02  3.653569567516333e-02  -6.532450447230660e-02
  7.299999999999990e+00  6.867535797553698e+05  4.058740356334918e+05  -5.357098927468895e+05  2.849233703062471e+05  -1.106793562608897e+05  -1.374300303870141e+05  5.292134397995909e-02  5.754679755440750e-02  -4.310957765860172e-02
  7.399999999999990e+00  6.626698392901149e+05  6.003325571291968e+05  -4.863463113829582e+05  3.238510282697353e+05  -7.489888089958265e+04  -1.963689974375197e+05  4.849218133005451e-02  7.242001416754477e-02  -3.132545954491324e-02
  7.499999999999989e+00  5.566302700270446e+05  6.432498435437075e+05  -4.645512501852643e+05  3.239630143668188e+05  -9.306115589619860e+04  -2.719100128246248e+05  3.060656544811767e-02  7.711606515839589e-02  -2.900033965247760e-02
  7.599999999999989e+00  4.290169002842615e+05  5.719293541366704e+05  -4.799722643450573e+05  2.981664314400292e+05  -1.234895410774928e+05  -3.491549575190032e+05  7.150533373487810e-03  7.263554143573951e-02  -3.082467422223835e-02
  7.699999999999989e+00  3.296265992401832e+05  4.941133743977933e+05  -4.720719702664081e+05  2.653251063966431e+05  -1.360770720602055e+05  -3.944660358288518e+05  -1.205893045333214e-02  6.553543964096337e-02  -3.279649037505501e-02
  7.799999999999988e+00  2.434620481934586e+05  4.488135464408624e+05  -4.184755546732231e+05  2.403929108665930e+05  -1.177086003351642e+05  -3.833253070279783e+05  -2.173872813328614e-02  6.050595149535107e-02  -3.019870020142820e-02
  7.899999999999988e+00  1.641398607520812e+05  4.054138013063126e+05  -3.418196183153092e+05  2.307096479085334e+05  -9.435482318572652e+04  -3.020295365239482e+05  -2.156638862793873e-02  5.872530507703351e-02  -2.420034582046678e-02
  7.999999999999988e+00  7.061403224490580e+04  2.872583845452960e+05  -3.232825448440183e+05  2.518137797968275e+05  -5.692161018223916e+04  -1.864559549947174e+05  -1.061357871258578e-02  5.340360704045492e-02  -1.430081564117641e-02
  8.099999999999987e+00  -1.009916483650680e+04  2.001189851457300e+05  -3.560690363160168e+05  2.607920584433702e+05  -1.449489935559103e+04  -7.516946196365393e+04  3.378840654471990e-03  4.936024110317225e-02  -4.007382492446529e-03
  8.199999999999987e+00  -6.017426043314122e+04  1.849414952541534e+05  -4.147234594111405e+05  2.329843644384601e+05  2.658250853132465e+04  3.097298391619566e+03  1.133452162856487e-02  4.846697841806230e-02  3.399027884946770e-03
  8.299999999999986e+00  -6.206838866828156e+04  1.866419144769282e+05  -4.362758172924424e+05  2.281186210049876e+05  5.889977879391429e+04  3.149254292171625e+04  1.612086043531005e-02  4.617423884908509e-02  3.241549378472099e-03
  8.399999999999986e+00  -3.254669351637013e+04  1.810253930055520e+05  -3.629789475804289e+05  2.891132154068038e+05  1.015548785974065e+05  2.101763447680728e+04  2.443460603227132e-02  4.085595548121797e-02  -7.941565594318034e-04
  8.499999999999986e+00  -2.511232677081452e+04  1.689318767621258e+05  -2.439719598650555e+05  3.168494202258409e+05  1.930693183105686e+05  1.671232913796463e+04  2.757544762224382e-02  3.380415898573712e-02  5.951379314430094e-03
  8.599999999999985e+00  -7.109278423236741e+04  1.337835429888380e+05  -1.863839224811461e+05  1.963835635676615e+05  3.325734299679102e+05  4.865986487118292e+04  1.259773818325501e-02  2.500299541180879e-02  3.190497239313150e-02
  8.699999999999985e+00  -1.312378566171992e+05  4.979144539789904e+04  -1.894328510586650e+05  -2.977862372215408e+04  4.523589663662507e+05  9.987675831921693e+04  -1.463324157158286e-02  1.446968336284273e-02  6.342722478181693e-02
  8.799999999999985e+00  -1.449581682622228e+05  -1.033089140528975e+05  -1.430014953307201e+05  -1.985773830781890e+05  4.933654651901426e+05  1.475868576498672e+05  -3.426749539916635e-02  7.749321981656238e-04  7.807486659741791e-02
  8.899999999999984e+00  -1.057748861204035e+05  -2.904626773953585e+05  -1.147447724799907e+04  -2.116675347744341e+05  4.766261563805430e+05  1.824573145335594e+05  -3.545769981526107e-02  -1.480406718310424e-02  7.218469881470140e-02
  8.999999999999984e+00  -7.162132470467789e+04  -4.233450297416721e+05  1.105584745174619e+05  -1.211447666419320e+05  4.531086416554097e+05  1.906985358739952e+05  -2.359606124269090e-02  -2.526820134985392e-02  6.080814695018146e-02
  9.099999999999984e+00  -7.835765587329929e+04  -4.430722685169770e+05  1.443377036037708e+05  -4.673790306759594e+04  4.408685284211996e+05  1.630885241806620e+05  -1.083946619043250e-02  -2.684762331492145e-02  5.352380211315094e-02
  9.199999999999983e+00  -1.018986064449067e+05  -3.947626832568137e+05  1.099078372144749e+05  -4.712300135377180e+04  4.262398102400974e+05  1.226264602484022e+05  -4.117255080220795e-03  -2.403245625319141e-02  4.598038759138397e-02
  9.299999999999983e+00  -1.029301047947859e+05  -3.522035246149607e+05  6.134994765449213e+04  -8.146772377601522e+04  4.055120530176528e+05  1.137879257946619e+05  -2.106137136848916e-03  -2.248464170511333e-02  3.496800155428757e-02
  9.399999999999983e+00  -4.957398188681238e+04  -3.109442795730168e+05  4.188644340280871e+04  -8.554927880107175e+04  3.952590278998318e+05  1.527465286638385e+05  -5.029050630649093e-07  -2.139748829323538e-02  2.499305779601596e-02
  9.499999999999982e+00  4.375426169792134e+04  -2.660423203289018e+05  5.640902473750900e+04  -4.279607051433144e+04  4.060618077522053e+05  2.138793436509251e+05  5.711643705280512e-03  -1.962559970249199e-02  2.135590747714557e-02
  9.599999999999982e+00  1.265237468750836e+05  -2.541079175336451e+05  8.146804983397461e+04  1.492712186374371e+04  4.258272180653550e+05  2.605672272615358e+05  1.438738740199826e-02  -1.975515186952220e-02  2.514795719694582e-02
  9.699999999999982e+00  1.759400610162827e+05  -2.890832696859235e+05  1.108655256022478e+05  5.119609029083769e+04  4.390964924040220e+05  2.741844964011202e+05  2.226437557427880e-02  -2.324953826950867e-02  3.449592518198558e-02
  9.799999999999981e+00  2.074384239292227e+05  -3.430524271428671e+05  1.522688113154096e+05  5.872505672281213e+04  4.490262445407088e+05  2.638872212770667e+05  2.593198541536465e-02  -2.850880179698726e-02  4.654525802674237e-02
  9.899999999999981e+00  2.371607672295026e+05  -3.835784319256755e+05  1.986105104271341e+05  4.966713720653751e+04  4.670013834311017e+05  2.448746785616454e+05  2.487351679293391e-02  -3.244554271661194e-02  5.770166493496370e-02
  9.999999999999980e+00  2.643384006345381e+05  -4.017818440430749e+05  2.354614590656137e+05  3.369827889531353e+04  4.921007533534212e+05  2.208735444225792e+05  2.129894530963115e-02  -3.361958697984083e-02  6.580114612074522e-02
  1.009999999999998e+01  2.904984731810770e+05  -3.978919511363092e+05  2.631384057669333e+05  6.176533686241895e+03  5.078147078220500e+05  1.935262767495746e+05  1.641693059594718e-02  -3.357805977209438e-02  7.085406429709107e-02
  1.019999999999998e+01  3.240575907642070e+05  -3.740965838570629e+05  2.910577976456415e+05  -4.024205190574532e+04  4.980848923779258e+05  1.676643751273875e+05  9.201873843696608e-03  -3.462722672767313e-02  7.267281459814086e-02
  1.029999999999998e+01  3.627798754130707e+05  -3.414092737688451e+05  3.244091058694757e+05  -9.817506891857188e+04  4.538348576143874e+05  1.428670625147304e+05  3.680172171119785e-04  -3.696491084403815e-02  6.987966309521264e-02
  1.039999999999998e+01  3.868065266027114e+05  -3.198437190908656e+05  3.589836327203321e+05  -1.520897407960882e+05  3.730293440158349e+05  1.165610252241976e+05  -7.109774013404617e-03  -3.906387768959461e-02  6.064394845913670e-02
  1.049999999999998e+01  3.842941832706862e+05  -3.170214928839540e+05  3.840824609104809e+05  -1.949733063519077e+05  2.695417569968215e+05  9.605268018388517e+04  -1.226392671251855e-02  -3.959771181453235e-02  4.493333156906149e-02
  1.059999999999998e+01  3.676315136110328e+05  -3.165881976926003e+05  3.891852589873358e+05  -2.270900077844647e+05  1.704916074165663e+05  9.236789527083148e+04  -1.661504192901800e-02  -3.810684543518297e-02  2.610203084708314e-02
  1.069999999999998e+01  3.556652577458512e+05  -2.934618721990274e+05  3.661580318089540e+05  -2.442955466504399e+05  9.724601125200302e+04  9.997416395124824e+04  -2.055239901075979e-02  -3.433190785260330e-02  9.196390484883831e-03
  1.079999999999998e+01  3.559771809344703e+05  -2.384047372347031e+05  3.160677683399523e+05  -2.423074023337054e+05  4.951990546148746e+04  9.853243839686873e+04  -2.251770311751768e-02  -2.793502806748890e-02  -2.370487279989098e-03
  1.089999999999998e+01  3.646987403080085e+05  -1.628055699180352e+05  2.543320728904663e+05  -2.255312582880153e+05  1.360961337287057e+04  7.917659081115569e+04  -2.182014722017617e-02  -1.990243452485210e-02  -8.835487658800319e-03
  1.099999999999998e+01  3.776270276024303e+05  -7.636008627334952e+04  2.049393989826143e+05  -2.053559797388247e+05  -1.949150518899108e+04  5.467196651420091e+04  -1.975880730837142e-02  -1.190586379757554e-02  -1.358944639819684e-02
  1.109999999999998e+01  3.868179883426866e+05  1.352347805612977e+04  1.718345127640866e+05  -1.912222463816610e+05  -4.546792726944605e+04  4.362763167827756e+04  -1.753963324304119e-02  -4.883673321208688e-03  -1.928344003717685e-02
  1.119999999999998e+01  3.814921543405214e+05  9.909560393153086e+04  1.387263421956963e+05  -1.843159793201616e+05  -5.954667060832305e+04  5.266216818320328e+04  -1.479684700262243e-02  1.778418565296948e-03  -2.594721216683993e-02
  1.129999999999998e+01  3.596235882294088e+05  1.732891640475937e+05  1.003175556230759e+05  -1.778406517064674e+05  -6.682521524170344e+04  7.149219279669107e+04  -1.024898392826080e-02  8.762133655157772e-03  -3.225092007388180e-02
  1.139999999999998e+01  3.278956501256164e+05  2.265410900566124e+05  6.530771813819360e+04  -1.651943871921746e+05  -7.132313960546633e+04  8.444711826554827e+04  -3.853999178188538e-03  1.486534668835078e-02  -3.642513351921392e-02
  1.149999999999998e+01  2.972447140084096e+05  2.575755596224196e+05  4.092679553626315e+04  -1.482870176810079e+05  -7.108340235811684e+04  8.585639734515284e+04  2.208760506718937e-03  1.909257749567416e-02  -3.740048103646176e-02
  1.159999999999997e+01  2.730103426406850e+05  2.756608276953933e+05  2.355494122653473e+04  -1.327244504633551e+05  -6.482865016682469e+04  8.114593382664233e+04  5.786000757969547e-03  2.232634636312053e-02  -3.585033690865234e-02
  1.169999999999997e+01  2.514484715821542e+05  2.885839471782606e+05  2.533150655503586e+02  -1.167508927223100e+05  -5.219259958204972e+04  7.519126504649366e+04  7.378162847984436e-03  2.577874394901731e-02  -3.350322749133552e-02
  1.179999999999997e+01  2.356847402068360e+05  3.067836604078488e+05  -3.481606292213158e+04  -9.546818119246712e+04  -3.539327191588193e+04  6.415856200479004e+04  9.252152911430903e-03  3.000146540230937e-02  -3.160602557203808e-02
  1.189999999999997e+01  2.374349142176347e+05  3.349990642257274e+05  -7.454087801436313e+04  -7.244638658433330e+04  -2.128480656284094e+04  4.118529160067741e+04  1.193136325078550e-02  3.418819055062661e-02  -3.038958406502864e-02
  1.199999999999997e+01  2.559987582161800e+05  3.533664118662051e+05  -1.123204195033655e+05  -5.572650770836275e+04  -1.265656960611879e+04  8.840066919138870e+03  1.349221191238955e-02  3.589383678257262e-02  -2.939253419532910e-02
  1.209999999999997e+01  2.747864702200740e+05  3.387007434342016e+05  -1.468375378208639e+05  -4.788535915370007e+04  -3.913899548873117e+03  -2.244589617671251e+04  1.250288350884318e-02  3.387132314400071e-02  -2.788601356997758e-02
  1.219999999999997e+01  2.822766805238941e+05  2.943686905906410e+05  -1.775231245872526e+05  -4.421917814111463e+04  1.102134275683358e+04  -4.459396965386302e+04  9.359720104297736e-03  3.010366693486994e-02  -2.550574681879859e-02
  1.229999999999997e+01  2.789642799465102e+05  2.401873793162911e+05  -2.023548208773175e+05  -3.529870207181988e+04  3.127798232606577e+04  -5.652492670862904e+04  5.700609020710151e-03  2.708692773891226e-02  -2.277593404763602e-02
  1.239999999999997e+01  2.654837271694588e+05  1.914357068676434e+05  -2.179408992180873e+05  -1.272523652888761e+04  5.189006165406455e+04  -6.346942328151822e+04  3.609271681080265e-03  2.499359099654513e-02  -2.048708504691951e-02
  1.249999999999997e+01  2.397611813389011e+05  1.560116071857857e+05  -2.248771182540698e+05  2.145299394928172e+04  7.305078620949101e+04  -6.912845278911844e+04  3.898499606056376e-03  2.261509772865950e-02  -1.788178031113994e-02
  1.259999999999997e+01  2.056912616609150e+05  1.356242824994508e+05  -2.276066525466753e+05  5.359554404386238e+04  9.910330153742910e+04  -7.162064476952280e+04  5.561294717839539e-03  1.941863584572297e-02  -1.304921475319411e-02
  1.269999999999997e+01  1.739598451938976e+05  1.232913790414003e+05  -2.274223686191152e+05  7.165240854170646e+04  1.299164977376537e+05  -6.799825619206109e+04  7.068726738485705e-03  1.562560974753599e-02  -5.733913717015947e-03
  1.279999999999997e+01  1.538333737758488e+05  1.067402415459708e+05  -2.218966136508710e+05  7.348418252959466e+04  1.607000703390266e+05  -5.754979914305704e+04  7.360777785118761e-03  1.160727186959994e-02  2.091887736046906e-03
  1.289999999999997e+01  1.490442314572303e+05  7.842876220454524e+04  -2.097438252869840e+05  6.425493771603917e+04  1.876259917713198e+05  -4.215027271969585e+04  6.164439987652631e-03  7.905950407736393e-03  8.164205887747829e-03
  1.299999999999997e+01  1.568393843344563e+05  3.990002383375861e+04  -1.889540171740983e+05  5.312968164759631e+04  2.080524102050583e+05  -2.567008438182897e+04  3.956360028965055e-03  4.890351873480399e-03  1.117644182402453e-02
  1.309999999999997e+01  1.680173853929660e+05  -6.052763086899081e+03  -1.541169023302898e+05  4.780479587139113e+04  2.192222142169905e+05  -1.218841301361312e+04  1.707198736918225e-03  2.178802221578948e-03  1.112654300972980e-02
  1.319999999999997e+01  1.739649634238514e+05  -5.837109748919635e+04  -1.040676370468018e+05  4.874227136526745e+04  2.224581600711253e+05  -4.071354122925370e+03  2.964494008079021e-04  -9.019679233142316e-04  9.722692021928677e-03
  1.329999999999997e+01  1.750044645632439e+05  -1.123567284953580e+05  -4.646750848999173e+04  4.967280142442827e+04  2.230989079487171e+05  3.271465325672868e+02  -1.567753597259197e-04  -4.250948946357668e-03  9.642512236730594e-03
  1.339999999999997e+01  1.778379358659369e+05  -1.615576589043506e+05  7.478688980559922e+03  4.457057239881803e+04  2.228406634806214e+05  5.885669406224934e+03  -1.123571403288155e-04  -7.217584996925539e-03  1.200034067129858e-02
  1.349999999999997e+01  1.870366064113044e+05  -2.040920978440114e+05  5.209500818427068e+04  3.359689095787700e+04  2.182289787029835e+05  1.692895603289431e+04  -1.029363773687035e-05  -9.793515045643077e-03  1.486522315651041e-02
  1.359999999999997e+01  2.022245217726759e+05  -2.392086650032320e+05  8.692105611818403e+04  2.229786839880337e+04  2.098192745158209e+05  3.344258955496264e+04  1.440688313094797e-04  -1.253321181636309e-02  1.574529962263086e-02
  1.369999999999997e+01  2.196405319174584e+05  -2.588719971210411e+05  1.081808618171764e+05  1.576534222627156e+04  2.058437792657284e+05  4.966422432544292e+04  7.597484449771988e-04  -1.517272741371132e-02  1.479453429677587e-02
  1.379999999999997e+01  2.338841613890690e+05  -2.536062223866841e+05  1.121390017654096e+05  1.332521515714941e+04  2.115905319223868e+05  5.892509506990073e+04  2.029425517252880e-03  -1.651958248755085e-02  1.401648758995666e-02
  1.389999999999997e+01  2.405229419697834e+05  -2.275757472598149e+05  1.040465045935457e+05  1.019996598678441e+04  2.202185208643424e+05  5.952815510404397e+04  3.646630658311456e-03  -1.610825412662219e-02  1.415943193774651e-02
  1.399999999999997e+01  2.375769163341761e+05  -2.025084791139403e+05  9.631132904731199e+04  4.039344888279019e+03  2.190614463838995e+05  5.577387496559355e+04  5.272796920258055e-03  -1.508208038679025e-02  1.386762318599218e-02
  1.409999999999997e+01  2.247882262751759e+05  -2.032374725965141e+05  9.786151470962419e+04  -1.967647752404936e+03  2.029808298543506e+05  5.461896021366135e+04  6.882416068201614e-03  -1.519812364077104e-02  1.188914653575020e-02
  1.419999999999997e+01  2.049494868044272e+05  -2.360239416412687e+05  1.070480932280717e+05  -3.283081358319059e+03  1.788508840875950e+05  5.913382915307281e+04  8.494511455222674e-03  -1.720103078802322e-02  8.816305177628263e-03
  1.429999999999997e+01  1.874783205454776e+05  -2.824563282917626e+05  1.169814565638492e+05  -1.746164193405660e+02  1.574088724719548e+05  6.523548740291734e+04  9.766266150786077e-03  -2.022845900355286e-02  6.247495167875836e-03
  1.439999999999996e+01  1.851701803475573e+05  -3.147465764199774e+05  1.217748208921126e+05  3.678082297817065e+03  1.432369567445685e+05  6.698580975489490e+04  1.010856510217064e-02  -2.278894626524092e-02  5.141863370799538e-03
  1.449999999999996e+01  2.028912843594617e+05  -3.152878041053569e+05  1.161045418411573e+05  6.575274736187059e+03  1.339818531346160e+05  6.268374248652319e+04  9.286243449976812e-03  -2.390327509011156e-02  5.200178817591906e-03
  1.459999999999996e+01  2.328873791323229e+05  -2.836917271140835e+05  9.953184234974298e+04  9.430978201239959e+03  1.259111702290134e+05  5.672356530755170e+04  7.599385731799895e-03  -2.317483032723239e-02  5.430149502200820e-03
  1.469999999999996e+01  2.603527105860834e+05  -2.326248013242114e+05  7.669958626736206e+04  1.290900592015968e+04  1.179753799942674e+05  5.445880041609257e+04  5.595426632166413e-03  -2.063860059193935e-02  5.071773633159156e-03
  1.479999999999996e+01  2.729608170208043e+05  -1.818085670257087e+05  5.421072006727260e+04  1.497728166170867e+04  1.100013860558118e+05  5.610599358696592e+04  3.778510003165484e-03  -1.696696084991878e-02  3.641255002247825e-03
  1.489999999999996e+01  2.678594007371640e+05  -1.490225673669783e+05  3.937927580218197e+04  1.295273536287654e+04  1.002398950134064e+05  5.833911213518035e+04  2.419438170802452e-03  -1.346662996724333e-02  9.179239757731230e-04
  1.499999999999996e+01  2.503859311547866e+05  -1.380452232294925e+05  3.434528375237453e+04  6.910474112189961e+03  8.854986546541628e+04  5.895476490188758e+04  1.598125767068046e-03  -1.119050997538567e-02  -2.407063692336334e-03
  1.509999999999996e+01  2.283865153690281e+05  -1.364821913580132e+05  3.613448496410441e+04  -3.800033027520547e+02  7.807886173523386e+04  5.925440880713589e+04  1.379721704478887e-03  -9.980332957873981e-03  -4.730721731512908e-03
  1.519999999999996e+01  2.067780096485568e+05  -1.301156157273585e+05  3.910408439870784e+04  -5.292305830235738e+03  7.282458095059771e+04  6.231922467369026e+04  1.975350782410787e-03  -9.021971163227980e-03  -4.743344009966271e-03
  1.529999999999996e+01  1.870820088947382e+05  -1.158872418822056e+05  3.796512149566241e+04  -5.522250760005118e+03  7.478035003441416e+04  7.063674354280703e+04  3.550290262218701e-03  -7.926196664329975e-03  -2.681840031561179e-03
  1.539999999999996e+01  1.709653670021986e+05  -9.822764571524922e+04  3.127832007825467e+04  -1.569823138662093e+03  8.274708104818074e+04  8.415447952220865e+04  5.794765977429110e-03  -6.687015583114574e-03  -6.617651865103037e-05
  1.549999999999996e+01  1.608808540254560e+05  -7.925137056403383e+04  1.832604834478092e+04  3.825304787175986e+03  9.480995960477449e+04  9.894946083753169e+04  7.879208814722356e-03  -5.088738145200102e-03  1.816684631474959e-03
  1.559999999999996e+01  1.572869711708692e+05  -5.801574665931428e+04  -1.022729325253052e+03  7.384371491739503e+03  1.093789384005959e+05  1.078185016043986e+05  8.969608200274426e-03  -2.757230522669946e-03  2.798861274523543e-03
  1.569999999999996e+01  1.564810483196771e+05  -3.558605115786759e+04  -2.249610227499140e+04  6.601800532830141e+03  1.243614240812075e+05  1.045052561498700e+05  8.623651333738918e-03  2.738767180665752e-04  3.280311367414955e-03
  1.579999999999996e+01  1.532112542354699e+05  -1.430055737568646e+04  -3.807807249121613e+04  -2.142033441984577e+02  1.371393572911243e+05  8.893844624365203e+04  6.749587421978318e-03  3.482826729811380e-03  3.500113634813303e-03
  1.589999999999996e+01  1.455927699260295e+05  4.844718979853214e+03  -4.133948404413090e+04  -1.449728552517936e+04  1.455572401043022e+05  6.721706283649665e+04  3.507600312834528e-03  6.257123982474643e-03  3.395904548917751e-03
  1.599999999999996e+01  1.361085960657242e+05  1.925292485865067e+04  -3.425049589165574e+04  -3.533430017668204e+04  1.499917342660732e+05  4.754564259224290e+04  -6.530920134790497e-04  7.993010216936214e-03  2.937049942629956e-03
  1.609999999999996e+01  1.295386118665615e+05  2.463868782047026e+04  -2.575470783479726e+04  -5.772810773229734e+04  1.518835553389243e+05  3.605132931384086e+04  -4.810524658273292e-03  8.358200903983239e-03  2.210198563484072e-03
  1.619999999999996e+01  1.303791535964646e+05  2.138253602374458e+04  -2.272319997518828e+04  -7.461787214848267e+04  1.518121319334304e+05  3.437498390369424e+04  -7.795648062499855e-03  7.698968325369522e-03  1.144603857579264e-03
  1.629999999999996e+01  1.397178053776690e+05  1.608333261769742e+04  -2.647165534405543e+04  -8.176802554263281e+04  1.507275406446467e+05  4.017150027026132e+04  -8.994374611389796e-03  6.759744930217111e-03  -2.012683723431122e-04
  1.639999999999996e+01  1.538959268479350e+05  1.485222834452891e+04  -3.585140963054435e+04  -8.109991515883779e+04  1.507977933048642e+05  4.890868191041816e+04  -8.820012692298939e-03  6.101943743375565e-03  -1.403539036224421e-03
  1.649999999999996e+01  1.671847452108207e+05  1.905501800714948e+04  -4.933193121439296e+04  -7.786272836811081e+04  1.530581687622345e+05  5.489710550509363e+04  -8.259686545325075e-03  5.944268165328560e-03  -2.053185134620141e-03
  1.659999999999997e+01  1.764328498418860e+05  2.749274257376028e+04  -6.275906832109960e+04  -7.566144752960406e+04  1.545991181958896e+05  5.267856628734730e+04  -8.017482044145187e-03  6.414182194917495e-03  -2.269856497923911e-03
  1.669999999999997e+01  1.822252855660004e+05  3.717853863922651e+04  -7.046679451844878e+04  -7.470494823142924e+04  1.517585451526169e+05  3.905538642036048e+04  -8.075319476417894e-03  7.461672794428493e-03  -2.525642029627041e-03
  1.679999999999997e+01  1.864716530146046e+05  4.215294519074284e+04  -6.914933703735081e+04  -7.349683151553111e+04  1.451121365060247e+05  1.611630159291040e+04  -8.051659154907959e-03  8.518899338808828e-03  -2.874498323801283e-03
  1.689999999999997e+01  1.898583777094463e+05  3.575988401297222e+04  -6.031449001756297e+04  -7.067241141432358e+04  1.391174074639952e+05  -9.092491060759221e+03  -7.691227800693220e-03  8.781552318499853e-03  -2.813941689411870e-03
  1.699999999999997e+01  1.914287267889010e+05  1.621835832407325e+04  -4.996200372817273e+04  -6.565386955928461e+04  1.375983794455459e+05  -2.929775102703575e+04  -6.906848310103055e-03  7.895102414572594e-03  -1.866933499527210e-03
  1.709999999999997e+01  1.908828303133194e+05  -1.030831340659764e+04  -4.234176661032503e+04  -5.864179256765551e+04  1.403348227723349e+05  -4.048855684881086e+04  -5.767816687767013e-03  6.359405811522030e-03  -2.634034547632412e-04
  1.719999999999997e+01  1.888047413012376e+05  -3.394401123343493e+04  -3.761365789018572e+04  -5.042820898922550e+04  1.442920390442566e+05  -4.241740021491810e+04  -4.369409678678411e-03  5.040840481184083e-03  1.218189216562487e-03
  1.729999999999998e+01  1.851115305791969e+05  -4.892488953197598e+04  -3.319344427260877e+04  -4.254123274030680e+04  1.466836017186835e+05  -3.641409949478797e+04  -2.789767688031886e-03  4.368030875013294e-03  1.849924111303594e-03
  1.739999999999998e+01  1.784997204518208e+05  -5.666556348862004e+04  -2.742526692020918e+04  -3.684207320304336e+04  1.464618646560046e+05  -2.408290737293437e+04  -1.078323330014791e-03  4.005696021134645e-03  1.545269029531512e-03
  1.749999999999998e+01  1.688036455989577e+05  -6.162064397082166e+04  -1.971949163713115e+04  -3.458890505833018e+04  1.439680759717978e+05  -7.623153098797528e+03  6.215055643615753e-04  3.388387803232084e-03  7.415940801924883e-04
  1.759999999999998e+01  1.589968623700071e+05  -6.598381075509942e+04  -8.984590283930724e+03  -3.588821049750339e+04  1.403162916798711e+05  9.332146771861615e+03  2.069059332721225e-03  2.335635489924335e-03  -2.565396091083176e-05
  1.769999999999998e+01  1.531562631020953e+05  -6.932812000106924e+04  5.847611309335350e+03  -3.943544715564283e+04  1.370011353907321e+05  2.260195529325694e+04  2.979787665739248e-03  1.099291044940527e-03  -4.000845452566684e-04
  1.779999999999998e+01  1.518790181376219e+05  -7.212344498338804e+04  2.300088220267300e+04  -4.348309197864890e+04  1.349571741667826e+05  2.918725267470763e+04  3.161256859247381e-03  -1.271051552665637e-05  -3.007330130962351e-04
  1.789999999999998e+01  1.521803433013076e+05  -7.558618742157506e+04  3.786786136098990e+04  -4.665562089136572e+04  1.338845898065231e+05  2.918675351656174e+04  2.584163744551915e-03  -8.933899709851106e-04  1.941154734467852e-04
  1.799999999999999e+01  1.515150362599188e+05  -7.844430755273886e+04  4.660121798997026e+04  -4.780700788506270e+04  1.329611995603243e+05  2.579287479760178e+04  1.387394911554359e-03  -1.486610447632139e-03  9.027381786760356e-04
  1.809999999999999e+01  1.503815897537219e+05  -7.742029229387311e+04  4.941706980936830e+04  -4.627661465120417e+04  1.319002736177168e+05  2.324987557762858e+04  -8.930635885840929e-05  -1.689689435791508e-03  1.609305793772275e-03
  1.819999999999999e+01  1.505974832119541e+05  -7.165364272312980e+04  4.946615605152308e+04  -4.189621174806976e+04  1.314649803924851e+05  2.476655690834007e+04  -1.386491952073221e-03  -1.528485693962203e-03  2.117995764961452e-03
  1.829999999999999e+01  1.520482110592886e+05  -6.565640038122777e+04  4.898885544236487e+04  -3.564588091139511e+04  1.321564327682578e+05  3.075595196634882e+04  -2.064330330511148e-03  -1.332230432424657e-03  2.274761997493883e-03
  1.839999999999999e+01  1.533754555684464e+05  -6.596048964057409e+04  4.790548555843838e+04  -2.991102731307278e+04  1.330810739993806e+05  3.916287336352674e+04  -1.915736280213727e-03  -1.566306459987437e-03  1.983430257598609e-03
  1.849999999999999e+01  1.545319851185788e+05  -7.467259784228870e+04  4.506123668106204e+04  -2.706062835495063e+04  1.329154825326187e+05  4.704065778986978e+04  -1.086011353136339e-03  -2.408800427569970e-03  1.224783832461886e-03
  1.859999999999999e+01  1.573176620023602e+05  -8.729941096446219e+04  4.025405223638142e+04  -2.831275765163543e+04  1.311261960368432e+05  5.173668619196747e+04  1.113288387704949e-04  -3.533443445053807e-03  1.074068614972345e-04
  1.870000000000000e+01  1.636435589686744e+05  -9.634550041857907e+04  3.557225655337060e+04  -3.292449812406550e+04  1.284023086485486e+05  5.243602396361592e+04  1.333566991958401e-03  -4.292746968951105e-03  -1.227957269602484e-03
  1.880000000000000e+01  1.728604163743478e+05  -9.717267837239102e+04  3.417338275351419e+04  -3.882359801944761e+04  1.258677644690740e+05  5.067820444254540e+04  2.271302341287914e-03  -4.235563880806050e-03  -2.700304922066215e-03
  1.890000000000000e+01  1.815328218391445e+05  -9.095965413445438e+04  3.784665269231139e+04  -4.448286468527574e+04  1.239410536101825e+05  4.918998020370361e+04  2.671944916112714e-03  -3.408232097246115e-03  -4.211242043057388e-03
  1.900000000000000e+01  1.859799413696122e+05  -8.210069051537332e+04  4.579667071736261e+04  -4.981798288349382e+04  1.225029119198832e+05  5.035849142869908e+04  2.272439221324411e-03  -2.214401153875902e-03  -5.484173370239735e-03
  1.910000000000000e+01  1.847245552659078e+05  -7.405806538658010e+04  5.430822683606170e+04  -5.548837785029977e+04  1.216244012092873e+05  5.437853852730840e+04  1.015788893513066e-03  -1.127982560576328e-03  -6.025672916708785e-03
  1.920000000000000e+01  1.794694170217981e+05  -6.811396166219770e+04  5.849254041340987e+04  -6.118344997703309e+04  1.215860967031256e+05  5.897039017510280e+04  -7.435331507615893e-04  -4.136012249255863e-04  -5.466774399225147e-03
  1.930000000000000e+01  1.741282041732378e+05  -6.400846882076246e+04  5.521487772465704e+04  -6.488534765576410e+04  1.222317809859044e+05  6.131704509118133e+04  -2.359569016258497e-03  -7.333878658125973e-05  -3.951162702115278e-03
  1.940000000000001e+01  1.723408233171474e+05  -6.066781691134434e+04  4.430851549899467e+04  -6.408689155896994e+04  1.226763358409029e+05  6.003734563048260e+04  -3.187913343958822e-03  8.305831542194859e-05  -2.132881829281031e-03
  1.950000000000001e+01  1.754402849063466e+05  -5.673292979279922e+04  2.858578269967192e+04  -5.806600784215190e+04  1.223503513846524e+05  5.626128659095518e+04  -3.007298762667932e-03  3.223557800175800e-04  -7.774040388582521e-04
  1.960000000000001e+01  1.820168678148011e+05  -5.120684287288316e+04  1.207655182963809e+04  -4.890230794961923e+04  1.221580336372844e+05  5.234578155729803e+04  -2.133982991895948e-03  7.832570096514291e-04  -2.334829842296586e-04
  1.970000000000001e+01  1.888894277432255e+05  -4.480039423342786e+04  -2.263669575705572e+03  -4.044008293213293e+04  1.242720428724734e+05  4.953653378056262e+04  -1.124173900631452e-03  1.402337436133614e-03  -3.124015554682369e-04
  1.980000000000001e+01  1.931218001352769e+05  -4.006376569833900e+04  -1.282055834263814e+04  -3.612217942835746e+04  1.304354663019948e+05  4.739852500655728e+04  -3.988921713627969e-04  1.988464347043191e-03  -5.970168830829860e-04
  1.990000000000001e+01  1.934435415664014e+05  -3.987925209697546e+04  -1.911686233578862e+04  -3.679041261915528e+04  1.399547270309171e+05  4.488804783166111e+04  1.919933184036293e-05  2.355917512402420e-03  -7.779812697732488e-04
