TITLE = "Temporal Signal for receiver number 01454"
VARIABLES = "Time","xx","yy","zz","xy","yz","xz","u","v","w"
# x1       3.620946160000e+05
# x2       4.734184950000e+06
# x3       -3.000000000000e+03
  0.000000000000000e+00  0.000000000000000e+00  0.000000000000000e+00  0.000000000000000e+00  0.000000000000000e+00  0.000000000000000e+00  0.000000000000000e+00  0.000000000000000e+00  0.000000000000000e+00  0.000000000000000e+00
  1.000000000000000e-01  0.000000000000000e+00  0.000000000000000e+00  0.000000000000000e+00  0.000000000000000e+00  0.000000000000000e+00  0.000000000000000e+00  0.000000000000000e+00  0.000000000000000e+00  0.000000000000000e+00
  2.000000000000000e-01  0.000000000000000e+00  0.000000000000000e+00  0.000000000000000e+00  0.000000000000000e+00  0.000000000000000e+00  0.000000000000000e+00  0.000000000000000e+00  0.000000000000000e+00  0.000000000000000e+00
  3.000000000000000e-01  -6.694417948199803e+00  -6.763103217073255e+01  2.008002335752262e+02  2.743443070237197e+01  2.198782042706448e+02  -1.084955035196074e+02  1.086524657769062e-05  -2.052673818295349e-05  -3.099838657576039e-06
  4.000000000000000e-01  -6.562010626388573e+02  -2.001385967798453e+02  5.320250489471218e+02  2.759425328783688e+02  1.311623007678085e+03  -5.588483359867228e+02  3.758133784839982e-06  -4.492935055537661e-05  -2.233425558106181e-05
  5.000000000000000e-01  -3.134867898952515e+02  2.443655788398929e+03  4.769789762123397e+03  5.995563674385968e+02  3.490361343578291e+03  1.349932977675274e+02  -1.128691634250659e-04  -1.592886919838457e-04  -3.230407105171574e-04
  6.000000000000000e-01  7.105019022311640e+01  1.798888679995394e+04  1.988908374891406e+04  -1.130964167280818e+03  1.628130365795371e+04  2.185501891978880e+03  -1.339651299359759e-05  -1.471239516691379e-03  -1.410623501947640e-03
  7.000000000000000e-01  -1.222663543832614e+04  3.933169599480333e+04  4.853886788576997e+04  -3.040550966818117e+03  4.687471495154111e+04  9.490037937314069e+03  -1.392920518080865e-04  -3.293862237591053e-03  -3.903530585701162e-03
  7.999999999999999e-01  -2.513529146622437e+04  4.573481125652005e+04  8.162620437526220e+04  -2.429801172889868e+03  7.509517141463835e+04  1.203613690863018e+04  7.500292817847796e-04  -2.608218487571618e-03  -6.552891638108718e-03
  8.999999999999999e-01  -2.418638896689788e+04  4.371445201536440e+04  1.096527228797628e+05  -3.295188059471604e+03  9.473447618202228e+04  6.697880521808209e+03  2.138170459293264e-03  -8.239115638273999e-04  -7.870614721215339e-03
  9.999999999999999e-01  -6.779465862192631e+03  5.565016785710234e+04  1.278660589029311e+05  -9.190136236252145e+03  1.153448354845975e+05  3.786977930126614e+03  2.940571427351342e-03  -7.916900020896211e-04  -7.780708742546133e-03
  1.100000000000000e+00  1.226361467228004e+04  9.109395682317758e+04  1.866482962143259e+05  -2.362225527804605e+04  1.745529879573353e+05  -6.850842410420076e+02  2.816780710669121e-03  -4.603475573746855e-03  -1.210836410954175e-02
  1.200000000000000e+00  4.963721531024983e+04  1.418224190214249e+05  3.182876149268335e+05  -5.138911898302097e+04  2.803631122428789e+05  -3.800180049487858e+04  5.968560297808278e-03  -9.114224274543179e-03  -2.167362611976740e-02
  1.300000000000000e+00  1.863662547881069e+05  2.053500037382433e+05  6.810382328349452e+05  -1.120770501780605e+05  4.387104621533312e+05  -1.751427637254958e+05  1.724022617998076e-02  -1.517121372947660e-02  -4.623311871459834e-02
  1.400000000000000e+00  3.746070410773904e+05  2.286981645810742e+05  1.600695305058057e+06  -1.837429088757632e+05  6.086302680156766e+05  -4.784448362741137e+05  2.497802413801977e-02  -1.592587222261079e-02  -1.092215677881404e-01
  1.500000000000000e+00  1.889752098469682e+05  1.250821044199508e+05  2.844804736411296e+06  -4.110513126305768e+04  5.624005894835230e+05  -5.998570726418725e+05  -2.636927225795317e-02  6.635449770413756e-03  -1.857331198755310e-01
  1.600000000000000e+00  -5.294465223739366e+05  3.544057015691695e+05  3.745664695827396e+06  1.259980152827528e+05  4.510266065382510e+05  -3.132076612536638e+05  -1.223120625810290e-01  -2.967969101277207e-03  -2.402331456670462e-01
  1.700000000000000e+00  -1.279631503219809e+06  5.968111849200998e+05  4.280432548217904e+06  -8.279920019832967e+03  4.491808135708516e+05  -3.802994270207868e+04  -1.788715818010870e-01  -4.093197956032205e-02  -2.661030141003974e-01
  1.800000000000000e+00  -1.663646249032550e+06  5.987108750263967e+05  4.667319114258105e+06  -3.515223775411174e+05  3.964853919049350e+05  -7.216693061474468e+04  -1.787042999739112e-01  -5.594192604781620e-02  -2.787980175435276e-01
  1.900000000000001e+00  -1.825623546354913e+06  5.118954527005979e+05  4.928894948724804e+06  -5.055204267555202e+05  3.471189076077627e+05  -1.699407944354727e+05  -1.591384160883132e-01  -5.089537070846930e-02  -2.896138284891451e-01
  2.000000000000000e+00  -1.873545020526583e+06  4.543248672623037e+05  5.181470306426586e+06  -5.980197633357497e+05  2.895569341913429e+05  -2.110285589090821e+05  -1.529156093094262e-01  -4.173239909349693e-02  -3.063888291248667e-01
  2.100000000000001e+00  -1.922766453706562e+06  5.080752181852012e+05  5.265703201785949e+06  -7.433889439569085e+05  1.989336787443722e+05  -1.612236962038330e+05  -1.627641222580687e-01  -3.719892453635289e-02  -3.147378047880089e-01
  2.200000000000001e+00  -1.943407840423982e+06  4.297810975669089e+05  5.480317972017653e+06  -7.460911813391221e+05  1.829220516733240e+05  -1.477734794562853e+05  -1.587044840139102e-01  -4.628008204191596e-02  -3.414879197572104e-01
  2.300000000000001e+00  -2.003900779413593e+06  4.938507693307354e+05  5.579806881301835e+06  -7.915300975953121e+05  1.475303700402717e+05  -1.452284471875944e+05  -1.643331429056840e-01  -4.672734621525680e-02  -3.586169698063066e-01
  2.400000000000001e+00  -2.016764711614169e+06  5.194315314205684e+05  5.692132663819075e+06  -8.315216748475350e+05  1.452266977036081e+05  -6.382655008798526e+04  -1.601387324151620e-01  -4.441220637155121e-02  -3.670919996742878e-01
  2.500000000000001e+00  -1.945549911069804e+06  5.823232015844452e+05  5.884516920181436e+06  -8.711697072274479e+05  1.296888887501835e+05  -5.026755458004171e+03  -1.515335414485552e-01  -4.509706307540574e-02  -3.789318511081666e-01
  2.600000000000001e+00  -1.847951796835384e+06  5.955241077749858e+05  6.091343661330635e+06  -8.930953929417876e+05  1.428538320934915e+05  8.665274462954132e+04  -1.482518607314854e-01  -4.686368422320433e-02  -3.973108636744646e-01
  2.700000000000001e+00  -1.703070892428137e+06  5.860513087120994e+05  6.295726993380510e+06  -8.673971861503043e+05  1.785709088664205e+05  3.012340013718753e+05  -1.397824587361831e-01  -3.816595061942512e-02  -3.917185468112472e-01
  2.800000000000001e+00  -1.603294968773480e+06  6.568774533514968e+05  6.517505453383503e+06  -8.760816100911199e+05  1.833193641584758e+05  5.109590983104240e+05  -1.395840527183426e-01  -3.581801569346593e-02  -3.940747645013128e-01
  2.900000000000001e+00  -1.524673599972700e+06  7.092074474699958e+05  6.820733032742573e+06  -8.355954455808761e+05  2.702192981101987e+05  6.751371244555053e+05  -1.359465233489497e-01  -3.740046286573216e-02  -4.078030634566325e-01
  3.000000000000001e+00  -1.425105158139225e+06  7.990247970654709e+05  7.090375853934859e+06  -8.150281785924064e+05  3.185415017303841e+05  8.551006437128742e+05  -1.371265746633850e-01  -3.615674637325470e-02  -4.246137239993057e-01
  3.100000000000001e+00  -1.355730022683279e+06  8.439301942992249e+05  7.256048480348635e+06  -8.473032196933731e+05  3.622527198084023e+05  1.024914689750126e+06  -1.299796377968962e-01  -2.722663410939332e-02  -4.237003206296802e-01
  3.200000000000002e+00  -1.264574535570005e+06  8.733506391477099e+05  7.447205591572657e+06  -8.177983356753839e+05  3.798856730235395e+05  1.182052086849779e+06  -1.241432318132573e-01  -2.608450660363999e-02  -4.354317119651387e-01
  3.300000000000002e+00  -1.434438302171283e+06  7.233719622604321e+05  7.192624402923133e+06  -8.656225662932540e+05  3.441302285302337e+05  1.195177493043515e+06  -1.131417996194703e-01  -2.051180089416382e-02  -4.161159606058587e-01
  3.400000000000002e+00  -1.627807309893025e+06  5.181040836182340e+05  6.707579057318484e+06  -9.381547389636602e+05  2.469576584556999e+05  1.032274711015049e+06  -7.440037263375247e-02  3.850606505518462e-04  -3.837909356787858e-01
  3.500000000000002e+00  -1.661301841503294e+06  3.550056645243658e+05  6.222454914735607e+06  -9.379730294567784e+05  1.493346697727229e+05  8.341083748922803e+05  -3.459558629725180e-02  1.304164188802149e-02  -3.791871140163749e-01
  3.600000000000002e+00  -1.697928460521691e+06  2.654240206826961e+05  5.824723395344387e+06  -9.449916808672951e+05  1.074053340157628e+05  7.309851261207524e+05  -1.814703266862351e-02  1.660723601360779e-02  -3.793449886889967e-01
  3.700000000000002e+00  -1.839823634137764e+06  1.880618540787424e+05  5.549197923554975e+06  -9.453646217991023e+05  9.610234932070890e+04  7.043275280921831e+05  -2.018894197484561e-02  1.152072917309960e-02  -3.740494160602063e-01
  3.800000000000002e+00  -1.996587283865807e+06  1.231942830595384e+05  5.299017898264145e+06  -9.053105530943202e+05  2.531421584274925e+04  7.050872400077905e+05  -2.446485359871029e-02  -3.420394746508676e-03  -3.880087577318536e-01
  3.900000000000002e+00  -2.219638521424350e+06  -5.623103363138689e+03  4.990327444580141e+06  -8.507097152683726e+05  -4.003428548362353e+04  6.340375828103372e+05  -1.487709627257250e-02  -1.381934852441634e-02  -4.029368560653996e-01
  4.000000000000002e+00  -2.521431185591130e+06  -1.224673990738082e+05  4.785483803258535e+06  -7.600088796467719e+05  -7.938602543961270e+04  4.471056016303047e+05  9.324787570962587e-03  -7.793699222289084e-03  -4.112811217481600e-01
  4.100000000000001e+00  -2.649522519490436e+06  -1.419213748459120e+05  4.516978846509784e+06  -5.512831779046997e+05  -2.666218118947431e+05  2.481715540040896e+05  2.361846579790509e-02  -1.647286335996775e-02  -4.078133337284212e-01
  4.200000000000001e+00  -2.406036483070213e+06  -1.305139301059597e+05  3.877258740516159e+06  -3.288149119278387e+05  -2.087138993639581e+05  1.473001854113606e+05  -1.003530687008511e-02  -4.453319444379882e-02  -3.556334563193355e-01
  4.300000000000001e+00  -2.082367569054764e+06  -1.066422588035576e+05  3.059915289679121e+06  -3.214249058684835e+05  2.428125022401756e+05  1.931430298329730e+05  -8.262436357733015e-02  -6.080292985568559e-02  -2.635742332798686e-01
  4.400000000000000e+00  -2.050154180638889e+06  -1.123559945268912e+05  2.478128721047114e+06  -4.691204048131067e+05  6.116033214003084e+05  3.118064298841328e+05  -1.178622081243863e-01  -5.205688196581975e-02  -1.851896133121834e-01
  4.500000000000000e+00  -2.203518188736469e+06  -2.793635552004714e+05  2.314243864001737e+06  -5.426702974368207e+05  6.928544647638606e+05  3.236262185028714e+05  -9.065002513299898e-02  -1.877538180111818e-02  -1.788605103254522e-01
  4.600000000000000e+00  -2.359809076308664e+06  -4.859002771132693e+05  2.249361314653593e+06  -4.992973985533564e+05  6.196622984898910e+05  3.079715672908577e+05  -5.083784950580983e-02  4.940322601359667e-03  -2.008829791458724e-01
  4.699999999999999e+00  -2.437663379967194e+06  -5.380725114263056e+05  1.980212889351615e+06  -5.007241297672493e+05  4.705676242078603e+05  4.787114597756166e+05  -1.130583606264209e-02  6.961636607234529e-03  -1.553117923141721e-01
  4.799999999999999e+00  -2.457014543491621e+06  -5.397857328685246e+05  1.664849738718576e+06  -6.178121460011794e+05  4.101633686548945e+05  7.342543690062590e+05  3.454832991895305e-02  8.267225323701922e-03  -7.438737171974048e-02
  4.899999999999999e+00  -2.605761638342672e+06  -5.283756915704131e+05  1.709673965166112e+06  -6.716727126873755e+05  6.000741195315159e+05  7.718051250160877e+05  4.450633752577829e-02  1.313073421100928e-02  -5.441228322991992e-02
  4.999999999999998e+00  -2.857926484379067e+06  -4.801340790691909e+05  1.890127505687715e+06  -6.755215788860276e+05  7.716250020536598e+05  6.309948273770160e+05  2.982723488636528e-02  1.806584190535192e-02  -9.197705399830476e-02
  5.099999999999998e+00  -2.943486189176110e+06  -3.727620296850470e+05  2.088344700100609e+06  -7.152975894947528e+05  6.963203003105153e+05  4.594979713914936e+05  1.415271458826661e-02  2.410096415106395e-02  -1.001881542667590e-01
  5.199999999999998e+00  -2.906320113218429e+06  -3.148645230041338e+05  2.493466476931005e+06  -7.728875740623100e+05  5.226494792132987e+05  3.157870863125850e+05  -2.277230664743277e-03  3.063938033753398e-02  -7.108208015576217e-02
  5.299999999999997e+00  -2.939258161142999e+06  -3.583219405612692e+05  2.844092532257458e+06  -7.635719063392627e+05  4.252674544585418e+05  2.711121337680235e+05  -1.268464563194734e-02  3.354274550721112e-02  -5.079317799239266e-02
  5.399999999999997e+00  -2.982605481610061e+06  -3.349033586756962e+05  3.116651826577562e+06  -7.241116703566039e+05  4.247349667234367e+05  2.545169920281665e+05  -1.581118096666022e-02  3.531231828014895e-02  -3.448590325257337e-02
  5.499999999999996e+00  -3.037617125337878e+06  -2.709177883497064e+05  3.318382891427385e+06  -7.509642896786346e+05  4.857241257201547e+05  2.239717414628904e+05  -9.763248908746183e-03  4.460571369410215e-02  -2.376377693159505e-02
  5.599999999999996e+00  -3.140597735485406e+06  -2.822755716705175e+05  3.460800611120435e+06  -8.412285718328983e+05  5.638364243694510e+05  1.526939799465332e+05  -8.515010478042351e-05  4.934431970155307e-02  -2.033521896233052e-02
  5.699999999999996e+00  -3.294067819085842e+06  -3.740402496642007e+05  3.698758129636315e+06  -8.966491645685332e+05  6.115062603196569e+05  7.235765305016498e+04  2.553069422377730e-03  3.707411619472253e-02  -9.237738556231076e-03
  5.799999999999995e+00  -3.463053411582398e+06  -4.999584335030830e+05  4.069316844472597e+06  -8.789801387608338e+05  6.255764958284865e+05  5.943912691214003e+04  3.704435946033253e-03  1.761181252891149e-02  1.306252879878036e-02
  5.899999999999995e+00  -3.658558819705730e+06  -6.142907736174258e+05  4.421778261290851e+06  -8.424821681456909e+05  6.193279541144102e+05  1.205738850649276e+05  1.599203581715787e-02  3.235847609747587e-04  3.671412202646827e-02
  5.999999999999995e+00  -3.868202440035997e+06  -6.701054865627589e+05  4.751844757937809e+06  -8.515607351455610e+05  5.952857151614889e+05  1.890384748684939e+05  2.811729386256978e-02  -1.598093727127377e-02  5.716096018888385e-02
  6.099999999999994e+00  -4.063871636994282e+06  -6.830442938210714e+05  5.129272745395173e+06  -8.715636934300866e+05  5.578301780733844e+05  1.937752644750533e+05  3.446373265142426e-02  -3.197881206848809e-02  7.876969311894297e-02
  6.199999999999994e+00  -4.169255604561829e+06  -6.986208455765679e+05  5.459139160792802e+06  -8.401272313116820e+05  5.011643817194709e+05  1.507256442544725e+05  3.635876812868041e-02  -4.938145364513649e-02  9.913509074254073e-02
  6.299999999999994e+00  -4.243464140940358e+06  -7.336935474505918e+05  5.759373164813269e+06  -7.944572533813042e+05  4.496255275221412e+05  7.414469476376488e+04  3.906341971909881e-02  -6.273920757356782e-02  1.257176575890254e-01
  6.399999999999993e+00  -4.384768068174368e+06  -7.747949708986877e+05  6.115011413814827e+06  -8.011494690407250e+05  4.052828413775378e+05  -6.090582988409197e+04  4.582868008745630e-02  -6.036861128759313e-02  1.610663818783633e-01
  6.499999999999993e+00  -4.498185530331673e+06  -7.676489558016149e+05  6.469670956577102e+06  -8.270924804837852e+05  3.480291043161311e+05  -2.427003812151035e+05  4.900054471614419e-02  -4.966124378997346e-02  1.891155847101859e-01
  6.599999999999993e+00  -4.515272308954292e+06  -7.313780221261878e+05  6.742133676426816e+06  -8.003893204367438e+05  2.929879644677791e+05  -4.156408119060019e+05  4.839997469527586e-02  -4.048582459216878e-02  2.055602046891487e-01
  6.699999999999992e+00  -4.504857150960803e+06  -7.217023651226946e+05  6.912185182445695e+06  -7.198045728336892e+05  2.475062545238512e+05  -4.920284942121751e+05  5.127197854597582e-02  -2.821409485438922e-02  2.080178012396987e-01
  6.799999999999992e+00  -4.532319186301927e+06  -6.844734652921265e+05  7.064815037010903e+06  -6.486422319879626e+05  1.978764027706051e+05  -4.552436613655182e+05  6.023647884031196e-02  -1.259241962870498e-02  1.915567678196347e-01
  6.899999999999991e+00  -4.617806100796947e+06  -6.048778482774289e+05  7.226119150151622e+06  -6.164993464938983e+05  1.381383934002270e+05  -3.857523283772288e+05  7.097310858403594e-02  -8.770669219192606e-04  1.712355044493702e-01
  6.999999999999991e+00  -4.750780702331059e+06  -5.693189325545474e+05  7.356917961214007e+06  -5.790563662151184e+05  9.541196593857471e+04  -3.062209556627506e+05  8.135488460264462e-02  3.430274959486815e-03  1.583986581681655e-01
  7.099999999999991e+00  -4.876870836009765e+06  -6.072485721795325e+05  7.449936434392109e+06  -4.970096429788959e+05  8.396711309400454e+04  -2.493583998473765e+05  9.033701527710508e-02  3.114220852029038e-03  1.493929536214916e-01
  7.199999999999990e+00  -4.978833693314204e+06  -6.550434082794723e+05  7.441884670408085e+06  -4.055349138371212e+05  7.319339332234161e+04  -3.091484415267548e+05  9.320168807702525e-02  4.715391935797894e-03  1.411668863110033e-01
  7.299999999999990e+00  -5.010513149294475e+06  -6.075259762933374e+05  7.337307666292565e+06  -3.635578156295665e+05  3.211541188655681e+04  -4.510068610889656e+05  8.444716275793934e-02  9.271115981534538e-03  1.287696220750311e-01
  7.399999999999990e+00  -4.975887320032840e+06  -5.067381064070370e+05  7.126631614237355e+06  -3.762774339637368e+05  -4.107319943137332e+04  -5.937963562584802e+05  7.171843174875697e-02  1.058831124217541e-02  1.139031689024296e-01
  7.499999999999989e+00  -4.848151515561602e+06  -4.251427316076987e+05  6.918400765194594e+06  -3.965856420431020e+05  -1.133190289324830e+05  -6.764196349566357e+05  5.760622923553713e-02  2.631858693374719e-03  9.086870606781659e-02
  7.599999999999989e+00  -4.772907261838159e+06  -4.111156865345883e+05  6.699036224041151e+06  -3.978014574995202e+05  -1.532635214509836e+05  -7.456528174393607e+05  4.970875390189849e-02  -1.194931826423676e-02  6.580142857228774e-02
  7.699999999999989e+00  -4.509253171939155e+06  -2.915711302292517e+05  6.722332008143925e+06  -3.780785631682053e+05  -1.435601085992988e+05  -6.950852455482613e+05  2.023803675393560e-02  -2.678052603406836e-02  2.676065954612164e-02
  7.799999999999988e+00  -4.352316028389837e+06  -2.186681818522646e+05  6.648170103328394e+06  -3.811301641059503e+05  -1.291954608559032e+05  -6.909446256672866e+05  1.621962686382745e-03  -2.986356289192482e-02  5.444556943449261e-03
  7.899999999999988e+00  -4.270987091136030e+06  -2.005344182809084e+05  6.457766898028354e+06  -4.037769686263356e+05  -1.372189742821430e+05  -6.959122840245492e+05  -7.855935687708894e-04  -2.448406074484406e-02  -2.781025505804092e-03
  7.999999999999988e+00  -4.243673500743180e+06  -1.909382356821377e+05  6.252198182751155e+06  -4.124393290567457e+05  -1.480537558147623e+05  -6.524177143454425e+05  5.078005370057641e-03  -1.852826257181766e-02  -8.988755544597481e-03
  8.099999999999987e+00  -4.268450746158251e+06  -1.736267381327793e+05  6.087396473908895e+06  -4.078932586146916e+05  -1.248155820430330e+05  -5.677473563136617e+05  6.781017215872796e-03  -1.325542394265680e-02  -1.794800837716483e-02
  8.199999999999987e+00  -4.256377774260106e+06  -1.373960210082830e+05  5.980287482631828e+06  -4.392439758404511e+05  -8.399458424507485e+04  -4.968680948418518e+05  1.067257578658558e-03  -4.524726791277929e-03  -2.308407183501387e-02
  8.299999999999986e+00  -4.191710983704066e+06  -1.128194369060035e+05  5.860078940978847e+06  -5.201215076541814e+05  -5.494967334373908e+04  -4.829810694783370e+05  -4.476452150549344e-03  6.224445282944890e-03  -2.303745180336009e-02
  8.399999999999986e+00  -4.106309851482843e+06  -1.240408936620182e+05  5.719405504451053e+06  -6.064323765418091e+05  -3.711631973363648e+04  -4.881970973300012e+05  -7.811870084037142e-03  1.797434429062667e-02  -2.267813383569468e-02
  8.499999999999986e+00  -4.078390096289109e+06  -1.630757912994988e+05  5.582696509750617e+06  -6.757951940449987e+05  -2.676140660504926e+04  -4.669308483882173e+05  -7.727973704274897e-03  3.155305423959628e-02  -2.502014737329657e-02
  8.599999999999985e+00  -4.142992982917532e+06  -1.823444366302023e+05  5.512253646850027e+06  -7.374021559547527e+05  -1.629557221887031e+04  -3.970779132771121e+05  -4.113984792430982e-03  4.063545205240285e-02  -3.293679301298832e-02
  8.699999999999985e+00  -4.263059634574139e+06  -1.529814071203639e+05  5.561077853001417e+06  -7.932855367169534e+05  -2.039986781170190e+03  -3.000263887288446e+05  2.054154152153870e-03  4.103279770124708e-02  -4.510289440617499e-02
  8.799999999999985e+00  -4.349647684193817e+06  -9.692675352282204e+04  5.658273543780855e+06  -8.091007854868690e+05  1.510437765023156e+04  -2.268097618451491e+05  6.369039676707163e-03  3.572371533655158e-02  -5.371437536491427e-02
  8.899999999999984e+00  -4.333856670414024e+06  -5.391427806167628e+04  5.608649031914126e+06  -7.537088088727687e+05  4.615150051284338e+04  -2.018701449902061e+05  4.905736603451023e-03  2.582607277681675e-02  -4.640852753896383e-02
  8.999999999999984e+00  -4.201034687321435e+06  -1.696822954388874e+04  5.412101231135395e+06  -6.680918449895433e+05  8.788867337420407e+04  -1.914902087588833e+05  -4.611787194225689e-03  1.245591716819218e-02  -2.553424751778758e-02
  9.099999999999984e+00  -4.067426497200613e+06  1.264487058247987e+04  5.244957626087449e+06  -6.193853186745457e+05  1.163777980459644e+05  -1.730542389174526e+05  -1.475210239617789e-02  1.757364898696364e-03  -7.876765491193644e-03
  9.199999999999983e+00  -4.044473427915459e+06  1.346750052864975e+04  5.210989752920547e+06  -6.067491604513739e+05  1.238156764470938e+05  -1.629375767558770e+05  -1.892340831834712e-02  -1.447117202620473e-03  -2.984531994964026e-03
  9.299999999999983e+00  -4.088866138218821e+06  -2.992140856003907e+04  5.250585868183740e+06  -5.842748389743032e+05  1.240528849256322e+05  -1.511269988913662e+05  -1.831836570611544e-02  8.824341368607550e-05  -1.144103769538335e-02
  9.399999999999983e+00  -4.081624630609547e+06  -8.478290494687165e+04  5.283390418118980e+06  -5.473921326326143e+05  1.255486729758024e+05  -1.250735849449593e+05  -1.695595233923475e-02  1.645075860130973e-03  -2.313922732975432e-02
  9.499999999999982e+00  -4.007227210154796e+06  -1.099462765016697e+05  5.270611311644426e+06  -5.186597332947014e+05  1.368824436932853e+05  -9.716944588242300e+04  -1.608656090426370e-02  2.431273572284350e-03  -2.912587403118879e-02
  9.599999999999982e+00  -3.963320550124056e+06  -1.124117164998133e+05  5.229323869291173e+06  -5.097973905633922e+05  1.554138806477192e+05  -9.430105885074353e+04  -1.184225761445391e-02  4.212206422150366e-03  -2.954632322024047e-02
  9.699999999999982e+00  -3.987537344122192e+06  -1.026440700013039e+05  5.226410541655646e+06  -5.225004739394270e+05  1.595453956727818e+05  -1.133062229203819e+05  -3.705910910154086e-03  8.522051608739218e-03  -2.505198293779685e-02
  9.799999999999981e+00  -4.022400379887075e+06  -9.871238543777674e+04  5.272728753056855e+06  -5.412768961325275e+05  1.492277152674840e+05  -1.143539576448926e+05  2.216970581280764e-03  1.168134983267806e-02  -1.905051805058837e-02
  9.899999999999981e+00  -4.018273427208587e+06  -1.239061451179072e+05  5.307451770720792e+06  -5.582192689596608e+05  1.486688614202362e+05  -8.778622693746316e+04  1.643998674810357e-03  1.042258028887516e-02  -1.743715002257264e-02
  9.999999999999980e+00  -3.985824744964452e+06  -1.565309108487947e+05  5.294598127172151e+06  -5.813878462542116e+05  1.699997879413931e+05  -6.859330469425376e+04  -3.262486264723125e-03  7.881741006860258e-03  -2.031470649446242e-02
  1.009999999999998e+01  -3.963338534792584e+06  -1.645946146707749e+05  5.272826370723200e+06  -6.143910783087700e+05  1.991913365843888e+05  -8.054876566424314e+04  -8.486811941017797e-03  6.078884607168677e-03  -2.274501061134439e-02
  1.019999999999998e+01  -3.977975609868722e+06  -1.647544134625376e+05  5.284573474947997e+06  -6.455997127564952e+05  2.117623503682934e+05  -1.084109290511000e+05  -1.064413119934329e-02  4.519664930784102e-03  -2.120876044701481e-02
  1.029999999999998e+01  -4.007133292418621e+06  -1.721602111671447e+05  5.327914293215110e+06  -6.607330979505733e+05  2.033372941082962e+05  -1.303998689747259e+05  -9.166372203324230e-03  4.853677915678961e-03  -1.474281770804872e-02
  1.039999999999998e+01  -4.026236396735299e+06  -1.693478461869888e+05  5.388349207253495e+06  -6.609059566015976e+05  1.946229870307121e+05  -1.399412711074401e+05  -5.861372766717258e-03  8.854557139084888e-03  -6.014284556133812e-03
  1.049999999999998e+01  -4.063259519262122e+06  -1.637415982604246e+05  5.433317966311100e+06  -6.622515775529760e+05  1.985520832183837e+05  -1.256073888828534e+05  -2.083081681929598e-03  1.348840652420899e-02  -1.629021329406569e-03
  1.059999999999998e+01  -4.116191487300256e+06  -1.711564117751340e+05  5.448034772600057e+06  -6.700940014975152e+05  2.093742483472787e+05  -9.314017846533755e+04  -1.968634483322156e-04  1.398184836814994e-02  -3.415404982965104e-03
  1.069999999999998e+01  -4.140444453683097e+06  -1.690170424767036e+05  5.488673693558774e+06  -6.726630489418592e+05  2.274128808064149e+05  -7.641696094039812e+04  -2.188567609704144e-03  1.113056858218234e-02  -3.723816797268617e-03
  1.079999999999998e+01  -4.120623409470148e+06  -1.466979299858607e+05  5.588336888303659e+06  -6.600004130450955e+05  2.457751158731349e+05  -7.706327059907328e+04  -5.952632061672155e-03  9.060794010246965e-03  -7.523443264823366e-04
  1.089999999999998e+01  -4.056465217218490e+06  -1.513663047033282e+05  5.697987457274237e+06  -6.359437408926516e+05  2.384245839748389e+05  -5.690743172121126e+04  -1.074734927446834e-02  5.776115976994860e-03  -4.268995298157244e-03
  1.099999999999998e+01  -3.968248881654085e+06  -2.235312679098860e+05  5.768513772796201e+06  -6.162125531860372e+05  2.091417415673528e+05  -2.182310225395085e+04  -1.748711355623623e-02  -2.488847021342470e-03  -1.404453677210674e-02
  1.109999999999998e+01  -3.931139123644466e+06  -3.135153573110504e+05  5.799001735129148e+06  -6.165821879949066e+05  1.961014199854887e+05  -2.341523400674668e+04  -2.197145949747470e-02  -9.144638606494787e-03  -1.558632004637459e-02
  1.119999999999998e+01  -3.986907714341698e+06  -3.387560640687856e+05  5.801144672639753e+06  -6.358229277211461e+05  2.069831274402809e+05  -6.824190357404292e+04  -1.945941112912580e-02  -6.165820779011098e-03  -4.448592580472103e-03
  1.129999999999998e+01  -4.073729022605327e+06  -2.946429016972127e+05  5.793681530242087e+06  -6.531106452976757e+05  2.150540942575377e+05  -1.113964483606829e+05  -1.348500352162167e-02  2.455614507611585e-03  6.131293229978416e-03
  1.139999999999998e+01  -4.123687881908715e+06  -2.465055463332030e+05  5.794485615832377e+06  -6.502766847936896e+05  2.094062035122939e+05  -1.289129978863485e+05  -9.525018986004059e-03  7.863843075149160e-03  6.080480135177303e-03
  1.149999999999998e+01  -4.139069075418497e+06  -2.372693019332560e+05  5.800899844549620e+06  -6.292668782928279e+05  1.966771684929347e+05  -1.450570856581174e+05  -7.333755804059071e-03  7.641287974321218e-03  9.126416321229698e-04
  1.159999999999997e+01  -4.146856797953843e+06  -2.526452453146793e+05  5.806861103083290e+06  -6.024794857687786e+05  1.766370086302907e+05  -1.833414595952323e+05  -5.587620410546381e-03  4.493066560826606e-03  -4.282345747000834e-04
  1.169999999999997e+01  -4.162772692917463e+06  -2.660907873508203e+05  5.819594781600063e+06  -5.804872253273006e+05  1.503493489366742e+05  -2.296377312578023e+05  -4.754734679550303e-03  1.975286846452492e-04  2.007872774467403e-03
  1.179999999999997e+01  -4.193733414664580e+06  -2.709450716188817e+05  5.838587490007518e+06  -5.714035792585197e+05  1.308651316582655e+05  -2.579865642061908e+05  -4.355780299358888e-03  -4.641573277252072e-03  3.896481320335362e-03
  1.189999999999997e+01  -4.228558767607828e+06  -2.673961916477584e+05  5.844485135460541e+06  -5.773930018968753e+05  1.266404145309180e+05  -2.589224533710819e+05  -3.471235925119477e-03  -7.980031820293760e-03  3.845775524261593e-03
  1.199999999999997e+01  -4.248906698278256e+06  -2.579911141506699e+05  5.826794571051389e+06  -5.917165036875228e+05  1.282464973877703e+05  -2.438469604433134e+05  -2.541305310019584e-03  -8.261006380920930e-03  2.615451036985691e-03
  1.209999999999997e+01  -4.254481865273116e+06  -2.505637430130857e+05  5.800390300078619e+06  -6.064547169219281e+05  1.233797648226895e+05  -2.400212182590325e+05  -2.006144516900136e-03  -6.408214168191331e-03  2.175887808695697e-03
  1.219999999999997e+01  -4.265253682537020e+06  -2.505580350825957e+05  5.772343714870234e+06  -6.190344789749930e+05  1.131537368048376e+05  -2.684704372960602e+05  -8.987748356099577e-04  -3.648653113696481e-03  4.956616255444205e-03
  1.229999999999997e+01  -4.287265656799442e+06  -2.527622972337282e+05  5.734777468210873e+06  -6.285723355064652e+05  1.042050738699498e+05  -3.210844134997488e+05  1.397977585366631e-03  -7.211174023601698e-04  1.027162684819529e-02
  1.239999999999997e+01  -4.300744833330824e+06  -2.507813264993860e+05  5.692362532710753e+06  -6.317398915634758e+05  9.983129918276405e+04  -3.709094198791560e+05  4.046506751715105e-03  9.206201025118515e-04  1.427165238081419e-02
  1.249999999999997e+01  -4.296705479977662e+06  -2.508797510911512e+05  5.659904450718551e+06  -6.284260725064666e+05  1.040890277819343e+05  -4.008528568809354e+05  5.866240239655504e-03  4.498323933940670e-04  1.386551709640923e-02
  1.259999999999997e+01  -4.286845847859954e+06  -2.656803578390437e+05  5.646213601540189e+06  -6.223642706126983e+05  1.185284355318086e+05  -4.109911620266418e+05  6.252080860193751e-03  -1.082686305756682e-03  9.124354707512836e-03
  1.269999999999997e+01  -4.280322011127675e+06  -3.021943897132240e+05  5.643742692322935e+06  -6.137727212523120e+05  1.330154151144133e+05  -4.082119686540735e+05  5.162768314202175e-03  -2.782905186921830e-03  2.384357685255156e-03
  1.279999999999997e+01  -4.272307525598926e+06  -3.512718234419768e+05  5.632465679623608e+06  -6.035585935741442e+05  1.352807911653597e+05  -4.036827579800974e+05  2.254056219140221e-03  -4.817823822573482e-03  -3.306902746445456e-03
  1.289999999999997e+01  -4.252360549079931e+06  -3.901324483731705e+05  5.603079937504970e+06  -5.981331911800347e+05  1.288165217216300e+05  -4.109457545939114e+05  -3.095198869186787e-03  -6.788678604180707e-03  -5.225690133051279e-03
  1.299999999999997e+01  -4.224270073328941e+06  -4.068544504773332e+05  5.566310307250607e+06  -5.992449712792977e+05  1.265157213921116e+05  -4.323385342134144e+05  -9.898899088543120e-03  -7.858236527082634e-03  -2.810105874175677e-03
  1.309999999999997e+01  -4.205442128032562e+06  -4.068818665775826e+05  5.544292790846490e+06  -6.008802646008368e+05  1.317752018453906e+05  -4.558373845700482e+05  -1.445157305386961e-02  -7.993645245944887e-03  1.619669255596478e-03
  1.319999999999997e+01  -4.203629281661393e+06  -3.982162602313659e+05  5.551807595872444e+06  -6.006843621883051e+05  1.370553440327949e+05  -4.686918819841861e+05  -1.339293733262375e-02  -7.645905578215898e-03  5.369284426284381e-03
  1.329999999999997e+01  -4.208264730335382e+06  -3.899401496232192e+05  5.575929559887411e+06  -6.017207798336291e+05  1.364449766871652e+05  -4.653115639008151e+05  -8.060150296528736e-03  -7.288978685603980e-03  7.791271653355802e-03
  1.339999999999997e+01  -4.207304032742872e+06  -3.929131054908783e+05  5.588932538011555e+06  -6.027050220780766e+05  1.334044659499309e+05  -4.478685381922299e+05  -3.027622981897553e-03  -7.599114237882571e-03  9.307346633925058e-03
  1.349999999999997e+01  -4.205581193404265e+06  -4.070147471250235e+05  5.583135770322753e+06  -5.985601416702158e+05  1.355603511956185e+05  -4.269096030677728e+05  -6.864343062506941e-04  -8.775376508339082e-03  1.005597804853818e-02
  1.359999999999997e+01  -4.217883263182887e+06  -4.167118955761937e+05  5.574472727574063e+06  -5.902478068802116e+05  1.438757688681498e+05  -4.145707608303029e+05  2.767689833367610e-04  -9.692072303192413e-03  1.040442607331149e-02
  1.369999999999997e+01  -4.246151280663664e+06  -4.075778143112285e+05  5.577444044949080e+06  -5.840402146546803e+05  1.500720951874098e+05  -4.122815897833392e+05  1.836403459643344e-03  -9.073861786713594e-03  1.073991393360513e-02
  1.379999999999997e+01  -4.276664698764730e+06  -3.822663542590537e+05  5.592726666380709e+06  -5.810595876449995e+05  1.453909419301442e+05  -4.082931024493900e+05  4.175445411184691e-03  -7.713344603982473e-03  1.033502189223694e-02
  1.389999999999997e+01  -4.295559870308658e+06  -3.551023752446027e+05  5.612014457732485e+06  -5.765942206500674e+05  1.288174087885662e+05  -3.889150711815933e+05  6.034870725435216e-03  -7.715939281636486e-03  8.179480768530825e-03
  1.399999999999997e+01  -4.294156965943692e+06  -3.344905301677323e+05  5.625406699353807e+06  -5.706851744356871e+05  1.069685004647248e+05  -3.520927452245137e+05  6.328973025761082e-03  -9.230055987602378e-03  5.081578791782742e-03
  1.409999999999997e+01  -4.269120406059876e+06  -3.177830945966392e+05  5.626978680483919e+06  -5.701455058646402e+05  8.914407985235452e+04  -3.097625331359597e+05  5.193584468580678e-03  -9.882673061699073e-03  3.279815967709438e-03
  1.419999999999997e+01  -4.229761135887617e+06  -3.014687759091057e+05  5.619622149257938e+06  -5.780386716486864e+05  8.196239269248929e+04  -2.772959699627102e+05  3.727646201015357e-03  -8.135649742064389e-03  3.705180388274769e-03
  1.429999999999997e+01  -4.199475586937606e+06  -2.905367117486576e+05  5.612768586237503e+06  -5.886445700606869e+05  8.596659079451722e+04  -2.615867599068040e+05  2.936607934770449e-03  -5.606330702930483e-03  4.892791600560793e-03
  1.439999999999996e+01  -4.199309217955524e+06  -2.934947944295419e+05  5.612677236631043e+06  -5.960248462845271e+05  9.651489496399292e+04  -2.577169175495035e+05  2.955492984005978e-03  -4.836880609106439e-03  4.690573008502684e-03
  1.449999999999996e+01  -4.227338292772108e+06  -3.081309352054666e+05  5.618294292187522e+06  -6.023026867609730e+05  1.080102137790807e+05  -2.553529609357746e+05  3.219419619687347e-03  -5.690938556529082e-03  2.388570916765678e-03
  1.459999999999996e+01  -4.258939017373069e+06  -3.196254848674113e+05  5.626049269814315e+06  -6.127020927102324e+05  1.167428020190585e+05  -2.476772646643044e+05  3.121493821332037e-03  -5.640366868794428e-03  -6.974818823993006e-04
  1.469999999999996e+01  -4.270110456085605e+06  -3.158592692936109e+05  5.634275657344207e+06  -6.260176336296912e+05  1.205945817833039e+05  -2.337999261477305e+05  2.354050790403279e-03  -3.432209864480558e-03  -2.617260177983011e-03
  1.479999999999996e+01  -4.258804721749991e+06  -2.987621618182392e+05  5.643707830105912e+06  -6.357590281458006e+05  1.182188826062962e+05  -2.159495365205929e+05  1.040956697333564e-03  -7.132178329134973e-04  -2.728019035359921e-03
  1.489999999999996e+01  -4.242719018238902e+06  -2.788629346847500e+05  5.656724807670046e+06  -6.387981570511551e+05  1.098930729361023e+05  -1.977993558778288e+05  -2.271311838094666e-04  5.295759946450135e-04  -2.017256390128383e-03
  1.499999999999996e+01  -4.239148508178316e+06  -2.657394933899566e+05  5.673034834108199e+06  -6.380349956181714e+05  9.942802445498425e+04  -1.831888710380971e+05  -9.086839108763249e-04  4.979447009379284e-04  -1.821628981886885e-03
  1.509999999999996e+01  -4.248354348338205e+06  -2.647480303366985e+05  5.684801718458858e+06  -6.381219106397761e+05  9.352481302673303e+04  -1.742911384596952e+05  -1.188357649508529e-03  4.486091770340624e-04  -2.700187031945918e-03
  1.519999999999996e+01  -4.256224447471703e+06  -2.740788970281145e+05  5.682913239689095e+06  -6.421469026987070e+05  9.700916257628116e+04  -1.722191022981255e+05  -1.779134592486953e-03  6.004171659183313e-04  -3.973170808171014e-03
  1.529999999999996e+01  -4.253806528761323e+06  -2.841194781129392e+05  5.667469685574441e+06  -6.510737943113958e+05  1.082748163143100e+05  -1.779473549723024e+05  -2.930947668915172e-03  4.991642646296434e-04  -4.138542037453376e-03
  1.539999999999996e+01  -4.248417295029918e+06  -2.862602228261859e+05  5.647714440970479e+06  -6.630641740836616e+05  1.203251843434991e+05  -1.897443934235747e+05  -3.988582826197904e-03  1.718284349002960e-04  -2.511078938633843e-03
  1.549999999999996e+01  -4.249951598207255e+06  -2.815183599608261e+05  5.634854671178017e+06  -6.733754348073794e+05  1.277170040297703e+05  -2.015594787204583e+05  -4.132352920428468e-03  -1.413613342751733e-04  -1.213967108683092e-04
  1.559999999999996e+01  -4.254208741411258e+06  -2.760345719702532e+05  5.635413217895745e+06  -6.779049236346043e+05  1.313052859994815e+05  -2.080183413788254e+05  -3.288723125252200e-03  -5.245610843122532e-04  1.560693801319431e-03
  1.569999999999996e+01  -4.248914013570280e+06  -2.714957677962192e+05  5.647247561160980e+06  -6.773337678592844e+05  1.344208301118190e+05  -2.111850188173532e+05  -2.224011641406767e-03  -9.426232180188216e-04  2.152757863824515e-03
  1.579999999999996e+01  -4.230586402798872e+06  -2.657212145207433e+05  5.661773342836498e+06  -6.757029684967536e+05  1.370309971623784e+05  -2.188129865726579e+05  -2.062081989100924e-03  -8.251514607258457e-04  2.179679770285146e-03
  1.589999999999996e+01  -4.207271706165987e+06  -2.607628108204768e+05  5.670420269457422e+06  -6.752616638860875e+05  1.365728405891476e+05  -2.350947426298549e+05  -3.643317601772878e-03  3.484869542664992e-04  2.058194827032345e-03
  1.599999999999996e+01  -4.187600981230723e+06  -2.632265962063245e+05  5.670389915323478e+06  -6.752583071136653e+05  1.325375047812042e+05  -2.556717524154830e+05  -6.845328046466420e-03  2.239780968580880e-03  1.913183110337866e-03
  1.609999999999996e+01  -4.175739791475027e+06  -2.751090627035332e+05  5.665233423661473e+06  -6.751221932314938e+05  1.276802225986833e+05  -2.720629560025663e+05  -1.024398947455214e-02  3.760328609047672e-03  1.906770836368110e-03
  1.619999999999996e+01  -4.176158151711521e+06  -2.886369588129874e+05  5.659610163444363e+06  -6.752684637827387e+05  1.254893284835620e+05  -2.786177449943946e+05  -1.176296115196570e-02  3.960824103789860e-03  2.028837285498357e-03
  1.629999999999996e+01  -4.193222772751023e+06  -2.928071227251380e+05  5.654832248550993e+06  -6.742198629555103e+05  1.277132364675214e+05  -2.748043927170817e+05  -1.021630142334853e-02  2.710402578635562e-03  1.724332465961911e-03
  1.639999999999996e+01  -4.221852727892604e+06  -2.837781200029859e+05  5.650140534237268e+06  -6.681971118581506e+05  1.334826238839044e+05  -2.640452291109111e+05  -6.394628143193307e-03  6.573385697703583e-04  3.755214779583097e-04
  1.649999999999996e+01  -4.245339108556583e+06  -2.678604597847928e+05  5.644623666460675e+06  -6.556717558542548e+05  1.400927236000192e+05  -2.526495834030554e+05  -2.537831395015585e-03  -1.220379304233413e-03  -1.727318926665898e-03
  1.659999999999997e+01  -4.249763486201725e+06  -2.548362864885239e+05  5.636782688437493e+06  -6.409980092165191e+05  1.451360956381696e+05  -2.477860878969451e+05  -5.787890435369036e-04  -2.077030197365635e-03  -3.299027317101937e-03
  1.669999999999997e+01  -4.239271747048674e+06  -2.490241486028415e+05  5.626448485023709e+06  -6.315177086805203e+05  1.477966029714301e+05  -2.531316587623271e+05  -6.985165809985759e-04  -1.534507664841690e-03  -3.175578671306346e-03
  1.679999999999997e+01  -4.231861394192429e+06  -2.471935904526588e+05  5.618078284475985e+06  -6.308170244843044e+05  1.480096503526293e+05  -2.658118907056021e+05  -1.412561378319879e-03  1.226824214087240e-04  -1.432182441324470e-03
  1.689999999999997e+01  -4.239987160235834e+06  -2.440978316220173e+05  5.618516011540929e+06  -6.355367907512162e+05  1.458611495701298e+05  -2.787479421164162e+05  -1.065424664671468e-03  2.056618409368480e-03  7.542911086232055e-04
  1.699999999999997e+01  -4.258711055344810e+06  -2.383415302108943e+05  5.630060535903303e+06  -6.389334908529826e+05  1.425700677787515e+05  -2.862935484058381e+05  6.417146987070854e-04  3.347941130758280e-03  2.276524598861787e-03
  1.709999999999997e+01  -4.273612992744874e+06  -2.336314470290913e+05  5.646309072429189e+06  -6.365743195294153e+05  1.404501633045803e+05  -2.878572648786830e+05  2.551084330419605e-03  3.506486281513252e-03  2.837885511219917e-03
  1.719999999999997e+01  -4.276697454115087e+06  -2.357146437869389e+05  5.656430490043480e+06  -6.288978551598705e+05  1.404922253977120e+05  -2.875119427965034e+05  3.336040814936927e-03  2.618924779403319e-03  2.695834160105862e-03
  1.729999999999998e+01  -4.271641196945604e+06  -2.474519211104229e+05  5.655061875153580e+06  -6.196017732347368e+05  1.404882179100594e+05  -2.903662046531245e+05  2.687438039509255e-03  1.072234021810674e-03  2.179221515598120e-03
  1.739999999999998e+01  -4.267055660211901e+06  -2.655661605761816e+05  5.646935080248550e+06  -6.123866494361674e+05  1.367650277629472e+05  -2.975562263820738e+05  1.370488745116897e-03  -7.512821658540207e-04  1.501338408716415e-03
  1.749999999999998e+01  -4.269082710070631e+06  -2.819534061101255e+05  5.640876281244101e+06  -6.089020645368318e+05  1.282563960039809e+05  -3.044698447893750e+05  4.988574388831148e-04  -2.403940757131856e-03  8.036571476593383e-04
  1.759999999999998e+01  -4.278811385715347e+06  -2.887407162114320e+05  5.641576446429247e+06  -6.086044539500023e+05  1.183946651189737e+05  -3.050562601544462e+05  8.489054298217019e-04  -3.177688978930223e-03  1.776724695177087e-04
  1.769999999999998e+01  -4.292655998326254e+06  -2.840280672398616e+05  5.647686312686282e+06  -6.095880270588776e+05  1.122244827799250e+05  -2.979797344249206e+05  2.514647640557196e-03  -2.430549583161436e-03  -4.137252005070424e-04
  1.779999999999998e+01  -4.303653232229989e+06  -2.733113765079176e+05  5.655625940973189e+06  -6.097880574376670e+05  1.118150431912347e+05  -2.880688570670434e+05  4.720626450288320e-03  -3.885431414551988e-04  -1.070778974395559e-03
  1.789999999999998e+01  -4.304681045834442e+06  -2.645984704317111e+05  5.663101684929822e+06  -6.084122234133647e+05  1.150612519067213e+05  -2.821192151684720e+05  6.001872547794711e-03  1.603595609531148e-03  -1.737299518799124e-03
  1.799999999999999e+01  -4.293557008124485e+06  -2.614161015837688e+05  5.669176582846408e+06  -6.067196550433150e+05  1.184170434832743e+05  -2.837559968702638e+05  5.120088711326908e-03  2.093310150376484e-03  -2.210994337722916e-03
  1.809999999999999e+01  -4.275317074371180e+06  -2.602361959104761e+05  5.673005182398150e+06  -6.069535713262290e+05  1.199363537408092e+05  -2.917934426547997e+05  2.192032458303966e-03  9.542949251335334e-04  -2.464912021150616e-03
  1.819999999999999e+01  -4.258560160253308e+06  -2.553454315224561e+05  5.673682050087413e+06  -6.099889517115883e+05  1.199312413694367e+05  -3.020059987451601e+05  -1.154540559618452e-03  -4.439859058685893e-04  -2.783442460602103e-03
  1.829999999999999e+01  -4.248761245990844e+06  -2.463160113384882e+05  5.671359255516835e+06  -6.141291148070073e+05  1.198591144372459e+05  -3.097473110614100e+05  -2.959998516426220e-03  -6.670947923243882e-04  -3.428226023353768e-03
  1.839999999999999e+01  -4.244972681013063e+06  -2.395294250139097e+05  5.668452532894277e+06  -6.166937089220767e+05  1.211236331355788e+05  -3.117353450884441e+05  -2.344459105990091e-03  3.734421968154583e-04  -4.269911318063760e-03
  1.849999999999999e+01  -4.243160396297238e+06  -2.419386297599147e+05  5.668598337373888e+06  -6.168420067398148e+05  1.242813050353937e+05  -3.066681088336396e+05  1.178778849971373e-04  1.582381922067028e-03  -4.896112292432918e-03
  1.859999999999999e+01  -4.241119239280260e+06  -2.538396709361047e+05  5.673732940635544e+06  -6.163848475801033e+05  1.285938433057673e+05  -2.951371229750561e+05  3.081143405644646e-03  1.980408195067273e-03  -5.063258648343696e-03
  1.870000000000000e+01  -4.239337750735632e+06  -2.681471163932412e+05  5.682192830563575e+06  -6.175534513926989e+05  1.323808173963436e+05  -2.792776623798144e+05  5.295264807333006e-03  1.540067826440026e-03  -4.893279184540117e-03
  1.880000000000000e+01  -4.238578955968083e+06  -2.762011085589752e+05  5.689525441869167e+06  -6.203817437455035e+05  1.342910275144841e+05  -2.622058409149002e+05  6.082918069660252e-03  8.568946429644838e-04  -4.599352649540599e-03
  1.890000000000000e+01  -4.238413733944213e+06  -2.742284905721807e+05  5.690963586913722e+06  -6.228679306988149e+05  1.343686562527682e+05  -2.471410407868319e+05  5.449999444237546e-03  3.945647560701626e-04  -4.231336527163295e-03
  1.900000000000000e+01  -4.238333029154727e+06  -2.650621538290926e+05  5.684108687460185e+06  -6.235598081476657e+05  1.338245671124654e+05  -2.364053464964347e+05  3.946277995950466e-03  2.465454741034572e-04  -3.777797410071454e-03
  1.910000000000000e+01  -4.238992950059455e+06  -2.550198005783681e+05  5.670451757482073e+06  -6.232089973908756e+05  1.342401935314271e+05  -2.307963592512463e+05  2.355329842261076e-03  4.440311445164319e-04  -3.350239343086724e-03
  1.920000000000000e+01  -4.241466476206632e+06  -2.497157500044190e+05  5.654768722061457e+06  -6.235658170930287e+05  1.370209838815934e+05  -2.296782938179431e+05  1.346312041023660e-03  1.152115033515362e-03  -3.163332478599622e-03
  1.930000000000000e+01  -4.245520949837537e+06  -2.518126748613903e+05  5.642369212938189e+06  -6.251354112538338e+05  1.428566286927352e+05  -2.316672801719291e+05  1.246329771645995e-03  2.414516544484391e-03  -3.364386945823070e-03
  1.940000000000001e+01  -4.248920675141895e+06  -2.608836777312024e+05  5.636059778823987e+06  -6.267682288419802e+05  1.509592695519342e+05  -2.353429390526131e+05  2.012888466241874e-03  3.782772077491780e-03  -3.884582015397142e-03
  1.950000000000001e+01  -4.248695963766990e+06  -2.743548201580884e+05  5.634745730926875e+06  -6.273776805059867e+05  1.587342629238143e+05  -2.396401348024232e+05  3.317635787101026e-03  4.440168523693534e-03  -4.430938008642621e-03
  1.960000000000001e+01  -4.243401227833623e+06  -2.888220014169618e+05  5.634207611852772e+06  -6.273719611758284e+05  1.629425832360307e+05  -2.438260655905603e+05  4.638006142509232e-03  3.821634713032002e-03  -4.671574811651468e-03
  1.970000000000001e+01  -4.234561164428938e+06  -3.013865938289888e+05  5.629410604325774e+06  -6.278792678990711e+05  1.618532712809764e+05  -2.470629011347562e+05  5.385815726854273e-03  2.072045520323926e-03  -4.513669728619414e-03
  1.980000000000001e+01  -4.225901969902915e+06  -3.101625603234611e+05  5.617778591357636e+06  -6.290346192176164e+05  1.562914458303303e+05  -2.481604469147310e+05  5.126011239342991e-03  -7.116134712878303e-05  -4.141567237249885e-03
  1.990000000000001e+01  -4.220789575305093e+06  -3.142595867766493e+05  5.601327219392801e+06  -6.297339513830658e+05  1.485645700424280e+05  -2.461159311256195e+05  3.806059310297938e-03  -1.749318565767429e-03  -3.745815223940326e-03
