TITLE = "Temporal Signal for receiver number 00371"
VARIABLES = "Time","xx","yy","zz","xy","yz","xz","u","v","w"
# x1       3.520946160000e+05
# x2       4.725684950000e+06
# x3       -3.000000000000e+03
  0.000000000000000e+00  0.000000000000000e+00  0.000000000000000e+00  0.000000000000000e+00  0.000000000000000e+00  0.000000000000000e+00  0.000000000000000e+00  0.000000000000000e+00  0.000000000000000e+00  0.000000000000000e+00
  1.000000000000000e-01  0.000000000000000e+00  0.000000000000000e+00  0.000000000000000e+00  0.000000000000000e+00  0.000000000000000e+00  0.000000000000000e+00  0.000000000000000e+00  0.000000000000000e+00  0.000000000000000e+00
  2.000000000000000e-01  0.000000000000000e+00  0.000000000000000e+00  0.000000000000000e+00  0.000000000000000e+00  0.000000000000000e+00  0.000000000000000e+00  0.000000000000000e+00  0.000000000000000e+00  0.000000000000000e+00
  3.000000000000000e-01  0.000000000000000e+00  0.000000000000000e+00  0.000000000000000e+00  0.000000000000000e+00  0.000000000000000e+00  0.000000000000000e+00  0.000000000000000e+00  0.000000000000000e+00  0.000000000000000e+00
  4.000000000000000e-01  -2.189845635081982e-18  -3.384204803050226e-18  -1.680193539788132e-18  2.069340573288427e-19  3.293349265953169e-19  -2.735481578936201e-19  -2.851149999947627e-25  -1.304830014738167e-25  -1.476620321028189e-26
  5.000000000000000e-01  -3.116874645938660e-14  -5.607260770859413e-14  6.901728295324943e-15  -2.158427769952857e-14  1.672665201685504e-15  6.686804631802214e-15  -5.991768419260170e-22  -2.131321884993379e-21  1.829112372599270e-21
  6.000000000000000e-01  1.032585838047048e-10  6.757651901930176e-11  4.952225928372393e-11  4.204937593662323e-11  -1.273163742085041e-11  -1.658425664547064e-11  9.396552236228533e-18  8.168327908984780e-18  -2.163899332428220e-18
  7.000000000000000e-01  3.249451238036972e-09  2.337130480638307e-09  1.367948547118395e-09  1.515905261842856e-09  -4.295871701609816e-10  -4.585726404119729e-10  2.839547739007157e-16  2.617666868883243e-16  -5.325928328888521e-17
  7.999999999999999e-01  2.503731628453523e-08  1.607968389189771e-08  9.444185616376184e-09  1.079104650450470e-08  -3.401842180459780e-09  -3.656869314143325e-09  2.119487328555486e-15  1.935760045526311e-15  -4.086171106565857e-16
  8.999999999999999e-01  9.211489263130248e-08  3.427849734506603e-08  3.167759006285650e-08  2.864362066850982e-08  -1.067710848256646e-08  -1.378243686857335e-08  7.807940064302128e-15  5.536689878009909e-15  -1.754898505809191e-15
  9.999999999999999e-01  4.514500912405760e-07  4.620604796744068e-07  2.943206386993032e-07  1.800473739835186e-07  -1.082052650105491e-07  -1.119332045629476e-07  4.158432617715171e-14  4.504446270162571e-14  -2.148404172600165e-14
  1.100000000000000e+00  7.283088906001062e-07  1.249623201400492e-06  1.654182133732332e-06  -1.456511258243412e-07  -6.184026425901605e-07  -8.304650678580460e-07  7.682384089124202e-14  1.019247913802152e-13  -1.668553435899305e-13
  1.200000000000000e+00  5.565148966799561e-06  7.923964395585998e-06  9.500234893307884e-06  -1.188313596236400e-06  -2.815546695169787e-06  -4.032977458967506e-06  5.765200031126128e-13  2.963400852176765e-13  -8.329507275666590e-13
  1.300000000000000e+00  4.406492276008018e-06  4.178262062635475e-05  3.106414513835677e-05  2.019559712391234e-06  -1.232027173548924e-05  -1.700807937470813e-05  1.111948169172617e-12  2.055689933919403e-12  -3.786592975140039e-12
  1.400000000000000e+00  -7.107523677865667e-05  -1.020086911086446e-05  7.264847191547430e-05  -4.416921982115583e-05  -7.790902366987850e-06  -3.129288206264022e-05  -4.256502570720277e-12  -6.238152597748468e-12  -5.356705295983986e-12
  1.500000000000000e+00  3.944468060905569e-04  5.734185500416342e-04  2.759446674539995e-04  1.021298610140716e-04  8.344658969769467e-05  -2.194749952108504e-05  3.951483575702512e-11  1.783702805317414e-11  -8.841839976178781e-12
  1.600000000000000e+00  -2.751173126510593e-03  3.727497890906033e-04  -6.707332077166206e-04  -1.041001114547620e-04  5.087374376600618e-04  6.063488875998214e-04  -2.196367533395818e-10  -8.736558271666702e-11  4.395663162325451e-11
  1.700000000000000e+00  1.194550757702838e-02  5.267412173705834e-03  3.640067179173985e-03  5.149405806739563e-03  -1.487483859736654e-03  -1.584224711313467e-03  9.446839140495269e-10  5.991531833602695e-10  -4.838084201631469e-11
  1.800000000000000e+00  -5.917624623293738e-03  -1.240588555269054e-02  -4.398398281582591e-03  -1.530527408385783e-02  -3.890989676147090e-03  8.791992209574191e-04  -7.994821685725797e-10  -4.049746824093131e-10  -6.904151673494044e-10
  1.900000000000001e+00  -9.582564883197792e-02  -3.643075906509168e-02  -4.129119245341647e-02  6.246744579965964e-03  3.610864616068274e-02  2.640889319676315e-02  -7.240620658386809e-09  -5.221601309547731e-09  6.557385824148314e-09
  2.000000000000000e+00  3.677354172331541e-01  1.731824555285563e-01  2.093579381362399e-01  5.086259147459684e-02  -1.378696940551899e-01  -1.397072059680304e-01  3.170694350885254e-08  2.182276448501996e-08  -2.660232861141563e-08
  2.100000000000001e+00  -8.373262601547066e-01  -4.119251352586238e-01  -6.206880696055399e-01  -1.523668178683755e-01  3.795810013384098e-01  4.077474291680777e-01  -7.900432409049924e-08  -5.295956418973191e-08  7.591036611161609e-08
  2.200000000000001e+00  1.561196685182455e+00  1.220968450803784e+00  1.781450147975465e+00  3.525167842375489e-01  -1.084805206504514e+00  -1.058613166611958e+00  1.661171721989464e-07  1.336677897170222e-07  -2.040837171858306e-07
  2.300000000000001e+00  -2.384573962529134e+00  -2.700396573100066e-01  -2.855052370004902e+00  3.588721585571060e-01  1.337095581399429e+00  1.476619738966290e+00  -2.309942807409109e-07  -1.412920433779797e-07  3.540018391369919e-07
  2.400000000000001e+00  5.726199073362267e+00  1.534963684305545e+00  2.168032904023347e-01  -3.074052398959811e-01  1.417211637196279e+00  1.495377884176515e+00  3.866171875862712e-07  -9.010183555062130e-08  1.134334379120350e-07
  2.500000000000001e+00  -8.572873033465443e+00  -1.765551624802401e+00  6.202420785173857e+00  -1.672561442024849e+00  -3.951463113587250e+00  -6.198194313096455e+00  -9.203134443156577e-07  -1.602173958228053e-08  -1.389657460138747e-06
  2.600000000000001e+00  -1.390518649020520e+02  -1.210237182038475e+02  -1.304440834030177e+02  -4.900542296857247e+01  4.751145569383535e+01  6.205073087183262e+01  -1.161542597588339e-05  -9.207775950015625e-06  1.186923723589059e-05
  2.700000000000001e+00  -7.008382051659808e+02  -5.782124947670948e+02  -5.518009822379423e+02  -2.794767619318548e+02  1.876082910221909e+02  2.369365182689234e+02  -5.984111920499728e-05  -4.860134860790548e-05  4.363259411764911e-05
  2.800000000000001e+00  -1.342990521339458e+03  -1.084151474682569e+03  -8.736197283509214e+02  -5.730491858730761e+02  2.764175927357678e+02  3.368760075440336e+02  -1.165637208994961e-04  -9.351689078678439e-05  5.820656612406351e-05
  2.900000000000001e+00  -1.297908583740995e+03  -1.049317280690998e+03  -6.692699655211208e+02  -6.412770478866281e+02  2.742645561669809e+02  3.206410472503653e+02  -1.168377509585913e-04  -9.682057164601814e-05  4.646993077094878e-05
  3.000000000000001e+00  -8.455652520553139e+02  -7.246955983252767e+02  -3.445435096186881e+02  -5.622588105637556e+02  3.389244435921067e+02  3.947480152895077e+02  -8.327121240400863e-05  -7.864384752362558e-05  4.592198828009938e-05
  3.100000000000001e+00  -1.219212218776933e+03  -1.018478462019929e+03  -5.424383519449533e+02  -7.810369924000025e+02  4.994899823269004e+02  5.771699477771300e+02  -1.211542935943291e-04  -1.110264435928060e-04  6.633745476206997e-05
  3.200000000000002e+00  -2.462916645045269e+03  -2.008596103266048e+03  -1.293169166011928e+03  -1.327340426568011e+03  7.570498193767631e+02  8.779785619277326e+02  -2.349830986125153e-04  -2.035168535972838e-04  1.188038036963899e-04
  3.300000000000002e+00  -5.043950407217791e+03  -4.173966218191335e+03  -3.079186010996673e+03  -2.566644715618615e+03  1.463736542257332e+03  1.742213036295770e+03  -4.680369051433617e-04  -4.014907364359359e-04  2.661103416739765e-04
  3.400000000000002e+00  -1.219374165526864e+04  -9.928627838143037e+03  -8.166800701260704e+03  -5.503079938543365e+03  3.329616404715966e+03  4.043782846306894e+03  -1.095299573565456e-03  -8.849337361755427e-04  6.596730891680540e-04
  3.500000000000002e+00  -3.434419637257218e+04  -2.862145953440860e+04  -2.537495395588432e+04  -1.486599193984668e+04  9.726128640781295e+03  1.187536664285873e+04  -3.027117699716268e-03  -2.494984172068053e-03  2.047176682528934e-03
  3.600000000000002e+00  -8.146669141289886e+04  -6.713236122752300e+04  -5.882641606148673e+04  -3.461414107508710e+04  2.155069112677833e+04  2.668344177591554e+04  -7.104567869158310e-03  -5.731751184088271e-03  4.635397060707676e-03
  3.700000000000002e+00  -1.598705513629770e+05  -1.326194503291632e+05  -1.168161767327692e+05  -6.939388706193362e+04  4.441730952650983e+04  5.414599339338693e+04  -1.402360533869327e-02  -1.155544588244311e-02  9.343961152729599e-03
  3.800000000000002e+00  -2.335752120763925e+05  -1.951666715205389e+05  -1.706574963960609e+05  -1.054871260895618e+05  7.182098589125219e+04  8.623580068108531e+04  -2.076074198052846e-02  -1.731230911018955e-02  1.444012681969247e-02
  3.900000000000002e+00  -2.822087550531445e+05  -2.384596896352590e+05  -2.030727853233124e+05  -1.368608082372755e+05  1.008198787236780e+05  1.193075590709936e+05  -2.585879345352134e-02  -2.214920065668649e-02  1.855480069467302e-02
  4.000000000000002e+00  -3.209625886339084e+05  -2.731820923501997e+05  -2.265997554889623e+05  -1.678478669677833e+05  1.336711914179315e+05  1.563263755487831e+05  -3.054415069644508e-02  -2.666457805468733e-02  2.258172728718300e-02
  4.100000000000001e+00  -3.453261486251351e+05  -3.017352429790579e+05  -2.483500579829086e+05  -1.960290430674163e+05  1.723266563098705e+05  1.980672164390020e+05  -3.433456221531490e-02  -3.099281525090771e-02  2.716482941334639e-02
  4.200000000000001e+00  -3.471524463772666e+05  -3.095244643109558e+05  -2.403709286915369e+05  -2.196043559301215e+05  2.045527983550539e+05  2.338589270817862e+05  -3.668970697339719e-02  -3.393610700660889e-02  2.948327242990474e-02
  4.300000000000001e+00  -3.498554171792511e+05  -3.115513830728636e+05  -2.206300724296707e+05  -2.463561013649756e+05  2.322143027523855e+05  2.676532877559055e+05  -3.947939551541079e-02  -3.663505713575855e-02  3.064096551516946e-02
  4.400000000000000e+00  -3.391415903553400e+05  -3.045809116465247e+05  -2.026216023452600e+05  -2.664593802593377e+05  2.606392899970361e+05  3.028574887727045e+05  -4.088702962629385e-02  -3.838779438349089e-02  3.242307514214353e-02
  4.500000000000000e+00  -3.095285411068498e+05  -2.858168776816701e+05  -1.874000345546098e+05  -2.778351260654624e+05  2.926701851870884e+05  3.418941650917215e+05  -4.062637635149761e-02  -3.888185937492518e-02  3.496291299227111e-02
  4.600000000000000e+00  -2.928655684157374e+05  -2.736560873793135e+05  -1.939938817014454e+05  -2.930157355322231e+05  3.291211436371079e+05  3.916307578976192e+05  -4.128820216554801e-02  -4.004282334453170e-02  3.908659299162849e-02
  4.699999999999999e+00  -2.729925367325109e+05  -2.503557394642597e+05  -1.992028971868922e+05  -3.025376457366942e+05  3.623382154628604e+05  4.429130575085474e+05  -4.215299140948713e-02  -3.992404838064421e-02  4.299437522054063e-02
  4.799999999999999e+00  -1.116820665013223e+05  -1.464566312893244e+05  -1.057982443588623e+05  -2.722429902027146e+05  3.745994386653567e+05  4.495784027108420e+05  -3.146205722908619e-02  -3.414835712115345e-02  3.909969611774881e-02
  4.899999999999999e+00  1.097873015232953e+05  -3.756768414932608e+04  -4.121660801134909e+03  -2.419559195170153e+05  3.872571699917888e+05  4.326289915829981e+05  -1.495069141398621e-02  -2.955226661510092e-02  3.374476939807886e-02
  4.999999999999998e+00  2.596728226641856e+05  7.601879239697906e+03  -5.993930642118596e+04  -2.150193393874934e+05  4.181293521485035e+05  4.494305577281776e+05  -1.867924069319108e-03  -2.582121147445493e-02  4.162854949756856e-02
  5.099999999999998e+00  3.589570200498967e+05  7.059001908230848e+04  -1.755749532133219e+05  -1.629198248549880e+05  4.380463181857918e+05  4.874244567794187e+05  7.266655926050243e-03  -1.699487821450322e-02  5.518352189528990e-02
  5.199999999999998e+00  3.027575492666258e+05  1.462955887097655e+05  -7.813865509949569e+04  -1.639932955108334e+05  3.867090045828317e+05  4.888887721225185e+05  -1.914859518908750e-03  -9.887794532360822e-03  4.603598298456786e-02
  5.299999999999997e+00  -8.772702852015089e+03  1.372987726436062e+05  3.457834225983983e+05  -3.111842648259646e+05  2.483905553860554e+05  4.280542951478676e+05  -3.848613489394617e-02  -1.394146256157736e-02  -9.905390379783070e-04
  5.399999999999997e+00  -4.174679909724449e+05  5.448838614436147e+04  8.884214550417009e+05  -5.376745139459078e+05  7.488357564371810e+04  3.110914138539207e+05  -8.247975372659118e-02  -2.469886450260459e-02  -6.621208486154975e-02
  5.499999999999996e+00  -6.986533947615442e+05  -3.155327355645076e+04  1.219683908480011e+06  -6.969225176684943e+05  -4.654547077657754e+04  1.874388260673229e+05  -1.075086180628570e-01  -3.273592758549873e-02  -1.078102816985352e-01
  5.599999999999996e+00  -7.709404192941545e+05  -7.296338057866355e+04  1.250555082587859e+06  -7.237340924648300e+05  -6.332507333252605e+04  1.304653240217601e+05  -1.051861694336906e-01  -3.267829226725114e-02  -1.024382764790453e-01
  5.699999999999996e+00  -6.795892359196153e+05  -6.570038303183869e+04  1.110127063766481e+06  -6.550149884862892e+05  7.429123804163916e+03  1.575381286099993e+05  -8.458168773107878e-02  -2.571813271771246e-02  -6.311511442792739e-02
  5.799999999999995e+00  -5.135365491504854e+05  -2.134767565790295e+04  9.586947488672032e+05  -5.600382744118237e+05  9.500236389071817e+04  2.074278632031235e+05  -6.126703596220070e-02  -1.734706025640684e-02  -2.227623352705394e-02
  5.899999999999995e+00  -3.965085243618325e+05  2.905687455362970e+04  9.052592239963342e+05  -4.977474358467219e+05  1.355571614767922e+05  2.192349449877455e+05  -4.758648486119500e-02  -1.201109629231809e-02  -4.978415847123460e-03
  5.999999999999995e+00  -4.055431807867243e+05  4.203806577001346e+04  9.396895880034352e+05  -4.883820404442888e+05  1.189868520214906e+05  1.716913255090799e+05  -4.480043745954800e-02  -9.634997916738618e-03  -1.688594761905211e-02
  6.099999999999994e+00  -4.790567695003827e+05  1.270424318266151e+04  9.371974741285850e+05  -4.952390494607216e+05  7.403775872822767e+04  7.822468687729441e+04  -4.441867294840253e-02  -6.999818072117113e-03  -4.303232680858346e-02
  6.199999999999994e+00  -4.771951856946218e+05  -2.541201047790748e+04  7.937621082533676e+05  -4.668494766282883e+05  3.778866964062121e+04  -1.122001582748052e+03  -3.642154284995253e-02  -2.133452751662422e-03  -5.599162753956508e-02
  6.299999999999994e+00  -3.293309899729009e+05  -3.745262881987132e+04  5.502571895167438e+05  -3.970810112838683e+05  2.571777214122450e+04  -4.987917845360112e+03  -1.822330744252585e-02  4.375794637705496e-03  -4.180695764185922e-02
  6.399999999999993e+00  -1.444781810777008e+05  -4.387825661559449e+04  3.375891088663071e+05  -3.350728478559760e+05  2.065400976996035e+04  5.972555575111528e+04  -1.097724083069911e-03  9.760572108484491e-03  -1.460002605671142e-02
  6.499999999999993e+00  -9.256792640661597e+04  -9.289737225675478e+04  2.417418499214438e+05  -3.370647835549408e+05  2.188744483708629e+03  1.335840801962806e+05  2.396023182545918e-04  1.005979930756980e-02  1.839363470273808e-03
  6.599999999999993e+00  -1.733036312848355e+05  -1.595353547818543e+05  2.448642514153793e+05  -3.923759446979022e+05  -3.109962097641999e+04  1.583606070926661e+05  -1.152700780032834e-02  5.802858935726660e-03  -1.125180092454452e-03
  6.699999999999992e+00  -2.582250656651185e+05  -2.175822842412724e+05  2.209087748870749e+05  -4.313174370392772e+05  -5.643301678144115e+04  1.133785931688412e+05  -1.990547759055661e-02  -8.302432007666687e-04  -1.350540171985818e-02
  6.799999999999992e+00  -2.598470315205741e+05  -2.521460243685291e+05  7.684185747520061e+04  -3.915362063780197e+05  -5.628747808150848e+04  1.721324659363710e+04  -1.502548945547105e-02  -5.105769177593107e-03  -2.315189700662870e-02
  6.899999999999991e+00  -2.215317807467726e+05  -2.780891862506870e+05  -1.451411671624386e+05  -3.016773424163509e+05  -3.720007559100496e+04  -9.591546983074404e+04  -4.893598782645249e-03  -6.736738390923170e-03  -2.641008633016135e-02
  6.999999999999991e+00  -2.457221413184837e+05  -3.705051768109719e+05  -3.576884547751516e+05  -2.558506933387551e+05  -7.936737015304192e+03  -1.911928865454097e+05  -3.315108028015214e-03  -1.514878367635462e-02  -2.391052610789408e-02
  7.099999999999991e+00  -2.702627403239697e+05  -4.108352100617872e+05  -4.379890319095993e+05  -2.472150655377774e+05  -1.348908871517145e+04  -2.647009725940400e+05  -5.673872407340940e-03  -2.195213272826439e-02  -2.402337966823506e-02
  7.199999999999990e+00  -2.486355786653967e+05  -3.525910944300490e+05  -4.193825835712624e+05  -2.362269460417428e+05  -5.444669422102883e+04  -3.166139841732170e+05  -4.088462784919588e-03  -1.979823983786161e-02  -3.056343558050373e-02
  7.299999999999990e+00  -2.245487978046862e+05  -3.128537145962560e+05  -4.376095588240011e+05  -2.195192790257084e+05  -8.939712095929180e+04  -3.568268552780554e+05  -4.641780869861156e-04  -1.662558374453763e-02  -4.082591181490467e-02
  7.399999999999990e+00  -1.786610714607426e+05  -2.474038825336055e+05  -4.919227212902539e+05  -1.706983099192875e+05  -1.189711728556262e+05  -4.116508664302755e+05  4.488844216507536e-03  -9.475404305515654e-03  -5.316383821905554e-02
  7.499999999999989e+00  -9.114523167029067e+04  -1.344834362805122e+05  -5.292652092079183e+05  -1.002671298113330e+05  -1.432872069591193e+05  -4.864596923650380e+05  1.030343063569044e-02  -7.164934098133021e-05  -6.291249333582370e-02
  7.599999999999989e+00  6.291593152718648e+04  -8.319540640706505e+04  -5.866381258276309e+05  -7.196531338961352e+03  -1.094666453196596e+05  -5.559293792723505e+05  2.501829559424974e-02  2.063343838061558e-03  -6.054602166207250e-02
  7.699999999999989e+00  3.121869529106166e+05  3.567526925393235e+04  -5.513036427677764e+05  1.004661132941735e+05  -7.934465747876283e+04  -5.938451869079422e+05  4.719233617693677e-02  1.172603071874023e-02  -5.752904251145317e-02
  7.799999999999988e+00  5.681647912691748e+05  2.181223178856838e+05  -4.345581754633817e+05  1.851872631701392e+05  -7.852416826858005e+04  -5.925627036723725e+05  6.547738789049364e-02  3.023460736495217e-02  -6.208501775145896e-02
  7.899999999999988e+00  7.986371552703195e+05  3.079044375154162e+05  -3.233644626043380e+05  2.788155105648985e+05  -6.665133246600404e+04  -5.948262343043670e+05  8.487603215161948e-02  4.105924387713137e-02  -6.859116915546332e-02
  7.999999999999988e+00  9.518825212689035e+05  3.028250272241985e+05  -3.227255520944929e+05  4.140042896627676e+05  1.433900843721625e+04  -5.723441847496364e+05  1.061585681418113e-01  4.188376004636645e-02  -5.633516276392436e-02
  8.099999999999987e+00  8.418847128313084e+05  3.866322844343467e+05  -4.252496790638383e+05  4.648836026502894e+05  1.224282244988756e+05  -4.355087029458308e+05  9.833628857704771e-02  5.049274842675277e-02  -2.263526136539172e-02
  8.199999999999987e+00  4.289599906823170e+05  6.228710677317557e+05  -4.596105100352331e+05  2.939624863584201e+05  1.256235799795287e+05  -2.197947615151313e+05  4.207361389814451e-02  7.286550487388020e-02  1.158464759339200e-03
  8.299999999999986e+00  -1.840310686008420e+04  7.722523588250346e+05  -3.317669907103346e+05  2.028307173418804e+03  -1.634754033132604e+04  -6.563130231170024e+04  -2.770928639327690e-02  8.659684631609098e-02  -1.236983128710203e-02
  8.399999999999986e+00  -1.854057253437776e+05  5.658516943784574e+05  -1.064575765684137e+05  -1.770300240564370e+05  -1.742408298321304e+05  -2.709614049990510e+04  -5.743116017184007e-02  6.753527106759361e-02  -5.326553496582761e-02
  8.499999999999986e+00  -3.107294880532435e+04  4.212029402920665e+04  6.687689772909810e+04  -1.409422053498704e+05  -1.955860431745314e+05  -3.167142484599515e+04  -3.324805988657863e-02  2.254851060200876e-02  -8.639727330139832e-02
  8.599999999999985e+00  2.475927621107577e+05  -4.673416102571111e+05  5.964511185312534e+04  2.512663637506819e+04  -8.702108462690617e+04  -2.014256552326115e+03  1.374183572576645e-02  -1.550848130928702e-02  -8.681925834900726e-02
  8.699999999999985e+00  4.316129089071429e+05  -6.975406959513655e+05  -1.212019290253176e+05  1.677981102749555e+05  2.481565767310442e+04  6.478524874418629e+04  4.469707573926420e-02  -2.569497416357509e-02  -5.802450922263735e-02
  8.799999999999985e+00  4.124741916537965e+05  -6.719994708120634e+05  -3.264876143220990e+05  1.942174369414076e+05  7.014382013356015e+04  1.381289329282555e+05  4.361997946314095e-02  -1.500723270546882e-02  -2.193727031593436e-02
  8.899999999999984e+00  2.351647429126346e+05  -5.464371224618085e+05  -3.964533250613448e+05  1.262044078231112e+05  8.835634220841073e+04  2.052474387821301e+05  2.074293562490398e-02  -4.995549516280489e-04  5.268416261179747e-03
  8.999999999999984e+00  1.395720612198897e+04  -4.350462625011390e+05  -3.545878241047700e+05  4.372780997119126e+04  1.235600199054343e+05  2.556500888386393e+05  -6.483661923585262e-03  7.886988494316984e-03  1.983934580930978e-02
  9.099999999999984e+00  -1.439412227489353e+05  -3.572619537477537e+05  -3.329521529198555e+05  4.939469431105247e+02  1.668576513325036e+05  2.782633146668696e+05  -2.623160911603116e-02  1.267718319747062e-02  2.345633800546416e-02
  9.199999999999983e+00  -1.715354002581154e+05  -2.807532800359039e+05  -3.543522942677641e+05  1.080957765360303e+03  1.979504592997867e+05  2.873420124944546e+05  -3.134988050957934e-02  2.059466014900213e-02  2.050428428627592e-02
  9.299999999999983e+00  -1.041573477976157e+05  -2.283999350670914e+05  -3.591271399464266e+05  1.308726497357544e+04  2.086907786033610e+05  3.064630640005472e+05  -2.383057941654146e-02  2.769952546392683e-02  1.600277287527348e-02
  9.399999999999983e+00  -3.390773838634981e+04  -2.519933218115283e+05  -3.102400874652406e+05  2.839838935579700e+03  1.981040101721688e+05  3.387498515210579e+05  -1.370528935047697e-02  2.423025991527441e-02  1.433171104034225e-02
  9.499999999999982e+00  -1.704935112966410e+03  -3.374661842744127e+05  -1.998510963538407e+05  -3.643951379438904e+04  1.822661801824819e+05  3.718921114169361e+05  -7.166781780273004e-03  1.107355024189644e-02  1.855775980430264e-02
  9.599999999999982e+00  -6.974753941342464e+02  -4.361872345982592e+05  -6.893386278881284e+04  -8.939349337980500e+04  1.975448848112672e+05  4.010965273092741e+05  -3.134528926103739e-03  -1.911676195089594e-03  2.974455093069920e-02
  9.699999999999982e+00  -1.894993186578758e+04  -5.160772186138753e+05  1.829634076361150e+04  -1.315533955515046e+05  2.655747713353451e+05  4.364932784494615e+05  9.704305445036736e-04  -7.467349750165368e-03  4.577829381057694e-02
  9.799999999999981e+00  -4.628963002832843e+04  -5.501096543289108e+05  6.171213021410017e+04  -1.475728172747362e+05  3.600322393495325e+05  4.864999433968792e+05  5.352304961914529e-03  -5.215432053058893e-03  6.099202883823840e-02
  9.899999999999981e+00  -8.587905300916886e+04  -5.354936440460613e+05  1.060668351366949e+05  -1.461718547405511e+05  4.295107331323912e+05  5.371715848813093e+05  7.645316042192249e-03  -2.308818696733584e-04  6.988502589248395e-02
  9.999999999999980e+00  -1.453503108337481e+05  -4.873744810970946e+05  1.664442479659211e+05  -1.473760270829913e+05  4.361929385505081e+05  5.541703284536777e+05  5.261861162473817e-03  3.366295837276409e-03  6.946341427427151e-02
  1.009999999999998e+01  -2.114539525602399e+05  -4.091746127094374e+05  2.117082435289710e+05  -1.544659710678979e+05  3.844778429662434e+05  5.134373688747593e+05  -1.117244217742194e-03  6.096706267017492e-03  6.046149190986026e-02
  1.019999999999998e+01  -2.564310996621941e+05  -3.002769274145942e+05  2.112363808782570e+05  -1.582269472045494e+05  3.102019833606462e+05  4.250625375855205e+05  -8.103738530200686e-03  9.990514077070864e-03  4.615828986697927e-02
  1.029999999999998e+01  -2.730704908044753e+05  -1.836377948003330e+05  1.656244209723597e+05  -1.591781977002043e+05  2.471261037265081e+05  3.284671878505611e+05  -1.335454828247744e-02  1.428230925243523e-02  3.103317187636445e-02
  1.039999999999998e+01  -2.774604637087052e+05  -8.818752810401141e+04  1.014417913171468e+05  -1.640983946847407e+05  2.090542703455980e+05  2.662270809751094e+05  -1.661816291684890e-02  1.653056460768870e-02  1.999290638844265e-02
  1.049999999999998e+01  -2.809352528869406e+05  -2.203631273882712e+04  5.107822783698484e+04  -1.723578520601315e+05  1.936003059386806e+05  2.548743026944367e+05  -1.808945469494527e-02  1.562362891182418e-02  1.629011222868481e-02
  1.059999999999998e+01  -2.764230424680444e+05  1.501841763516139e+04  3.136646377296027e+04  -1.738614271668497e+05  1.965778103565933e+05  2.804675111043398e+05  -1.725048364337389e-02  1.193627840789578e-02  1.943792801658496e-02
  1.069999999999998e+01  -2.497498387622530e+05  2.169777635312610e+04  3.393935917218025e+04  -1.573796309340758e+05  2.179561872228844e+05  3.182218211764189e+05  -1.278123160844704e-02  6.756977277518043e-03  2.564009639495470e-02
  1.079999999999998e+01  -1.997040988726230e+05  1.114039325826474e+04  3.752602499954060e+04  -1.240787145117119e+05  2.548596162015887e+05  3.468921715299782e+05  -4.656624007519062e-03  2.585570272976363e-03  3.124763269307242e-02
  1.089999999999998e+01  -1.414885636994874e+05  1.971022661552340e+04  3.542908554328919e+04  -9.124316221908567e+04  2.973389350092239e+05  3.519897617625134e+05  3.664706575626665e-03  2.473776058634591e-03  3.500483876182587e-02
  1.099999999999998e+01  -9.492528577806940e+04  7.939495130734509e+04  4.412100981800006e+04  -8.073885632936510e+04  3.297874648630774e+05  3.298853051019086e+05  7.294806646000535e-03  6.966238918925314e-03  3.629784716473375e-02
  1.109999999999998e+01  -6.785661917245810e+04  1.848862376901940e+05  7.731075986692398e+04  -9.955931334857598e+04  3.368225554696973e+05  2.900433664795807e+05  4.986887493038358e-03  1.274134220682793e-02  3.409002510755631e-02
  1.119999999999998e+01  -5.044193197468861e+04  2.953653508769509e+05  1.208741463222227e+05  -1.332665083387942e+05  3.104966905210961e+05  2.487131798518165e+05  -1.442521491129921e-05  1.569191148641282e-02  2.830777155734940e-02
  1.129999999999998e+01  -2.715495920475094e+04  3.655331224165485e+05  1.518547950285840e+05  -1.626412795083533e+05  2.517907963789957e+05  2.197283297693274e+05  -4.043132717923640e-03  1.399968172916425e-02  2.040931678261383e-02
  1.139999999999998e+01  3.236965280130805e+03  3.637743034587918e+05  1.644261163357781e+05  -1.825271124795336e+05  1.751118635673988e+05  2.058322955019394e+05  -6.053242261422273e-03  7.607217495308821e-03  1.291357720182423e-02
  1.149999999999998e+01  3.158636379447084e+04  2.939554693521756e+05  1.687635480314122e+05  -1.948436527353571e+05  1.060708212478694e+05  1.948733867763806e+05  -6.635144719175636e-03  -1.603447327047186e-03  8.549686914124523e-03
  1.159999999999997e+01  5.773718620605086e+04  2.019676109106906e+05  1.729753675388876e+05  -1.975644574351483e+05  6.711371641052848e+04  1.722169260360986e+05  -6.642086782748929e-03  -9.705197611851003e-03  9.079962402149862e-03
  1.169999999999997e+01  8.712171797953534e+04  1.272625604786080e+05  1.701016176320750e+05  -1.937628250244958e+05  6.451787050842032e+04  1.355674403315420e+05  -7.176470608949282e-03  -1.404962547450079e-02  1.371316053875425e-02
  1.179999999999997e+01  1.192103050531945e+05  6.961948531360849e+04  1.506693183693906e+05  -1.947281888365001e+05  8.606189634347000e+04  9.429444770438870e+04  -8.357426245693749e-03  -1.518840985578847e-02  1.890493248736329e-02
  1.189999999999997e+01  1.487116839562472e+05  1.664086380671139e+04  1.209842701376018e+05  -2.058386279246023e+05  1.109906083212205e+05  5.809210348141631e+04  -8.505664325707707e-03  -1.460444802551762e-02  2.067757153966433e-02
  1.199999999999997e+01  1.655017078521131e+05  -3.091401559843136e+04  9.719876633615971e+04  -2.208405722411941e+05  1.239254094870868e+05  3.087251556709248e+04  -6.210589170344267e-03  -1.339456068931677e-02  1.732833063100936e-02
  1.209999999999997e+01  1.585582915579375e+05  -6.284416630576216e+04  8.993952006098516e+04  -2.309140658656908e+05  1.212936827731560e+05  1.291770366045392e+04  -2.147404642684913e-03  -1.226288703260275e-02  9.971020200192674e-03
  1.219999999999997e+01  1.298680275377483e+05  -6.970784022945927e+04  1.003504313397466e+05  -2.299310049491531e+05  1.063966022039153e+05  -3.076922260238817e+02  2.075092427872214e-03  -1.092571780904551e-02  9.789329657770923e-04
  1.229999999999997e+01  9.228424124489559e+04  -5.659653730518081e+04  1.178326075361294e+05  -2.148477127018351e+05  8.305853418786888e+04  -1.602656573816914e+04  5.525805894668025e-03  -9.223307517781046e-03  -7.278500906780880e-03
  1.239999999999997e+01  5.720203269068135e+04  -4.362665012466314e+04  1.198069482723524e+05  -1.870612795860585e+05  5.561794466244362e+04  -3.674976061343974e+04  7.959292863311549e-03  -7.966788607200313e-03  -1.298743907314222e-02
  1.249999999999997e+01  3.500505156521542e+04  -4.286406526577873e+04  9.200566307416471e+04  -1.538858082231413e+05  2.873989638971305e+04  -6.103728700924880e+04  9.080731875375649e-03  -7.701313468164490e-03  -1.552144486919000e-02
  1.259999999999997e+01  3.379539729322956e+04  -4.792184401444189e+04  5.046994576743859e+04  -1.288229529969179e+05  7.543689259706615e+03  -8.673622082723660e+04  8.487037140905382e-03  -7.919873669057954e-03  -1.541647243405971e-02
  1.269999999999997e+01  4.940262685397553e+04  -5.465968724633750e+04  2.442392938526695e+04  -1.238405850793538e+05  -3.744701728986070e+03  -1.125151527743052e+05  5.989428307297211e-03  -8.223598990674730e-03  -1.364700033071540e-02
  1.279999999999997e+01  6.759074204291197e+04  -7.137636533673873e+04  2.281300337549031e+04  -1.375328338480889e+05  -4.719471748811618e+03  -1.378209510669059e+05  2.142952302438438e-03  -8.806679047913445e-03  -1.098158088084627e-02
  1.289999999999997e+01  8.110777043814395e+04  -9.925257453692445e+04  3.079180045701192e+04  -1.544972867232906e+05  2.858907681749319e+03  -1.581505067122688e+05  -1.442277949252140e-03  -9.174347241308344e-03  -7.814347051069285e-03
  1.299999999999997e+01  9.239263632798020e+04  -1.271838179643156e+05  2.714592796730691e+04  -1.585883756359143e+05  1.755220650716604e+04  -1.625781431840255e+05  -3.333540881516714e-03  -8.532432320515416e-03  -4.673556313677517e-03
  1.309999999999997e+01  1.007714362446978e+05  -1.491848617716276e+05  3.393025420891457e+03  -1.449898242753950e+05  3.773657294708875e+04  -1.406210144611513e+05  -3.085029281395142e-03  -7.293005612524238e-03  -2.610357963958463e-03
  1.319999999999997e+01  1.003283353861944e+05  -1.693376193634014e+05  -2.812513934453465e+04  -1.195089552383340e+05  6.100166448560751e+04  -9.468506932621985e+04  -7.525941609683883e-04  -6.884200569503911e-03  -2.174576847734283e-03
  1.329999999999997e+01  8.652941645646862e+04  -1.924182485546887e+05  -4.646517075272675e+04  -9.199543216295113e+04  8.743609356510504e+04  -4.063403059703187e+04  3.291214670424238e-03  -8.288798897730701e-03  -2.061139263341865e-03
  1.339999999999997e+01  6.019453014525936e+04  -2.188908815929836e+05  -4.088493575322857e+04  -7.120819261364602e+04  1.197672652863082e+05  5.397836469129788e+03  8.095892309054567e-03  -1.116204915904342e-02  -1.692031887130357e-04
  1.349999999999997e+01  2.808231075196814e+04  -2.452715574643295e+05  -1.774160667576283e+04  -6.232379620843202e+04  1.573676934503787e+05  3.741814754310113e+04  1.194503975569994e-02  -1.409794344545637e-02  3.804898245179201e-03
  1.359999999999997e+01  1.021328749484935e+03  -2.630534563225235e+05  9.604404447603618e+03  -6.620681242542875e+04  1.919269589031635e+05  5.914607610295121e+04  1.329130831131551e-02  -1.529255253440416e-02  7.799703379656230e-03
  1.369999999999997e+01  -9.232041956685220e+03  -2.649137048228991e+05  3.234942624843346e+04  -7.780019111823298e+04  2.112037519846135e+05  7.565694713257998e+04  1.228537129598632e-02  -1.386599146680325e-02  9.650322853011199e-03
  1.379999999999997e+01  2.634559004953160e+03  -2.561775657265095e+05  4.707904046005660e+04  -8.884603497146278e+04  2.106900585063811e+05  8.898682145973704e+04  1.059718940058824e-02  -1.080264340276602e-02  9.312065157051066e-03
  1.389999999999997e+01  2.989855692550233e+04  -2.495903441412777e+05  5.336851307611670e+04  -9.544652250621302e+04  1.981108302466518e+05  1.014701953987493e+05  9.590754490702598e-03  -7.832896670067166e-03  8.039634384474695e-03
  1.399999999999997e+01  5.756139314374269e+04  -2.475010438932308e+05  5.110557435910501e+04  -1.019209302427723e+05  1.828924422709355e+05  1.171595169031149e+05  9.112287028069125e-03  -5.609547231077106e-03  5.899053523314769e-03
  1.409999999999997e+01  7.199526746561968e+04  -2.376215857176902e+05  3.673895646074559e+04  -1.147510869502450e+05  1.648092947255316e+05  1.380088817585066e+05  8.363532828367727e-03  -3.519186843606138e-03  1.550738248829574e-03
  1.419999999999997e+01  7.016572798775800e+04  -2.079723337587387e+05  8.408490861727065e+03  -1.303844679361188e+05  1.377666570645611e+05  1.614168766839492e+05  7.749058595635821e-03  -1.094469099930114e-03  -5.058718770739615e-03
  1.429999999999997e+01  5.947613607583672e+04  -1.647901142561670e+05  -2.117144840662774e+04  -1.333807574940064e+05  1.054834027071627e+05  1.836102484466189e+05  9.030121621585447e-03  9.554767173360097e-04  -1.080006375852777e-02
  1.439999999999996e+01  4.832101225232739e+04  -1.342805079551153e+05  -2.790519341954981e+04  -1.108584051323376e+05  8.839091026659393e+04  2.033991447087617e+05  1.320962476989775e-02  1.047495853191906e-03  -1.101996960012841e-02
  1.449999999999996e+01  3.948448910340953e+04  -1.400282727405565e+05  1.434312415698538e+03  -6.785578907338800e+04  1.097461225478948e+05  2.203276563565464e+05  1.877338156817932e-02  -1.846426630708302e-03  -3.127093882019341e-03
  1.459999999999996e+01  3.154020807838994e+04  -1.765518968494693e+05  5.483490558643155e+04  -2.619993863155647e+04  1.739319220501542e+05  2.309309429225825e+05  2.255999893989522e-02  -6.624639277670156e-03  1.097016055025380e-02
  1.469999999999996e+01  2.279607979940827e+04  -2.104469019234357e+05  1.038301870689715e+05  -8.068537291231882e+03  2.566000677745413e+05  2.290303130028344e+05  2.222413169154152e-02  -1.038472429390835e-02  2.537421958118118e-02
  1.479999999999996e+01  1.341657505784474e+04  -2.094969623405076e+05  1.273895935724476e+05  -2.124475809812027e+04  3.169518139612794e+05  2.116330411615886e+05  1.788482044954237e-02  -1.078924681100686e-02  3.363356170885629e-02
  1.489999999999996e+01  5.025220389202949e+03  -1.687334829371418e+05  1.274023331101697e+05  -5.639092244020646e+04  3.243577944432679e+05  1.833792768855281e+05  1.158642665597816e-02  -7.855792453487392e-03  3.268299061110080e-02
  1.499999999999996e+01  -1.330984772981689e+03  -1.109022279012083e+05  1.207921629392667e+05  -9.626291453343618e+04  2.756042636167970e+05  1.540591300033472e+05  5.421777280205577e-03  -3.706162690046616e-03  2.419104229482145e-02
  1.509999999999996e+01  -5.625723156386165e+03  -6.746731023007313e+04  1.210084419989189e+05  -1.283862771360847e+05  1.941156347170088e+05  1.328822863038920e+05  3.262659136602015e-04  -9.042065125816676e-04  1.297776328204034e-02
  1.519999999999996e+01  -7.225443266870263e+03  -5.598019125688651e+04  1.280217250635015e+05  -1.500610738473345e+05  1.146837607859485e+05  1.228874272469393e+05  -3.757593910953315e-03  -6.257415508023893e-04  3.949700317278171e-03
  1.529999999999996e+01  -3.031691839415905e+03  -6.771112088543137e+04  1.342202580263237e+05  -1.647061827231825e+05  6.302176073718745e+04  1.200551775003956e+05  -6.904450020625340e-03  -1.937772160514395e-03  -4.735803255532316e-04
  1.539999999999996e+01  1.050241662889192e+04  -7.816488673662004e+04  1.346494822262207e+05  -1.755136785172468e+05  4.655353588448477e+04  1.178198038312755e+05  -8.721051212230806e-03  -2.833302169079401e-03  -7.695976432977556e-04
  1.549999999999996e+01  3.023462128939464e+04  -7.136601488131973e+04  1.280202094315583e+05  -1.833156684502187e+05  5.733356435132663e+04  1.124136924531510e+05  -8.899142821059098e-03  -2.040605216212458e-03  6.960332078146357e-04
  1.559999999999996e+01  4.552375199977262e+04  -5.001840674340651e+04  1.140303090098390e+05  -1.879444421289723e+05  8.039945654710282e+04  1.055247606174793e+05  -7.791386696305431e-03  2.855882826434079e-04  1.267559867506332e-03
  1.569999999999996e+01  4.736282497894153e+04  -2.644508883652056e+04  9.349733654074566e+04  -1.888335384315224e+05  1.025135939219359e+05  1.014252829436802e+05  -6.219854436959125e-03  3.222923542643974e-03  -3.658255141797632e-04
  1.579999999999996e+01  3.541397882846173e+04  -1.140852214195469e+04  6.862269648118284e+04  -1.857900531104406e+05  1.161595267657734e+05  1.021746062589331e+05  -4.883156745835368e-03  5.821862784905320e-03  -3.665317403077898e-03
  1.589999999999996e+01  1.644620057282719e+04  -9.041623383857481e+03  4.213580776483603e+04  -1.797225367721027e+05  1.200627515693325e+05  1.061674959027968e+05  -4.036338304589465e-03  7.481088069984453e-03  -6.984273498146162e-03
  1.599999999999996e+01  -1.854918847726624e+03  -1.676403224453333e+04  1.789766099692475e+04  -1.721948192060186e+05  1.173606082801607e+05  1.099564824363889e+05  -3.447240469172487e-03  8.097612088586205e-03  -8.875037572148112e-03
  1.609999999999996e+01  -1.478827630808491e+04  -2.755954725389260e+04  1.951693465926101e+03  -1.639524743518230e+05  1.121381775601138e+05  1.113120049955989e+05  -2.468102657016520e-03  7.909047654247740e-03  -8.897342945196044e-03
  1.619999999999996e+01  -2.122137268536875e+04  -3.287763417827163e+04  -1.074068241056607e+03  -1.541705406368533e+05  1.067319013739726e+05  1.104798710544034e+05  -5.553080103619172e-04  7.367442407492306e-03  -7.577517007975793e-03
  1.629999999999996e+01  -2.317829579684418e+04  -2.700332326536019e+04  6.064255406941365e+03  -1.420912535724337e+05  1.005966797390921e+05  1.087108241749342e+05  2.017164008276835e-03  7.002952839519094e-03  -5.948022079079433e-03
  1.639999999999996e+01  -2.411891967732165e+04  -1.153626839178228e+04  1.338335131842702e+04  -1.294701642119231e+05  9.191455464559428e+04  1.061741911697632e+05  4.103238289673931e-03  7.014606186356543e-03  -4.917699484557827e-03
  1.649999999999996e+01  -2.624321238144034e+04  4.799091787279027e+03  1.183155194223929e+04  -1.205151646529760e+05  8.093443581259694e+04  1.014158631331848e+05  4.440663401092954e-03  7.062441841483989e-03  -4.810865160653243e-03
  1.659999999999997e+01  -2.940142569996629e+04  1.292713261434980e+04  1.135447645626990e+03  -1.187388764730524e+05  7.128636020214233e+04  9.344982575029464e+04  2.647955556557598e-03  6.640832848364970e-03  -5.282527910108356e-03
  1.669999999999997e+01  -3.231917804410922e+04  1.058100399610385e+04  -1.092553418559821e+04  -1.238956704309503e+05  6.782232096818827e+04  8.400455948635488e+04  -4.064339386461443e-04  5.647196575319651e-03  -5.659493939184568e-03
  1.679999999999997e+01  -3.404879331403594e+04  2.785153358718178e+03  -1.615348449017797e+04  -1.319931595559212e+05  7.264156086286069e+04  7.697834666837585e+04  -3.164826178297693e-03  4.490340374493106e-03  -5.464158114571409e-03
  1.689999999999997e+01  -3.503399140908640e+04  -3.750036358014810e+03  -1.282040913762193e+04  -1.382705810209770e+05  8.255738595725264e+04  7.553222834349099e+04  -4.372791667898644e-03  3.680275609498000e-03  -4.683574095964452e-03
  1.699999999999997e+01  -3.713601054171738e+04  -6.643555603280277e+03  -6.017916432175839e+03  -1.399904323927489e+05  9.117408949449318e+04  7.940153077051787e+04  -3.825868210209315e-03  3.351909648108871e-03  -3.635597165812802e-03
  1.709999999999997e+01  -4.196205024092476e+04  -9.191675845139871e+03  -2.378639066771382e+03  -1.372952720013460e+05  9.413235849764792e+04  8.548406508935275e+04  -2.268355450061277e-03  3.192268589170889e-03  -2.661566001937538e-03
  1.719999999999997e+01  -4.920716647327516e+04  -1.688729584396331e+04  -4.389677986054293e+03  -1.320843782837407e+05  9.200141804357611e+04  9.023378553998032e+04  -7.232794511384241e-04  2.731393907121486e-03  -2.061537618007600e-03
  1.729999999999998e+01  -5.651380345782319e+04  -3.269228946766568e+04  -9.848202482825594e+03  -1.266412813523375e+05  8.897802458113537e+04  9.172327009616456e+04  1.313851714796426e-04  1.781815133473915e-03  -2.121479003643261e-03
  1.739999999999998e+01  -6.106558085744535e+04  -5.440318624620232e+04  -1.503934765882337e+04  -1.224957212077908e+05  8.932748140980085e+04  8.951743277649058e+04  1.735433590486568e-04  6.889092030870355e-04  -2.923773850246352e-03
  1.749999999999998e+01  -6.100246241742376e+04  -7.525106471105307e+04  -1.715612623409316e+04  -1.200407212219016e+05  9.485166535576285e+04  8.388581437932473e+04  -2.450009241940653e-04  1.987005181111556e-04  -4.126132964721142e-03
  1.759999999999998e+01  -5.598102150040790e+04  -8.778106582633909e+04  -1.464540269091140e+04  -1.191515557302604e+05  1.044689695577588e+05  7.562925246395498e+04  -5.966447876026547e-04  8.803274386809351e-04  -5.060168988097699e-03
  1.769999999999998e+01  -4.732417147706122e+04  -8.952338387957754e+04  -7.405638311693439e+03  -1.201938240852081e+05  1.155642477406187e+05  6.650200203323507e+04  -5.573021409320281e-04  2.489203085461470e-03  -5.148607885388414e-03
  1.779999999999998e+01  -3.776538823204028e+04  -8.592650973520974e+04  2.689848585468967e+03  -1.242268078907003e+05  1.252681544150143e+05  5.949641105648470e+04  -2.151896833740236e-04  3.882140426283682e-03  -4.308197823680710e-03
  1.789999999999998e+01  -3.026468709832781e+04  -8.662745412310488e+04  1.262380739979329e+04  -1.317685451945901e+05  1.315602133585571e+05  5.759303775894276e+04  4.472717838436139e-05  3.799119437160866e-03  -2.976818294160037e-03
  1.799999999999999e+01  -2.610294046839838e+04  -9.737605397926820e+04  2.031304058226512e+04  -1.412607442105183e+05  1.340884631527847e+05  6.208429438767962e+04  -6.698911353862351e-05  1.883187293397615e-03  -1.763101856530204e-03
  1.809999999999999e+01  -2.423735220691137e+04  -1.151675805661365e+05  2.572891174294363e+04  -1.490440508241017e+05  1.344211758640985e+05  7.176542101367988e+04  -4.626222511213510e-04  -1.014232624232196e-03  -9.985356339413528e-04
  1.819999999999999e+01  -2.268996963458209e+04  -1.313117429505736e+05  3.052553343736321e+04  -1.514664374689299e+05  1.356682147177661e+05  8.355884480274755e+04  -8.010317146911872e-04  -3.487447878231468e-03  -5.544642988743893e-04
  1.829999999999999e+01  -2.082631134730553e+04  -1.393197363488909e+05  3.631521812159521e+04  -1.476118241390391e+05  1.405458888718945e+05  9.411638449834463e+04  -8.850600439348930e-04  -4.656443237016476e-03  -5.025085982475143e-05
  1.839999999999999e+01  -2.026797927111389e+04  -1.398496937196821e+05  4.290342281900827e+04  -1.402229286700752e+05  1.495067952175189e+05  1.011972586238659e+05  -9.073240311002005e-04  -4.664844235371699e-03  7.533642324877984e-04
  1.849999999999999e+01  -2.312445160743350e+04  -1.383207051237711e+05  4.837698589242915e+04  -1.338640454700487e+05  1.599757695240120e+05  1.043272362500004e+05  -1.299529201246453e-03  -4.284689962960312e-03  1.649944743313973e-03
  1.859999999999999e+01  -2.949898669874130e+04  -1.385513719836175e+05  5.102734609191669e+04  -1.319610279253272e+05  1.671456943934687e+05  1.044992323286863e+05  -2.367274338190382e-03  -4.148499906106428e-03  2.024652888150456e-03
  1.870000000000000e+01  -3.699783402662138e+04  -1.392856563696383e+05  5.135284257783834e+04  -1.349192219768235e+05  1.668034143558256e+05  1.037044282316276e+05  -3.972103110369924e-03  -4.267442179529944e-03  1.267682383011238e-03
  1.880000000000000e+01  -4.260375160209223e+04  -1.364774583158692e+05  5.166599520765396e+04  -1.403779109370467e+05  1.580410049144355e+05  1.040043530915169e+05  -5.527343541373869e-03  -4.213572867976087e-03  -7.018825364448321e-04
  1.890000000000000e+01  -4.488595091336993e+04  -1.277533390767446e+05  5.361483026618118e+04  -1.451610814789599e+05  1.443930518728694e+05  1.064669585807519e+05  -6.285567151155308e-03  -3.598502888137606e-03  -3.186472544306373e-03
  1.900000000000000e+01  -4.445451669496219e+04  -1.141328767420808e+05  5.629380914675923e+04  -1.473554250896518e+05  1.323097460071694e+05  1.109343244375301e+05  -5.742001123099907e-03  -2.350256655060833e-03  -5.005843556986403e-03
  1.910000000000000e+01  -4.267218883307785e+04  -9.841033715382607e+04  5.675055367812812e+04  -1.470979058683348e+05  1.272597723535471e+05  1.160573612346805e+05  -3.969650286385067e-03  -6.956038266855526e-04  -5.181921066068078e-03
  1.920000000000000e+01  -4.019353190647452e+04  -8.322267752176528e+04  5.272290362008152e+04  -1.458447260983859e+05  1.302743578895859e+05  1.199663558407923e+05  -1.599533760465971e-03  1.007368732447744e-03  -3.585500755957905e-03
  1.930000000000000e+01  -3.663285390874980e+04  -7.099048505910157e+04  4.500056594171074e+04  -1.451153612681699e+05  1.374421532335579e+05  1.212200137557964e+05  4.868912107207271e-04  2.344763768219784e-03  -1.039795452986769e-03
  1.940000000000001e+01  -3.151557693054966e+04  -6.442118956438651e+04  3.707774846384355e+04  -1.455305476022191e+05  1.429220731664243e+05  1.192799182071184e+05  1.561199844843407e-03  2.892613010322750e-03  1.251891200470989e-03
  1.950000000000001e+01  -2.510401562771889e+04  -6.532186553192732e+04  3.261664515648398e+04  -1.465735330731180e+05  1.432246549161827e+05  1.149036474437645e+05  1.371036072935413e-03  2.417318431188541e-03  2.482876384003862e-03
  1.960000000000001e+01  -1.828652340574288e+04  -7.266656673850775e+04  3.288513274568331e+04  -1.472153813730174e+05  1.392694580343660e+05  1.095760958348541e+05  1.891384333867807e-04  1.057629502048979e-03  2.695217618767642e-03
  1.970000000000001e+01  -1.202439288853919e+04  -8.236577769079426e+04  3.650357171263183e+04  -1.469229238815207e+05  1.347682481234083e+05  1.044638048387082e+05  -1.353721011256396e-03  -6.782304293674980e-04  2.574613078908755e-03
  1.980000000000001e+01  -7.073899453182599e+03  -8.930181083265976e+04  4.097155271350266e+04  -1.463481436068237e+05  1.327753357231103e+05  1.000811182906061e+05  -2.581629884562328e-03  -2.110061536354034e-03  2.782997398985533e-03
  1.990000000000001e+01  -3.999902014951407e+03  -8.993227208911633e+04  4.442299429779894e+04  -1.468338334206179e+05  1.332145847767288e+05  9.643071809466887e+04  -3.072668719488705e-03  -2.686812521436052e-03  3.462030414160703e-03
